3114.00	3114.00	3114.00	3114.00	3114.00	3114.00	3114.00	3114.00	3114.00	3114.00	3114.00	3114.00	3114.00	3114.00	3114.00	3114.00	3114.00	3114.00	3114.00	3114.00	3114.00	3114.00	3114.00	3114.00	3114.00	3114.00	3114.00	3114.00	3114.00	3114.00	3114.00	3114.00	3114.00	3113.00	3113.00	3113.00	3112.50	3112.00	3112.00	3112.00	3112.00	3112.00	3112.00	3112.00	3112.00	3112.00	3112.00	3112.00	3113.00	3113.00	3113.00	3113.00	3113.50	3114.00	3115.00	3115.00	3115.50	3116.00	3116.50	3117.50	3118.00	3119.50	3120.00	3121.00	3122.00	3123.00	3124.00	3125.50	3126.50	3127.00	3128.50	3129.50	3130.00	3131.00	3132.50	3133.50	3135.00	3135.50	3136.50	3138.00	3138.00	3139.00	3140.00	3141.00	3141.50	3142.50	3143.00	3143.00	3144.00	3144.00	3144.00	3144.00	3144.00	3144.00	3144.00	3145.00	3145.00	3146.00	3146.00	3146.00	3146.00	3147.00	3147.00	3147.00	3147.00	3147.50	3148.00	3149.00	3150.50	3151.50	3153.00	3154.00	3154.50	3156.00	3157.00	3157.50	3158.00	3159.00	3159.00	3160.00	3160.00	3161.00	3161.00	3162.00	3162.00	3162.50	3163.00	3163.00	3164.00	3164.00	3164.00	3164.50	3165.00	3165.00	3165.50	3166.00	3166.00	3166.00	3166.00	3166.50	3167.00	3167.00	3167.00	3167.00	3167.00	3167.00	3167.00	3167.00	3167.00	3167.00	3167.00	3167.00	3167.00	3167.00	3167.00	3167.00	3167.00	3167.00	3167.00	3167.00	3167.00	3167.00	3167.00	3167.00	3167.00	3167.00	3167.00	3167.00	3167.00	3167.00	3167.00	3167.00	3167.50	3168.00	3168.00	3169.00	3169.00	3169.00	3169.50	3170.00	3170.50	3171.00	3172.00	3172.00	3172.50	3173.00	3173.50	3174.00	3174.50	3175.00	3176.00	3177.00	3177.00	3178.00	3178.50	3179.50	3180.50	3181.50	3182.00	3183.00	3184.00	3185.00	3185.50	3186.00	3186.50	3187.00	3188.00	3189.00	3189.00	3189.50	3190.00	3190.50	3191.00	3191.00	3191.00	3191.50	3192.00	3192.00	3192.00	3192.00	3192.00	3192.00	3192.00	3193.00	3193.00	3193.00	3193.00	3193.00	3193.00	3192.00	3192.00	3192.00	3192.00	3192.00	3192.00	3192.00	3192.00	3192.00	3192.00	3192.00	3192.00	3191.50	3191.50	3192.00	3192.00	3193.00	3193.00	3193.00	3193.50	3194.50	3195.00	3195.00	3196.00	3196.00	3197.00	3197.00
3114.00	3114.00	3114.00	3114.00	3114.00	3114.00	3114.00	3114.00	3114.00	3114.00	3114.00	3114.00	3114.00	3114.00	3114.00	3114.00	3114.00	3114.00	3114.00	3114.00	3114.00	3114.00	3114.00	3114.00	3114.00	3114.00	3114.00	3114.00	3114.00	3114.00	3114.00	3114.00	3114.00	3113.00	3113.00	3113.00	3112.50	3112.00	3112.00	3112.00	3112.00	3112.00	3112.00	3112.00	3112.00	3112.00	3112.00	3112.00	3113.00	3113.00	3113.00	3113.00	3113.50	3114.00	3115.00	3115.00	3115.50	3116.00	3116.50	3117.50	3118.00	3119.50	3120.00	3121.00	3122.00	3123.00	3124.00	3125.50	3126.50	3127.00	3128.50	3129.50	3130.00	3131.00	3132.50	3133.50	3135.00	3135.50	3136.50	3138.00	3138.00	3139.00	3140.00	3141.00	3141.50	3142.50	3143.00	3143.00	3144.00	3144.00	3144.00	3144.00	3144.00	3144.00	3144.00	3145.00	3145.00	3146.00	3146.00	3146.00	3146.00	3147.00	3147.00	3147.00	3147.00	3147.50	3148.00	3149.00	3150.50	3151.50	3153.00	3154.00	3154.50	3156.00	3157.00	3157.50	3158.00	3159.00	3159.00	3160.00	3160.00	3161.00	3161.00	3162.00	3162.00	3162.50	3163.00	3163.00	3164.00	3164.00	3164.00	3164.50	3165.00	3165.00	3165.50	3166.00	3166.00	3166.00	3166.00	3166.50	3167.00	3167.00	3167.00	3167.00	3167.00	3167.00	3167.00	3167.00	3167.00	3167.00	3167.00	3167.00	3167.00	3167.00	3167.00	3167.00	3167.00	3167.00	3167.00	3167.00	3167.00	3167.00	3167.00	3167.00	3167.00	3167.00	3167.00	3167.00	3167.00	3167.00	3167.00	3167.00	3167.50	3168.00	3168.00	3169.00	3169.00	3169.00	3169.50	3170.00	3170.50	3171.00	3172.00	3172.00	3172.50	3173.00	3173.50	3174.00	3174.50	3175.00	3176.00	3177.00	3177.00	3178.00	3178.50	3179.50	3180.50	3181.50	3182.00	3183.00	3184.00	3185.00	3185.50	3186.00	3186.50	3187.00	3188.00	3189.00	3189.00	3189.50	3190.00	3190.50	3191.00	3191.00	3191.00	3191.50	3192.00	3192.00	3192.00	3192.00	3192.00	3192.00	3192.00	3193.00	3193.00	3193.00	3193.00	3193.00	3193.00	3192.00	3192.00	3192.00	3192.00	3192.00	3192.00	3192.00	3192.00	3192.00	3192.00	3192.00	3192.00	3191.50	3191.50	3192.00	3192.00	3193.00	3193.00	3193.00	3193.50	3194.50	3195.00	3195.00	3196.00	3196.00	3197.00	3197.00
3114.00	3114.00	3114.00	3114.00	3114.00	3114.00	3114.00	3114.00	3114.00	3114.00	3114.00	3114.00	3114.00	3114.00	3114.00	3114.00	3114.00	3114.00	3114.00	3114.00	3114.00	3114.00	3114.00	3114.00	3114.00	3114.00	3114.00	3114.00	3114.00	3114.00	3114.00	3114.00	3114.00	3113.00	3113.00	3113.00	3112.50	3112.00	3112.00	3112.00	3112.00	3112.00	3112.00	3112.00	3112.00	3112.00	3112.00	3112.00	3113.00	3113.00	3113.00	3113.00	3113.50	3114.00	3115.00	3115.00	3115.50	3116.00	3116.50	3117.50	3118.00	3119.50	3120.00	3121.00	3122.00	3123.00	3124.00	3125.50	3126.50	3127.00	3128.50	3129.50	3130.00	3131.00	3132.50	3133.50	3135.00	3135.50	3136.50	3138.00	3138.00	3139.00	3140.00	3141.00	3141.50	3142.50	3143.00	3143.00	3144.00	3144.00	3144.00	3144.00	3144.00	3144.00	3144.00	3145.00	3145.00	3146.00	3146.00	3146.00	3146.00	3147.00	3147.00	3147.00	3147.00	3147.50	3148.00	3149.00	3150.50	3151.50	3153.00	3154.00	3154.50	3156.00	3157.00	3157.50	3158.00	3159.00	3159.00	3160.00	3160.00	3161.00	3161.00	3162.00	3162.00	3162.50	3163.00	3163.00	3164.00	3164.00	3164.00	3164.50	3165.00	3165.00	3165.50	3166.00	3166.00	3166.00	3166.00	3166.50	3167.00	3167.00	3167.00	3167.00	3167.00	3167.00	3167.00	3167.00	3167.00	3167.00	3167.00	3167.00	3167.00	3167.00	3167.00	3167.00	3167.00	3167.00	3167.00	3167.00	3167.00	3167.00	3167.00	3167.00	3167.00	3167.00	3167.00	3167.00	3167.00	3167.00	3167.00	3167.00	3167.50	3168.00	3168.00	3169.00	3169.00	3169.00	3169.50	3170.00	3170.50	3171.00	3172.00	3172.00	3172.50	3173.00	3173.50	3174.00	3174.50	3175.00	3176.00	3177.00	3177.00	3178.00	3178.50	3179.50	3180.50	3181.50	3182.00	3183.00	3184.00	3185.00	3185.50	3186.00	3186.50	3187.00	3188.00	3189.00	3189.00	3189.50	3190.00	3190.50	3191.00	3191.00	3191.00	3191.50	3192.00	3192.00	3192.00	3192.00	3192.00	3192.00	3192.00	3193.00	3193.00	3193.00	3193.00	3193.00	3193.00	3192.00	3192.00	3192.00	3192.00	3192.00	3192.00	3192.00	3192.00	3192.00	3192.00	3192.00	3192.00	3191.50	3191.50	3192.00	3192.00	3193.00	3193.00	3193.00	3193.50	3194.50	3195.00	3195.00	3196.00	3196.00	3197.00	3197.00
3112.25	3112.50	3112.50	3112.50	3112.50	3112.75	3113.00	3113.00	3113.00	3113.00	3113.00	3113.50	3113.50	3113.50	3113.50	3113.50	3113.50	3114.00	3114.00	3114.00	3114.00	3114.25	3114.50	3114.50	3114.50	3114.50	3115.00	3115.00	3115.00	3115.00	3115.00	3115.00	3115.00	3114.50	3114.50	3114.50	3114.25	3114.00	3114.00	3113.75	3113.50	3113.50	3113.50	3114.00	3114.00	3114.00	3114.00	3114.00	3114.50	3114.50	3115.00	3115.00	3115.25	3115.50	3116.25	3116.50	3116.75	3117.50	3117.75	3118.50	3119.00	3120.25	3120.75	3121.50	3122.50	3123.50	3124.50	3125.75	3126.50	3127.00	3128.50	3129.50	3130.00	3131.00	3132.50	3133.25	3134.75	3135.25	3136.00	3137.50	3137.50	3139.00	3139.50	3140.50	3141.00	3141.75	3142.25	3142.50	3143.00	3143.50	3143.50	3143.50	3143.50	3143.75	3144.00	3144.50	3144.50	3145.00	3145.00	3145.50	3145.50	3146.00	3146.00	3146.00	3146.50	3147.00	3147.75	3149.00	3150.00	3151.00	3152.50	3153.00	3153.75	3155.00	3155.75	3156.25	3156.75	3158.00	3158.00	3159.00	3159.00	3160.00	3160.00	3161.00	3161.00	3161.50	3162.00	3162.00	3163.00	3163.00	3163.00	3163.50	3164.00	3164.00	3164.50	3165.00	3165.00	3165.25	3165.50	3165.75	3166.00	3166.00	3166.50	3166.50	3166.50	3166.50	3166.50	3166.50	3166.50	3166.50	3166.50	3166.50	3166.50	3166.50	3166.50	3166.50	3166.50	3166.50	3166.00	3166.00	3166.00	3166.00	3166.00	3166.00	3166.00	3166.00	3166.00	3166.00	3166.00	3166.00	3166.00	3166.00	3166.50	3167.00	3167.00	3167.50	3168.00	3168.00	3168.25	3168.75	3169.25	3169.50	3170.50	3170.50	3171.00	3171.50	3172.25	3172.50	3173.00	3173.50	3174.50	3175.50	3175.50	3176.75	3177.25	3178.00	3179.00	3180.00	3180.50	3181.50	3182.50	3183.50	3184.25	3184.75	3185.25	3186.00	3186.75	3187.50	3188.00	3188.50	3189.00	3189.50	3190.00	3190.00	3190.50	3190.75	3191.25	3191.50	3191.50	3191.50	3191.50	3191.50	3192.00	3192.50	3192.50	3192.50	3192.50	3192.50	3192.50	3192.00	3192.00	3192.00	3192.00	3191.50	3191.50	3191.50	3191.50	3191.50	3191.50	3191.50	3191.50	3191.25	3191.25	3191.50	3191.75	3192.50	3192.50	3192.75	3193.25	3193.75	3194.00	3194.25	3195.00	3195.25	3196.00	3196.00
3110.50	3111.00	3111.00	3111.00	3111.00	3111.50	3112.00	3112.00	3112.00	3112.00	3112.00	3113.00	3113.00	3113.00	3113.00	3113.00	3113.00	3114.00	3114.00	3114.00	3114.00	3114.50	3115.00	3115.00	3115.00	3115.00	3116.00	3116.00	3116.00	3116.00	3116.00	3116.00	3116.00	3116.00	3116.00	3116.00	3116.00	3116.00	3116.00	3115.50	3115.00	3115.00	3115.00	3116.00	3116.00	3116.00	3116.00	3116.00	3116.00	3116.00	3117.00	3117.00	3117.00	3117.00	3117.50	3118.00	3118.00	3119.00	3119.00	3119.50	3120.00	3121.00	3121.50	3122.00	3123.00	3124.00	3125.00	3126.00	3126.50	3127.00	3128.50	3129.50	3130.00	3131.00	3132.50	3133.00	3134.50	3135.00	3135.50	3137.00	3137.00	3139.00	3139.00	3140.00	3140.50	3141.00	3141.50	3142.00	3142.00	3143.00	3143.00	3143.00	3143.00	3143.50	3144.00	3144.00	3144.00	3144.00	3144.00	3145.00	3145.00	3145.00	3145.00	3145.00	3146.00	3146.50	3147.50	3149.00	3149.50	3150.50	3152.00	3152.00	3153.00	3154.00	3154.50	3155.00	3155.50	3157.00	3157.00	3158.00	3158.00	3159.00	3159.00	3160.00	3160.00	3160.50	3161.00	3161.00	3162.00	3162.00	3162.00	3162.50	3163.00	3163.00	3163.50	3164.00	3164.00	3164.50	3165.00	3165.00	3165.00	3165.00	3166.00	3166.00	3166.00	3166.00	3166.00	3166.00	3166.00	3166.00	3166.00	3166.00	3166.00	3166.00	3166.00	3166.00	3166.00	3166.00	3165.00	3165.00	3165.00	3165.00	3165.00	3165.00	3165.00	3165.00	3165.00	3165.00	3165.00	3165.00	3165.00	3165.00	3165.50	3166.00	3166.00	3166.00	3167.00	3167.00	3167.00	3167.50	3168.00	3168.00	3169.00	3169.00	3169.50	3170.00	3171.00	3171.00	3171.50	3172.00	3173.00	3174.00	3174.00	3175.50	3176.00	3176.50	3177.50	3178.50	3179.00	3180.00	3181.00	3182.00	3183.00	3183.50	3184.00	3185.00	3185.50	3186.00	3187.00	3187.50	3188.00	3188.50	3189.00	3189.00	3190.00	3190.00	3190.50	3191.00	3191.00	3191.00	3191.00	3191.00	3192.00	3192.00	3192.00	3192.00	3192.00	3192.00	3192.00	3192.00	3192.00	3192.00	3192.00	3191.00	3191.00	3191.00	3191.00	3191.00	3191.00	3191.00	3191.00	3191.00	3191.00	3191.00	3191.50	3192.00	3192.00	3192.50	3193.00	3193.00	3193.00	3193.50	3194.00	3194.50	3195.00	3195.00
3110.50	3111.00	3111.00	3111.00	3111.00	3111.50	3112.00	3112.00	3112.00	3112.00	3112.00	3113.00	3113.00	3113.00	3113.00	3113.00	3113.00	3114.00	3114.00	3114.00	3114.00	3114.50	3115.00	3115.00	3115.00	3115.00	3116.00	3116.00	3116.00	3116.00	3116.00	3116.00	3116.00	3116.00	3116.00	3116.00	3116.00	3116.00	3116.00	3115.50	3115.00	3115.00	3115.00	3116.00	3116.00	3116.00	3116.00	3116.00	3116.00	3116.00	3117.00	3117.00	3117.00	3117.00	3117.50	3118.00	3118.00	3119.00	3119.00	3119.50	3120.00	3121.00	3121.50	3122.00	3123.00	3124.00	3125.00	3126.00	3126.50	3127.00	3128.50	3129.50	3130.00	3131.00	3132.50	3133.00	3134.50	3135.00	3135.50	3137.00	3137.00	3139.00	3139.00	3140.00	3140.50	3141.00	3141.50	3142.00	3142.00	3143.00	3143.00	3143.00	3143.00	3143.50	3144.00	3144.00	3144.00	3144.00	3144.00	3145.00	3145.00	3145.00	3145.00	3145.00	3146.00	3146.50	3147.50	3149.00	3149.50	3150.50	3152.00	3152.00	3153.00	3154.00	3154.50	3155.00	3155.50	3157.00	3157.00	3158.00	3158.00	3159.00	3159.00	3160.00	3160.00	3160.50	3161.00	3161.00	3162.00	3162.00	3162.00	3162.50	3163.00	3163.00	3163.50	3164.00	3164.00	3164.50	3165.00	3165.00	3165.00	3165.00	3166.00	3166.00	3166.00	3166.00	3166.00	3166.00	3166.00	3166.00	3166.00	3166.00	3166.00	3166.00	3166.00	3166.00	3166.00	3166.00	3165.00	3165.00	3165.00	3165.00	3165.00	3165.00	3165.00	3165.00	3165.00	3165.00	3165.00	3165.00	3165.00	3165.00	3165.50	3166.00	3166.00	3166.00	3167.00	3167.00	3167.00	3167.50	3168.00	3168.00	3169.00	3169.00	3169.50	3170.00	3171.00	3171.00	3171.50	3172.00	3173.00	3174.00	3174.00	3175.50	3176.00	3176.50	3177.50	3178.50	3179.00	3180.00	3181.00	3182.00	3183.00	3183.50	3184.00	3185.00	3185.50	3186.00	3187.00	3187.50	3188.00	3188.50	3189.00	3189.00	3190.00	3190.00	3190.50	3191.00	3191.00	3191.00	3191.00	3191.00	3192.00	3192.00	3192.00	3192.00	3192.00	3192.00	3192.00	3192.00	3192.00	3192.00	3192.00	3191.00	3191.00	3191.00	3191.00	3191.00	3191.00	3191.00	3191.00	3191.00	3191.00	3191.00	3191.50	3192.00	3192.00	3192.50	3193.00	3193.00	3193.00	3193.50	3194.00	3194.50	3195.00	3195.00
3110.50	3111.00	3111.00	3111.00	3111.00	3111.50	3112.00	3112.00	3112.00	3112.00	3112.00	3113.00	3113.00	3113.00	3113.00	3113.00	3113.00	3114.00	3114.00	3114.00	3114.00	3114.50	3115.00	3115.00	3115.00	3115.00	3116.00	3116.00	3116.00	3116.00	3116.00	3116.00	3116.00	3116.00	3116.00	3116.00	3116.00	3116.00	3116.00	3115.50	3115.00	3115.00	3115.00	3116.00	3116.00	3116.00	3116.00	3116.00	3116.00	3116.00	3117.00	3117.00	3117.00	3117.00	3117.50	3118.00	3118.00	3119.00	3119.00	3119.50	3120.00	3121.00	3121.50	3122.00	3123.00	3124.00	3125.00	3126.00	3126.50	3127.00	3128.50	3129.50	3130.00	3131.00	3132.50	3133.00	3134.50	3135.00	3135.50	3137.00	3137.00	3139.00	3139.00	3140.00	3140.50	3141.00	3141.50	3142.00	3142.00	3143.00	3143.00	3143.00	3143.00	3143.50	3144.00	3144.00	3144.00	3144.00	3144.00	3145.00	3145.00	3145.00	3145.00	3145.00	3146.00	3146.50	3147.50	3149.00	3149.50	3150.50	3152.00	3152.00	3153.00	3154.00	3154.50	3155.00	3155.50	3157.00	3157.00	3158.00	3158.00	3159.00	3159.00	3160.00	3160.00	3160.50	3161.00	3161.00	3162.00	3162.00	3162.00	3162.50	3163.00	3163.00	3163.50	3164.00	3164.00	3164.50	3165.00	3165.00	3165.00	3165.00	3166.00	3166.00	3166.00	3166.00	3166.00	3166.00	3166.00	3166.00	3166.00	3166.00	3166.00	3166.00	3166.00	3166.00	3166.00	3166.00	3165.00	3165.00	3165.00	3165.00	3165.00	3165.00	3165.00	3165.00	3165.00	3165.00	3165.00	3165.00	3165.00	3165.00	3165.50	3166.00	3166.00	3166.00	3167.00	3167.00	3167.00	3167.50	3168.00	3168.00	3169.00	3169.00	3169.50	3170.00	3171.00	3171.00	3171.50	3172.00	3173.00	3174.00	3174.00	3175.50	3176.00	3176.50	3177.50	3178.50	3179.00	3180.00	3181.00	3182.00	3183.00	3183.50	3184.00	3185.00	3185.50	3186.00	3187.00	3187.50	3188.00	3188.50	3189.00	3189.00	3190.00	3190.00	3190.50	3191.00	3191.00	3191.00	3191.00	3191.00	3192.00	3192.00	3192.00	3192.00	3192.00	3192.00	3192.00	3192.00	3192.00	3192.00	3192.00	3191.00	3191.00	3191.00	3191.00	3191.00	3191.00	3191.00	3191.00	3191.00	3191.00	3191.00	3191.50	3192.00	3192.00	3192.50	3193.00	3193.00	3193.00	3193.50	3194.00	3194.50	3195.00	3195.00
3110.50	3111.00	3111.00	3111.00	3111.00	3111.50	3112.00	3112.00	3112.00	3112.00	3112.00	3113.00	3113.00	3113.00	3113.00	3113.00	3113.00	3114.00	3114.00	3114.00	3114.00	3114.50	3115.00	3115.00	3115.00	3115.00	3116.00	3116.00	3116.00	3116.00	3116.00	3116.00	3116.00	3116.00	3116.00	3116.00	3116.00	3116.00	3116.00	3115.50	3115.00	3115.00	3115.00	3116.00	3116.00	3116.00	3116.00	3116.00	3116.00	3116.00	3117.00	3117.00	3117.00	3117.00	3117.50	3118.00	3118.00	3119.00	3119.00	3119.50	3120.00	3121.00	3121.50	3122.00	3123.00	3124.00	3125.00	3126.00	3126.50	3127.00	3128.50	3129.50	3130.00	3131.00	3132.50	3133.00	3134.50	3135.00	3135.50	3137.00	3137.00	3139.00	3139.00	3140.00	3140.50	3141.00	3141.50	3142.00	3142.00	3143.00	3143.00	3143.00	3143.00	3143.50	3144.00	3144.00	3144.00	3144.00	3144.00	3145.00	3145.00	3145.00	3145.00	3145.00	3146.00	3146.50	3147.50	3149.00	3149.50	3150.50	3152.00	3152.00	3153.00	3154.00	3154.50	3155.00	3155.50	3157.00	3157.00	3158.00	3158.00	3159.00	3159.00	3160.00	3160.00	3160.50	3161.00	3161.00	3162.00	3162.00	3162.00	3162.50	3163.00	3163.00	3163.50	3164.00	3164.00	3164.50	3165.00	3165.00	3165.00	3165.00	3166.00	3166.00	3166.00	3166.00	3166.00	3166.00	3166.00	3166.00	3166.00	3166.00	3166.00	3166.00	3166.00	3166.00	3166.00	3166.00	3165.00	3165.00	3165.00	3165.00	3165.00	3165.00	3165.00	3165.00	3165.00	3165.00	3165.00	3165.00	3165.00	3165.00	3165.50	3166.00	3166.00	3166.00	3167.00	3167.00	3167.00	3167.50	3168.00	3168.00	3169.00	3169.00	3169.50	3170.00	3171.00	3171.00	3171.50	3172.00	3173.00	3174.00	3174.00	3175.50	3176.00	3176.50	3177.50	3178.50	3179.00	3180.00	3181.00	3182.00	3183.00	3183.50	3184.00	3185.00	3185.50	3186.00	3187.00	3187.50	3188.00	3188.50	3189.00	3189.00	3190.00	3190.00	3190.50	3191.00	3191.00	3191.00	3191.00	3191.00	3192.00	3192.00	3192.00	3192.00	3192.00	3192.00	3192.00	3192.00	3192.00	3192.00	3192.00	3191.00	3191.00	3191.00	3191.00	3191.00	3191.00	3191.00	3191.00	3191.00	3191.00	3191.00	3191.50	3192.00	3192.00	3192.50	3193.00	3193.00	3193.00	3193.50	3194.00	3194.50	3195.00	3195.00
3110.50	3111.00	3111.00	3111.00	3111.00	3111.50	3112.00	3112.00	3112.00	3112.00	3112.00	3113.00	3113.00	3113.00	3113.00	3113.00	3113.00	3114.00	3114.00	3114.00	3114.00	3114.50	3115.00	3115.00	3115.00	3115.00	3116.00	3116.00	3116.00	3116.00	3116.00	3116.00	3116.00	3116.00	3116.00	3116.00	3116.00	3116.00	3116.00	3115.50	3115.00	3115.00	3115.00	3116.00	3116.00	3116.00	3116.00	3116.00	3116.00	3116.00	3117.00	3117.00	3117.00	3117.00	3117.50	3118.00	3118.00	3119.00	3119.00	3119.50	3120.00	3121.00	3121.50	3122.00	3123.00	3124.00	3125.00	3126.00	3126.50	3127.00	3128.50	3129.50	3130.00	3131.00	3132.50	3133.00	3134.50	3135.00	3135.50	3137.00	3137.00	3139.00	3139.00	3140.00	3140.50	3141.00	3141.50	3142.00	3142.00	3143.00	3143.00	3143.00	3143.00	3143.50	3144.00	3144.00	3144.00	3144.00	3144.00	3145.00	3145.00	3145.00	3145.00	3145.00	3146.00	3146.50	3147.50	3149.00	3149.50	3150.50	3152.00	3152.00	3153.00	3154.00	3154.50	3155.00	3155.50	3157.00	3157.00	3158.00	3158.00	3159.00	3159.00	3160.00	3160.00	3160.50	3161.00	3161.00	3162.00	3162.00	3162.00	3162.50	3163.00	3163.00	3163.50	3164.00	3164.00	3164.50	3165.00	3165.00	3165.00	3165.00	3166.00	3166.00	3166.00	3166.00	3166.00	3166.00	3166.00	3166.00	3166.00	3166.00	3166.00	3166.00	3166.00	3166.00	3166.00	3166.00	3165.00	3165.00	3165.00	3165.00	3165.00	3165.00	3165.00	3165.00	3165.00	3165.00	3165.00	3165.00	3165.00	3165.00	3165.50	3166.00	3166.00	3166.00	3167.00	3167.00	3167.00	3167.50	3168.00	3168.00	3169.00	3169.00	3169.50	3170.00	3171.00	3171.00	3171.50	3172.00	3173.00	3174.00	3174.00	3175.50	3176.00	3176.50	3177.50	3178.50	3179.00	3180.00	3181.00	3182.00	3183.00	3183.50	3184.00	3185.00	3185.50	3186.00	3187.00	3187.50	3188.00	3188.50	3189.00	3189.00	3190.00	3190.00	3190.50	3191.00	3191.00	3191.00	3191.00	3191.00	3192.00	3192.00	3192.00	3192.00	3192.00	3192.00	3192.00	3192.00	3192.00	3192.00	3192.00	3191.00	3191.00	3191.00	3191.00	3191.00	3191.00	3191.00	3191.00	3191.00	3191.00	3191.00	3191.50	3192.00	3192.00	3192.50	3193.00	3193.00	3193.00	3193.50	3194.00	3194.50	3195.00	3195.00
3106.00	3107.00	3107.00	3107.00	3108.00	3108.00	3108.00	3109.00	3109.00	3109.50	3110.00	3110.50	3111.00	3111.00	3111.50	3112.00	3112.00	3112.00	3113.00	3113.00	3114.00	3114.00	3114.50	3115.50	3116.00	3116.00	3116.00	3116.00	3117.00	3117.00	3117.00	3117.00	3117.00	3117.50	3118.00	3118.00	3118.00	3118.00	3118.00	3118.00	3118.00	3118.00	3118.00	3118.50	3119.00	3119.00	3119.00	3119.00	3119.00	3119.00	3119.00	3119.00	3120.00	3120.00	3120.00	3120.00	3120.50	3121.00	3121.00	3121.50	3122.00	3122.50	3123.00	3124.00	3124.00	3125.00	3126.00	3127.00	3127.50	3128.00	3129.50	3130.00	3131.00	3132.00	3132.50	3133.50	3134.50	3135.50	3136.00	3137.00	3138.00	3139.00	3139.00	3139.50	3140.00	3140.50	3141.00	3141.00	3142.00	3142.00	3142.00	3143.00	3143.00	3143.00	3143.00	3143.00	3143.50	3144.00	3144.00	3144.00	3144.00	3144.00	3144.50	3145.00	3145.00	3146.00	3146.00	3147.00	3147.50	3148.50	3149.00	3150.00	3150.50	3151.00	3152.00	3152.50	3153.00	3154.00	3154.50	3155.00	3155.00	3156.00	3156.50	3157.00	3157.50	3158.00	3158.00	3159.00	3159.00	3160.00	3160.00	3160.00	3160.50	3161.00	3161.00	3162.00	3162.00	3162.00	3162.00	3163.00	3163.00	3163.00	3163.00	3163.00	3163.00	3164.00	3164.00	3164.00	3164.00	3164.00	3164.00	3164.00	3164.00	3164.00	3164.00	3164.00	3164.00	3164.00	3164.00	3164.00	3164.00	3164.00	3164.00	3164.00	3164.00	3164.00	3164.00	3164.00	3164.00	3164.00	3164.00	3164.00	3164.00	3164.00	3165.00	3165.00	3165.00	3165.00	3165.00	3165.50	3166.00	3166.50	3167.00	3167.00	3168.00	3168.00	3169.00	3169.00	3169.50	3170.00	3170.00	3171.00	3172.00	3172.50	3173.50	3174.00	3175.00	3175.50	3176.00	3177.00	3178.00	3179.00	3179.50	3180.50	3181.00	3182.00	3182.50	3183.00	3183.00	3184.00	3184.50	3186.00	3186.50	3187.00	3187.00	3188.00	3188.00	3189.00	3189.00	3189.50	3190.00	3190.00	3190.00	3190.00	3191.00	3191.00	3191.00	3191.00	3191.00	3191.00	3191.00	3191.00	3191.00	3191.00	3191.00	3191.00	3191.00	3191.00	3191.00	3191.00	3191.00	3191.00	3191.00	3191.00	3191.00	3191.00	3192.00	3192.00	3192.00	3192.00	3192.00	3192.50	3193.00	3193.00	3193.00	3193.00
3106.00	3107.00	3107.00	3107.00	3108.00	3108.00	3108.00	3109.00	3109.00	3109.50	3110.00	3110.50	3111.00	3111.00	3111.50	3112.00	3112.00	3112.00	3113.00	3113.00	3114.00	3114.00	3114.50	3115.50	3116.00	3116.00	3116.00	3116.00	3117.00	3117.00	3117.00	3117.00	3117.00	3117.50	3118.00	3118.00	3118.00	3118.00	3118.00	3118.00	3118.00	3118.00	3118.00	3118.50	3119.00	3119.00	3119.00	3119.00	3119.00	3119.00	3119.00	3119.00	3120.00	3120.00	3120.00	3120.00	3120.50	3121.00	3121.00	3121.50	3122.00	3122.50	3123.00	3124.00	3124.00	3125.00	3126.00	3127.00	3127.50	3128.00	3129.50	3130.00	3131.00	3132.00	3132.50	3133.50	3134.50	3135.50	3136.00	3137.00	3138.00	3139.00	3139.00	3139.50	3140.00	3140.50	3141.00	3141.00	3142.00	3142.00	3142.00	3143.00	3143.00	3143.00	3143.00	3143.00	3143.50	3144.00	3144.00	3144.00	3144.00	3144.00	3144.50	3145.00	3145.00	3146.00	3146.00	3147.00	3147.50	3148.50	3149.00	3150.00	3150.50	3151.00	3152.00	3152.50	3153.00	3154.00	3154.50	3155.00	3155.00	3156.00	3156.50	3157.00	3157.50	3158.00	3158.00	3159.00	3159.00	3160.00	3160.00	3160.00	3160.50	3161.00	3161.00	3162.00	3162.00	3162.00	3162.00	3163.00	3163.00	3163.00	3163.00	3163.00	3163.00	3164.00	3164.00	3164.00	3164.00	3164.00	3164.00	3164.00	3164.00	3164.00	3164.00	3164.00	3164.00	3164.00	3164.00	3164.00	3164.00	3164.00	3164.00	3164.00	3164.00	3164.00	3164.00	3164.00	3164.00	3164.00	3164.00	3164.00	3164.00	3164.00	3165.00	3165.00	3165.00	3165.00	3165.00	3165.50	3166.00	3166.50	3167.00	3167.00	3168.00	3168.00	3169.00	3169.00	3169.50	3170.00	3170.00	3171.00	3172.00	3172.50	3173.50	3174.00	3175.00	3175.50	3176.00	3177.00	3178.00	3179.00	3179.50	3180.50	3181.00	3182.00	3182.50	3183.00	3183.00	3184.00	3184.50	3186.00	3186.50	3187.00	3187.00	3188.00	3188.00	3189.00	3189.00	3189.50	3190.00	3190.00	3190.00	3190.00	3191.00	3191.00	3191.00	3191.00	3191.00	3191.00	3191.00	3191.00	3191.00	3191.00	3191.00	3191.00	3191.00	3191.00	3191.00	3191.00	3191.00	3191.00	3191.00	3191.00	3191.00	3191.00	3192.00	3192.00	3192.00	3192.00	3192.00	3192.50	3193.00	3193.00	3193.00	3193.00
3106.00	3107.00	3107.00	3107.00	3108.00	3108.00	3108.00	3109.00	3109.00	3109.50	3110.00	3110.50	3111.00	3111.00	3111.50	3112.00	3112.00	3112.00	3113.00	3113.00	3114.00	3114.00	3114.50	3115.50	3116.00	3116.00	3116.00	3116.00	3117.00	3117.00	3117.00	3117.00	3117.00	3117.50	3118.00	3118.00	3118.00	3118.00	3118.00	3118.00	3118.00	3118.00	3118.00	3118.50	3119.00	3119.00	3119.00	3119.00	3119.00	3119.00	3119.00	3119.00	3120.00	3120.00	3120.00	3120.00	3120.50	3121.00	3121.00	3121.50	3122.00	3122.50	3123.00	3124.00	3124.00	3125.00	3126.00	3127.00	3127.50	3128.00	3129.50	3130.00	3131.00	3132.00	3132.50	3133.50	3134.50	3135.50	3136.00	3137.00	3138.00	3139.00	3139.00	3139.50	3140.00	3140.50	3141.00	3141.00	3142.00	3142.00	3142.00	3143.00	3143.00	3143.00	3143.00	3143.00	3143.50	3144.00	3144.00	3144.00	3144.00	3144.00	3144.50	3145.00	3145.00	3146.00	3146.00	3147.00	3147.50	3148.50	3149.00	3150.00	3150.50	3151.00	3152.00	3152.50	3153.00	3154.00	3154.50	3155.00	3155.00	3156.00	3156.50	3157.00	3157.50	3158.00	3158.00	3159.00	3159.00	3160.00	3160.00	3160.00	3160.50	3161.00	3161.00	3162.00	3162.00	3162.00	3162.00	3163.00	3163.00	3163.00	3163.00	3163.00	3163.00	3164.00	3164.00	3164.00	3164.00	3164.00	3164.00	3164.00	3164.00	3164.00	3164.00	3164.00	3164.00	3164.00	3164.00	3164.00	3164.00	3164.00	3164.00	3164.00	3164.00	3164.00	3164.00	3164.00	3164.00	3164.00	3164.00	3164.00	3164.00	3164.00	3165.00	3165.00	3165.00	3165.00	3165.00	3165.50	3166.00	3166.50	3167.00	3167.00	3168.00	3168.00	3169.00	3169.00	3169.50	3170.00	3170.00	3171.00	3172.00	3172.50	3173.50	3174.00	3175.00	3175.50	3176.00	3177.00	3178.00	3179.00	3179.50	3180.50	3181.00	3182.00	3182.50	3183.00	3183.00	3184.00	3184.50	3186.00	3186.50	3187.00	3187.00	3188.00	3188.00	3189.00	3189.00	3189.50	3190.00	3190.00	3190.00	3190.00	3191.00	3191.00	3191.00	3191.00	3191.00	3191.00	3191.00	3191.00	3191.00	3191.00	3191.00	3191.00	3191.00	3191.00	3191.00	3191.00	3191.00	3191.00	3191.00	3191.00	3191.00	3191.00	3192.00	3192.00	3192.00	3192.00	3192.00	3192.50	3193.00	3193.00	3193.00	3193.00
3106.00	3107.00	3107.00	3107.00	3108.00	3108.00	3108.00	3109.00	3109.00	3109.50	3110.00	3110.50	3111.00	3111.00	3111.50	3112.00	3112.00	3112.00	3113.00	3113.00	3114.00	3114.00	3114.50	3115.50	3116.00	3116.00	3116.00	3116.00	3117.00	3117.00	3117.00	3117.00	3117.00	3117.50	3118.00	3118.00	3118.00	3118.00	3118.00	3118.00	3118.00	3118.00	3118.00	3118.50	3119.00	3119.00	3119.00	3119.00	3119.00	3119.00	3119.00	3119.00	3120.00	3120.00	3120.00	3120.00	3120.50	3121.00	3121.00	3121.50	3122.00	3122.50	3123.00	3124.00	3124.00	3125.00	3126.00	3127.00	3127.50	3128.00	3129.50	3130.00	3131.00	3132.00	3132.50	3133.50	3134.50	3135.50	3136.00	3137.00	3138.00	3139.00	3139.00	3139.50	3140.00	3140.50	3141.00	3141.00	3142.00	3142.00	3142.00	3143.00	3143.00	3143.00	3143.00	3143.00	3143.50	3144.00	3144.00	3144.00	3144.00	3144.00	3144.50	3145.00	3145.00	3146.00	3146.00	3147.00	3147.50	3148.50	3149.00	3150.00	3150.50	3151.00	3152.00	3152.50	3153.00	3154.00	3154.50	3155.00	3155.00	3156.00	3156.50	3157.00	3157.50	3158.00	3158.00	3159.00	3159.00	3160.00	3160.00	3160.00	3160.50	3161.00	3161.00	3162.00	3162.00	3162.00	3162.00	3163.00	3163.00	3163.00	3163.00	3163.00	3163.00	3164.00	3164.00	3164.00	3164.00	3164.00	3164.00	3164.00	3164.00	3164.00	3164.00	3164.00	3164.00	3164.00	3164.00	3164.00	3164.00	3164.00	3164.00	3164.00	3164.00	3164.00	3164.00	3164.00	3164.00	3164.00	3164.00	3164.00	3164.00	3164.00	3165.00	3165.00	3165.00	3165.00	3165.00	3165.50	3166.00	3166.50	3167.00	3167.00	3168.00	3168.00	3169.00	3169.00	3169.50	3170.00	3170.00	3171.00	3172.00	3172.50	3173.50	3174.00	3175.00	3175.50	3176.00	3177.00	3178.00	3179.00	3179.50	3180.50	3181.00	3182.00	3182.50	3183.00	3183.00	3184.00	3184.50	3186.00	3186.50	3187.00	3187.00	3188.00	3188.00	3189.00	3189.00	3189.50	3190.00	3190.00	3190.00	3190.00	3191.00	3191.00	3191.00	3191.00	3191.00	3191.00	3191.00	3191.00	3191.00	3191.00	3191.00	3191.00	3191.00	3191.00	3191.00	3191.00	3191.00	3191.00	3191.00	3191.00	3191.00	3191.00	3192.00	3192.00	3192.00	3192.00	3192.00	3192.50	3193.00	3193.00	3193.00	3193.00
3106.00	3107.00	3107.00	3107.00	3108.00	3108.00	3108.00	3109.00	3109.00	3109.50	3110.00	3110.50	3111.00	3111.00	3111.50	3112.00	3112.00	3112.00	3113.00	3113.00	3114.00	3114.00	3114.50	3115.50	3116.00	3116.00	3116.00	3116.00	3117.00	3117.00	3117.00	3117.00	3117.00	3117.50	3118.00	3118.00	3118.00	3118.00	3118.00	3118.00	3118.00	3118.00	3118.00	3118.50	3119.00	3119.00	3119.00	3119.00	3119.00	3119.00	3119.00	3119.00	3120.00	3120.00	3120.00	3120.00	3120.50	3121.00	3121.00	3121.50	3122.00	3122.50	3123.00	3124.00	3124.00	3125.00	3126.00	3127.00	3127.50	3128.00	3129.50	3130.00	3131.00	3132.00	3132.50	3133.50	3134.50	3135.50	3136.00	3137.00	3138.00	3139.00	3139.00	3139.50	3140.00	3140.50	3141.00	3141.00	3142.00	3142.00	3142.00	3143.00	3143.00	3143.00	3143.00	3143.00	3143.50	3144.00	3144.00	3144.00	3144.00	3144.00	3144.50	3145.00	3145.00	3146.00	3146.00	3147.00	3147.50	3148.50	3149.00	3150.00	3150.50	3151.00	3152.00	3152.50	3153.00	3154.00	3154.50	3155.00	3155.00	3156.00	3156.50	3157.00	3157.50	3158.00	3158.00	3159.00	3159.00	3160.00	3160.00	3160.00	3160.50	3161.00	3161.00	3162.00	3162.00	3162.00	3162.00	3163.00	3163.00	3163.00	3163.00	3163.00	3163.00	3164.00	3164.00	3164.00	3164.00	3164.00	3164.00	3164.00	3164.00	3164.00	3164.00	3164.00	3164.00	3164.00	3164.00	3164.00	3164.00	3164.00	3164.00	3164.00	3164.00	3164.00	3164.00	3164.00	3164.00	3164.00	3164.00	3164.00	3164.00	3164.00	3165.00	3165.00	3165.00	3165.00	3165.00	3165.50	3166.00	3166.50	3167.00	3167.00	3168.00	3168.00	3169.00	3169.00	3169.50	3170.00	3170.00	3171.00	3172.00	3172.50	3173.50	3174.00	3175.00	3175.50	3176.00	3177.00	3178.00	3179.00	3179.50	3180.50	3181.00	3182.00	3182.50	3183.00	3183.00	3184.00	3184.50	3186.00	3186.50	3187.00	3187.00	3188.00	3188.00	3189.00	3189.00	3189.50	3190.00	3190.00	3190.00	3190.00	3191.00	3191.00	3191.00	3191.00	3191.00	3191.00	3191.00	3191.00	3191.00	3191.00	3191.00	3191.00	3191.00	3191.00	3191.00	3191.00	3191.00	3191.00	3191.00	3191.00	3191.00	3191.00	3192.00	3192.00	3192.00	3192.00	3192.00	3192.50	3193.00	3193.00	3193.00	3193.00
3102.50	3103.00	3103.50	3104.00	3104.00	3105.00	3105.50	3106.00	3106.50	3107.00	3108.00	3108.00	3108.50	3109.00	3109.50	3110.00	3110.00	3111.00	3111.00	3112.00	3112.50	3113.00	3113.50	3114.00	3114.50	3115.00	3116.00	3116.00	3117.00	3117.00	3117.50	3118.00	3118.00	3119.00	3119.00	3119.00	3120.00	3120.00	3120.00	3120.00	3120.00	3120.00	3121.00	3121.00	3121.00	3121.00	3121.00	3121.50	3122.00	3122.00	3122.00	3122.00	3122.00	3122.00	3122.00	3122.00	3122.00	3122.00	3123.00	3123.00	3123.00	3123.50	3124.00	3125.00	3125.00	3126.00	3127.00	3127.50	3128.50	3129.00	3130.50	3131.00	3132.00	3132.00	3133.50	3134.00	3135.00	3135.50	3136.50	3137.00	3138.00	3139.00	3140.00	3140.00	3140.50	3141.00	3141.50	3142.00	3142.00	3143.00	3143.00	3143.00	3143.00	3143.00	3143.00	3143.00	3143.00	3143.00	3143.00	3143.00	3143.50	3144.00	3144.00	3144.00	3145.00	3145.00	3145.50	3146.00	3147.00	3147.00	3148.00	3148.00	3149.00	3150.00	3150.50	3151.00	3151.00	3152.00	3152.50	3153.00	3153.00	3154.00	3154.50	3155.50	3156.00	3156.00	3157.00	3157.00	3157.00	3158.00	3158.00	3158.00	3158.00	3159.00	3159.00	3159.00	3160.00	3160.00	3160.00	3161.00	3161.00	3161.00	3161.00	3161.50	3162.00	3162.00	3162.00	3162.00	3162.00	3162.00	3162.00	3162.00	3162.00	3162.00	3162.00	3162.00	3162.50	3163.00	3163.00	3163.00	3163.00	3163.00	3163.00	3163.00	3164.00	3164.00	3164.00	3164.00	3164.00	3164.00	3164.00	3164.00	3164.00	3164.00	3164.00	3164.00	3164.00	3164.50	3165.00	3165.00	3165.00	3165.00	3166.00	3166.00	3166.50	3167.00	3167.50	3168.00	3168.00	3168.00	3169.00	3170.00	3170.00	3171.00	3171.50	3172.00	3172.50	3173.00	3174.00	3175.00	3175.50	3176.00	3177.00	3177.50	3178.50	3179.00	3180.00	3181.00	3181.00	3182.00	3182.50	3183.50	3184.00	3184.50	3185.00	3186.00	3186.00	3187.00	3187.00	3187.00	3188.00	3188.00	3188.00	3189.00	3189.00	3189.00	3189.00	3189.50	3190.00	3190.00	3190.00	3190.00	3190.00	3190.00	3190.00	3190.50	3191.00	3191.00	3191.00	3191.00	3191.00	3191.00	3191.00	3191.00	3191.00	3191.00	3191.00	3191.50	3192.00	3192.00	3192.00	3192.00	3192.00	3192.00	3192.00	3192.00
3102.50	3103.00	3103.50	3104.00	3104.00	3105.00	3105.50	3106.00	3106.50	3107.00	3108.00	3108.00	3108.50	3109.00	3109.50	3110.00	3110.00	3111.00	3111.00	3112.00	3112.50	3113.00	3113.50	3114.00	3114.50	3115.00	3116.00	3116.00	3117.00	3117.00	3117.50	3118.00	3118.00	3119.00	3119.00	3119.00	3120.00	3120.00	3120.00	3120.00	3120.00	3120.00	3121.00	3121.00	3121.00	3121.00	3121.00	3121.50	3122.00	3122.00	3122.00	3122.00	3122.00	3122.00	3122.00	3122.00	3122.00	3122.00	3123.00	3123.00	3123.00	3123.50	3124.00	3125.00	3125.00	3126.00	3127.00	3127.50	3128.50	3129.00	3130.50	3131.00	3132.00	3132.00	3133.50	3134.00	3135.00	3135.50	3136.50	3137.00	3138.00	3139.00	3140.00	3140.00	3140.50	3141.00	3141.50	3142.00	3142.00	3143.00	3143.00	3143.00	3143.00	3143.00	3143.00	3143.00	3143.00	3143.00	3143.00	3143.00	3143.50	3144.00	3144.00	3144.00	3145.00	3145.00	3145.50	3146.00	3147.00	3147.00	3148.00	3148.00	3149.00	3150.00	3150.50	3151.00	3151.00	3152.00	3152.50	3153.00	3153.00	3154.00	3154.50	3155.50	3156.00	3156.00	3157.00	3157.00	3157.00	3158.00	3158.00	3158.00	3158.00	3159.00	3159.00	3159.00	3160.00	3160.00	3160.00	3161.00	3161.00	3161.00	3161.00	3161.50	3162.00	3162.00	3162.00	3162.00	3162.00	3162.00	3162.00	3162.00	3162.00	3162.00	3162.00	3162.00	3162.50	3163.00	3163.00	3163.00	3163.00	3163.00	3163.00	3163.00	3164.00	3164.00	3164.00	3164.00	3164.00	3164.00	3164.00	3164.00	3164.00	3164.00	3164.00	3164.00	3164.00	3164.50	3165.00	3165.00	3165.00	3165.00	3166.00	3166.00	3166.50	3167.00	3167.50	3168.00	3168.00	3168.00	3169.00	3170.00	3170.00	3171.00	3171.50	3172.00	3172.50	3173.00	3174.00	3175.00	3175.50	3176.00	3177.00	3177.50	3178.50	3179.00	3180.00	3181.00	3181.00	3182.00	3182.50	3183.50	3184.00	3184.50	3185.00	3186.00	3186.00	3187.00	3187.00	3187.00	3188.00	3188.00	3188.00	3189.00	3189.00	3189.00	3189.00	3189.50	3190.00	3190.00	3190.00	3190.00	3190.00	3190.00	3190.00	3190.50	3191.00	3191.00	3191.00	3191.00	3191.00	3191.00	3191.00	3191.00	3191.00	3191.00	3191.00	3191.50	3192.00	3192.00	3192.00	3192.00	3192.00	3192.00	3192.00	3192.00
3102.50	3103.00	3103.50	3104.00	3104.00	3105.00	3105.50	3106.00	3106.50	3107.00	3108.00	3108.00	3108.50	3109.00	3109.50	3110.00	3110.00	3111.00	3111.00	3112.00	3112.50	3113.00	3113.50	3114.00	3114.50	3115.00	3116.00	3116.00	3117.00	3117.00	3117.50	3118.00	3118.00	3119.00	3119.00	3119.00	3120.00	3120.00	3120.00	3120.00	3120.00	3120.00	3121.00	3121.00	3121.00	3121.00	3121.00	3121.50	3122.00	3122.00	3122.00	3122.00	3122.00	3122.00	3122.00	3122.00	3122.00	3122.00	3123.00	3123.00	3123.00	3123.50	3124.00	3125.00	3125.00	3126.00	3127.00	3127.50	3128.50	3129.00	3130.50	3131.00	3132.00	3132.00	3133.50	3134.00	3135.00	3135.50	3136.50	3137.00	3138.00	3139.00	3140.00	3140.00	3140.50	3141.00	3141.50	3142.00	3142.00	3143.00	3143.00	3143.00	3143.00	3143.00	3143.00	3143.00	3143.00	3143.00	3143.00	3143.00	3143.50	3144.00	3144.00	3144.00	3145.00	3145.00	3145.50	3146.00	3147.00	3147.00	3148.00	3148.00	3149.00	3150.00	3150.50	3151.00	3151.00	3152.00	3152.50	3153.00	3153.00	3154.00	3154.50	3155.50	3156.00	3156.00	3157.00	3157.00	3157.00	3158.00	3158.00	3158.00	3158.00	3159.00	3159.00	3159.00	3160.00	3160.00	3160.00	3161.00	3161.00	3161.00	3161.00	3161.50	3162.00	3162.00	3162.00	3162.00	3162.00	3162.00	3162.00	3162.00	3162.00	3162.00	3162.00	3162.00	3162.50	3163.00	3163.00	3163.00	3163.00	3163.00	3163.00	3163.00	3164.00	3164.00	3164.00	3164.00	3164.00	3164.00	3164.00	3164.00	3164.00	3164.00	3164.00	3164.00	3164.00	3164.50	3165.00	3165.00	3165.00	3165.00	3166.00	3166.00	3166.50	3167.00	3167.50	3168.00	3168.00	3168.00	3169.00	3170.00	3170.00	3171.00	3171.50	3172.00	3172.50	3173.00	3174.00	3175.00	3175.50	3176.00	3177.00	3177.50	3178.50	3179.00	3180.00	3181.00	3181.00	3182.00	3182.50	3183.50	3184.00	3184.50	3185.00	3186.00	3186.00	3187.00	3187.00	3187.00	3188.00	3188.00	3188.00	3189.00	3189.00	3189.00	3189.00	3189.50	3190.00	3190.00	3190.00	3190.00	3190.00	3190.00	3190.00	3190.50	3191.00	3191.00	3191.00	3191.00	3191.00	3191.00	3191.00	3191.00	3191.00	3191.00	3191.00	3191.50	3192.00	3192.00	3192.00	3192.00	3192.00	3192.00	3192.00	3192.00
3102.50	3103.00	3103.50	3104.00	3104.00	3105.00	3105.50	3106.00	3106.50	3107.00	3108.00	3108.00	3108.50	3109.00	3109.50	3110.00	3110.00	3111.00	3111.00	3112.00	3112.50	3113.00	3113.50	3114.00	3114.50	3115.00	3116.00	3116.00	3117.00	3117.00	3117.50	3118.00	3118.00	3119.00	3119.00	3119.00	3120.00	3120.00	3120.00	3120.00	3120.00	3120.00	3121.00	3121.00	3121.00	3121.00	3121.00	3121.50	3122.00	3122.00	3122.00	3122.00	3122.00	3122.00	3122.00	3122.00	3122.00	3122.00	3123.00	3123.00	3123.00	3123.50	3124.00	3125.00	3125.00	3126.00	3127.00	3127.50	3128.50	3129.00	3130.50	3131.00	3132.00	3132.00	3133.50	3134.00	3135.00	3135.50	3136.50	3137.00	3138.00	3139.00	3140.00	3140.00	3140.50	3141.00	3141.50	3142.00	3142.00	3143.00	3143.00	3143.00	3143.00	3143.00	3143.00	3143.00	3143.00	3143.00	3143.00	3143.00	3143.50	3144.00	3144.00	3144.00	3145.00	3145.00	3145.50	3146.00	3147.00	3147.00	3148.00	3148.00	3149.00	3150.00	3150.50	3151.00	3151.00	3152.00	3152.50	3153.00	3153.00	3154.00	3154.50	3155.50	3156.00	3156.00	3157.00	3157.00	3157.00	3158.00	3158.00	3158.00	3158.00	3159.00	3159.00	3159.00	3160.00	3160.00	3160.00	3161.00	3161.00	3161.00	3161.00	3161.50	3162.00	3162.00	3162.00	3162.00	3162.00	3162.00	3162.00	3162.00	3162.00	3162.00	3162.00	3162.00	3162.50	3163.00	3163.00	3163.00	3163.00	3163.00	3163.00	3163.00	3164.00	3164.00	3164.00	3164.00	3164.00	3164.00	3164.00	3164.00	3164.00	3164.00	3164.00	3164.00	3164.00	3164.50	3165.00	3165.00	3165.00	3165.00	3166.00	3166.00	3166.50	3167.00	3167.50	3168.00	3168.00	3168.00	3169.00	3170.00	3170.00	3171.00	3171.50	3172.00	3172.50	3173.00	3174.00	3175.00	3175.50	3176.00	3177.00	3177.50	3178.50	3179.00	3180.00	3181.00	3181.00	3182.00	3182.50	3183.50	3184.00	3184.50	3185.00	3186.00	3186.00	3187.00	3187.00	3187.00	3188.00	3188.00	3188.00	3189.00	3189.00	3189.00	3189.00	3189.50	3190.00	3190.00	3190.00	3190.00	3190.00	3190.00	3190.00	3190.50	3191.00	3191.00	3191.00	3191.00	3191.00	3191.00	3191.00	3191.00	3191.00	3191.00	3191.00	3191.50	3192.00	3192.00	3192.00	3192.00	3192.00	3192.00	3192.00	3192.00
3102.50	3103.00	3103.50	3104.00	3104.00	3105.00	3105.50	3106.00	3106.50	3107.00	3108.00	3108.00	3108.50	3109.00	3109.50	3110.00	3110.00	3111.00	3111.00	3112.00	3112.50	3113.00	3113.50	3114.00	3114.50	3115.00	3116.00	3116.00	3117.00	3117.00	3117.50	3118.00	3118.00	3119.00	3119.00	3119.00	3120.00	3120.00	3120.00	3120.00	3120.00	3120.00	3121.00	3121.00	3121.00	3121.00	3121.00	3121.50	3122.00	3122.00	3122.00	3122.00	3122.00	3122.00	3122.00	3122.00	3122.00	3122.00	3123.00	3123.00	3123.00	3123.50	3124.00	3125.00	3125.00	3126.00	3127.00	3127.50	3128.50	3129.00	3130.50	3131.00	3132.00	3132.00	3133.50	3134.00	3135.00	3135.50	3136.50	3137.00	3138.00	3139.00	3140.00	3140.00	3140.50	3141.00	3141.50	3142.00	3142.00	3143.00	3143.00	3143.00	3143.00	3143.00	3143.00	3143.00	3143.00	3143.00	3143.00	3143.00	3143.50	3144.00	3144.00	3144.00	3145.00	3145.00	3145.50	3146.00	3147.00	3147.00	3148.00	3148.00	3149.00	3150.00	3150.50	3151.00	3151.00	3152.00	3152.50	3153.00	3153.00	3154.00	3154.50	3155.50	3156.00	3156.00	3157.00	3157.00	3157.00	3158.00	3158.00	3158.00	3158.00	3159.00	3159.00	3159.00	3160.00	3160.00	3160.00	3161.00	3161.00	3161.00	3161.00	3161.50	3162.00	3162.00	3162.00	3162.00	3162.00	3162.00	3162.00	3162.00	3162.00	3162.00	3162.00	3162.00	3162.50	3163.00	3163.00	3163.00	3163.00	3163.00	3163.00	3163.00	3164.00	3164.00	3164.00	3164.00	3164.00	3164.00	3164.00	3164.00	3164.00	3164.00	3164.00	3164.00	3164.00	3164.50	3165.00	3165.00	3165.00	3165.00	3166.00	3166.00	3166.50	3167.00	3167.50	3168.00	3168.00	3168.00	3169.00	3170.00	3170.00	3171.00	3171.50	3172.00	3172.50	3173.00	3174.00	3175.00	3175.50	3176.00	3177.00	3177.50	3178.50	3179.00	3180.00	3181.00	3181.00	3182.00	3182.50	3183.50	3184.00	3184.50	3185.00	3186.00	3186.00	3187.00	3187.00	3187.00	3188.00	3188.00	3188.00	3189.00	3189.00	3189.00	3189.00	3189.50	3190.00	3190.00	3190.00	3190.00	3190.00	3190.00	3190.00	3190.50	3191.00	3191.00	3191.00	3191.00	3191.00	3191.00	3191.00	3191.00	3191.00	3191.00	3191.00	3191.50	3192.00	3192.00	3192.00	3192.00	3192.00	3192.00	3192.00	3192.00
3100.50	3101.00	3101.75	3102.50	3102.50	3103.50	3104.00	3104.75	3105.25	3105.75	3106.50	3106.75	3107.25	3107.50	3108.25	3108.50	3109.00	3109.50	3110.00	3111.00	3111.50	3112.00	3112.50	3113.25	3113.75	3114.00	3115.00	3115.25	3116.00	3116.75	3117.25	3117.50	3118.00	3118.75	3119.50	3119.50	3120.50	3120.50	3120.75	3121.00	3121.00	3121.00	3121.50	3122.00	3122.00	3122.00	3122.25	3122.75	3123.00	3123.00	3123.00	3123.00	3123.00	3123.00	3123.00	3123.00	3123.00	3123.00	3123.50	3123.75	3124.00	3124.50	3125.00	3125.50	3125.50	3126.50	3127.50	3128.25	3129.00	3129.75	3131.00	3131.50	3132.50	3132.50	3133.75	3134.25	3135.25	3136.00	3136.75	3137.50	3138.00	3139.00	3140.00	3140.00	3140.50	3141.00	3141.50	3142.00	3142.00	3142.50	3142.75	3143.00	3143.00	3143.00	3143.00	3143.00	3143.00	3143.00	3143.00	3143.00	3143.25	3143.75	3144.00	3144.00	3144.50	3145.00	3145.25	3145.50	3146.50	3146.75	3147.50	3147.50	3148.50	3149.50	3149.75	3150.25	3150.50	3151.25	3151.75	3152.00	3152.50	3153.00	3153.50	3154.50	3155.00	3155.25	3156.00	3156.00	3156.50	3157.00	3157.00	3157.00	3157.00	3158.00	3158.00	3158.00	3158.50	3159.00	3159.00	3159.75	3160.00	3160.00	3160.00	3160.25	3160.50	3160.50	3160.75	3161.00	3161.00	3161.00	3161.00	3161.00	3161.00	3161.50	3161.50	3161.50	3161.75	3162.00	3162.50	3162.50	3162.50	3162.50	3163.00	3163.00	3163.50	3163.50	3163.50	3164.00	3164.00	3164.00	3164.00	3164.00	3164.00	3164.00	3164.00	3164.00	3164.50	3164.75	3165.00	3165.00	3165.00	3165.25	3166.00	3166.00	3166.25	3166.75	3167.25	3167.50	3167.75	3168.00	3168.50	3169.50	3169.50	3170.50	3171.00	3171.50	3172.00	3172.50	3173.50	3174.00	3174.75	3175.50	3176.50	3177.00	3177.75	3178.50	3179.25	3180.00	3180.50	3181.25	3181.75	3182.75	3183.25	3183.75	3184.00	3185.00	3185.00	3186.00	3186.00	3186.25	3187.00	3187.00	3187.25	3188.00	3188.00	3188.00	3188.25	3188.75	3189.00	3189.00	3189.50	3189.50	3189.50	3189.50	3189.50	3189.75	3190.00	3190.50	3190.50	3191.00	3191.00	3191.00	3191.25	3191.50	3191.50	3191.50	3191.50	3191.75	3192.00	3192.50	3192.50	3192.50	3192.50	3192.50	3192.50	3192.50
3098.50	3099.00	3100.00	3101.00	3101.00	3102.00	3102.50	3103.50	3104.00	3104.50	3105.00	3105.50	3106.00	3106.00	3107.00	3107.00	3108.00	3108.00	3109.00	3110.00	3110.50	3111.00	3111.50	3112.50	3113.00	3113.00	3114.00	3114.50	3115.00	3116.50	3117.00	3117.00	3118.00	3118.50	3120.00	3120.00	3121.00	3121.00	3121.50	3122.00	3122.00	3122.00	3122.00	3123.00	3123.00	3123.00	3123.50	3124.00	3124.00	3124.00	3124.00	3124.00	3124.00	3124.00	3124.00	3124.00	3124.00	3124.00	3124.00	3124.50	3125.00	3125.50	3126.00	3126.00	3126.00	3127.00	3128.00	3129.00	3129.50	3130.50	3131.50	3132.00	3133.00	3133.00	3134.00	3134.50	3135.50	3136.50	3137.00	3138.00	3138.00	3139.00	3140.00	3140.00	3140.50	3141.00	3141.50	3142.00	3142.00	3142.00	3142.50	3143.00	3143.00	3143.00	3143.00	3143.00	3143.00	3143.00	3143.00	3143.00	3143.00	3143.50	3144.00	3144.00	3144.00	3145.00	3145.00	3145.00	3146.00	3146.50	3147.00	3147.00	3148.00	3149.00	3149.00	3149.50	3150.00	3150.50	3151.00	3151.00	3152.00	3152.00	3152.50	3153.50	3154.00	3154.50	3155.00	3155.00	3156.00	3156.00	3156.00	3156.00	3156.00	3157.00	3157.00	3157.00	3157.00	3158.00	3158.00	3158.50	3159.00	3159.00	3159.00	3159.00	3159.00	3159.00	3159.50	3160.00	3160.00	3160.00	3160.00	3160.00	3160.00	3161.00	3161.00	3161.00	3161.00	3161.00	3162.00	3162.00	3162.00	3162.00	3163.00	3163.00	3163.00	3163.00	3163.00	3164.00	3164.00	3164.00	3164.00	3164.00	3164.00	3164.00	3164.00	3164.00	3165.00	3165.00	3165.00	3165.00	3165.00	3165.50	3166.00	3166.00	3166.00	3166.50	3167.00	3167.00	3167.50	3168.00	3168.00	3169.00	3169.00	3170.00	3170.50	3171.00	3171.50	3172.00	3173.00	3173.00	3174.00	3175.00	3176.00	3176.50	3177.00	3178.00	3178.50	3179.00	3180.00	3180.50	3181.00	3182.00	3182.50	3183.00	3183.00	3184.00	3184.00	3185.00	3185.00	3185.50	3186.00	3186.00	3186.50	3187.00	3187.00	3187.00	3187.50	3188.00	3188.00	3188.00	3189.00	3189.00	3189.00	3189.00	3189.00	3189.00	3189.00	3190.00	3190.00	3191.00	3191.00	3191.00	3191.50	3192.00	3192.00	3192.00	3192.00	3192.00	3192.00	3193.00	3193.00	3193.00	3193.00	3193.00	3193.00	3193.00
3098.50	3099.00	3100.00	3101.00	3101.00	3102.00	3102.50	3103.50	3104.00	3104.50	3105.00	3105.50	3106.00	3106.00	3107.00	3107.00	3108.00	3108.00	3109.00	3110.00	3110.50	3111.00	3111.50	3112.50	3113.00	3113.00	3114.00	3114.50	3115.00	3116.50	3117.00	3117.00	3118.00	3118.50	3120.00	3120.00	3121.00	3121.00	3121.50	3122.00	3122.00	3122.00	3122.00	3123.00	3123.00	3123.00	3123.50	3124.00	3124.00	3124.00	3124.00	3124.00	3124.00	3124.00	3124.00	3124.00	3124.00	3124.00	3124.00	3124.50	3125.00	3125.50	3126.00	3126.00	3126.00	3127.00	3128.00	3129.00	3129.50	3130.50	3131.50	3132.00	3133.00	3133.00	3134.00	3134.50	3135.50	3136.50	3137.00	3138.00	3138.00	3139.00	3140.00	3140.00	3140.50	3141.00	3141.50	3142.00	3142.00	3142.00	3142.50	3143.00	3143.00	3143.00	3143.00	3143.00	3143.00	3143.00	3143.00	3143.00	3143.00	3143.50	3144.00	3144.00	3144.00	3145.00	3145.00	3145.00	3146.00	3146.50	3147.00	3147.00	3148.00	3149.00	3149.00	3149.50	3150.00	3150.50	3151.00	3151.00	3152.00	3152.00	3152.50	3153.50	3154.00	3154.50	3155.00	3155.00	3156.00	3156.00	3156.00	3156.00	3156.00	3157.00	3157.00	3157.00	3157.00	3158.00	3158.00	3158.50	3159.00	3159.00	3159.00	3159.00	3159.00	3159.00	3159.50	3160.00	3160.00	3160.00	3160.00	3160.00	3160.00	3161.00	3161.00	3161.00	3161.00	3161.00	3162.00	3162.00	3162.00	3162.00	3163.00	3163.00	3163.00	3163.00	3163.00	3164.00	3164.00	3164.00	3164.00	3164.00	3164.00	3164.00	3164.00	3164.00	3165.00	3165.00	3165.00	3165.00	3165.00	3165.50	3166.00	3166.00	3166.00	3166.50	3167.00	3167.00	3167.50	3168.00	3168.00	3169.00	3169.00	3170.00	3170.50	3171.00	3171.50	3172.00	3173.00	3173.00	3174.00	3175.00	3176.00	3176.50	3177.00	3178.00	3178.50	3179.00	3180.00	3180.50	3181.00	3182.00	3182.50	3183.00	3183.00	3184.00	3184.00	3185.00	3185.00	3185.50	3186.00	3186.00	3186.50	3187.00	3187.00	3187.00	3187.50	3188.00	3188.00	3188.00	3189.00	3189.00	3189.00	3189.00	3189.00	3189.00	3189.00	3190.00	3190.00	3191.00	3191.00	3191.00	3191.50	3192.00	3192.00	3192.00	3192.00	3192.00	3192.00	3193.00	3193.00	3193.00	3193.00	3193.00	3193.00	3193.00
3098.50	3099.00	3100.00	3101.00	3101.00	3102.00	3102.50	3103.50	3104.00	3104.50	3105.00	3105.50	3106.00	3106.00	3107.00	3107.00	3108.00	3108.00	3109.00	3110.00	3110.50	3111.00	3111.50	3112.50	3113.00	3113.00	3114.00	3114.50	3115.00	3116.50	3117.00	3117.00	3118.00	3118.50	3120.00	3120.00	3121.00	3121.00	3121.50	3122.00	3122.00	3122.00	3122.00	3123.00	3123.00	3123.00	3123.50	3124.00	3124.00	3124.00	3124.00	3124.00	3124.00	3124.00	3124.00	3124.00	3124.00	3124.00	3124.00	3124.50	3125.00	3125.50	3126.00	3126.00	3126.00	3127.00	3128.00	3129.00	3129.50	3130.50	3131.50	3132.00	3133.00	3133.00	3134.00	3134.50	3135.50	3136.50	3137.00	3138.00	3138.00	3139.00	3140.00	3140.00	3140.50	3141.00	3141.50	3142.00	3142.00	3142.00	3142.50	3143.00	3143.00	3143.00	3143.00	3143.00	3143.00	3143.00	3143.00	3143.00	3143.00	3143.50	3144.00	3144.00	3144.00	3145.00	3145.00	3145.00	3146.00	3146.50	3147.00	3147.00	3148.00	3149.00	3149.00	3149.50	3150.00	3150.50	3151.00	3151.00	3152.00	3152.00	3152.50	3153.50	3154.00	3154.50	3155.00	3155.00	3156.00	3156.00	3156.00	3156.00	3156.00	3157.00	3157.00	3157.00	3157.00	3158.00	3158.00	3158.50	3159.00	3159.00	3159.00	3159.00	3159.00	3159.00	3159.50	3160.00	3160.00	3160.00	3160.00	3160.00	3160.00	3161.00	3161.00	3161.00	3161.00	3161.00	3162.00	3162.00	3162.00	3162.00	3163.00	3163.00	3163.00	3163.00	3163.00	3164.00	3164.00	3164.00	3164.00	3164.00	3164.00	3164.00	3164.00	3164.00	3165.00	3165.00	3165.00	3165.00	3165.00	3165.50	3166.00	3166.00	3166.00	3166.50	3167.00	3167.00	3167.50	3168.00	3168.00	3169.00	3169.00	3170.00	3170.50	3171.00	3171.50	3172.00	3173.00	3173.00	3174.00	3175.00	3176.00	3176.50	3177.00	3178.00	3178.50	3179.00	3180.00	3180.50	3181.00	3182.00	3182.50	3183.00	3183.00	3184.00	3184.00	3185.00	3185.00	3185.50	3186.00	3186.00	3186.50	3187.00	3187.00	3187.00	3187.50	3188.00	3188.00	3188.00	3189.00	3189.00	3189.00	3189.00	3189.00	3189.00	3189.00	3190.00	3190.00	3191.00	3191.00	3191.00	3191.50	3192.00	3192.00	3192.00	3192.00	3192.00	3192.00	3193.00	3193.00	3193.00	3193.00	3193.00	3193.00	3193.00
3098.50	3099.00	3100.00	3101.00	3101.00	3102.00	3102.50	3103.50	3104.00	3104.50	3105.00	3105.50	3106.00	3106.00	3107.00	3107.00	3108.00	3108.00	3109.00	3110.00	3110.50	3111.00	3111.50	3112.50	3113.00	3113.00	3114.00	3114.50	3115.00	3116.50	3117.00	3117.00	3118.00	3118.50	3120.00	3120.00	3121.00	3121.00	3121.50	3122.00	3122.00	3122.00	3122.00	3123.00	3123.00	3123.00	3123.50	3124.00	3124.00	3124.00	3124.00	3124.00	3124.00	3124.00	3124.00	3124.00	3124.00	3124.00	3124.00	3124.50	3125.00	3125.50	3126.00	3126.00	3126.00	3127.00	3128.00	3129.00	3129.50	3130.50	3131.50	3132.00	3133.00	3133.00	3134.00	3134.50	3135.50	3136.50	3137.00	3138.00	3138.00	3139.00	3140.00	3140.00	3140.50	3141.00	3141.50	3142.00	3142.00	3142.00	3142.50	3143.00	3143.00	3143.00	3143.00	3143.00	3143.00	3143.00	3143.00	3143.00	3143.00	3143.50	3144.00	3144.00	3144.00	3145.00	3145.00	3145.00	3146.00	3146.50	3147.00	3147.00	3148.00	3149.00	3149.00	3149.50	3150.00	3150.50	3151.00	3151.00	3152.00	3152.00	3152.50	3153.50	3154.00	3154.50	3155.00	3155.00	3156.00	3156.00	3156.00	3156.00	3156.00	3157.00	3157.00	3157.00	3157.00	3158.00	3158.00	3158.50	3159.00	3159.00	3159.00	3159.00	3159.00	3159.00	3159.50	3160.00	3160.00	3160.00	3160.00	3160.00	3160.00	3161.00	3161.00	3161.00	3161.00	3161.00	3162.00	3162.00	3162.00	3162.00	3163.00	3163.00	3163.00	3163.00	3163.00	3164.00	3164.00	3164.00	3164.00	3164.00	3164.00	3164.00	3164.00	3164.00	3165.00	3165.00	3165.00	3165.00	3165.00	3165.50	3166.00	3166.00	3166.00	3166.50	3167.00	3167.00	3167.50	3168.00	3168.00	3169.00	3169.00	3170.00	3170.50	3171.00	3171.50	3172.00	3173.00	3173.00	3174.00	3175.00	3176.00	3176.50	3177.00	3178.00	3178.50	3179.00	3180.00	3180.50	3181.00	3182.00	3182.50	3183.00	3183.00	3184.00	3184.00	3185.00	3185.00	3185.50	3186.00	3186.00	3186.50	3187.00	3187.00	3187.00	3187.50	3188.00	3188.00	3188.00	3189.00	3189.00	3189.00	3189.00	3189.00	3189.00	3189.00	3190.00	3190.00	3191.00	3191.00	3191.00	3191.50	3192.00	3192.00	3192.00	3192.00	3192.00	3192.00	3193.00	3193.00	3193.00	3193.00	3193.00	3193.00	3193.00
3098.50	3099.00	3100.00	3101.00	3101.00	3102.00	3102.50	3103.50	3104.00	3104.50	3105.00	3105.50	3106.00	3106.00	3107.00	3107.00	3108.00	3108.00	3109.00	3110.00	3110.50	3111.00	3111.50	3112.50	3113.00	3113.00	3114.00	3114.50	3115.00	3116.50	3117.00	3117.00	3118.00	3118.50	3120.00	3120.00	3121.00	3121.00	3121.50	3122.00	3122.00	3122.00	3122.00	3123.00	3123.00	3123.00	3123.50	3124.00	3124.00	3124.00	3124.00	3124.00	3124.00	3124.00	3124.00	3124.00	3124.00	3124.00	3124.00	3124.50	3125.00	3125.50	3126.00	3126.00	3126.00	3127.00	3128.00	3129.00	3129.50	3130.50	3131.50	3132.00	3133.00	3133.00	3134.00	3134.50	3135.50	3136.50	3137.00	3138.00	3138.00	3139.00	3140.00	3140.00	3140.50	3141.00	3141.50	3142.00	3142.00	3142.00	3142.50	3143.00	3143.00	3143.00	3143.00	3143.00	3143.00	3143.00	3143.00	3143.00	3143.00	3143.50	3144.00	3144.00	3144.00	3145.00	3145.00	3145.00	3146.00	3146.50	3147.00	3147.00	3148.00	3149.00	3149.00	3149.50	3150.00	3150.50	3151.00	3151.00	3152.00	3152.00	3152.50	3153.50	3154.00	3154.50	3155.00	3155.00	3156.00	3156.00	3156.00	3156.00	3156.00	3157.00	3157.00	3157.00	3157.00	3158.00	3158.00	3158.50	3159.00	3159.00	3159.00	3159.00	3159.00	3159.00	3159.50	3160.00	3160.00	3160.00	3160.00	3160.00	3160.00	3161.00	3161.00	3161.00	3161.00	3161.00	3162.00	3162.00	3162.00	3162.00	3163.00	3163.00	3163.00	3163.00	3163.00	3164.00	3164.00	3164.00	3164.00	3164.00	3164.00	3164.00	3164.00	3164.00	3165.00	3165.00	3165.00	3165.00	3165.00	3165.50	3166.00	3166.00	3166.00	3166.50	3167.00	3167.00	3167.50	3168.00	3168.00	3169.00	3169.00	3170.00	3170.50	3171.00	3171.50	3172.00	3173.00	3173.00	3174.00	3175.00	3176.00	3176.50	3177.00	3178.00	3178.50	3179.00	3180.00	3180.50	3181.00	3182.00	3182.50	3183.00	3183.00	3184.00	3184.00	3185.00	3185.00	3185.50	3186.00	3186.00	3186.50	3187.00	3187.00	3187.00	3187.50	3188.00	3188.00	3188.00	3189.00	3189.00	3189.00	3189.00	3189.00	3189.00	3189.00	3190.00	3190.00	3191.00	3191.00	3191.00	3191.50	3192.00	3192.00	3192.00	3192.00	3192.00	3192.00	3193.00	3193.00	3193.00	3193.00	3193.00	3193.00	3193.00
3097.25	3098.00	3098.75	3100.00	3100.00	3101.00	3101.50	3102.25	3102.75	3103.25	3103.50	3104.25	3104.50	3105.00	3105.50	3105.75	3106.50	3107.00	3107.75	3108.50	3109.25	3109.75	3110.25	3111.25	3111.75	3112.00	3113.00	3113.75	3114.50	3115.50	3116.25	3116.75	3117.50	3118.50	3119.50	3119.50	3120.50	3120.75	3121.50	3122.00	3122.25	3122.50	3122.50	3123.50	3123.50	3124.00	3124.25	3124.75	3125.00	3125.00	3125.00	3125.00	3125.00	3125.00	3125.00	3125.00	3125.00	3125.00	3125.25	3125.75	3126.00	3126.25	3126.75	3127.00	3127.00	3128.00	3128.50	3129.50	3129.75	3130.50	3131.50	3132.00	3133.00	3133.00	3134.00	3134.25	3135.25	3136.00	3136.50	3137.50	3137.50	3138.50	3139.00	3139.25	3139.75	3140.25	3141.00	3141.50	3141.50	3141.50	3142.25	3142.50	3142.50	3142.50	3142.50	3142.50	3142.50	3142.50	3142.50	3142.50	3142.50	3143.25	3143.50	3143.50	3143.50	3144.50	3144.50	3145.00	3145.50	3146.00	3146.50	3146.50	3147.50	3148.00	3148.50	3148.75	3149.25	3149.75	3150.00	3150.50	3151.00	3151.00	3151.50	3152.25	3152.50	3153.00	3153.50	3153.50	3154.50	3154.50	3154.50	3154.75	3155.00	3155.50	3155.75	3156.00	3156.00	3156.75	3157.00	3157.25	3157.50	3157.50	3157.50	3157.75	3158.00	3158.00	3158.25	3158.50	3158.75	3159.00	3159.00	3159.00	3159.50	3160.00	3160.00	3160.50	3160.50	3160.50	3161.50	3161.50	3161.50	3161.50	3162.50	3162.50	3163.00	3163.00	3163.25	3164.00	3164.00	3164.25	3164.50	3164.50	3164.50	3164.50	3164.50	3164.50	3165.00	3165.00	3165.00	3165.00	3165.50	3165.75	3166.00	3166.00	3166.25	3166.75	3167.00	3167.25	3167.75	3168.00	3168.50	3169.00	3169.50	3170.00	3170.50	3171.00	3171.50	3172.00	3173.00	3173.00	3174.00	3174.50	3175.50	3175.75	3176.25	3177.00	3177.75	3178.50	3179.00	3179.75	3180.25	3181.25	3181.75	3182.00	3182.50	3183.25	3183.50	3184.00	3184.50	3184.75	3185.50	3185.50	3186.00	3186.50	3186.50	3186.50	3187.00	3187.50	3187.50	3188.00	3188.50	3188.50	3188.50	3188.75	3189.00	3189.00	3189.00	3190.00	3190.00	3190.50	3191.00	3191.00	3191.50	3192.00	3192.00	3192.50	3192.50	3192.50	3192.50	3193.50	3193.50	3193.50	3193.50	3193.50	3193.50	3193.50
3096.00	3097.00	3097.50	3099.00	3099.00	3100.00	3100.50	3101.00	3101.50	3102.00	3102.00	3103.00	3103.00	3104.00	3104.00	3104.50	3105.00	3106.00	3106.50	3107.00	3108.00	3108.50	3109.00	3110.00	3110.50	3111.00	3112.00	3113.00	3114.00	3114.50	3115.50	3116.50	3117.00	3118.50	3119.00	3119.00	3120.00	3120.50	3121.50	3122.00	3122.50	3123.00	3123.00	3124.00	3124.00	3125.00	3125.00	3125.50	3126.00	3126.00	3126.00	3126.00	3126.00	3126.00	3126.00	3126.00	3126.00	3126.00	3126.50	3127.00	3127.00	3127.00	3127.50	3128.00	3128.00	3129.00	3129.00	3130.00	3130.00	3130.50	3131.50	3132.00	3133.00	3133.00	3134.00	3134.00	3135.00	3135.50	3136.00	3137.00	3137.00	3138.00	3138.00	3138.50	3139.00	3139.50	3140.50	3141.00	3141.00	3141.00	3142.00	3142.00	3142.00	3142.00	3142.00	3142.00	3142.00	3142.00	3142.00	3142.00	3142.00	3143.00	3143.00	3143.00	3143.00	3144.00	3144.00	3145.00	3145.00	3145.50	3146.00	3146.00	3147.00	3147.00	3148.00	3148.00	3148.50	3149.00	3149.00	3150.00	3150.00	3150.00	3150.50	3151.00	3151.00	3151.50	3152.00	3152.00	3153.00	3153.00	3153.00	3153.50	3154.00	3154.00	3154.50	3155.00	3155.00	3155.50	3156.00	3156.00	3156.00	3156.00	3156.00	3156.50	3157.00	3157.00	3157.00	3157.00	3157.50	3158.00	3158.00	3158.00	3159.00	3159.00	3159.00	3160.00	3160.00	3160.00	3161.00	3161.00	3161.00	3161.00	3162.00	3162.00	3163.00	3163.00	3163.50	3164.00	3164.00	3164.50	3165.00	3165.00	3165.00	3165.00	3165.00	3165.00	3165.00	3165.00	3165.00	3165.00	3166.00	3166.00	3166.00	3166.00	3166.50	3167.00	3167.00	3167.50	3168.00	3168.00	3169.00	3169.00	3170.00	3170.00	3170.50	3171.00	3171.50	3172.00	3173.00	3173.00	3174.00	3174.00	3175.00	3175.00	3175.50	3176.00	3177.00	3178.00	3178.00	3179.00	3179.50	3180.50	3181.00	3181.00	3182.00	3182.50	3183.00	3183.00	3184.00	3184.00	3185.00	3185.00	3185.50	3186.00	3186.00	3186.00	3186.50	3187.00	3187.00	3188.00	3188.00	3188.00	3188.00	3188.50	3189.00	3189.00	3189.00	3190.00	3190.00	3190.00	3191.00	3191.00	3191.50	3192.00	3192.00	3193.00	3193.00	3193.00	3193.00	3194.00	3194.00	3194.00	3194.00	3194.00	3194.00	3194.00
3096.00	3097.00	3097.50	3099.00	3099.00	3100.00	3100.50	3101.00	3101.50	3102.00	3102.00	3103.00	3103.00	3104.00	3104.00	3104.50	3105.00	3106.00	3106.50	3107.00	3108.00	3108.50	3109.00	3110.00	3110.50	3111.00	3112.00	3113.00	3114.00	3114.50	3115.50	3116.50	3117.00	3118.50	3119.00	3119.00	3120.00	3120.50	3121.50	3122.00	3122.50	3123.00	3123.00	3124.00	3124.00	3125.00	3125.00	3125.50	3126.00	3126.00	3126.00	3126.00	3126.00	3126.00	3126.00	3126.00	3126.00	3126.00	3126.50	3127.00	3127.00	3127.00	3127.50	3128.00	3128.00	3129.00	3129.00	3130.00	3130.00	3130.50	3131.50	3132.00	3133.00	3133.00	3134.00	3134.00	3135.00	3135.50	3136.00	3137.00	3137.00	3138.00	3138.00	3138.50	3139.00	3139.50	3140.50	3141.00	3141.00	3141.00	3142.00	3142.00	3142.00	3142.00	3142.00	3142.00	3142.00	3142.00	3142.00	3142.00	3142.00	3143.00	3143.00	3143.00	3143.00	3144.00	3144.00	3145.00	3145.00	3145.50	3146.00	3146.00	3147.00	3147.00	3148.00	3148.00	3148.50	3149.00	3149.00	3150.00	3150.00	3150.00	3150.50	3151.00	3151.00	3151.50	3152.00	3152.00	3153.00	3153.00	3153.00	3153.50	3154.00	3154.00	3154.50	3155.00	3155.00	3155.50	3156.00	3156.00	3156.00	3156.00	3156.00	3156.50	3157.00	3157.00	3157.00	3157.00	3157.50	3158.00	3158.00	3158.00	3159.00	3159.00	3159.00	3160.00	3160.00	3160.00	3161.00	3161.00	3161.00	3161.00	3162.00	3162.00	3163.00	3163.00	3163.50	3164.00	3164.00	3164.50	3165.00	3165.00	3165.00	3165.00	3165.00	3165.00	3165.00	3165.00	3165.00	3165.00	3166.00	3166.00	3166.00	3166.00	3166.50	3167.00	3167.00	3167.50	3168.00	3168.00	3169.00	3169.00	3170.00	3170.00	3170.50	3171.00	3171.50	3172.00	3173.00	3173.00	3174.00	3174.00	3175.00	3175.00	3175.50	3176.00	3177.00	3178.00	3178.00	3179.00	3179.50	3180.50	3181.00	3181.00	3182.00	3182.50	3183.00	3183.00	3184.00	3184.00	3185.00	3185.00	3185.50	3186.00	3186.00	3186.00	3186.50	3187.00	3187.00	3188.00	3188.00	3188.00	3188.00	3188.50	3189.00	3189.00	3189.00	3190.00	3190.00	3190.00	3191.00	3191.00	3191.50	3192.00	3192.00	3193.00	3193.00	3193.00	3193.00	3194.00	3194.00	3194.00	3194.00	3194.00	3194.00	3194.00
3096.00	3097.00	3097.50	3099.00	3099.00	3100.00	3100.50	3101.00	3101.50	3102.00	3102.00	3103.00	3103.00	3104.00	3104.00	3104.50	3105.00	3106.00	3106.50	3107.00	3108.00	3108.50	3109.00	3110.00	3110.50	3111.00	3112.00	3113.00	3114.00	3114.50	3115.50	3116.50	3117.00	3118.50	3119.00	3119.00	3120.00	3120.50	3121.50	3122.00	3122.50	3123.00	3123.00	3124.00	3124.00	3125.00	3125.00	3125.50	3126.00	3126.00	3126.00	3126.00	3126.00	3126.00	3126.00	3126.00	3126.00	3126.00	3126.50	3127.00	3127.00	3127.00	3127.50	3128.00	3128.00	3129.00	3129.00	3130.00	3130.00	3130.50	3131.50	3132.00	3133.00	3133.00	3134.00	3134.00	3135.00	3135.50	3136.00	3137.00	3137.00	3138.00	3138.00	3138.50	3139.00	3139.50	3140.50	3141.00	3141.00	3141.00	3142.00	3142.00	3142.00	3142.00	3142.00	3142.00	3142.00	3142.00	3142.00	3142.00	3142.00	3143.00	3143.00	3143.00	3143.00	3144.00	3144.00	3145.00	3145.00	3145.50	3146.00	3146.00	3147.00	3147.00	3148.00	3148.00	3148.50	3149.00	3149.00	3150.00	3150.00	3150.00	3150.50	3151.00	3151.00	3151.50	3152.00	3152.00	3153.00	3153.00	3153.00	3153.50	3154.00	3154.00	3154.50	3155.00	3155.00	3155.50	3156.00	3156.00	3156.00	3156.00	3156.00	3156.50	3157.00	3157.00	3157.00	3157.00	3157.50	3158.00	3158.00	3158.00	3159.00	3159.00	3159.00	3160.00	3160.00	3160.00	3161.00	3161.00	3161.00	3161.00	3162.00	3162.00	3163.00	3163.00	3163.50	3164.00	3164.00	3164.50	3165.00	3165.00	3165.00	3165.00	3165.00	3165.00	3165.00	3165.00	3165.00	3165.00	3166.00	3166.00	3166.00	3166.00	3166.50	3167.00	3167.00	3167.50	3168.00	3168.00	3169.00	3169.00	3170.00	3170.00	3170.50	3171.00	3171.50	3172.00	3173.00	3173.00	3174.00	3174.00	3175.00	3175.00	3175.50	3176.00	3177.00	3178.00	3178.00	3179.00	3179.50	3180.50	3181.00	3181.00	3182.00	3182.50	3183.00	3183.00	3184.00	3184.00	3185.00	3185.00	3185.50	3186.00	3186.00	3186.00	3186.50	3187.00	3187.00	3188.00	3188.00	3188.00	3188.00	3188.50	3189.00	3189.00	3189.00	3190.00	3190.00	3190.00	3191.00	3191.00	3191.50	3192.00	3192.00	3193.00	3193.00	3193.00	3193.00	3194.00	3194.00	3194.00	3194.00	3194.00	3194.00	3194.00
3096.00	3097.00	3097.50	3099.00	3099.00	3100.00	3100.50	3101.00	3101.50	3102.00	3102.00	3103.00	3103.00	3104.00	3104.00	3104.50	3105.00	3106.00	3106.50	3107.00	3108.00	3108.50	3109.00	3110.00	3110.50	3111.00	3112.00	3113.00	3114.00	3114.50	3115.50	3116.50	3117.00	3118.50	3119.00	3119.00	3120.00	3120.50	3121.50	3122.00	3122.50	3123.00	3123.00	3124.00	3124.00	3125.00	3125.00	3125.50	3126.00	3126.00	3126.00	3126.00	3126.00	3126.00	3126.00	3126.00	3126.00	3126.00	3126.50	3127.00	3127.00	3127.00	3127.50	3128.00	3128.00	3129.00	3129.00	3130.00	3130.00	3130.50	3131.50	3132.00	3133.00	3133.00	3134.00	3134.00	3135.00	3135.50	3136.00	3137.00	3137.00	3138.00	3138.00	3138.50	3139.00	3139.50	3140.50	3141.00	3141.00	3141.00	3142.00	3142.00	3142.00	3142.00	3142.00	3142.00	3142.00	3142.00	3142.00	3142.00	3142.00	3143.00	3143.00	3143.00	3143.00	3144.00	3144.00	3145.00	3145.00	3145.50	3146.00	3146.00	3147.00	3147.00	3148.00	3148.00	3148.50	3149.00	3149.00	3150.00	3150.00	3150.00	3150.50	3151.00	3151.00	3151.50	3152.00	3152.00	3153.00	3153.00	3153.00	3153.50	3154.00	3154.00	3154.50	3155.00	3155.00	3155.50	3156.00	3156.00	3156.00	3156.00	3156.00	3156.50	3157.00	3157.00	3157.00	3157.00	3157.50	3158.00	3158.00	3158.00	3159.00	3159.00	3159.00	3160.00	3160.00	3160.00	3161.00	3161.00	3161.00	3161.00	3162.00	3162.00	3163.00	3163.00	3163.50	3164.00	3164.00	3164.50	3165.00	3165.00	3165.00	3165.00	3165.00	3165.00	3165.00	3165.00	3165.00	3165.00	3166.00	3166.00	3166.00	3166.00	3166.50	3167.00	3167.00	3167.50	3168.00	3168.00	3169.00	3169.00	3170.00	3170.00	3170.50	3171.00	3171.50	3172.00	3173.00	3173.00	3174.00	3174.00	3175.00	3175.00	3175.50	3176.00	3177.00	3178.00	3178.00	3179.00	3179.50	3180.50	3181.00	3181.00	3182.00	3182.50	3183.00	3183.00	3184.00	3184.00	3185.00	3185.00	3185.50	3186.00	3186.00	3186.00	3186.50	3187.00	3187.00	3188.00	3188.00	3188.00	3188.00	3188.50	3189.00	3189.00	3189.00	3190.00	3190.00	3190.00	3191.00	3191.00	3191.50	3192.00	3192.00	3193.00	3193.00	3193.00	3193.00	3194.00	3194.00	3194.00	3194.00	3194.00	3194.00	3194.00
3095.25	3096.00	3096.75	3098.00	3098.00	3099.00	3099.50	3100.00	3100.50	3101.00	3101.00	3102.00	3102.00	3102.50	3103.00	3103.25	3104.00	3104.50	3105.25	3106.00	3106.75	3107.25	3107.75	3108.75	3109.50	3110.00	3111.00	3112.00	3113.00	3113.75	3114.50	3115.50	3116.50	3117.50	3118.50	3119.00	3120.00	3120.50	3121.50	3122.00	3122.50	3123.00	3123.50	3124.25	3124.50	3125.25	3125.50	3125.75	3126.50	3126.50	3127.00	3127.00	3127.00	3127.00	3127.00	3127.00	3127.00	3127.00	3127.75	3128.00	3128.00	3128.25	3128.75	3129.00	3129.00	3129.75	3130.00	3130.50	3130.75	3131.25	3131.75	3132.00	3133.00	3133.00	3134.00	3134.00	3134.75	3135.25	3135.50	3136.00	3136.50	3137.00	3137.50	3138.00	3138.50	3139.00	3139.75	3140.00	3140.00	3140.00	3140.50	3140.50	3140.50	3140.50	3140.50	3141.00	3141.00	3141.00	3141.00	3141.50	3141.50	3142.25	3142.50	3142.50	3142.50	3143.50	3143.75	3144.50	3144.75	3145.25	3145.50	3145.50	3146.25	3146.50	3147.00	3147.25	3147.75	3148.00	3148.00	3149.00	3149.00	3149.00	3149.25	3150.00	3150.00	3150.25	3151.00	3151.00	3151.50	3152.00	3152.00	3152.25	3152.75	3153.00	3153.25	3153.50	3153.50	3154.25	3154.50	3154.50	3154.50	3154.50	3154.50	3155.00	3155.50	3155.50	3156.00	3156.00	3156.50	3157.00	3157.25	3157.50	3158.00	3158.50	3158.50	3159.50	3159.50	3159.75	3160.50	3160.75	3161.00	3161.50	3162.00	3162.25	3163.00	3163.25	3163.75	3164.00	3164.25	3164.75	3165.00	3165.00	3165.00	3165.00	3165.00	3165.00	3165.00	3165.00	3165.00	3165.25	3166.00	3166.00	3166.00	3166.00	3166.75	3167.00	3167.25	3167.75	3168.25	3168.50	3169.00	3169.50	3170.00	3170.50	3170.75	3171.25	3171.75	3172.25	3173.00	3173.50	3174.00	3174.50	3175.00	3175.25	3175.75	3176.00	3177.00	3177.50	3178.00	3178.75	3179.25	3180.50	3181.00	3181.25	3182.00	3182.50	3183.00	3183.00	3184.00	3184.00	3184.50	3184.50	3185.25	3185.50	3185.75	3186.00	3186.25	3187.00	3187.00	3187.50	3187.50	3188.00	3188.00	3188.25	3188.50	3188.75	3189.00	3189.50	3190.00	3190.00	3190.75	3191.00	3191.25	3192.00	3192.00	3193.00	3193.00	3193.50	3193.50	3194.50	3194.50	3194.50	3194.50	3194.75	3195.00	3195.00
3094.50	3095.00	3096.00	3097.00	3097.00	3098.00	3098.50	3099.00	3099.50	3100.00	3100.00	3101.00	3101.00	3101.00	3102.00	3102.00	3103.00	3103.00	3104.00	3105.00	3105.50	3106.00	3106.50	3107.50	3108.50	3109.00	3110.00	3111.00	3112.00	3113.00	3113.50	3114.50	3116.00	3116.50	3118.00	3119.00	3120.00	3120.50	3121.50	3122.00	3122.50	3123.00	3124.00	3124.50	3125.00	3125.50	3126.00	3126.00	3127.00	3127.00	3128.00	3128.00	3128.00	3128.00	3128.00	3128.00	3128.00	3128.00	3129.00	3129.00	3129.00	3129.50	3130.00	3130.00	3130.00	3130.50	3131.00	3131.00	3131.50	3132.00	3132.00	3132.00	3133.00	3133.00	3134.00	3134.00	3134.50	3135.00	3135.00	3135.00	3136.00	3136.00	3137.00	3137.50	3138.00	3138.50	3139.00	3139.00	3139.00	3139.00	3139.00	3139.00	3139.00	3139.00	3139.00	3140.00	3140.00	3140.00	3140.00	3141.00	3141.00	3141.50	3142.00	3142.00	3142.00	3143.00	3143.50	3144.00	3144.50	3145.00	3145.00	3145.00	3145.50	3146.00	3146.00	3146.50	3147.00	3147.00	3147.00	3148.00	3148.00	3148.00	3148.00	3149.00	3149.00	3149.00	3150.00	3150.00	3150.00	3151.00	3151.00	3151.00	3151.50	3152.00	3152.00	3152.00	3152.00	3153.00	3153.00	3153.00	3153.00	3153.00	3153.00	3153.50	3154.00	3154.00	3155.00	3155.00	3155.50	3156.00	3156.50	3157.00	3157.00	3158.00	3158.00	3159.00	3159.00	3159.50	3160.00	3160.50	3161.00	3162.00	3162.00	3162.50	3163.00	3163.50	3164.00	3164.00	3164.50	3165.00	3165.00	3165.00	3165.00	3165.00	3165.00	3165.00	3165.00	3165.00	3165.00	3165.50	3166.00	3166.00	3166.00	3166.00	3167.00	3167.00	3167.50	3168.00	3168.50	3169.00	3169.00	3170.00	3170.00	3171.00	3171.00	3171.50	3172.00	3172.50	3173.00	3174.00	3174.00	3175.00	3175.00	3175.50	3176.00	3176.00	3177.00	3177.00	3178.00	3178.50	3179.00	3180.50	3181.00	3181.50	3182.00	3182.50	3183.00	3183.00	3184.00	3184.00	3184.00	3184.00	3185.00	3185.00	3185.50	3186.00	3186.00	3187.00	3187.00	3187.00	3187.00	3188.00	3188.00	3188.00	3188.00	3188.50	3189.00	3189.00	3190.00	3190.00	3190.50	3191.00	3191.00	3192.00	3192.00	3193.00	3193.00	3194.00	3194.00	3195.00	3195.00	3195.00	3195.00	3195.50	3196.00	3196.00
3094.50	3095.00	3096.00	3097.00	3097.00	3098.00	3098.50	3099.00	3099.50	3100.00	3100.00	3101.00	3101.00	3101.00	3102.00	3102.00	3103.00	3103.00	3104.00	3105.00	3105.50	3106.00	3106.50	3107.50	3108.50	3109.00	3110.00	3111.00	3112.00	3113.00	3113.50	3114.50	3116.00	3116.50	3118.00	3119.00	3120.00	3120.50	3121.50	3122.00	3122.50	3123.00	3124.00	3124.50	3125.00	3125.50	3126.00	3126.00	3127.00	3127.00	3128.00	3128.00	3128.00	3128.00	3128.00	3128.00	3128.00	3128.00	3129.00	3129.00	3129.00	3129.50	3130.00	3130.00	3130.00	3130.50	3131.00	3131.00	3131.50	3132.00	3132.00	3132.00	3133.00	3133.00	3134.00	3134.00	3134.50	3135.00	3135.00	3135.00	3136.00	3136.00	3137.00	3137.50	3138.00	3138.50	3139.00	3139.00	3139.00	3139.00	3139.00	3139.00	3139.00	3139.00	3139.00	3140.00	3140.00	3140.00	3140.00	3141.00	3141.00	3141.50	3142.00	3142.00	3142.00	3143.00	3143.50	3144.00	3144.50	3145.00	3145.00	3145.00	3145.50	3146.00	3146.00	3146.50	3147.00	3147.00	3147.00	3148.00	3148.00	3148.00	3148.00	3149.00	3149.00	3149.00	3150.00	3150.00	3150.00	3151.00	3151.00	3151.00	3151.50	3152.00	3152.00	3152.00	3152.00	3153.00	3153.00	3153.00	3153.00	3153.00	3153.00	3153.50	3154.00	3154.00	3155.00	3155.00	3155.50	3156.00	3156.50	3157.00	3157.00	3158.00	3158.00	3159.00	3159.00	3159.50	3160.00	3160.50	3161.00	3162.00	3162.00	3162.50	3163.00	3163.50	3164.00	3164.00	3164.50	3165.00	3165.00	3165.00	3165.00	3165.00	3165.00	3165.00	3165.00	3165.00	3165.00	3165.50	3166.00	3166.00	3166.00	3166.00	3167.00	3167.00	3167.50	3168.00	3168.50	3169.00	3169.00	3170.00	3170.00	3171.00	3171.00	3171.50	3172.00	3172.50	3173.00	3174.00	3174.00	3175.00	3175.00	3175.50	3176.00	3176.00	3177.00	3177.00	3178.00	3178.50	3179.00	3180.50	3181.00	3181.50	3182.00	3182.50	3183.00	3183.00	3184.00	3184.00	3184.00	3184.00	3185.00	3185.00	3185.50	3186.00	3186.00	3187.00	3187.00	3187.00	3187.00	3188.00	3188.00	3188.00	3188.00	3188.50	3189.00	3189.00	3190.00	3190.00	3190.50	3191.00	3191.00	3192.00	3192.00	3193.00	3193.00	3194.00	3194.00	3195.00	3195.00	3195.00	3195.00	3195.50	3196.00	3196.00
3094.50	3095.00	3096.00	3097.00	3097.00	3098.00	3098.50	3099.00	3099.50	3100.00	3100.00	3101.00	3101.00	3101.00	3102.00	3102.00	3103.00	3103.00	3104.00	3105.00	3105.50	3106.00	3106.50	3107.50	3108.50	3109.00	3110.00	3111.00	3112.00	3113.00	3113.50	3114.50	3116.00	3116.50	3118.00	3119.00	3120.00	3120.50	3121.50	3122.00	3122.50	3123.00	3124.00	3124.50	3125.00	3125.50	3126.00	3126.00	3127.00	3127.00	3128.00	3128.00	3128.00	3128.00	3128.00	3128.00	3128.00	3128.00	3129.00	3129.00	3129.00	3129.50	3130.00	3130.00	3130.00	3130.50	3131.00	3131.00	3131.50	3132.00	3132.00	3132.00	3133.00	3133.00	3134.00	3134.00	3134.50	3135.00	3135.00	3135.00	3136.00	3136.00	3137.00	3137.50	3138.00	3138.50	3139.00	3139.00	3139.00	3139.00	3139.00	3139.00	3139.00	3139.00	3139.00	3140.00	3140.00	3140.00	3140.00	3141.00	3141.00	3141.50	3142.00	3142.00	3142.00	3143.00	3143.50	3144.00	3144.50	3145.00	3145.00	3145.00	3145.50	3146.00	3146.00	3146.50	3147.00	3147.00	3147.00	3148.00	3148.00	3148.00	3148.00	3149.00	3149.00	3149.00	3150.00	3150.00	3150.00	3151.00	3151.00	3151.00	3151.50	3152.00	3152.00	3152.00	3152.00	3153.00	3153.00	3153.00	3153.00	3153.00	3153.00	3153.50	3154.00	3154.00	3155.00	3155.00	3155.50	3156.00	3156.50	3157.00	3157.00	3158.00	3158.00	3159.00	3159.00	3159.50	3160.00	3160.50	3161.00	3162.00	3162.00	3162.50	3163.00	3163.50	3164.00	3164.00	3164.50	3165.00	3165.00	3165.00	3165.00	3165.00	3165.00	3165.00	3165.00	3165.00	3165.00	3165.50	3166.00	3166.00	3166.00	3166.00	3167.00	3167.00	3167.50	3168.00	3168.50	3169.00	3169.00	3170.00	3170.00	3171.00	3171.00	3171.50	3172.00	3172.50	3173.00	3174.00	3174.00	3175.00	3175.00	3175.50	3176.00	3176.00	3177.00	3177.00	3178.00	3178.50	3179.00	3180.50	3181.00	3181.50	3182.00	3182.50	3183.00	3183.00	3184.00	3184.00	3184.00	3184.00	3185.00	3185.00	3185.50	3186.00	3186.00	3187.00	3187.00	3187.00	3187.00	3188.00	3188.00	3188.00	3188.00	3188.50	3189.00	3189.00	3190.00	3190.00	3190.50	3191.00	3191.00	3192.00	3192.00	3193.00	3193.00	3194.00	3194.00	3195.00	3195.00	3195.00	3195.00	3195.50	3196.00	3196.00
3094.50	3095.00	3096.00	3097.00	3097.00	3098.00	3098.50	3099.00	3099.50	3100.00	3100.00	3101.00	3101.00	3101.00	3102.00	3102.00	3103.00	3103.00	3104.00	3105.00	3105.50	3106.00	3106.50	3107.50	3108.50	3109.00	3110.00	3111.00	3112.00	3113.00	3113.50	3114.50	3116.00	3116.50	3118.00	3119.00	3120.00	3120.50	3121.50	3122.00	3122.50	3123.00	3124.00	3124.50	3125.00	3125.50	3126.00	3126.00	3127.00	3127.00	3128.00	3128.00	3128.00	3128.00	3128.00	3128.00	3128.00	3128.00	3129.00	3129.00	3129.00	3129.50	3130.00	3130.00	3130.00	3130.50	3131.00	3131.00	3131.50	3132.00	3132.00	3132.00	3133.00	3133.00	3134.00	3134.00	3134.50	3135.00	3135.00	3135.00	3136.00	3136.00	3137.00	3137.50	3138.00	3138.50	3139.00	3139.00	3139.00	3139.00	3139.00	3139.00	3139.00	3139.00	3139.00	3140.00	3140.00	3140.00	3140.00	3141.00	3141.00	3141.50	3142.00	3142.00	3142.00	3143.00	3143.50	3144.00	3144.50	3145.00	3145.00	3145.00	3145.50	3146.00	3146.00	3146.50	3147.00	3147.00	3147.00	3148.00	3148.00	3148.00	3148.00	3149.00	3149.00	3149.00	3150.00	3150.00	3150.00	3151.00	3151.00	3151.00	3151.50	3152.00	3152.00	3152.00	3152.00	3153.00	3153.00	3153.00	3153.00	3153.00	3153.00	3153.50	3154.00	3154.00	3155.00	3155.00	3155.50	3156.00	3156.50	3157.00	3157.00	3158.00	3158.00	3159.00	3159.00	3159.50	3160.00	3160.50	3161.00	3162.00	3162.00	3162.50	3163.00	3163.50	3164.00	3164.00	3164.50	3165.00	3165.00	3165.00	3165.00	3165.00	3165.00	3165.00	3165.00	3165.00	3165.00	3165.50	3166.00	3166.00	3166.00	3166.00	3167.00	3167.00	3167.50	3168.00	3168.50	3169.00	3169.00	3170.00	3170.00	3171.00	3171.00	3171.50	3172.00	3172.50	3173.00	3174.00	3174.00	3175.00	3175.00	3175.50	3176.00	3176.00	3177.00	3177.00	3178.00	3178.50	3179.00	3180.50	3181.00	3181.50	3182.00	3182.50	3183.00	3183.00	3184.00	3184.00	3184.00	3184.00	3185.00	3185.00	3185.50	3186.00	3186.00	3187.00	3187.00	3187.00	3187.00	3188.00	3188.00	3188.00	3188.00	3188.50	3189.00	3189.00	3190.00	3190.00	3190.50	3191.00	3191.00	3192.00	3192.00	3193.00	3193.00	3194.00	3194.00	3195.00	3195.00	3195.00	3195.00	3195.50	3196.00	3196.00
3094.50	3095.00	3096.00	3097.00	3097.00	3098.00	3098.50	3099.00	3099.50	3100.00	3100.00	3101.00	3101.00	3101.00	3102.00	3102.00	3103.00	3103.00	3104.00	3105.00	3105.50	3106.00	3106.50	3107.50	3108.50	3109.00	3110.00	3111.00	3112.00	3113.00	3113.50	3114.50	3116.00	3116.50	3118.00	3119.00	3120.00	3120.50	3121.50	3122.00	3122.50	3123.00	3124.00	3124.50	3125.00	3125.50	3126.00	3126.00	3127.00	3127.00	3128.00	3128.00	3128.00	3128.00	3128.00	3128.00	3128.00	3128.00	3129.00	3129.00	3129.00	3129.50	3130.00	3130.00	3130.00	3130.50	3131.00	3131.00	3131.50	3132.00	3132.00	3132.00	3133.00	3133.00	3134.00	3134.00	3134.50	3135.00	3135.00	3135.00	3136.00	3136.00	3137.00	3137.50	3138.00	3138.50	3139.00	3139.00	3139.00	3139.00	3139.00	3139.00	3139.00	3139.00	3139.00	3140.00	3140.00	3140.00	3140.00	3141.00	3141.00	3141.50	3142.00	3142.00	3142.00	3143.00	3143.50	3144.00	3144.50	3145.00	3145.00	3145.00	3145.50	3146.00	3146.00	3146.50	3147.00	3147.00	3147.00	3148.00	3148.00	3148.00	3148.00	3149.00	3149.00	3149.00	3150.00	3150.00	3150.00	3151.00	3151.00	3151.00	3151.50	3152.00	3152.00	3152.00	3152.00	3153.00	3153.00	3153.00	3153.00	3153.00	3153.00	3153.50	3154.00	3154.00	3155.00	3155.00	3155.50	3156.00	3156.50	3157.00	3157.00	3158.00	3158.00	3159.00	3159.00	3159.50	3160.00	3160.50	3161.00	3162.00	3162.00	3162.50	3163.00	3163.50	3164.00	3164.00	3164.50	3165.00	3165.00	3165.00	3165.00	3165.00	3165.00	3165.00	3165.00	3165.00	3165.00	3165.50	3166.00	3166.00	3166.00	3166.00	3167.00	3167.00	3167.50	3168.00	3168.50	3169.00	3169.00	3170.00	3170.00	3171.00	3171.00	3171.50	3172.00	3172.50	3173.00	3174.00	3174.00	3175.00	3175.00	3175.50	3176.00	3176.00	3177.00	3177.00	3178.00	3178.50	3179.00	3180.50	3181.00	3181.50	3182.00	3182.50	3183.00	3183.00	3184.00	3184.00	3184.00	3184.00	3185.00	3185.00	3185.50	3186.00	3186.00	3187.00	3187.00	3187.00	3187.00	3188.00	3188.00	3188.00	3188.00	3188.50	3189.00	3189.00	3190.00	3190.00	3190.50	3191.00	3191.00	3192.00	3192.00	3193.00	3193.00	3194.00	3194.00	3195.00	3195.00	3195.00	3195.00	3195.50	3196.00	3196.00
3093.50	3094.00	3095.00	3096.00	3096.00	3097.00	3097.00	3098.00	3098.00	3098.00	3098.00	3099.00	3099.00	3099.00	3099.50	3100.00	3100.00	3100.00	3101.00	3101.00	3102.50	3103.00	3103.50	3105.00	3105.50	3107.00	3107.00	3108.50	3110.00	3110.50	3111.50	3112.50	3113.00	3114.50	3116.00	3117.00	3118.00	3118.50	3120.00	3121.50	3122.00	3123.00	3123.00	3124.00	3125.00	3125.50	3126.00	3126.50	3127.00	3127.00	3128.00	3128.00	3128.50	3129.00	3129.00	3129.00	3129.50	3130.00	3130.00	3130.00	3130.00	3131.00	3131.00	3131.00	3131.00	3131.50	3132.00	3132.00	3132.50	3133.00	3133.00	3133.50	3134.00	3134.00	3134.50	3135.00	3135.00	3135.00	3135.00	3135.00	3135.00	3136.00	3136.00	3136.50	3137.00	3137.00	3137.00	3137.00	3137.00	3137.00	3137.00	3137.00	3138.00	3138.00	3138.00	3138.00	3139.00	3139.00	3139.00	3139.50	3140.00	3140.00	3140.00	3140.50	3141.00	3141.50	3142.00	3142.00	3143.00	3143.00	3143.00	3143.00	3144.00	3144.00	3145.00	3145.00	3145.00	3145.50	3146.00	3146.00	3146.00	3146.00	3146.00	3147.00	3147.00	3147.00	3147.00	3148.00	3148.00	3148.00	3148.00	3148.00	3148.50	3149.00	3149.00	3150.00	3150.00	3150.00	3150.50	3151.00	3151.00	3151.00	3152.00	3152.00	3153.00	3153.00	3153.50	3154.00	3154.50	3155.00	3155.00	3156.00	3156.00	3157.00	3158.00	3158.00	3158.50	3159.00	3159.00	3160.00	3161.00	3161.00	3161.50	3162.00	3162.00	3162.50	3163.00	3163.00	3163.50	3164.00	3164.00	3164.00	3164.50	3165.00	3165.00	3165.00	3165.00	3165.50	3166.00	3166.00	3166.00	3166.50	3167.00	3167.00	3168.00	3168.00	3169.00	3169.50	3170.00	3170.00	3170.00	3171.00	3171.00	3172.00	3172.00	3172.50	3173.50	3174.00	3174.00	3175.00	3175.50	3176.00	3176.50	3177.00	3177.00	3178.00	3178.00	3179.00	3179.00	3179.50	3180.00	3181.00	3181.50	3182.00	3182.00	3183.00	3183.00	3184.00	3184.00	3184.00	3184.00	3185.00	3185.00	3185.00	3185.50	3186.00	3186.00	3187.00	3187.00	3187.00	3188.00	3188.00	3188.00	3188.50	3189.00	3189.00	3189.00	3190.00	3190.00	3191.00	3191.00	3191.50	3192.00	3192.50	3193.00	3193.00	3194.00	3194.00	3194.50	3195.00	3195.50	3196.00	3196.00	3197.00	3197.00	3198.00
3093.50	3094.00	3095.00	3096.00	3096.00	3097.00	3097.00	3098.00	3098.00	3098.00	3098.00	3099.00	3099.00	3099.00	3099.50	3100.00	3100.00	3100.00	3101.00	3101.00	3102.50	3103.00	3103.50	3105.00	3105.50	3107.00	3107.00	3108.50	3110.00	3110.50	3111.50	3112.50	3113.00	3114.50	3116.00	3117.00	3118.00	3118.50	3120.00	3121.50	3122.00	3123.00	3123.00	3124.00	3125.00	3125.50	3126.00	3126.50	3127.00	3127.00	3128.00	3128.00	3128.50	3129.00	3129.00	3129.00	3129.50	3130.00	3130.00	3130.00	3130.00	3131.00	3131.00	3131.00	3131.00	3131.50	3132.00	3132.00	3132.50	3133.00	3133.00	3133.50	3134.00	3134.00	3134.50	3135.00	3135.00	3135.00	3135.00	3135.00	3135.00	3136.00	3136.00	3136.50	3137.00	3137.00	3137.00	3137.00	3137.00	3137.00	3137.00	3137.00	3138.00	3138.00	3138.00	3138.00	3139.00	3139.00	3139.00	3139.50	3140.00	3140.00	3140.00	3140.50	3141.00	3141.50	3142.00	3142.00	3143.00	3143.00	3143.00	3143.00	3144.00	3144.00	3145.00	3145.00	3145.00	3145.50	3146.00	3146.00	3146.00	3146.00	3146.00	3147.00	3147.00	3147.00	3147.00	3148.00	3148.00	3148.00	3148.00	3148.00	3148.50	3149.00	3149.00	3150.00	3150.00	3150.00	3150.50	3151.00	3151.00	3151.00	3152.00	3152.00	3153.00	3153.00	3153.50	3154.00	3154.50	3155.00	3155.00	3156.00	3156.00	3157.00	3158.00	3158.00	3158.50	3159.00	3159.00	3160.00	3161.00	3161.00	3161.50	3162.00	3162.00	3162.50	3163.00	3163.00	3163.50	3164.00	3164.00	3164.00	3164.50	3165.00	3165.00	3165.00	3165.00	3165.50	3166.00	3166.00	3166.00	3166.50	3167.00	3167.00	3168.00	3168.00	3169.00	3169.50	3170.00	3170.00	3170.00	3171.00	3171.00	3172.00	3172.00	3172.50	3173.50	3174.00	3174.00	3175.00	3175.50	3176.00	3176.50	3177.00	3177.00	3178.00	3178.00	3179.00	3179.00	3179.50	3180.00	3181.00	3181.50	3182.00	3182.00	3183.00	3183.00	3184.00	3184.00	3184.00	3184.00	3185.00	3185.00	3185.00	3185.50	3186.00	3186.00	3187.00	3187.00	3187.00	3188.00	3188.00	3188.00	3188.50	3189.00	3189.00	3189.00	3190.00	3190.00	3191.00	3191.00	3191.50	3192.00	3192.50	3193.00	3193.00	3194.00	3194.00	3194.50	3195.00	3195.50	3196.00	3196.00	3197.00	3197.00	3198.00
3093.50	3094.00	3095.00	3096.00	3096.00	3097.00	3097.00	3098.00	3098.00	3098.00	3098.00	3099.00	3099.00	3099.00	3099.50	3100.00	3100.00	3100.00	3101.00	3101.00	3102.50	3103.00	3103.50	3105.00	3105.50	3107.00	3107.00	3108.50	3110.00	3110.50	3111.50	3112.50	3113.00	3114.50	3116.00	3117.00	3118.00	3118.50	3120.00	3121.50	3122.00	3123.00	3123.00	3124.00	3125.00	3125.50	3126.00	3126.50	3127.00	3127.00	3128.00	3128.00	3128.50	3129.00	3129.00	3129.00	3129.50	3130.00	3130.00	3130.00	3130.00	3131.00	3131.00	3131.00	3131.00	3131.50	3132.00	3132.00	3132.50	3133.00	3133.00	3133.50	3134.00	3134.00	3134.50	3135.00	3135.00	3135.00	3135.00	3135.00	3135.00	3136.00	3136.00	3136.50	3137.00	3137.00	3137.00	3137.00	3137.00	3137.00	3137.00	3137.00	3138.00	3138.00	3138.00	3138.00	3139.00	3139.00	3139.00	3139.50	3140.00	3140.00	3140.00	3140.50	3141.00	3141.50	3142.00	3142.00	3143.00	3143.00	3143.00	3143.00	3144.00	3144.00	3145.00	3145.00	3145.00	3145.50	3146.00	3146.00	3146.00	3146.00	3146.00	3147.00	3147.00	3147.00	3147.00	3148.00	3148.00	3148.00	3148.00	3148.00	3148.50	3149.00	3149.00	3150.00	3150.00	3150.00	3150.50	3151.00	3151.00	3151.00	3152.00	3152.00	3153.00	3153.00	3153.50	3154.00	3154.50	3155.00	3155.00	3156.00	3156.00	3157.00	3158.00	3158.00	3158.50	3159.00	3159.00	3160.00	3161.00	3161.00	3161.50	3162.00	3162.00	3162.50	3163.00	3163.00	3163.50	3164.00	3164.00	3164.00	3164.50	3165.00	3165.00	3165.00	3165.00	3165.50	3166.00	3166.00	3166.00	3166.50	3167.00	3167.00	3168.00	3168.00	3169.00	3169.50	3170.00	3170.00	3170.00	3171.00	3171.00	3172.00	3172.00	3172.50	3173.50	3174.00	3174.00	3175.00	3175.50	3176.00	3176.50	3177.00	3177.00	3178.00	3178.00	3179.00	3179.00	3179.50	3180.00	3181.00	3181.50	3182.00	3182.00	3183.00	3183.00	3184.00	3184.00	3184.00	3184.00	3185.00	3185.00	3185.00	3185.50	3186.00	3186.00	3187.00	3187.00	3187.00	3188.00	3188.00	3188.00	3188.50	3189.00	3189.00	3189.00	3190.00	3190.00	3191.00	3191.00	3191.50	3192.00	3192.50	3193.00	3193.00	3194.00	3194.00	3194.50	3195.00	3195.50	3196.00	3196.00	3197.00	3197.00	3198.00
3093.50	3094.00	3095.00	3096.00	3096.00	3097.00	3097.00	3098.00	3098.00	3098.00	3098.00	3099.00	3099.00	3099.00	3099.50	3100.00	3100.00	3100.00	3101.00	3101.00	3102.50	3103.00	3103.50	3105.00	3105.50	3107.00	3107.00	3108.50	3110.00	3110.50	3111.50	3112.50	3113.00	3114.50	3116.00	3117.00	3118.00	3118.50	3120.00	3121.50	3122.00	3123.00	3123.00	3124.00	3125.00	3125.50	3126.00	3126.50	3127.00	3127.00	3128.00	3128.00	3128.50	3129.00	3129.00	3129.00	3129.50	3130.00	3130.00	3130.00	3130.00	3131.00	3131.00	3131.00	3131.00	3131.50	3132.00	3132.00	3132.50	3133.00	3133.00	3133.50	3134.00	3134.00	3134.50	3135.00	3135.00	3135.00	3135.00	3135.00	3135.00	3136.00	3136.00	3136.50	3137.00	3137.00	3137.00	3137.00	3137.00	3137.00	3137.00	3137.00	3138.00	3138.00	3138.00	3138.00	3139.00	3139.00	3139.00	3139.50	3140.00	3140.00	3140.00	3140.50	3141.00	3141.50	3142.00	3142.00	3143.00	3143.00	3143.00	3143.00	3144.00	3144.00	3145.00	3145.00	3145.00	3145.50	3146.00	3146.00	3146.00	3146.00	3146.00	3147.00	3147.00	3147.00	3147.00	3148.00	3148.00	3148.00	3148.00	3148.00	3148.50	3149.00	3149.00	3150.00	3150.00	3150.00	3150.50	3151.00	3151.00	3151.00	3152.00	3152.00	3153.00	3153.00	3153.50	3154.00	3154.50	3155.00	3155.00	3156.00	3156.00	3157.00	3158.00	3158.00	3158.50	3159.00	3159.00	3160.00	3161.00	3161.00	3161.50	3162.00	3162.00	3162.50	3163.00	3163.00	3163.50	3164.00	3164.00	3164.00	3164.50	3165.00	3165.00	3165.00	3165.00	3165.50	3166.00	3166.00	3166.00	3166.50	3167.00	3167.00	3168.00	3168.00	3169.00	3169.50	3170.00	3170.00	3170.00	3171.00	3171.00	3172.00	3172.00	3172.50	3173.50	3174.00	3174.00	3175.00	3175.50	3176.00	3176.50	3177.00	3177.00	3178.00	3178.00	3179.00	3179.00	3179.50	3180.00	3181.00	3181.50	3182.00	3182.00	3183.00	3183.00	3184.00	3184.00	3184.00	3184.00	3185.00	3185.00	3185.00	3185.50	3186.00	3186.00	3187.00	3187.00	3187.00	3188.00	3188.00	3188.00	3188.50	3189.00	3189.00	3189.00	3190.00	3190.00	3191.00	3191.00	3191.50	3192.00	3192.50	3193.00	3193.00	3194.00	3194.00	3194.50	3195.00	3195.50	3196.00	3196.00	3197.00	3197.00	3198.00
3093.50	3094.00	3095.00	3096.00	3096.00	3097.00	3097.00	3098.00	3098.00	3098.00	3098.00	3099.00	3099.00	3099.00	3099.50	3100.00	3100.00	3100.00	3101.00	3101.00	3102.50	3103.00	3103.50	3105.00	3105.50	3107.00	3107.00	3108.50	3110.00	3110.50	3111.50	3112.50	3113.00	3114.50	3116.00	3117.00	3118.00	3118.50	3120.00	3121.50	3122.00	3123.00	3123.00	3124.00	3125.00	3125.50	3126.00	3126.50	3127.00	3127.00	3128.00	3128.00	3128.50	3129.00	3129.00	3129.00	3129.50	3130.00	3130.00	3130.00	3130.00	3131.00	3131.00	3131.00	3131.00	3131.50	3132.00	3132.00	3132.50	3133.00	3133.00	3133.50	3134.00	3134.00	3134.50	3135.00	3135.00	3135.00	3135.00	3135.00	3135.00	3136.00	3136.00	3136.50	3137.00	3137.00	3137.00	3137.00	3137.00	3137.00	3137.00	3137.00	3138.00	3138.00	3138.00	3138.00	3139.00	3139.00	3139.00	3139.50	3140.00	3140.00	3140.00	3140.50	3141.00	3141.50	3142.00	3142.00	3143.00	3143.00	3143.00	3143.00	3144.00	3144.00	3145.00	3145.00	3145.00	3145.50	3146.00	3146.00	3146.00	3146.00	3146.00	3147.00	3147.00	3147.00	3147.00	3148.00	3148.00	3148.00	3148.00	3148.00	3148.50	3149.00	3149.00	3150.00	3150.00	3150.00	3150.50	3151.00	3151.00	3151.00	3152.00	3152.00	3153.00	3153.00	3153.50	3154.00	3154.50	3155.00	3155.00	3156.00	3156.00	3157.00	3158.00	3158.00	3158.50	3159.00	3159.00	3160.00	3161.00	3161.00	3161.50	3162.00	3162.00	3162.50	3163.00	3163.00	3163.50	3164.00	3164.00	3164.00	3164.50	3165.00	3165.00	3165.00	3165.00	3165.50	3166.00	3166.00	3166.00	3166.50	3167.00	3167.00	3168.00	3168.00	3169.00	3169.50	3170.00	3170.00	3170.00	3171.00	3171.00	3172.00	3172.00	3172.50	3173.50	3174.00	3174.00	3175.00	3175.50	3176.00	3176.50	3177.00	3177.00	3178.00	3178.00	3179.00	3179.00	3179.50	3180.00	3181.00	3181.50	3182.00	3182.00	3183.00	3183.00	3184.00	3184.00	3184.00	3184.00	3185.00	3185.00	3185.00	3185.50	3186.00	3186.00	3187.00	3187.00	3187.00	3188.00	3188.00	3188.00	3188.50	3189.00	3189.00	3189.00	3190.00	3190.00	3191.00	3191.00	3191.50	3192.00	3192.50	3193.00	3193.00	3194.00	3194.00	3194.50	3195.00	3195.50	3196.00	3196.00	3197.00	3197.00	3198.00
3093.25	3094.00	3095.00	3095.50	3096.00	3096.50	3096.50	3097.50	3097.50	3097.50	3097.50	3098.00	3098.00	3098.50	3098.75	3099.00	3099.00	3099.00	3100.00	3100.50	3101.25	3101.75	3102.25	3103.50	3104.00	3105.50	3105.50	3107.00	3108.00	3109.00	3110.00	3111.00	3111.50	3113.00	3114.50	3115.50	3116.75	3117.50	3118.75	3120.00	3120.75	3121.50	3122.00	3123.00	3124.00	3124.50	3125.00	3125.50	3126.50	3126.75	3127.50	3127.50	3128.25	3128.50	3129.00	3129.00	3129.50	3130.00	3130.00	3130.00	3130.50	3131.00	3131.00	3131.50	3131.50	3132.00	3132.50	3132.50	3133.00	3133.50	3133.50	3134.00	3134.50	3134.50	3134.75	3135.00	3135.50	3135.50	3135.50	3135.50	3135.50	3136.50	3136.50	3136.75	3137.00	3137.00	3137.00	3137.00	3137.00	3137.00	3137.00	3137.00	3137.50	3137.75	3138.00	3138.00	3138.50	3139.00	3139.00	3139.25	3139.50	3139.75	3140.00	3140.25	3140.50	3141.25	3141.50	3141.50	3142.25	3142.50	3142.50	3142.50	3143.50	3143.50	3144.00	3144.00	3144.25	3144.75	3145.00	3145.00	3145.00	3145.25	3145.50	3146.00	3146.00	3146.00	3146.00	3147.00	3147.00	3147.00	3147.00	3147.00	3147.50	3148.00	3148.00	3148.50	3149.00	3149.00	3149.25	3150.00	3150.00	3150.25	3151.00	3151.25	3152.00	3152.00	3152.75	3153.00	3153.50	3154.25	3154.50	3155.50	3155.50	3156.50	3157.00	3157.00	3157.25	3157.75	3158.00	3159.25	3160.00	3160.50	3161.00	3161.50	3161.50	3162.00	3162.50	3162.50	3163.00	3163.50	3163.50	3163.50	3164.00	3164.50	3164.50	3165.00	3165.00	3165.75	3166.00	3166.00	3166.50	3166.75	3167.50	3167.50	3168.25	3168.50	3169.25	3169.75	3170.25	3170.50	3170.50	3171.50	3171.50	3172.50	3172.75	3173.25	3174.00	3174.50	3175.00	3175.50	3176.25	3176.50	3177.25	3177.75	3178.00	3178.50	3179.00	3179.50	3180.00	3180.25	3180.50	3181.50	3181.75	3182.00	3182.00	3183.00	3183.25	3184.00	3184.25	3184.50	3184.50	3185.00	3185.50	3185.50	3186.00	3186.50	3186.50	3187.25	3187.50	3187.50	3188.00	3188.50	3188.50	3189.00	3189.50	3189.50	3189.50	3190.50	3190.50	3191.00	3191.50	3191.75	3192.00	3192.75	3193.00	3193.50	3194.00	3194.50	3194.75	3195.50	3195.75	3196.25	3196.50	3197.25	3197.50	3198.00
3093.00	3094.00	3095.00	3095.00	3096.00	3096.00	3096.00	3097.00	3097.00	3097.00	3097.00	3097.00	3097.00	3098.00	3098.00	3098.00	3098.00	3098.00	3099.00	3100.00	3100.00	3100.50	3101.00	3102.00	3102.50	3104.00	3104.00	3105.50	3106.00	3107.50	3108.50	3109.50	3110.00	3111.50	3113.00	3114.00	3115.50	3116.50	3117.50	3118.50	3119.50	3120.00	3121.00	3122.00	3123.00	3123.50	3124.00	3124.50	3126.00	3126.50	3127.00	3127.00	3128.00	3128.00	3129.00	3129.00	3129.50	3130.00	3130.00	3130.00	3131.00	3131.00	3131.00	3132.00	3132.00	3132.50	3133.00	3133.00	3133.50	3134.00	3134.00	3134.50	3135.00	3135.00	3135.00	3135.00	3136.00	3136.00	3136.00	3136.00	3136.00	3137.00	3137.00	3137.00	3137.00	3137.00	3137.00	3137.00	3137.00	3137.00	3137.00	3137.00	3137.00	3137.50	3138.00	3138.00	3138.00	3139.00	3139.00	3139.00	3139.00	3139.50	3140.00	3140.00	3140.00	3141.00	3141.00	3141.00	3141.50	3142.00	3142.00	3142.00	3143.00	3143.00	3143.00	3143.00	3143.50	3144.00	3144.00	3144.00	3144.00	3144.50	3145.00	3145.00	3145.00	3145.00	3145.00	3146.00	3146.00	3146.00	3146.00	3146.00	3146.50	3147.00	3147.00	3147.00	3148.00	3148.00	3148.00	3149.00	3149.00	3149.50	3150.00	3150.50	3151.00	3151.00	3152.00	3152.00	3152.50	3153.50	3154.00	3155.00	3155.00	3156.00	3156.00	3156.00	3156.00	3156.50	3157.00	3158.50	3159.00	3160.00	3160.50	3161.00	3161.00	3161.50	3162.00	3162.00	3162.50	3163.00	3163.00	3163.00	3163.50	3164.00	3164.00	3165.00	3165.00	3166.00	3166.00	3166.00	3167.00	3167.00	3168.00	3168.00	3168.50	3169.00	3169.50	3170.00	3170.50	3171.00	3171.00	3172.00	3172.00	3173.00	3173.50	3174.00	3174.50	3175.00	3176.00	3176.00	3177.00	3177.00	3178.00	3178.50	3179.00	3179.00	3180.00	3180.00	3181.00	3181.00	3181.00	3182.00	3182.00	3182.00	3182.00	3183.00	3183.50	3184.00	3184.50	3185.00	3185.00	3185.00	3186.00	3186.00	3186.50	3187.00	3187.00	3187.50	3188.00	3188.00	3188.00	3189.00	3189.00	3189.50	3190.00	3190.00	3190.00	3191.00	3191.00	3191.00	3192.00	3192.00	3192.00	3193.00	3193.00	3194.00	3194.00	3195.00	3195.00	3196.00	3196.00	3196.50	3197.00	3197.50	3198.00	3198.00
3093.00	3094.00	3095.00	3095.00	3096.00	3096.00	3096.00	3097.00	3097.00	3097.00	3097.00	3097.00	3097.00	3098.00	3098.00	3098.00	3098.00	3098.00	3099.00	3100.00	3100.00	3100.50	3101.00	3102.00	3102.50	3104.00	3104.00	3105.50	3106.00	3107.50	3108.50	3109.50	3110.00	3111.50	3113.00	3114.00	3115.50	3116.50	3117.50	3118.50	3119.50	3120.00	3121.00	3122.00	3123.00	3123.50	3124.00	3124.50	3126.00	3126.50	3127.00	3127.00	3128.00	3128.00	3129.00	3129.00	3129.50	3130.00	3130.00	3130.00	3131.00	3131.00	3131.00	3132.00	3132.00	3132.50	3133.00	3133.00	3133.50	3134.00	3134.00	3134.50	3135.00	3135.00	3135.00	3135.00	3136.00	3136.00	3136.00	3136.00	3136.00	3137.00	3137.00	3137.00	3137.00	3137.00	3137.00	3137.00	3137.00	3137.00	3137.00	3137.00	3137.00	3137.50	3138.00	3138.00	3138.00	3139.00	3139.00	3139.00	3139.00	3139.50	3140.00	3140.00	3140.00	3141.00	3141.00	3141.00	3141.50	3142.00	3142.00	3142.00	3143.00	3143.00	3143.00	3143.00	3143.50	3144.00	3144.00	3144.00	3144.00	3144.50	3145.00	3145.00	3145.00	3145.00	3145.00	3146.00	3146.00	3146.00	3146.00	3146.00	3146.50	3147.00	3147.00	3147.00	3148.00	3148.00	3148.00	3149.00	3149.00	3149.50	3150.00	3150.50	3151.00	3151.00	3152.00	3152.00	3152.50	3153.50	3154.00	3155.00	3155.00	3156.00	3156.00	3156.00	3156.00	3156.50	3157.00	3158.50	3159.00	3160.00	3160.50	3161.00	3161.00	3161.50	3162.00	3162.00	3162.50	3163.00	3163.00	3163.00	3163.50	3164.00	3164.00	3165.00	3165.00	3166.00	3166.00	3166.00	3167.00	3167.00	3168.00	3168.00	3168.50	3169.00	3169.50	3170.00	3170.50	3171.00	3171.00	3172.00	3172.00	3173.00	3173.50	3174.00	3174.50	3175.00	3176.00	3176.00	3177.00	3177.00	3178.00	3178.50	3179.00	3179.00	3180.00	3180.00	3181.00	3181.00	3181.00	3182.00	3182.00	3182.00	3182.00	3183.00	3183.50	3184.00	3184.50	3185.00	3185.00	3185.00	3186.00	3186.00	3186.50	3187.00	3187.00	3187.50	3188.00	3188.00	3188.00	3189.00	3189.00	3189.50	3190.00	3190.00	3190.00	3191.00	3191.00	3191.00	3192.00	3192.00	3192.00	3193.00	3193.00	3194.00	3194.00	3195.00	3195.00	3196.00	3196.00	3196.50	3197.00	3197.50	3198.00	3198.00
3093.00	3094.00	3095.00	3095.00	3096.00	3096.00	3096.00	3097.00	3097.00	3097.00	3097.00	3097.00	3097.00	3098.00	3098.00	3098.00	3098.00	3098.00	3099.00	3100.00	3100.00	3100.50	3101.00	3102.00	3102.50	3104.00	3104.00	3105.50	3106.00	3107.50	3108.50	3109.50	3110.00	3111.50	3113.00	3114.00	3115.50	3116.50	3117.50	3118.50	3119.50	3120.00	3121.00	3122.00	3123.00	3123.50	3124.00	3124.50	3126.00	3126.50	3127.00	3127.00	3128.00	3128.00	3129.00	3129.00	3129.50	3130.00	3130.00	3130.00	3131.00	3131.00	3131.00	3132.00	3132.00	3132.50	3133.00	3133.00	3133.50	3134.00	3134.00	3134.50	3135.00	3135.00	3135.00	3135.00	3136.00	3136.00	3136.00	3136.00	3136.00	3137.00	3137.00	3137.00	3137.00	3137.00	3137.00	3137.00	3137.00	3137.00	3137.00	3137.00	3137.00	3137.50	3138.00	3138.00	3138.00	3139.00	3139.00	3139.00	3139.00	3139.50	3140.00	3140.00	3140.00	3141.00	3141.00	3141.00	3141.50	3142.00	3142.00	3142.00	3143.00	3143.00	3143.00	3143.00	3143.50	3144.00	3144.00	3144.00	3144.00	3144.50	3145.00	3145.00	3145.00	3145.00	3145.00	3146.00	3146.00	3146.00	3146.00	3146.00	3146.50	3147.00	3147.00	3147.00	3148.00	3148.00	3148.00	3149.00	3149.00	3149.50	3150.00	3150.50	3151.00	3151.00	3152.00	3152.00	3152.50	3153.50	3154.00	3155.00	3155.00	3156.00	3156.00	3156.00	3156.00	3156.50	3157.00	3158.50	3159.00	3160.00	3160.50	3161.00	3161.00	3161.50	3162.00	3162.00	3162.50	3163.00	3163.00	3163.00	3163.50	3164.00	3164.00	3165.00	3165.00	3166.00	3166.00	3166.00	3167.00	3167.00	3168.00	3168.00	3168.50	3169.00	3169.50	3170.00	3170.50	3171.00	3171.00	3172.00	3172.00	3173.00	3173.50	3174.00	3174.50	3175.00	3176.00	3176.00	3177.00	3177.00	3178.00	3178.50	3179.00	3179.00	3180.00	3180.00	3181.00	3181.00	3181.00	3182.00	3182.00	3182.00	3182.00	3183.00	3183.50	3184.00	3184.50	3185.00	3185.00	3185.00	3186.00	3186.00	3186.50	3187.00	3187.00	3187.50	3188.00	3188.00	3188.00	3189.00	3189.00	3189.50	3190.00	3190.00	3190.00	3191.00	3191.00	3191.00	3192.00	3192.00	3192.00	3193.00	3193.00	3194.00	3194.00	3195.00	3195.00	3196.00	3196.00	3196.50	3197.00	3197.50	3198.00	3198.00
3093.00	3094.00	3095.00	3095.00	3096.00	3096.00	3096.00	3097.00	3097.00	3097.00	3097.00	3097.00	3097.00	3098.00	3098.00	3098.00	3098.00	3098.00	3099.00	3100.00	3100.00	3100.50	3101.00	3102.00	3102.50	3104.00	3104.00	3105.50	3106.00	3107.50	3108.50	3109.50	3110.00	3111.50	3113.00	3114.00	3115.50	3116.50	3117.50	3118.50	3119.50	3120.00	3121.00	3122.00	3123.00	3123.50	3124.00	3124.50	3126.00	3126.50	3127.00	3127.00	3128.00	3128.00	3129.00	3129.00	3129.50	3130.00	3130.00	3130.00	3131.00	3131.00	3131.00	3132.00	3132.00	3132.50	3133.00	3133.00	3133.50	3134.00	3134.00	3134.50	3135.00	3135.00	3135.00	3135.00	3136.00	3136.00	3136.00	3136.00	3136.00	3137.00	3137.00	3137.00	3137.00	3137.00	3137.00	3137.00	3137.00	3137.00	3137.00	3137.00	3137.00	3137.50	3138.00	3138.00	3138.00	3139.00	3139.00	3139.00	3139.00	3139.50	3140.00	3140.00	3140.00	3141.00	3141.00	3141.00	3141.50	3142.00	3142.00	3142.00	3143.00	3143.00	3143.00	3143.00	3143.50	3144.00	3144.00	3144.00	3144.00	3144.50	3145.00	3145.00	3145.00	3145.00	3145.00	3146.00	3146.00	3146.00	3146.00	3146.00	3146.50	3147.00	3147.00	3147.00	3148.00	3148.00	3148.00	3149.00	3149.00	3149.50	3150.00	3150.50	3151.00	3151.00	3152.00	3152.00	3152.50	3153.50	3154.00	3155.00	3155.00	3156.00	3156.00	3156.00	3156.00	3156.50	3157.00	3158.50	3159.00	3160.00	3160.50	3161.00	3161.00	3161.50	3162.00	3162.00	3162.50	3163.00	3163.00	3163.00	3163.50	3164.00	3164.00	3165.00	3165.00	3166.00	3166.00	3166.00	3167.00	3167.00	3168.00	3168.00	3168.50	3169.00	3169.50	3170.00	3170.50	3171.00	3171.00	3172.00	3172.00	3173.00	3173.50	3174.00	3174.50	3175.00	3176.00	3176.00	3177.00	3177.00	3178.00	3178.50	3179.00	3179.00	3180.00	3180.00	3181.00	3181.00	3181.00	3182.00	3182.00	3182.00	3182.00	3183.00	3183.50	3184.00	3184.50	3185.00	3185.00	3185.00	3186.00	3186.00	3186.50	3187.00	3187.00	3187.50	3188.00	3188.00	3188.00	3189.00	3189.00	3189.50	3190.00	3190.00	3190.00	3191.00	3191.00	3191.00	3192.00	3192.00	3192.00	3193.00	3193.00	3194.00	3194.00	3195.00	3195.00	3196.00	3196.00	3196.50	3197.00	3197.50	3198.00	3198.00
3093.00	3094.00	3095.00	3095.00	3096.00	3096.00	3096.00	3097.00	3097.00	3097.00	3097.00	3097.00	3097.00	3098.00	3098.00	3098.00	3098.00	3098.00	3099.00	3100.00	3100.00	3100.50	3101.00	3102.00	3102.50	3104.00	3104.00	3105.50	3106.00	3107.50	3108.50	3109.50	3110.00	3111.50	3113.00	3114.00	3115.50	3116.50	3117.50	3118.50	3119.50	3120.00	3121.00	3122.00	3123.00	3123.50	3124.00	3124.50	3126.00	3126.50	3127.00	3127.00	3128.00	3128.00	3129.00	3129.00	3129.50	3130.00	3130.00	3130.00	3131.00	3131.00	3131.00	3132.00	3132.00	3132.50	3133.00	3133.00	3133.50	3134.00	3134.00	3134.50	3135.00	3135.00	3135.00	3135.00	3136.00	3136.00	3136.00	3136.00	3136.00	3137.00	3137.00	3137.00	3137.00	3137.00	3137.00	3137.00	3137.00	3137.00	3137.00	3137.00	3137.00	3137.50	3138.00	3138.00	3138.00	3139.00	3139.00	3139.00	3139.00	3139.50	3140.00	3140.00	3140.00	3141.00	3141.00	3141.00	3141.50	3142.00	3142.00	3142.00	3143.00	3143.00	3143.00	3143.00	3143.50	3144.00	3144.00	3144.00	3144.00	3144.50	3145.00	3145.00	3145.00	3145.00	3145.00	3146.00	3146.00	3146.00	3146.00	3146.00	3146.50	3147.00	3147.00	3147.00	3148.00	3148.00	3148.00	3149.00	3149.00	3149.50	3150.00	3150.50	3151.00	3151.00	3152.00	3152.00	3152.50	3153.50	3154.00	3155.00	3155.00	3156.00	3156.00	3156.00	3156.00	3156.50	3157.00	3158.50	3159.00	3160.00	3160.50	3161.00	3161.00	3161.50	3162.00	3162.00	3162.50	3163.00	3163.00	3163.00	3163.50	3164.00	3164.00	3165.00	3165.00	3166.00	3166.00	3166.00	3167.00	3167.00	3168.00	3168.00	3168.50	3169.00	3169.50	3170.00	3170.50	3171.00	3171.00	3172.00	3172.00	3173.00	3173.50	3174.00	3174.50	3175.00	3176.00	3176.00	3177.00	3177.00	3178.00	3178.50	3179.00	3179.00	3180.00	3180.00	3181.00	3181.00	3181.00	3182.00	3182.00	3182.00	3182.00	3183.00	3183.50	3184.00	3184.50	3185.00	3185.00	3185.00	3186.00	3186.00	3186.50	3187.00	3187.00	3187.50	3188.00	3188.00	3188.00	3189.00	3189.00	3189.50	3190.00	3190.00	3190.00	3191.00	3191.00	3191.00	3192.00	3192.00	3192.00	3193.00	3193.00	3194.00	3194.00	3195.00	3195.00	3196.00	3196.00	3196.50	3197.00	3197.50	3198.00	3198.00
3091.50	3093.00	3093.50	3094.00	3095.00	3095.00	3095.00	3096.00	3096.00	3096.00	3096.00	3096.00	3096.00	3096.00	3096.00	3096.50	3097.00	3097.00	3097.00	3098.00	3098.00	3098.50	3099.00	3100.00	3100.50	3101.00	3102.00	3102.50	3104.00	3104.50	3105.50	3106.50	3107.00	3108.50	3110.00	3111.00	3112.50	3113.50	3115.00	3116.00	3116.50	3118.00	3118.00	3119.50	3120.00	3121.00	3121.50	3122.50	3123.00	3124.00	3125.00	3125.00	3126.00	3126.50	3127.50	3128.00	3128.00	3129.00	3129.00	3129.50	3130.00	3130.50	3131.00	3131.00	3132.00	3132.50	3133.00	3133.50	3134.00	3134.00	3135.00	3135.00	3135.00	3136.00	3136.00	3136.00	3136.00	3136.00	3136.00	3136.00	3137.00	3137.00	3137.00	3137.00	3137.00	3137.00	3137.00	3137.00	3137.00	3137.00	3137.00	3137.00	3137.50	3138.00	3138.00	3138.00	3138.00	3138.00	3138.00	3138.50	3139.00	3139.00	3139.00	3139.00	3139.00	3140.00	3140.00	3140.00	3140.00	3140.00	3141.00	3141.00	3141.00	3141.00	3141.50	3142.00	3142.00	3142.00	3142.00	3142.00	3143.00	3143.00	3143.00	3143.00	3143.00	3143.50	3144.00	3144.00	3144.00	3144.00	3144.50	3145.00	3145.00	3145.00	3145.00	3145.00	3146.00	3146.00	3146.00	3147.00	3147.00	3147.50	3148.00	3149.00	3150.00	3150.00	3150.50	3151.50	3152.50	3153.50	3154.00	3155.00	3155.00	3155.50	3156.00	3156.00	3156.00	3156.00	3156.00	3157.00	3157.00	3158.00	3158.50	3159.00	3160.00	3160.00	3160.50	3161.00	3161.50	3162.00	3162.00	3162.00	3162.50	3163.00	3163.00	3164.00	3164.00	3165.00	3165.00	3165.50	3166.50	3167.00	3167.00	3168.00	3168.50	3169.00	3170.00	3170.50	3171.00	3171.00	3172.00	3173.00	3173.00	3174.00	3174.50	3175.00	3176.00	3176.00	3177.00	3177.00	3178.00	3179.00	3179.00	3179.50	3180.00	3181.00	3181.00	3182.00	3182.00	3182.00	3182.50	3183.00	3183.00	3183.50	3184.00	3184.50	3185.00	3185.00	3186.00	3186.00	3186.00	3187.00	3187.00	3187.00	3187.50	3188.00	3188.00	3188.50	3189.00	3189.00	3189.00	3189.50	3190.00	3190.00	3190.50	3191.00	3191.00	3191.00	3192.00	3192.00	3192.50	3193.00	3193.00	3193.50	3194.00	3194.00	3195.00	3195.00	3195.50	3196.00	3196.50	3197.00	3197.00	3198.00	3199.00	3199.00
3091.50	3093.00	3093.50	3094.00	3095.00	3095.00	3095.00	3096.00	3096.00	3096.00	3096.00	3096.00	3096.00	3096.00	3096.00	3096.50	3097.00	3097.00	3097.00	3098.00	3098.00	3098.50	3099.00	3100.00	3100.50	3101.00	3102.00	3102.50	3104.00	3104.50	3105.50	3106.50	3107.00	3108.50	3110.00	3111.00	3112.50	3113.50	3115.00	3116.00	3116.50	3118.00	3118.00	3119.50	3120.00	3121.00	3121.50	3122.50	3123.00	3124.00	3125.00	3125.00	3126.00	3126.50	3127.50	3128.00	3128.00	3129.00	3129.00	3129.50	3130.00	3130.50	3131.00	3131.00	3132.00	3132.50	3133.00	3133.50	3134.00	3134.00	3135.00	3135.00	3135.00	3136.00	3136.00	3136.00	3136.00	3136.00	3136.00	3136.00	3137.00	3137.00	3137.00	3137.00	3137.00	3137.00	3137.00	3137.00	3137.00	3137.00	3137.00	3137.00	3137.50	3138.00	3138.00	3138.00	3138.00	3138.00	3138.00	3138.50	3139.00	3139.00	3139.00	3139.00	3139.00	3140.00	3140.00	3140.00	3140.00	3140.00	3141.00	3141.00	3141.00	3141.00	3141.50	3142.00	3142.00	3142.00	3142.00	3142.00	3143.00	3143.00	3143.00	3143.00	3143.00	3143.50	3144.00	3144.00	3144.00	3144.00	3144.50	3145.00	3145.00	3145.00	3145.00	3145.00	3146.00	3146.00	3146.00	3147.00	3147.00	3147.50	3148.00	3149.00	3150.00	3150.00	3150.50	3151.50	3152.50	3153.50	3154.00	3155.00	3155.00	3155.50	3156.00	3156.00	3156.00	3156.00	3156.00	3157.00	3157.00	3158.00	3158.50	3159.00	3160.00	3160.00	3160.50	3161.00	3161.50	3162.00	3162.00	3162.00	3162.50	3163.00	3163.00	3164.00	3164.00	3165.00	3165.00	3165.50	3166.50	3167.00	3167.00	3168.00	3168.50	3169.00	3170.00	3170.50	3171.00	3171.00	3172.00	3173.00	3173.00	3174.00	3174.50	3175.00	3176.00	3176.00	3177.00	3177.00	3178.00	3179.00	3179.00	3179.50	3180.00	3181.00	3181.00	3182.00	3182.00	3182.00	3182.50	3183.00	3183.00	3183.50	3184.00	3184.50	3185.00	3185.00	3186.00	3186.00	3186.00	3187.00	3187.00	3187.00	3187.50	3188.00	3188.00	3188.50	3189.00	3189.00	3189.00	3189.50	3190.00	3190.00	3190.50	3191.00	3191.00	3191.00	3192.00	3192.00	3192.50	3193.00	3193.00	3193.50	3194.00	3194.00	3195.00	3195.00	3195.50	3196.00	3196.50	3197.00	3197.00	3198.00	3199.00	3199.00
3091.50	3093.00	3093.50	3094.00	3095.00	3095.00	3095.00	3096.00	3096.00	3096.00	3096.00	3096.00	3096.00	3096.00	3096.00	3096.50	3097.00	3097.00	3097.00	3098.00	3098.00	3098.50	3099.00	3100.00	3100.50	3101.00	3102.00	3102.50	3104.00	3104.50	3105.50	3106.50	3107.00	3108.50	3110.00	3111.00	3112.50	3113.50	3115.00	3116.00	3116.50	3118.00	3118.00	3119.50	3120.00	3121.00	3121.50	3122.50	3123.00	3124.00	3125.00	3125.00	3126.00	3126.50	3127.50	3128.00	3128.00	3129.00	3129.00	3129.50	3130.00	3130.50	3131.00	3131.00	3132.00	3132.50	3133.00	3133.50	3134.00	3134.00	3135.00	3135.00	3135.00	3136.00	3136.00	3136.00	3136.00	3136.00	3136.00	3136.00	3137.00	3137.00	3137.00	3137.00	3137.00	3137.00	3137.00	3137.00	3137.00	3137.00	3137.00	3137.00	3137.50	3138.00	3138.00	3138.00	3138.00	3138.00	3138.00	3138.50	3139.00	3139.00	3139.00	3139.00	3139.00	3140.00	3140.00	3140.00	3140.00	3140.00	3141.00	3141.00	3141.00	3141.00	3141.50	3142.00	3142.00	3142.00	3142.00	3142.00	3143.00	3143.00	3143.00	3143.00	3143.00	3143.50	3144.00	3144.00	3144.00	3144.00	3144.50	3145.00	3145.00	3145.00	3145.00	3145.00	3146.00	3146.00	3146.00	3147.00	3147.00	3147.50	3148.00	3149.00	3150.00	3150.00	3150.50	3151.50	3152.50	3153.50	3154.00	3155.00	3155.00	3155.50	3156.00	3156.00	3156.00	3156.00	3156.00	3157.00	3157.00	3158.00	3158.50	3159.00	3160.00	3160.00	3160.50	3161.00	3161.50	3162.00	3162.00	3162.00	3162.50	3163.00	3163.00	3164.00	3164.00	3165.00	3165.00	3165.50	3166.50	3167.00	3167.00	3168.00	3168.50	3169.00	3170.00	3170.50	3171.00	3171.00	3172.00	3173.00	3173.00	3174.00	3174.50	3175.00	3176.00	3176.00	3177.00	3177.00	3178.00	3179.00	3179.00	3179.50	3180.00	3181.00	3181.00	3182.00	3182.00	3182.00	3182.50	3183.00	3183.00	3183.50	3184.00	3184.50	3185.00	3185.00	3186.00	3186.00	3186.00	3187.00	3187.00	3187.00	3187.50	3188.00	3188.00	3188.50	3189.00	3189.00	3189.00	3189.50	3190.00	3190.00	3190.50	3191.00	3191.00	3191.00	3192.00	3192.00	3192.50	3193.00	3193.00	3193.50	3194.00	3194.00	3195.00	3195.00	3195.50	3196.00	3196.50	3197.00	3197.00	3198.00	3199.00	3199.00
3091.50	3093.00	3093.50	3094.00	3095.00	3095.00	3095.00	3096.00	3096.00	3096.00	3096.00	3096.00	3096.00	3096.00	3096.00	3096.50	3097.00	3097.00	3097.00	3098.00	3098.00	3098.50	3099.00	3100.00	3100.50	3101.00	3102.00	3102.50	3104.00	3104.50	3105.50	3106.50	3107.00	3108.50	3110.00	3111.00	3112.50	3113.50	3115.00	3116.00	3116.50	3118.00	3118.00	3119.50	3120.00	3121.00	3121.50	3122.50	3123.00	3124.00	3125.00	3125.00	3126.00	3126.50	3127.50	3128.00	3128.00	3129.00	3129.00	3129.50	3130.00	3130.50	3131.00	3131.00	3132.00	3132.50	3133.00	3133.50	3134.00	3134.00	3135.00	3135.00	3135.00	3136.00	3136.00	3136.00	3136.00	3136.00	3136.00	3136.00	3137.00	3137.00	3137.00	3137.00	3137.00	3137.00	3137.00	3137.00	3137.00	3137.00	3137.00	3137.00	3137.50	3138.00	3138.00	3138.00	3138.00	3138.00	3138.00	3138.50	3139.00	3139.00	3139.00	3139.00	3139.00	3140.00	3140.00	3140.00	3140.00	3140.00	3141.00	3141.00	3141.00	3141.00	3141.50	3142.00	3142.00	3142.00	3142.00	3142.00	3143.00	3143.00	3143.00	3143.00	3143.00	3143.50	3144.00	3144.00	3144.00	3144.00	3144.50	3145.00	3145.00	3145.00	3145.00	3145.00	3146.00	3146.00	3146.00	3147.00	3147.00	3147.50	3148.00	3149.00	3150.00	3150.00	3150.50	3151.50	3152.50	3153.50	3154.00	3155.00	3155.00	3155.50	3156.00	3156.00	3156.00	3156.00	3156.00	3157.00	3157.00	3158.00	3158.50	3159.00	3160.00	3160.00	3160.50	3161.00	3161.50	3162.00	3162.00	3162.00	3162.50	3163.00	3163.00	3164.00	3164.00	3165.00	3165.00	3165.50	3166.50	3167.00	3167.00	3168.00	3168.50	3169.00	3170.00	3170.50	3171.00	3171.00	3172.00	3173.00	3173.00	3174.00	3174.50	3175.00	3176.00	3176.00	3177.00	3177.00	3178.00	3179.00	3179.00	3179.50	3180.00	3181.00	3181.00	3182.00	3182.00	3182.00	3182.50	3183.00	3183.00	3183.50	3184.00	3184.50	3185.00	3185.00	3186.00	3186.00	3186.00	3187.00	3187.00	3187.00	3187.50	3188.00	3188.00	3188.50	3189.00	3189.00	3189.00	3189.50	3190.00	3190.00	3190.50	3191.00	3191.00	3191.00	3192.00	3192.00	3192.50	3193.00	3193.00	3193.50	3194.00	3194.00	3195.00	3195.00	3195.50	3196.00	3196.50	3197.00	3197.00	3198.00	3199.00	3199.00
3091.50	3093.00	3093.50	3094.00	3095.00	3095.00	3095.00	3096.00	3096.00	3096.00	3096.00	3096.00	3096.00	3096.00	3096.00	3096.50	3097.00	3097.00	3097.00	3098.00	3098.00	3098.50	3099.00	3100.00	3100.50	3101.00	3102.00	3102.50	3104.00	3104.50	3105.50	3106.50	3107.00	3108.50	3110.00	3111.00	3112.50	3113.50	3115.00	3116.00	3116.50	3118.00	3118.00	3119.50	3120.00	3121.00	3121.50	3122.50	3123.00	3124.00	3125.00	3125.00	3126.00	3126.50	3127.50	3128.00	3128.00	3129.00	3129.00	3129.50	3130.00	3130.50	3131.00	3131.00	3132.00	3132.50	3133.00	3133.50	3134.00	3134.00	3135.00	3135.00	3135.00	3136.00	3136.00	3136.00	3136.00	3136.00	3136.00	3136.00	3137.00	3137.00	3137.00	3137.00	3137.00	3137.00	3137.00	3137.00	3137.00	3137.00	3137.00	3137.00	3137.50	3138.00	3138.00	3138.00	3138.00	3138.00	3138.00	3138.50	3139.00	3139.00	3139.00	3139.00	3139.00	3140.00	3140.00	3140.00	3140.00	3140.00	3141.00	3141.00	3141.00	3141.00	3141.50	3142.00	3142.00	3142.00	3142.00	3142.00	3143.00	3143.00	3143.00	3143.00	3143.00	3143.50	3144.00	3144.00	3144.00	3144.00	3144.50	3145.00	3145.00	3145.00	3145.00	3145.00	3146.00	3146.00	3146.00	3147.00	3147.00	3147.50	3148.00	3149.00	3150.00	3150.00	3150.50	3151.50	3152.50	3153.50	3154.00	3155.00	3155.00	3155.50	3156.00	3156.00	3156.00	3156.00	3156.00	3157.00	3157.00	3158.00	3158.50	3159.00	3160.00	3160.00	3160.50	3161.00	3161.50	3162.00	3162.00	3162.00	3162.50	3163.00	3163.00	3164.00	3164.00	3165.00	3165.00	3165.50	3166.50	3167.00	3167.00	3168.00	3168.50	3169.00	3170.00	3170.50	3171.00	3171.00	3172.00	3173.00	3173.00	3174.00	3174.50	3175.00	3176.00	3176.00	3177.00	3177.00	3178.00	3179.00	3179.00	3179.50	3180.00	3181.00	3181.00	3182.00	3182.00	3182.00	3182.50	3183.00	3183.00	3183.50	3184.00	3184.50	3185.00	3185.00	3186.00	3186.00	3186.00	3187.00	3187.00	3187.00	3187.50	3188.00	3188.00	3188.50	3189.00	3189.00	3189.00	3189.50	3190.00	3190.00	3190.50	3191.00	3191.00	3191.00	3192.00	3192.00	3192.50	3193.00	3193.00	3193.50	3194.00	3194.00	3195.00	3195.00	3195.50	3196.00	3196.50	3197.00	3197.00	3198.00	3199.00	3199.00
3091.00	3092.50	3093.00	3093.50	3094.00	3094.50	3094.50	3095.50	3095.50	3095.50	3095.50	3095.75	3096.00	3096.00	3096.00	3096.25	3096.50	3096.50	3096.75	3097.50	3097.50	3097.75	3098.00	3099.00	3099.50	3100.00	3101.00	3101.25	3102.50	3103.25	3104.00	3105.00	3106.00	3107.50	3108.50	3109.50	3111.00	3112.00	3113.25	3114.25	3115.00	3116.50	3116.50	3118.00	3118.50	3119.75	3120.25	3121.00	3122.00	3122.75	3123.50	3124.00	3124.75	3125.25	3126.25	3126.75	3127.00	3128.00	3128.00	3128.50	3129.00	3129.50	3130.00	3130.50	3131.00	3131.50	3132.00	3132.50	3133.00	3133.00	3134.00	3134.00	3134.50	3135.00	3135.25	3135.50	3135.50	3135.75	3136.00	3136.00	3136.50	3136.50	3136.50	3136.75	3137.00	3137.00	3137.00	3137.00	3137.00	3137.00	3137.00	3137.00	3137.25	3137.50	3137.50	3137.50	3138.00	3138.00	3138.00	3138.25	3138.50	3138.50	3138.50	3138.50	3138.50	3139.00	3139.00	3139.00	3139.25	3139.50	3140.00	3140.00	3140.00	3140.00	3140.75	3141.00	3141.00	3141.00	3141.25	3141.50	3142.00	3142.00	3142.00	3142.25	3142.50	3142.75	3143.00	3143.00	3143.00	3143.50	3143.75	3144.00	3144.25	3144.50	3144.50	3145.00	3145.50	3145.75	3146.00	3146.50	3146.75	3147.25	3147.50	3148.50	3149.00	3149.50	3149.75	3150.50	3151.25	3152.00	3152.50	3153.00	3153.50	3154.00	3154.50	3154.75	3155.00	3155.00	3155.50	3156.00	3156.50	3157.00	3157.50	3158.00	3159.00	3159.00	3159.50	3160.00	3160.50	3161.00	3161.25	3161.50	3161.75	3162.00	3162.50	3163.00	3163.00	3164.00	3164.25	3164.75	3165.75	3166.25	3166.50	3167.50	3168.00	3168.50	3169.50	3170.00	3170.75	3171.00	3172.00	3173.00	3173.00	3174.00	3174.50	3175.00	3176.00	3176.25	3177.00	3177.00	3178.00	3179.00	3179.00	3179.50	3180.00	3180.50	3181.00	3181.50	3182.00	3182.00	3182.50	3183.00	3183.25	3183.75	3184.00	3184.75	3185.25	3185.50	3186.25	3186.50	3186.50	3187.00	3187.25	3187.50	3187.75	3188.00	3188.25	3188.75	3189.00	3189.00	3189.00	3189.75	3190.00	3190.00	3190.25	3190.75	3191.00	3191.00	3192.00	3192.00	3192.50	3193.00	3193.00	3193.50	3194.00	3194.00	3194.50	3195.00	3195.25	3196.00	3196.50	3197.00	3197.00	3198.00	3199.00	3199.00
3090.50	3092.00	3092.50	3093.00	3093.00	3094.00	3094.00	3095.00	3095.00	3095.00	3095.00	3095.50	3096.00	3096.00	3096.00	3096.00	3096.00	3096.00	3096.50	3097.00	3097.00	3097.00	3097.00	3098.00	3098.50	3099.00	3100.00	3100.00	3101.00	3102.00	3102.50	3103.50	3105.00	3106.50	3107.00	3108.00	3109.50	3110.50	3111.50	3112.50	3113.50	3115.00	3115.00	3116.50	3117.00	3118.50	3119.00	3119.50	3121.00	3121.50	3122.00	3123.00	3123.50	3124.00	3125.00	3125.50	3126.00	3127.00	3127.00	3127.50	3128.00	3128.50	3129.00	3130.00	3130.00	3130.50	3131.00	3131.50	3132.00	3132.00	3133.00	3133.00	3134.00	3134.00	3134.50	3135.00	3135.00	3135.50	3136.00	3136.00	3136.00	3136.00	3136.00	3136.50	3137.00	3137.00	3137.00	3137.00	3137.00	3137.00	3137.00	3137.00	3137.00	3137.00	3137.00	3137.00	3138.00	3138.00	3138.00	3138.00	3138.00	3138.00	3138.00	3138.00	3138.00	3138.00	3138.00	3138.00	3138.50	3139.00	3139.00	3139.00	3139.00	3139.00	3140.00	3140.00	3140.00	3140.00	3140.50	3141.00	3141.00	3141.00	3141.00	3141.50	3142.00	3142.00	3142.00	3142.00	3142.00	3143.00	3143.00	3143.00	3143.50	3144.00	3144.00	3145.00	3145.00	3145.50	3146.00	3146.00	3146.50	3147.00	3147.00	3148.00	3148.00	3149.00	3149.00	3149.50	3150.00	3150.50	3151.00	3151.00	3152.00	3152.50	3153.00	3153.50	3154.00	3154.00	3155.00	3155.00	3156.00	3156.00	3156.50	3157.00	3158.00	3158.00	3158.50	3159.00	3159.50	3160.00	3160.50	3161.00	3161.00	3161.00	3162.00	3162.00	3162.00	3163.00	3163.50	3164.00	3165.00	3165.50	3166.00	3167.00	3167.50	3168.00	3169.00	3169.50	3170.50	3171.00	3172.00	3173.00	3173.00	3174.00	3174.50	3175.00	3176.00	3176.50	3177.00	3177.00	3178.00	3179.00	3179.00	3179.50	3180.00	3180.00	3181.00	3181.00	3182.00	3182.00	3182.50	3183.00	3183.50	3184.00	3184.00	3185.00	3185.50	3186.00	3186.50	3187.00	3187.00	3187.00	3187.50	3188.00	3188.00	3188.00	3188.50	3189.00	3189.00	3189.00	3189.00	3190.00	3190.00	3190.00	3190.00	3190.50	3191.00	3191.00	3192.00	3192.00	3192.50	3193.00	3193.00	3193.50	3194.00	3194.00	3194.00	3195.00	3195.00	3196.00	3196.50	3197.00	3197.00	3198.00	3199.00	3199.00
3090.50	3092.00	3092.50	3093.00	3093.00	3094.00	3094.00	3095.00	3095.00	3095.00	3095.00	3095.50	3096.00	3096.00	3096.00	3096.00	3096.00	3096.00	3096.50	3097.00	3097.00	3097.00	3097.00	3098.00	3098.50	3099.00	3100.00	3100.00	3101.00	3102.00	3102.50	3103.50	3105.00	3106.50	3107.00	3108.00	3109.50	3110.50	3111.50	3112.50	3113.50	3115.00	3115.00	3116.50	3117.00	3118.50	3119.00	3119.50	3121.00	3121.50	3122.00	3123.00	3123.50	3124.00	3125.00	3125.50	3126.00	3127.00	3127.00	3127.50	3128.00	3128.50	3129.00	3130.00	3130.00	3130.50	3131.00	3131.50	3132.00	3132.00	3133.00	3133.00	3134.00	3134.00	3134.50	3135.00	3135.00	3135.50	3136.00	3136.00	3136.00	3136.00	3136.00	3136.50	3137.00	3137.00	3137.00	3137.00	3137.00	3137.00	3137.00	3137.00	3137.00	3137.00	3137.00	3137.00	3138.00	3138.00	3138.00	3138.00	3138.00	3138.00	3138.00	3138.00	3138.00	3138.00	3138.00	3138.00	3138.50	3139.00	3139.00	3139.00	3139.00	3139.00	3140.00	3140.00	3140.00	3140.00	3140.50	3141.00	3141.00	3141.00	3141.00	3141.50	3142.00	3142.00	3142.00	3142.00	3142.00	3143.00	3143.00	3143.00	3143.50	3144.00	3144.00	3145.00	3145.00	3145.50	3146.00	3146.00	3146.50	3147.00	3147.00	3148.00	3148.00	3149.00	3149.00	3149.50	3150.00	3150.50	3151.00	3151.00	3152.00	3152.50	3153.00	3153.50	3154.00	3154.00	3155.00	3155.00	3156.00	3156.00	3156.50	3157.00	3158.00	3158.00	3158.50	3159.00	3159.50	3160.00	3160.50	3161.00	3161.00	3161.00	3162.00	3162.00	3162.00	3163.00	3163.50	3164.00	3165.00	3165.50	3166.00	3167.00	3167.50	3168.00	3169.00	3169.50	3170.50	3171.00	3172.00	3173.00	3173.00	3174.00	3174.50	3175.00	3176.00	3176.50	3177.00	3177.00	3178.00	3179.00	3179.00	3179.50	3180.00	3180.00	3181.00	3181.00	3182.00	3182.00	3182.50	3183.00	3183.50	3184.00	3184.00	3185.00	3185.50	3186.00	3186.50	3187.00	3187.00	3187.00	3187.50	3188.00	3188.00	3188.00	3188.50	3189.00	3189.00	3189.00	3189.00	3190.00	3190.00	3190.00	3190.00	3190.50	3191.00	3191.00	3192.00	3192.00	3192.50	3193.00	3193.00	3193.50	3194.00	3194.00	3194.00	3195.00	3195.00	3196.00	3196.50	3197.00	3197.00	3198.00	3199.00	3199.00
3090.50	3092.00	3092.50	3093.00	3093.00	3094.00	3094.00	3095.00	3095.00	3095.00	3095.00	3095.50	3096.00	3096.00	3096.00	3096.00	3096.00	3096.00	3096.50	3097.00	3097.00	3097.00	3097.00	3098.00	3098.50	3099.00	3100.00	3100.00	3101.00	3102.00	3102.50	3103.50	3105.00	3106.50	3107.00	3108.00	3109.50	3110.50	3111.50	3112.50	3113.50	3115.00	3115.00	3116.50	3117.00	3118.50	3119.00	3119.50	3121.00	3121.50	3122.00	3123.00	3123.50	3124.00	3125.00	3125.50	3126.00	3127.00	3127.00	3127.50	3128.00	3128.50	3129.00	3130.00	3130.00	3130.50	3131.00	3131.50	3132.00	3132.00	3133.00	3133.00	3134.00	3134.00	3134.50	3135.00	3135.00	3135.50	3136.00	3136.00	3136.00	3136.00	3136.00	3136.50	3137.00	3137.00	3137.00	3137.00	3137.00	3137.00	3137.00	3137.00	3137.00	3137.00	3137.00	3137.00	3138.00	3138.00	3138.00	3138.00	3138.00	3138.00	3138.00	3138.00	3138.00	3138.00	3138.00	3138.00	3138.50	3139.00	3139.00	3139.00	3139.00	3139.00	3140.00	3140.00	3140.00	3140.00	3140.50	3141.00	3141.00	3141.00	3141.00	3141.50	3142.00	3142.00	3142.00	3142.00	3142.00	3143.00	3143.00	3143.00	3143.50	3144.00	3144.00	3145.00	3145.00	3145.50	3146.00	3146.00	3146.50	3147.00	3147.00	3148.00	3148.00	3149.00	3149.00	3149.50	3150.00	3150.50	3151.00	3151.00	3152.00	3152.50	3153.00	3153.50	3154.00	3154.00	3155.00	3155.00	3156.00	3156.00	3156.50	3157.00	3158.00	3158.00	3158.50	3159.00	3159.50	3160.00	3160.50	3161.00	3161.00	3161.00	3162.00	3162.00	3162.00	3163.00	3163.50	3164.00	3165.00	3165.50	3166.00	3167.00	3167.50	3168.00	3169.00	3169.50	3170.50	3171.00	3172.00	3173.00	3173.00	3174.00	3174.50	3175.00	3176.00	3176.50	3177.00	3177.00	3178.00	3179.00	3179.00	3179.50	3180.00	3180.00	3181.00	3181.00	3182.00	3182.00	3182.50	3183.00	3183.50	3184.00	3184.00	3185.00	3185.50	3186.00	3186.50	3187.00	3187.00	3187.00	3187.50	3188.00	3188.00	3188.00	3188.50	3189.00	3189.00	3189.00	3189.00	3190.00	3190.00	3190.00	3190.00	3190.50	3191.00	3191.00	3192.00	3192.00	3192.50	3193.00	3193.00	3193.50	3194.00	3194.00	3194.00	3195.00	3195.00	3196.00	3196.50	3197.00	3197.00	3198.00	3199.00	3199.00
3090.50	3092.00	3092.50	3093.00	3093.00	3094.00	3094.00	3095.00	3095.00	3095.00	3095.00	3095.50	3096.00	3096.00	3096.00	3096.00	3096.00	3096.00	3096.50	3097.00	3097.00	3097.00	3097.00	3098.00	3098.50	3099.00	3100.00	3100.00	3101.00	3102.00	3102.50	3103.50	3105.00	3106.50	3107.00	3108.00	3109.50	3110.50	3111.50	3112.50	3113.50	3115.00	3115.00	3116.50	3117.00	3118.50	3119.00	3119.50	3121.00	3121.50	3122.00	3123.00	3123.50	3124.00	3125.00	3125.50	3126.00	3127.00	3127.00	3127.50	3128.00	3128.50	3129.00	3130.00	3130.00	3130.50	3131.00	3131.50	3132.00	3132.00	3133.00	3133.00	3134.00	3134.00	3134.50	3135.00	3135.00	3135.50	3136.00	3136.00	3136.00	3136.00	3136.00	3136.50	3137.00	3137.00	3137.00	3137.00	3137.00	3137.00	3137.00	3137.00	3137.00	3137.00	3137.00	3137.00	3138.00	3138.00	3138.00	3138.00	3138.00	3138.00	3138.00	3138.00	3138.00	3138.00	3138.00	3138.00	3138.50	3139.00	3139.00	3139.00	3139.00	3139.00	3140.00	3140.00	3140.00	3140.00	3140.50	3141.00	3141.00	3141.00	3141.00	3141.50	3142.00	3142.00	3142.00	3142.00	3142.00	3143.00	3143.00	3143.00	3143.50	3144.00	3144.00	3145.00	3145.00	3145.50	3146.00	3146.00	3146.50	3147.00	3147.00	3148.00	3148.00	3149.00	3149.00	3149.50	3150.00	3150.50	3151.00	3151.00	3152.00	3152.50	3153.00	3153.50	3154.00	3154.00	3155.00	3155.00	3156.00	3156.00	3156.50	3157.00	3158.00	3158.00	3158.50	3159.00	3159.50	3160.00	3160.50	3161.00	3161.00	3161.00	3162.00	3162.00	3162.00	3163.00	3163.50	3164.00	3165.00	3165.50	3166.00	3167.00	3167.50	3168.00	3169.00	3169.50	3170.50	3171.00	3172.00	3173.00	3173.00	3174.00	3174.50	3175.00	3176.00	3176.50	3177.00	3177.00	3178.00	3179.00	3179.00	3179.50	3180.00	3180.00	3181.00	3181.00	3182.00	3182.00	3182.50	3183.00	3183.50	3184.00	3184.00	3185.00	3185.50	3186.00	3186.50	3187.00	3187.00	3187.00	3187.50	3188.00	3188.00	3188.00	3188.50	3189.00	3189.00	3189.00	3189.00	3190.00	3190.00	3190.00	3190.00	3190.50	3191.00	3191.00	3192.00	3192.00	3192.50	3193.00	3193.00	3193.50	3194.00	3194.00	3194.00	3195.00	3195.00	3196.00	3196.50	3197.00	3197.00	3198.00	3199.00	3199.00
3090.50	3092.00	3092.50	3093.00	3093.00	3094.00	3094.00	3095.00	3095.00	3095.00	3095.00	3095.50	3096.00	3096.00	3096.00	3096.00	3096.00	3096.00	3096.50	3097.00	3097.00	3097.00	3097.00	3098.00	3098.50	3099.00	3100.00	3100.00	3101.00	3102.00	3102.50	3103.50	3105.00	3106.50	3107.00	3108.00	3109.50	3110.50	3111.50	3112.50	3113.50	3115.00	3115.00	3116.50	3117.00	3118.50	3119.00	3119.50	3121.00	3121.50	3122.00	3123.00	3123.50	3124.00	3125.00	3125.50	3126.00	3127.00	3127.00	3127.50	3128.00	3128.50	3129.00	3130.00	3130.00	3130.50	3131.00	3131.50	3132.00	3132.00	3133.00	3133.00	3134.00	3134.00	3134.50	3135.00	3135.00	3135.50	3136.00	3136.00	3136.00	3136.00	3136.00	3136.50	3137.00	3137.00	3137.00	3137.00	3137.00	3137.00	3137.00	3137.00	3137.00	3137.00	3137.00	3137.00	3138.00	3138.00	3138.00	3138.00	3138.00	3138.00	3138.00	3138.00	3138.00	3138.00	3138.00	3138.00	3138.50	3139.00	3139.00	3139.00	3139.00	3139.00	3140.00	3140.00	3140.00	3140.00	3140.50	3141.00	3141.00	3141.00	3141.00	3141.50	3142.00	3142.00	3142.00	3142.00	3142.00	3143.00	3143.00	3143.00	3143.50	3144.00	3144.00	3145.00	3145.00	3145.50	3146.00	3146.00	3146.50	3147.00	3147.00	3148.00	3148.00	3149.00	3149.00	3149.50	3150.00	3150.50	3151.00	3151.00	3152.00	3152.50	3153.00	3153.50	3154.00	3154.00	3155.00	3155.00	3156.00	3156.00	3156.50	3157.00	3158.00	3158.00	3158.50	3159.00	3159.50	3160.00	3160.50	3161.00	3161.00	3161.00	3162.00	3162.00	3162.00	3163.00	3163.50	3164.00	3165.00	3165.50	3166.00	3167.00	3167.50	3168.00	3169.00	3169.50	3170.50	3171.00	3172.00	3173.00	3173.00	3174.00	3174.50	3175.00	3176.00	3176.50	3177.00	3177.00	3178.00	3179.00	3179.00	3179.50	3180.00	3180.00	3181.00	3181.00	3182.00	3182.00	3182.50	3183.00	3183.50	3184.00	3184.00	3185.00	3185.50	3186.00	3186.50	3187.00	3187.00	3187.00	3187.50	3188.00	3188.00	3188.00	3188.50	3189.00	3189.00	3189.00	3189.00	3190.00	3190.00	3190.00	3190.00	3190.50	3191.00	3191.00	3192.00	3192.00	3192.50	3193.00	3193.00	3193.50	3194.00	3194.00	3194.00	3195.00	3195.00	3196.00	3196.50	3197.00	3197.00	3198.00	3199.00	3199.00
3090.50	3092.00	3092.50	3093.00	3093.00	3094.00	3094.00	3095.00	3095.00	3095.00	3095.00	3095.50	3096.00	3096.00	3096.00	3096.00	3096.00	3096.00	3096.50	3097.00	3097.00	3097.00	3097.00	3098.00	3098.50	3099.00	3100.00	3100.00	3101.00	3102.00	3102.50	3103.50	3105.00	3106.50	3107.00	3108.00	3109.50	3110.50	3111.50	3112.50	3113.50	3115.00	3115.00	3116.50	3117.00	3118.50	3119.00	3119.50	3121.00	3121.50	3122.00	3123.00	3123.50	3124.00	3125.00	3125.50	3126.00	3127.00	3127.00	3127.50	3128.00	3128.50	3129.00	3130.00	3130.00	3130.50	3131.00	3131.50	3132.00	3132.00	3133.00	3133.00	3134.00	3134.00	3134.50	3135.00	3135.00	3135.50	3136.00	3136.00	3136.00	3136.00	3136.00	3136.50	3137.00	3137.00	3137.00	3137.00	3137.00	3137.00	3137.00	3137.00	3137.00	3137.00	3137.00	3137.00	3138.00	3138.00	3138.00	3138.00	3138.00	3138.00	3138.00	3138.00	3138.00	3138.00	3138.00	3138.00	3138.50	3139.00	3139.00	3139.00	3139.00	3139.00	3140.00	3140.00	3140.00	3140.00	3140.50	3141.00	3141.00	3141.00	3141.00	3141.50	3142.00	3142.00	3142.00	3142.00	3142.00	3143.00	3143.00	3143.00	3143.50	3144.00	3144.00	3145.00	3145.00	3145.50	3146.00	3146.00	3146.50	3147.00	3147.00	3148.00	3148.00	3149.00	3149.00	3149.50	3150.00	3150.50	3151.00	3151.00	3152.00	3152.50	3153.00	3153.50	3154.00	3154.00	3155.00	3155.00	3156.00	3156.00	3156.50	3157.00	3158.00	3158.00	3158.50	3159.00	3159.50	3160.00	3160.50	3161.00	3161.00	3161.00	3162.00	3162.00	3162.00	3163.00	3163.50	3164.00	3165.00	3165.50	3166.00	3167.00	3167.50	3168.00	3169.00	3169.50	3170.50	3171.00	3172.00	3173.00	3173.00	3174.00	3174.50	3175.00	3176.00	3176.50	3177.00	3177.00	3178.00	3179.00	3179.00	3179.50	3180.00	3180.00	3181.00	3181.00	3182.00	3182.00	3182.50	3183.00	3183.50	3184.00	3184.00	3185.00	3185.50	3186.00	3186.50	3187.00	3187.00	3187.00	3187.50	3188.00	3188.00	3188.00	3188.50	3189.00	3189.00	3189.00	3189.00	3190.00	3190.00	3190.00	3190.00	3190.50	3191.00	3191.00	3192.00	3192.00	3192.50	3193.00	3193.00	3193.50	3194.00	3194.00	3194.00	3195.00	3195.00	3196.00	3196.50	3197.00	3197.00	3198.00	3199.00	3199.00
3090.50	3092.00	3092.50	3093.00	3093.00	3094.00	3094.00	3095.00	3095.00	3095.00	3095.00	3095.50	3096.00	3096.00	3096.00	3096.00	3096.00	3096.00	3096.50	3097.00	3097.00	3097.00	3097.00	3098.00	3098.50	3099.00	3100.00	3100.00	3101.00	3102.00	3102.50	3103.50	3105.00	3106.50	3107.00	3108.00	3109.50	3110.50	3111.50	3112.50	3113.50	3115.00	3115.00	3116.50	3117.00	3118.50	3119.00	3119.50	3121.00	3121.50	3122.00	3123.00	3123.50	3124.00	3125.00	3125.50	3126.00	3127.00	3127.00	3127.50	3128.00	3128.50	3129.00	3130.00	3130.00	3130.50	3131.00	3131.50	3132.00	3132.00	3133.00	3133.00	3134.00	3134.00	3134.50	3135.00	3135.00	3135.50	3136.00	3136.00	3136.00	3136.00	3136.00	3136.50	3137.00	3137.00	3137.00	3137.00	3137.00	3137.00	3137.00	3137.00	3137.00	3137.00	3137.00	3137.00	3138.00	3138.00	3138.00	3138.00	3138.00	3138.00	3138.00	3138.00	3138.00	3138.00	3138.00	3138.00	3138.50	3139.00	3139.00	3139.00	3139.00	3139.00	3140.00	3140.00	3140.00	3140.00	3140.50	3141.00	3141.00	3141.00	3141.00	3141.50	3142.00	3142.00	3142.00	3142.00	3142.00	3143.00	3143.00	3143.00	3143.50	3144.00	3144.00	3145.00	3145.00	3145.50	3146.00	3146.00	3146.50	3147.00	3147.00	3148.00	3148.00	3149.00	3149.00	3149.50	3150.00	3150.50	3151.00	3151.00	3152.00	3152.50	3153.00	3153.50	3154.00	3154.00	3155.00	3155.00	3156.00	3156.00	3156.50	3157.00	3158.00	3158.00	3158.50	3159.00	3159.50	3160.00	3160.50	3161.00	3161.00	3161.00	3162.00	3162.00	3162.00	3163.00	3163.50	3164.00	3165.00	3165.50	3166.00	3167.00	3167.50	3168.00	3169.00	3169.50	3170.50	3171.00	3172.00	3173.00	3173.00	3174.00	3174.50	3175.00	3176.00	3176.50	3177.00	3177.00	3178.00	3179.00	3179.00	3179.50	3180.00	3180.00	3181.00	3181.00	3182.00	3182.00	3182.50	3183.00	3183.50	3184.00	3184.00	3185.00	3185.50	3186.00	3186.50	3187.00	3187.00	3187.00	3187.50	3188.00	3188.00	3188.00	3188.50	3189.00	3189.00	3189.00	3189.00	3190.00	3190.00	3190.00	3190.00	3190.50	3191.00	3191.00	3192.00	3192.00	3192.50	3193.00	3193.00	3193.50	3194.00	3194.00	3194.00	3195.00	3195.00	3196.00	3196.50	3197.00	3197.00	3198.00	3199.00	3199.00
3090.50	3092.00	3092.50	3093.00	3093.00	3094.00	3094.00	3095.00	3095.00	3095.00	3095.00	3095.50	3096.00	3096.00	3096.00	3096.00	3096.00	3096.00	3096.50	3097.00	3097.00	3097.00	3097.00	3098.00	3098.50	3099.00	3100.00	3100.00	3101.00	3102.00	3102.50	3103.50	3105.00	3106.50	3107.00	3108.00	3109.50	3110.50	3111.50	3112.50	3113.50	3115.00	3115.00	3116.50	3117.00	3118.50	3119.00	3119.50	3121.00	3121.50	3122.00	3123.00	3123.50	3124.00	3125.00	3125.50	3126.00	3127.00	3127.00	3127.50	3128.00	3128.50	3129.00	3130.00	3130.00	3130.50	3131.00	3131.50	3132.00	3132.00	3133.00	3133.00	3134.00	3134.00	3134.50	3135.00	3135.00	3135.50	3136.00	3136.00	3136.00	3136.00	3136.00	3136.50	3137.00	3137.00	3137.00	3137.00	3137.00	3137.00	3137.00	3137.00	3137.00	3137.00	3137.00	3137.00	3138.00	3138.00	3138.00	3138.00	3138.00	3138.00	3138.00	3138.00	3138.00	3138.00	3138.00	3138.00	3138.50	3139.00	3139.00	3139.00	3139.00	3139.00	3140.00	3140.00	3140.00	3140.00	3140.50	3141.00	3141.00	3141.00	3141.00	3141.50	3142.00	3142.00	3142.00	3142.00	3142.00	3143.00	3143.00	3143.00	3143.50	3144.00	3144.00	3145.00	3145.00	3145.50	3146.00	3146.00	3146.50	3147.00	3147.00	3148.00	3148.00	3149.00	3149.00	3149.50	3150.00	3150.50	3151.00	3151.00	3152.00	3152.50	3153.00	3153.50	3154.00	3154.00	3155.00	3155.00	3156.00	3156.00	3156.50	3157.00	3158.00	3158.00	3158.50	3159.00	3159.50	3160.00	3160.50	3161.00	3161.00	3161.00	3162.00	3162.00	3162.00	3163.00	3163.50	3164.00	3165.00	3165.50	3166.00	3167.00	3167.50	3168.00	3169.00	3169.50	3170.50	3171.00	3172.00	3173.00	3173.00	3174.00	3174.50	3175.00	3176.00	3176.50	3177.00	3177.00	3178.00	3179.00	3179.00	3179.50	3180.00	3180.00	3181.00	3181.00	3182.00	3182.00	3182.50	3183.00	3183.50	3184.00	3184.00	3185.00	3185.50	3186.00	3186.50	3187.00	3187.00	3187.00	3187.50	3188.00	3188.00	3188.00	3188.50	3189.00	3189.00	3189.00	3189.00	3190.00	3190.00	3190.00	3190.00	3190.50	3191.00	3191.00	3192.00	3192.00	3192.50	3193.00	3193.00	3193.50	3194.00	3194.00	3194.00	3195.00	3195.00	3196.00	3196.50	3197.00	3197.00	3198.00	3199.00	3199.00
3090.50	3092.00	3092.50	3093.00	3093.00	3094.00	3094.00	3095.00	3095.00	3095.00	3095.00	3095.50	3096.00	3096.00	3096.00	3096.00	3096.00	3096.00	3096.50	3097.00	3097.00	3097.00	3097.00	3098.00	3098.50	3099.00	3100.00	3100.00	3101.00	3102.00	3102.50	3103.50	3105.00	3106.50	3107.00	3108.00	3109.50	3110.50	3111.50	3112.50	3113.50	3115.00	3115.00	3116.50	3117.00	3118.50	3119.00	3119.50	3121.00	3121.50	3122.00	3123.00	3123.50	3124.00	3125.00	3125.50	3126.00	3127.00	3127.00	3127.50	3128.00	3128.50	3129.00	3130.00	3130.00	3130.50	3131.00	3131.50	3132.00	3132.00	3133.00	3133.00	3134.00	3134.00	3134.50	3135.00	3135.00	3135.50	3136.00	3136.00	3136.00	3136.00	3136.00	3136.50	3137.00	3137.00	3137.00	3137.00	3137.00	3137.00	3137.00	3137.00	3137.00	3137.00	3137.00	3137.00	3138.00	3138.00	3138.00	3138.00	3138.00	3138.00	3138.00	3138.00	3138.00	3138.00	3138.00	3138.00	3138.50	3139.00	3139.00	3139.00	3139.00	3139.00	3140.00	3140.00	3140.00	3140.00	3140.50	3141.00	3141.00	3141.00	3141.00	3141.50	3142.00	3142.00	3142.00	3142.00	3142.00	3143.00	3143.00	3143.00	3143.50	3144.00	3144.00	3145.00	3145.00	3145.50	3146.00	3146.00	3146.50	3147.00	3147.00	3148.00	3148.00	3149.00	3149.00	3149.50	3150.00	3150.50	3151.00	3151.00	3152.00	3152.50	3153.00	3153.50	3154.00	3154.00	3155.00	3155.00	3156.00	3156.00	3156.50	3157.00	3158.00	3158.00	3158.50	3159.00	3159.50	3160.00	3160.50	3161.00	3161.00	3161.00	3162.00	3162.00	3162.00	3163.00	3163.50	3164.00	3165.00	3165.50	3166.00	3167.00	3167.50	3168.00	3169.00	3169.50	3170.50	3171.00	3172.00	3173.00	3173.00	3174.00	3174.50	3175.00	3176.00	3176.50	3177.00	3177.00	3178.00	3179.00	3179.00	3179.50	3180.00	3180.00	3181.00	3181.00	3182.00	3182.00	3182.50	3183.00	3183.50	3184.00	3184.00	3185.00	3185.50	3186.00	3186.50	3187.00	3187.00	3187.00	3187.50	3188.00	3188.00	3188.00	3188.50	3189.00	3189.00	3189.00	3189.00	3190.00	3190.00	3190.00	3190.00	3190.50	3191.00	3191.00	3192.00	3192.00	3192.50	3193.00	3193.00	3193.50	3194.00	3194.00	3194.00	3195.00	3195.00	3196.00	3196.50	3197.00	3197.00	3198.00	3199.00	3199.00
3090.50	3092.00	3092.50	3093.00	3093.00	3094.00	3094.00	3095.00	3095.00	3095.00	3095.00	3095.50	3096.00	3096.00	3096.00	3096.00	3096.00	3096.00	3096.50	3097.00	3097.00	3097.00	3097.00	3098.00	3098.50	3099.00	3100.00	3100.00	3101.00	3102.00	3102.50	3103.50	3105.00	3106.50	3107.00	3108.00	3109.50	3110.50	3111.50	3112.50	3113.50	3115.00	3115.00	3116.50	3117.00	3118.50	3119.00	3119.50	3121.00	3121.50	3122.00	3123.00	3123.50	3124.00	3125.00	3125.50	3126.00	3127.00	3127.00	3127.50	3128.00	3128.50	3129.00	3130.00	3130.00	3130.50	3131.00	3131.50	3132.00	3132.00	3133.00	3133.00	3134.00	3134.00	3134.50	3135.00	3135.00	3135.50	3136.00	3136.00	3136.00	3136.00	3136.00	3136.50	3137.00	3137.00	3137.00	3137.00	3137.00	3137.00	3137.00	3137.00	3137.00	3137.00	3137.00	3137.00	3138.00	3138.00	3138.00	3138.00	3138.00	3138.00	3138.00	3138.00	3138.00	3138.00	3138.00	3138.00	3138.50	3139.00	3139.00	3139.00	3139.00	3139.00	3140.00	3140.00	3140.00	3140.00	3140.50	3141.00	3141.00	3141.00	3141.00	3141.50	3142.00	3142.00	3142.00	3142.00	3142.00	3143.00	3143.00	3143.00	3143.50	3144.00	3144.00	3145.00	3145.00	3145.50	3146.00	3146.00	3146.50	3147.00	3147.00	3148.00	3148.00	3149.00	3149.00	3149.50	3150.00	3150.50	3151.00	3151.00	3152.00	3152.50	3153.00	3153.50	3154.00	3154.00	3155.00	3155.00	3156.00	3156.00	3156.50	3157.00	3158.00	3158.00	3158.50	3159.00	3159.50	3160.00	3160.50	3161.00	3161.00	3161.00	3162.00	3162.00	3162.00	3163.00	3163.50	3164.00	3165.00	3165.50	3166.00	3167.00	3167.50	3168.00	3169.00	3169.50	3170.50	3171.00	3172.00	3173.00	3173.00	3174.00	3174.50	3175.00	3176.00	3176.50	3177.00	3177.00	3178.00	3179.00	3179.00	3179.50	3180.00	3180.00	3181.00	3181.00	3182.00	3182.00	3182.50	3183.00	3183.50	3184.00	3184.00	3185.00	3185.50	3186.00	3186.50	3187.00	3187.00	3187.00	3187.50	3188.00	3188.00	3188.00	3188.50	3189.00	3189.00	3189.00	3189.00	3190.00	3190.00	3190.00	3190.00	3190.50	3191.00	3191.00	3192.00	3192.00	3192.50	3193.00	3193.00	3193.50	3194.00	3194.00	3194.00	3195.00	3195.00	3196.00	3196.50	3197.00	3197.00	3198.00	3199.00	3199.00
3090.00	3091.00	3092.00	3092.50	3093.00	3093.50	3093.75	3094.50	3094.50	3094.75	3095.00	3095.25	3095.75	3096.00	3096.00	3096.00	3096.00	3096.00	3096.25	3096.50	3096.50	3096.75	3097.00	3097.50	3097.75	3098.00	3099.00	3099.25	3100.00	3101.00	3101.50	3102.50	3103.50	3105.00	3105.50	3106.50	3108.00	3108.75	3109.75	3111.00	3111.75	3113.00	3113.50	3114.75	3115.50	3116.75	3117.25	3118.00	3119.00	3120.00	3120.50	3121.50	3122.50	3123.00	3124.00	3124.25	3124.75	3125.50	3125.75	3126.25	3126.50	3127.25	3127.75	3128.50	3128.50	3129.25	3129.50	3130.25	3130.75	3131.00	3132.00	3132.00	3133.00	3133.00	3133.75	3134.00	3134.50	3134.75	3135.00	3135.00	3135.00	3135.50	3135.50	3135.75	3136.00	3136.00	3136.25	3136.50	3136.50	3136.50	3136.50	3136.50	3136.50	3136.50	3136.50	3136.50	3137.00	3137.00	3137.00	3137.00	3137.25	3137.50	3137.50	3137.50	3137.50	3137.50	3137.50	3137.50	3137.75	3138.00	3138.00	3138.00	3138.50	3138.50	3139.00	3139.00	3139.00	3139.25	3139.75	3140.00	3140.00	3140.00	3140.25	3140.75	3141.25	3141.50	3141.50	3141.50	3142.00	3142.50	3142.75	3143.00	3143.25	3144.00	3144.00	3144.50	3145.00	3145.25	3145.50	3145.75	3146.25	3146.50	3147.00	3147.50	3148.00	3148.50	3148.50	3149.00	3149.50	3150.00	3150.50	3150.50	3151.50	3151.75	3152.50	3152.75	3153.00	3153.00	3153.50	3153.75	3154.50	3154.50	3155.25	3155.50	3156.50	3156.75	3157.25	3157.50	3158.00	3158.50	3159.00	3159.50	3159.50	3159.50	3160.50	3160.50	3161.00	3161.75	3162.25	3162.75	3164.00	3164.50	3165.00	3166.00	3166.75	3167.25	3168.25	3169.00	3169.75	3170.50	3171.00	3172.50	3172.50	3173.75	3174.50	3175.00	3176.00	3176.50	3177.00	3177.50	3178.00	3179.00	3179.00	3179.50	3180.00	3180.00	3181.00	3181.50	3182.00	3182.25	3182.75	3183.25	3183.75	3184.00	3184.50	3185.00	3185.25	3186.00	3186.25	3186.75	3187.00	3187.00	3187.50	3188.00	3188.00	3188.00	3188.25	3189.00	3189.00	3189.00	3189.50	3190.00	3190.00	3190.00	3190.00	3190.25	3191.00	3191.00	3191.50	3191.50	3192.00	3192.50	3192.50	3192.75	3193.25	3193.50	3193.50	3194.50	3194.50	3195.50	3196.00	3196.50	3196.50	3197.50	3198.50	3198.50
3089.50	3090.00	3091.50	3092.00	3093.00	3093.00	3093.50	3094.00	3094.00	3094.50	3095.00	3095.00	3095.50	3096.00	3096.00	3096.00	3096.00	3096.00	3096.00	3096.00	3096.00	3096.50	3097.00	3097.00	3097.00	3097.00	3098.00	3098.50	3099.00	3100.00	3100.50	3101.50	3102.00	3103.50	3104.00	3105.00	3106.50	3107.00	3108.00	3109.50	3110.00	3111.00	3112.00	3113.00	3114.00	3115.00	3115.50	3116.50	3117.00	3118.50	3119.00	3120.00	3121.50	3122.00	3123.00	3123.00	3123.50	3124.00	3124.50	3125.00	3125.00	3126.00	3126.50	3127.00	3127.00	3128.00	3128.00	3129.00	3129.50	3130.00	3131.00	3131.00	3132.00	3132.00	3133.00	3133.00	3134.00	3134.00	3134.00	3134.00	3134.00	3135.00	3135.00	3135.00	3135.00	3135.00	3135.50	3136.00	3136.00	3136.00	3136.00	3136.00	3136.00	3136.00	3136.00	3136.00	3136.00	3136.00	3136.00	3136.00	3136.50	3137.00	3137.00	3137.00	3137.00	3137.00	3137.00	3137.00	3137.00	3137.00	3137.00	3137.00	3138.00	3138.00	3138.00	3138.00	3138.00	3138.50	3139.00	3139.00	3139.00	3139.00	3139.50	3140.00	3140.50	3141.00	3141.00	3141.00	3142.00	3142.00	3142.50	3143.00	3143.00	3144.00	3144.00	3144.00	3145.00	3145.00	3145.00	3145.50	3146.00	3146.00	3147.00	3147.00	3148.00	3148.00	3148.00	3148.50	3149.00	3149.50	3150.00	3150.00	3151.00	3151.00	3152.00	3152.00	3152.00	3152.00	3152.00	3152.50	3153.00	3153.00	3154.00	3154.00	3155.00	3155.50	3156.00	3156.00	3156.50	3157.00	3157.50	3158.00	3158.00	3158.00	3159.00	3159.00	3160.00	3160.50	3161.00	3161.50	3163.00	3163.50	3164.00	3165.00	3166.00	3166.50	3167.50	3168.50	3169.00	3170.00	3170.00	3172.00	3172.00	3173.50	3174.50	3175.00	3176.00	3176.50	3177.00	3178.00	3178.00	3179.00	3179.00	3179.50	3180.00	3180.00	3181.00	3182.00	3182.00	3182.50	3183.00	3183.50	3184.00	3184.00	3185.00	3185.00	3185.00	3186.00	3186.00	3186.50	3187.00	3187.00	3187.50	3188.00	3188.00	3188.00	3188.00	3189.00	3189.00	3189.00	3190.00	3190.00	3190.00	3190.00	3190.00	3190.00	3191.00	3191.00	3191.00	3191.00	3191.50	3192.00	3192.00	3192.00	3192.50	3193.00	3193.00	3194.00	3194.00	3195.00	3195.50	3196.00	3196.00	3197.00	3198.00	3198.00
3089.50	3090.00	3091.50	3092.00	3093.00	3093.00	3093.50	3094.00	3094.00	3094.50	3095.00	3095.00	3095.50	3096.00	3096.00	3096.00	3096.00	3096.00	3096.00	3096.00	3096.00	3096.50	3097.00	3097.00	3097.00	3097.00	3098.00	3098.50	3099.00	3100.00	3100.50	3101.50	3102.00	3103.50	3104.00	3105.00	3106.50	3107.00	3108.00	3109.50	3110.00	3111.00	3112.00	3113.00	3114.00	3115.00	3115.50	3116.50	3117.00	3118.50	3119.00	3120.00	3121.50	3122.00	3123.00	3123.00	3123.50	3124.00	3124.50	3125.00	3125.00	3126.00	3126.50	3127.00	3127.00	3128.00	3128.00	3129.00	3129.50	3130.00	3131.00	3131.00	3132.00	3132.00	3133.00	3133.00	3134.00	3134.00	3134.00	3134.00	3134.00	3135.00	3135.00	3135.00	3135.00	3135.00	3135.50	3136.00	3136.00	3136.00	3136.00	3136.00	3136.00	3136.00	3136.00	3136.00	3136.00	3136.00	3136.00	3136.00	3136.50	3137.00	3137.00	3137.00	3137.00	3137.00	3137.00	3137.00	3137.00	3137.00	3137.00	3137.00	3138.00	3138.00	3138.00	3138.00	3138.00	3138.50	3139.00	3139.00	3139.00	3139.00	3139.50	3140.00	3140.50	3141.00	3141.00	3141.00	3142.00	3142.00	3142.50	3143.00	3143.00	3144.00	3144.00	3144.00	3145.00	3145.00	3145.00	3145.50	3146.00	3146.00	3147.00	3147.00	3148.00	3148.00	3148.00	3148.50	3149.00	3149.50	3150.00	3150.00	3151.00	3151.00	3152.00	3152.00	3152.00	3152.00	3152.00	3152.50	3153.00	3153.00	3154.00	3154.00	3155.00	3155.50	3156.00	3156.00	3156.50	3157.00	3157.50	3158.00	3158.00	3158.00	3159.00	3159.00	3160.00	3160.50	3161.00	3161.50	3163.00	3163.50	3164.00	3165.00	3166.00	3166.50	3167.50	3168.50	3169.00	3170.00	3170.00	3172.00	3172.00	3173.50	3174.50	3175.00	3176.00	3176.50	3177.00	3178.00	3178.00	3179.00	3179.00	3179.50	3180.00	3180.00	3181.00	3182.00	3182.00	3182.50	3183.00	3183.50	3184.00	3184.00	3185.00	3185.00	3185.00	3186.00	3186.00	3186.50	3187.00	3187.00	3187.50	3188.00	3188.00	3188.00	3188.00	3189.00	3189.00	3189.00	3190.00	3190.00	3190.00	3190.00	3190.00	3190.00	3191.00	3191.00	3191.00	3191.00	3191.50	3192.00	3192.00	3192.00	3192.50	3193.00	3193.00	3194.00	3194.00	3195.00	3195.50	3196.00	3196.00	3197.00	3198.00	3198.00
3089.50	3090.00	3091.50	3092.00	3093.00	3093.00	3093.50	3094.00	3094.00	3094.50	3095.00	3095.00	3095.50	3096.00	3096.00	3096.00	3096.00	3096.00	3096.00	3096.00	3096.00	3096.50	3097.00	3097.00	3097.00	3097.00	3098.00	3098.50	3099.00	3100.00	3100.50	3101.50	3102.00	3103.50	3104.00	3105.00	3106.50	3107.00	3108.00	3109.50	3110.00	3111.00	3112.00	3113.00	3114.00	3115.00	3115.50	3116.50	3117.00	3118.50	3119.00	3120.00	3121.50	3122.00	3123.00	3123.00	3123.50	3124.00	3124.50	3125.00	3125.00	3126.00	3126.50	3127.00	3127.00	3128.00	3128.00	3129.00	3129.50	3130.00	3131.00	3131.00	3132.00	3132.00	3133.00	3133.00	3134.00	3134.00	3134.00	3134.00	3134.00	3135.00	3135.00	3135.00	3135.00	3135.00	3135.50	3136.00	3136.00	3136.00	3136.00	3136.00	3136.00	3136.00	3136.00	3136.00	3136.00	3136.00	3136.00	3136.00	3136.50	3137.00	3137.00	3137.00	3137.00	3137.00	3137.00	3137.00	3137.00	3137.00	3137.00	3137.00	3138.00	3138.00	3138.00	3138.00	3138.00	3138.50	3139.00	3139.00	3139.00	3139.00	3139.50	3140.00	3140.50	3141.00	3141.00	3141.00	3142.00	3142.00	3142.50	3143.00	3143.00	3144.00	3144.00	3144.00	3145.00	3145.00	3145.00	3145.50	3146.00	3146.00	3147.00	3147.00	3148.00	3148.00	3148.00	3148.50	3149.00	3149.50	3150.00	3150.00	3151.00	3151.00	3152.00	3152.00	3152.00	3152.00	3152.00	3152.50	3153.00	3153.00	3154.00	3154.00	3155.00	3155.50	3156.00	3156.00	3156.50	3157.00	3157.50	3158.00	3158.00	3158.00	3159.00	3159.00	3160.00	3160.50	3161.00	3161.50	3163.00	3163.50	3164.00	3165.00	3166.00	3166.50	3167.50	3168.50	3169.00	3170.00	3170.00	3172.00	3172.00	3173.50	3174.50	3175.00	3176.00	3176.50	3177.00	3178.00	3178.00	3179.00	3179.00	3179.50	3180.00	3180.00	3181.00	3182.00	3182.00	3182.50	3183.00	3183.50	3184.00	3184.00	3185.00	3185.00	3185.00	3186.00	3186.00	3186.50	3187.00	3187.00	3187.50	3188.00	3188.00	3188.00	3188.00	3189.00	3189.00	3189.00	3190.00	3190.00	3190.00	3190.00	3190.00	3190.00	3191.00	3191.00	3191.00	3191.00	3191.50	3192.00	3192.00	3192.00	3192.50	3193.00	3193.00	3194.00	3194.00	3195.00	3195.50	3196.00	3196.00	3197.00	3198.00	3198.00
3089.50	3090.00	3091.50	3092.00	3093.00	3093.00	3093.50	3094.00	3094.00	3094.50	3095.00	3095.00	3095.50	3096.00	3096.00	3096.00	3096.00	3096.00	3096.00	3096.00	3096.00	3096.50	3097.00	3097.00	3097.00	3097.00	3098.00	3098.50	3099.00	3100.00	3100.50	3101.50	3102.00	3103.50	3104.00	3105.00	3106.50	3107.00	3108.00	3109.50	3110.00	3111.00	3112.00	3113.00	3114.00	3115.00	3115.50	3116.50	3117.00	3118.50	3119.00	3120.00	3121.50	3122.00	3123.00	3123.00	3123.50	3124.00	3124.50	3125.00	3125.00	3126.00	3126.50	3127.00	3127.00	3128.00	3128.00	3129.00	3129.50	3130.00	3131.00	3131.00	3132.00	3132.00	3133.00	3133.00	3134.00	3134.00	3134.00	3134.00	3134.00	3135.00	3135.00	3135.00	3135.00	3135.00	3135.50	3136.00	3136.00	3136.00	3136.00	3136.00	3136.00	3136.00	3136.00	3136.00	3136.00	3136.00	3136.00	3136.00	3136.50	3137.00	3137.00	3137.00	3137.00	3137.00	3137.00	3137.00	3137.00	3137.00	3137.00	3137.00	3138.00	3138.00	3138.00	3138.00	3138.00	3138.50	3139.00	3139.00	3139.00	3139.00	3139.50	3140.00	3140.50	3141.00	3141.00	3141.00	3142.00	3142.00	3142.50	3143.00	3143.00	3144.00	3144.00	3144.00	3145.00	3145.00	3145.00	3145.50	3146.00	3146.00	3147.00	3147.00	3148.00	3148.00	3148.00	3148.50	3149.00	3149.50	3150.00	3150.00	3151.00	3151.00	3152.00	3152.00	3152.00	3152.00	3152.00	3152.50	3153.00	3153.00	3154.00	3154.00	3155.00	3155.50	3156.00	3156.00	3156.50	3157.00	3157.50	3158.00	3158.00	3158.00	3159.00	3159.00	3160.00	3160.50	3161.00	3161.50	3163.00	3163.50	3164.00	3165.00	3166.00	3166.50	3167.50	3168.50	3169.00	3170.00	3170.00	3172.00	3172.00	3173.50	3174.50	3175.00	3176.00	3176.50	3177.00	3178.00	3178.00	3179.00	3179.00	3179.50	3180.00	3180.00	3181.00	3182.00	3182.00	3182.50	3183.00	3183.50	3184.00	3184.00	3185.00	3185.00	3185.00	3186.00	3186.00	3186.50	3187.00	3187.00	3187.50	3188.00	3188.00	3188.00	3188.00	3189.00	3189.00	3189.00	3190.00	3190.00	3190.00	3190.00	3190.00	3190.00	3191.00	3191.00	3191.00	3191.00	3191.50	3192.00	3192.00	3192.00	3192.50	3193.00	3193.00	3194.00	3194.00	3195.00	3195.50	3196.00	3196.00	3197.00	3198.00	3198.00
3088.75	3089.50	3090.75	3091.50	3092.50	3092.75	3093.25	3094.00	3094.00	3094.50	3095.00	3095.00	3095.50	3096.00	3096.00	3096.00	3096.00	3096.00	3096.00	3096.00	3096.00	3096.25	3096.50	3096.75	3097.00	3097.00	3097.50	3097.75	3098.50	3099.25	3099.75	3100.50	3101.00	3102.25	3103.00	3103.50	3105.00	3105.50	3106.50	3108.00	3108.50	3109.50	3110.50	3111.25	3112.50	3113.25	3114.00	3114.75	3115.50	3116.75	3117.50	3118.50	3119.50	3120.25	3121.25	3121.50	3122.00	3122.50	3123.25	3123.75	3124.00	3124.75	3125.25	3126.00	3126.00	3127.00	3127.50	3128.00	3128.50	3129.00	3129.75	3130.00	3131.00	3131.00	3131.75	3132.00	3132.75	3133.00	3133.00	3133.00	3133.00	3134.00	3134.00	3134.00	3134.00	3134.25	3134.75	3135.00	3135.00	3135.00	3135.00	3135.00	3135.00	3135.00	3135.00	3135.00	3135.00	3135.00	3135.00	3135.25	3135.75	3136.00	3136.00	3136.00	3136.00	3136.00	3136.00	3136.00	3136.25	3136.50	3136.50	3136.50	3137.25	3137.50	3137.50	3137.50	3137.75	3138.25	3138.50	3138.50	3139.00	3139.00	3139.25	3140.00	3140.25	3140.75	3141.00	3141.00	3142.00	3142.00	3142.50	3143.00	3143.00	3143.75	3144.00	3144.00	3144.50	3144.75	3145.00	3145.25	3145.50	3145.50	3146.50	3146.50	3147.50	3147.50	3147.50	3148.00	3148.50	3148.75	3149.00	3149.00	3150.00	3150.00	3150.50	3150.50	3150.50	3150.75	3151.00	3151.25	3151.50	3152.00	3152.50	3152.50	3153.25	3153.75	3154.00	3154.50	3154.75	3155.25	3155.75	3156.25	3156.50	3157.00	3157.50	3158.00	3158.50	3159.25	3159.75	3160.50	3161.75	3162.50	3163.00	3164.00	3164.75	3165.50	3166.50	3167.50	3168.00	3169.00	3169.50	3171.00	3171.00	3172.50	3173.25	3173.75	3174.75	3175.50	3176.50	3177.00	3177.50	3178.00	3178.50	3179.00	3179.50	3179.50	3180.50	3181.50	3181.50	3182.00	3182.50	3182.75	3183.25	3183.50	3184.00	3184.50	3184.50	3185.50	3185.50	3186.00	3186.50	3186.50	3187.00	3187.50	3187.50	3187.50	3187.50	3188.50	3188.50	3188.50	3189.00	3189.00	3189.25	3189.50	3189.50	3189.50	3190.00	3190.00	3190.00	3190.00	3190.25	3190.50	3190.50	3190.75	3191.25	3191.50	3192.00	3192.50	3192.75	3193.75	3194.25	3194.50	3195.00	3195.50	3196.50	3196.50
3088.00	3089.00	3090.00	3091.00	3092.00	3092.50	3093.00	3094.00	3094.00	3094.50	3095.00	3095.00	3095.50	3096.00	3096.00	3096.00	3096.00	3096.00	3096.00	3096.00	3096.00	3096.00	3096.00	3096.50	3097.00	3097.00	3097.00	3097.00	3098.00	3098.50	3099.00	3099.50	3100.00	3101.00	3102.00	3102.00	3103.50	3104.00	3105.00	3106.50	3107.00	3108.00	3109.00	3109.50	3111.00	3111.50	3112.50	3113.00	3114.00	3115.00	3116.00	3117.00	3117.50	3118.50	3119.50	3120.00	3120.50	3121.00	3122.00	3122.50	3123.00	3123.50	3124.00	3125.00	3125.00	3126.00	3127.00	3127.00	3127.50	3128.00	3128.50	3129.00	3130.00	3130.00	3130.50	3131.00	3131.50	3132.00	3132.00	3132.00	3132.00	3133.00	3133.00	3133.00	3133.00	3133.50	3134.00	3134.00	3134.00	3134.00	3134.00	3134.00	3134.00	3134.00	3134.00	3134.00	3134.00	3134.00	3134.00	3134.50	3135.00	3135.00	3135.00	3135.00	3135.00	3135.00	3135.00	3135.00	3135.50	3136.00	3136.00	3136.00	3136.50	3137.00	3137.00	3137.00	3137.50	3138.00	3138.00	3138.00	3139.00	3139.00	3139.00	3140.00	3140.00	3140.50	3141.00	3141.00	3142.00	3142.00	3142.50	3143.00	3143.00	3143.50	3144.00	3144.00	3144.00	3144.50	3145.00	3145.00	3145.00	3145.00	3146.00	3146.00	3147.00	3147.00	3147.00	3147.50	3148.00	3148.00	3148.00	3148.00	3149.00	3149.00	3149.00	3149.00	3149.00	3149.50	3150.00	3150.00	3150.00	3151.00	3151.00	3151.00	3151.50	3152.00	3152.00	3153.00	3153.00	3153.50	3154.00	3154.50	3155.00	3156.00	3156.00	3157.00	3157.00	3158.00	3158.50	3159.50	3160.50	3161.50	3162.00	3163.00	3163.50	3164.50	3165.50	3166.50	3167.00	3168.00	3169.00	3170.00	3170.00	3171.50	3172.00	3172.50	3173.50	3174.50	3176.00	3176.00	3177.00	3177.00	3178.00	3178.50	3179.00	3179.00	3180.00	3181.00	3181.00	3181.50	3182.00	3182.00	3182.50	3183.00	3183.00	3184.00	3184.00	3185.00	3185.00	3185.50	3186.00	3186.00	3186.50	3187.00	3187.00	3187.00	3187.00	3188.00	3188.00	3188.00	3188.00	3188.00	3188.50	3189.00	3189.00	3189.00	3189.00	3189.00	3189.00	3189.00	3189.00	3189.00	3189.00	3189.50	3190.00	3190.00	3191.00	3191.00	3191.50	3192.50	3193.00	3193.00	3194.00	3194.00	3195.00	3195.00
3088.00	3089.00	3090.00	3091.00	3092.00	3092.50	3093.00	3094.00	3094.00	3094.50	3095.00	3095.00	3095.50	3096.00	3096.00	3096.00	3096.00	3096.00	3096.00	3096.00	3096.00	3096.00	3096.00	3096.50	3097.00	3097.00	3097.00	3097.00	3098.00	3098.50	3099.00	3099.50	3100.00	3101.00	3102.00	3102.00	3103.50	3104.00	3105.00	3106.50	3107.00	3108.00	3109.00	3109.50	3111.00	3111.50	3112.50	3113.00	3114.00	3115.00	3116.00	3117.00	3117.50	3118.50	3119.50	3120.00	3120.50	3121.00	3122.00	3122.50	3123.00	3123.50	3124.00	3125.00	3125.00	3126.00	3127.00	3127.00	3127.50	3128.00	3128.50	3129.00	3130.00	3130.00	3130.50	3131.00	3131.50	3132.00	3132.00	3132.00	3132.00	3133.00	3133.00	3133.00	3133.00	3133.50	3134.00	3134.00	3134.00	3134.00	3134.00	3134.00	3134.00	3134.00	3134.00	3134.00	3134.00	3134.00	3134.00	3134.50	3135.00	3135.00	3135.00	3135.00	3135.00	3135.00	3135.00	3135.00	3135.50	3136.00	3136.00	3136.00	3136.50	3137.00	3137.00	3137.00	3137.50	3138.00	3138.00	3138.00	3139.00	3139.00	3139.00	3140.00	3140.00	3140.50	3141.00	3141.00	3142.00	3142.00	3142.50	3143.00	3143.00	3143.50	3144.00	3144.00	3144.00	3144.50	3145.00	3145.00	3145.00	3145.00	3146.00	3146.00	3147.00	3147.00	3147.00	3147.50	3148.00	3148.00	3148.00	3148.00	3149.00	3149.00	3149.00	3149.00	3149.00	3149.50	3150.00	3150.00	3150.00	3151.00	3151.00	3151.00	3151.50	3152.00	3152.00	3153.00	3153.00	3153.50	3154.00	3154.50	3155.00	3156.00	3156.00	3157.00	3157.00	3158.00	3158.50	3159.50	3160.50	3161.50	3162.00	3163.00	3163.50	3164.50	3165.50	3166.50	3167.00	3168.00	3169.00	3170.00	3170.00	3171.50	3172.00	3172.50	3173.50	3174.50	3176.00	3176.00	3177.00	3177.00	3178.00	3178.50	3179.00	3179.00	3180.00	3181.00	3181.00	3181.50	3182.00	3182.00	3182.50	3183.00	3183.00	3184.00	3184.00	3185.00	3185.00	3185.50	3186.00	3186.00	3186.50	3187.00	3187.00	3187.00	3187.00	3188.00	3188.00	3188.00	3188.00	3188.00	3188.50	3189.00	3189.00	3189.00	3189.00	3189.00	3189.00	3189.00	3189.00	3189.00	3189.00	3189.50	3190.00	3190.00	3191.00	3191.00	3191.50	3192.50	3193.00	3193.00	3194.00	3194.00	3195.00	3195.00
3088.00	3089.00	3090.00	3091.00	3092.00	3092.50	3093.00	3094.00	3094.00	3094.50	3095.00	3095.00	3095.50	3096.00	3096.00	3096.00	3096.00	3096.00	3096.00	3096.00	3096.00	3096.00	3096.00	3096.50	3097.00	3097.00	3097.00	3097.00	3098.00	3098.50	3099.00	3099.50	3100.00	3101.00	3102.00	3102.00	3103.50	3104.00	3105.00	3106.50	3107.00	3108.00	3109.00	3109.50	3111.00	3111.50	3112.50	3113.00	3114.00	3115.00	3116.00	3117.00	3117.50	3118.50	3119.50	3120.00	3120.50	3121.00	3122.00	3122.50	3123.00	3123.50	3124.00	3125.00	3125.00	3126.00	3127.00	3127.00	3127.50	3128.00	3128.50	3129.00	3130.00	3130.00	3130.50	3131.00	3131.50	3132.00	3132.00	3132.00	3132.00	3133.00	3133.00	3133.00	3133.00	3133.50	3134.00	3134.00	3134.00	3134.00	3134.00	3134.00	3134.00	3134.00	3134.00	3134.00	3134.00	3134.00	3134.00	3134.50	3135.00	3135.00	3135.00	3135.00	3135.00	3135.00	3135.00	3135.00	3135.50	3136.00	3136.00	3136.00	3136.50	3137.00	3137.00	3137.00	3137.50	3138.00	3138.00	3138.00	3139.00	3139.00	3139.00	3140.00	3140.00	3140.50	3141.00	3141.00	3142.00	3142.00	3142.50	3143.00	3143.00	3143.50	3144.00	3144.00	3144.00	3144.50	3145.00	3145.00	3145.00	3145.00	3146.00	3146.00	3147.00	3147.00	3147.00	3147.50	3148.00	3148.00	3148.00	3148.00	3149.00	3149.00	3149.00	3149.00	3149.00	3149.50	3150.00	3150.00	3150.00	3151.00	3151.00	3151.00	3151.50	3152.00	3152.00	3153.00	3153.00	3153.50	3154.00	3154.50	3155.00	3156.00	3156.00	3157.00	3157.00	3158.00	3158.50	3159.50	3160.50	3161.50	3162.00	3163.00	3163.50	3164.50	3165.50	3166.50	3167.00	3168.00	3169.00	3170.00	3170.00	3171.50	3172.00	3172.50	3173.50	3174.50	3176.00	3176.00	3177.00	3177.00	3178.00	3178.50	3179.00	3179.00	3180.00	3181.00	3181.00	3181.50	3182.00	3182.00	3182.50	3183.00	3183.00	3184.00	3184.00	3185.00	3185.00	3185.50	3186.00	3186.00	3186.50	3187.00	3187.00	3187.00	3187.00	3188.00	3188.00	3188.00	3188.00	3188.00	3188.50	3189.00	3189.00	3189.00	3189.00	3189.00	3189.00	3189.00	3189.00	3189.00	3189.00	3189.50	3190.00	3190.00	3191.00	3191.00	3191.50	3192.50	3193.00	3193.00	3194.00	3194.00	3195.00	3195.00
3088.00	3089.00	3090.00	3091.00	3092.00	3092.50	3093.00	3094.00	3094.00	3094.50	3095.00	3095.00	3095.50	3096.00	3096.00	3096.00	3096.00	3096.00	3096.00	3096.00	3096.00	3096.00	3096.00	3096.50	3097.00	3097.00	3097.00	3097.00	3098.00	3098.50	3099.00	3099.50	3100.00	3101.00	3102.00	3102.00	3103.50	3104.00	3105.00	3106.50	3107.00	3108.00	3109.00	3109.50	3111.00	3111.50	3112.50	3113.00	3114.00	3115.00	3116.00	3117.00	3117.50	3118.50	3119.50	3120.00	3120.50	3121.00	3122.00	3122.50	3123.00	3123.50	3124.00	3125.00	3125.00	3126.00	3127.00	3127.00	3127.50	3128.00	3128.50	3129.00	3130.00	3130.00	3130.50	3131.00	3131.50	3132.00	3132.00	3132.00	3132.00	3133.00	3133.00	3133.00	3133.00	3133.50	3134.00	3134.00	3134.00	3134.00	3134.00	3134.00	3134.00	3134.00	3134.00	3134.00	3134.00	3134.00	3134.00	3134.50	3135.00	3135.00	3135.00	3135.00	3135.00	3135.00	3135.00	3135.00	3135.50	3136.00	3136.00	3136.00	3136.50	3137.00	3137.00	3137.00	3137.50	3138.00	3138.00	3138.00	3139.00	3139.00	3139.00	3140.00	3140.00	3140.50	3141.00	3141.00	3142.00	3142.00	3142.50	3143.00	3143.00	3143.50	3144.00	3144.00	3144.00	3144.50	3145.00	3145.00	3145.00	3145.00	3146.00	3146.00	3147.00	3147.00	3147.00	3147.50	3148.00	3148.00	3148.00	3148.00	3149.00	3149.00	3149.00	3149.00	3149.00	3149.50	3150.00	3150.00	3150.00	3151.00	3151.00	3151.00	3151.50	3152.00	3152.00	3153.00	3153.00	3153.50	3154.00	3154.50	3155.00	3156.00	3156.00	3157.00	3157.00	3158.00	3158.50	3159.50	3160.50	3161.50	3162.00	3163.00	3163.50	3164.50	3165.50	3166.50	3167.00	3168.00	3169.00	3170.00	3170.00	3171.50	3172.00	3172.50	3173.50	3174.50	3176.00	3176.00	3177.00	3177.00	3178.00	3178.50	3179.00	3179.00	3180.00	3181.00	3181.00	3181.50	3182.00	3182.00	3182.50	3183.00	3183.00	3184.00	3184.00	3185.00	3185.00	3185.50	3186.00	3186.00	3186.50	3187.00	3187.00	3187.00	3187.00	3188.00	3188.00	3188.00	3188.00	3188.00	3188.50	3189.00	3189.00	3189.00	3189.00	3189.00	3189.00	3189.00	3189.00	3189.00	3189.00	3189.50	3190.00	3190.00	3191.00	3191.00	3191.50	3192.50	3193.00	3193.00	3194.00	3194.00	3195.00	3195.00
3088.00	3089.00	3090.00	3091.00	3092.00	3092.50	3093.00	3094.00	3094.00	3094.50	3095.00	3095.00	3095.50	3096.00	3096.00	3096.00	3096.00	3096.00	3096.00	3096.00	3096.00	3096.00	3096.00	3096.50	3097.00	3097.00	3097.00	3097.00	3098.00	3098.50	3099.00	3099.50	3100.00	3101.00	3102.00	3102.00	3103.50	3104.00	3105.00	3106.50	3107.00	3108.00	3109.00	3109.50	3111.00	3111.50	3112.50	3113.00	3114.00	3115.00	3116.00	3117.00	3117.50	3118.50	3119.50	3120.00	3120.50	3121.00	3122.00	3122.50	3123.00	3123.50	3124.00	3125.00	3125.00	3126.00	3127.00	3127.00	3127.50	3128.00	3128.50	3129.00	3130.00	3130.00	3130.50	3131.00	3131.50	3132.00	3132.00	3132.00	3132.00	3133.00	3133.00	3133.00	3133.00	3133.50	3134.00	3134.00	3134.00	3134.00	3134.00	3134.00	3134.00	3134.00	3134.00	3134.00	3134.00	3134.00	3134.00	3134.50	3135.00	3135.00	3135.00	3135.00	3135.00	3135.00	3135.00	3135.00	3135.50	3136.00	3136.00	3136.00	3136.50	3137.00	3137.00	3137.00	3137.50	3138.00	3138.00	3138.00	3139.00	3139.00	3139.00	3140.00	3140.00	3140.50	3141.00	3141.00	3142.00	3142.00	3142.50	3143.00	3143.00	3143.50	3144.00	3144.00	3144.00	3144.50	3145.00	3145.00	3145.00	3145.00	3146.00	3146.00	3147.00	3147.00	3147.00	3147.50	3148.00	3148.00	3148.00	3148.00	3149.00	3149.00	3149.00	3149.00	3149.00	3149.50	3150.00	3150.00	3150.00	3151.00	3151.00	3151.00	3151.50	3152.00	3152.00	3153.00	3153.00	3153.50	3154.00	3154.50	3155.00	3156.00	3156.00	3157.00	3157.00	3158.00	3158.50	3159.50	3160.50	3161.50	3162.00	3163.00	3163.50	3164.50	3165.50	3166.50	3167.00	3168.00	3169.00	3170.00	3170.00	3171.50	3172.00	3172.50	3173.50	3174.50	3176.00	3176.00	3177.00	3177.00	3178.00	3178.50	3179.00	3179.00	3180.00	3181.00	3181.00	3181.50	3182.00	3182.00	3182.50	3183.00	3183.00	3184.00	3184.00	3185.00	3185.00	3185.50	3186.00	3186.00	3186.50	3187.00	3187.00	3187.00	3187.00	3188.00	3188.00	3188.00	3188.00	3188.00	3188.50	3189.00	3189.00	3189.00	3189.00	3189.00	3189.00	3189.00	3189.00	3189.00	3189.00	3189.50	3190.00	3190.00	3191.00	3191.00	3191.50	3192.50	3193.00	3193.00	3194.00	3194.00	3195.00	3195.00
3088.00	3089.00	3089.75	3090.50	3091.50	3092.00	3092.50	3093.50	3093.75	3094.25	3095.00	3095.00	3095.25	3096.00	3096.00	3096.00	3096.00	3096.00	3096.25	3096.50	3096.50	3096.50	3096.50	3096.75	3097.00	3097.00	3097.50	3097.50	3098.00	3098.25	3098.75	3099.25	3099.50	3100.50	3101.50	3101.50	3102.75	3103.25	3104.25	3105.25	3105.75	3107.00	3107.50	3108.25	3109.50	3110.25	3111.00	3111.50	3112.50	3113.50	3114.50	3115.50	3116.00	3116.75	3118.00	3118.50	3119.00	3119.50	3120.50	3121.00	3121.50	3122.25	3122.75	3123.50	3124.00	3124.75	3126.00	3126.00	3126.50	3127.00	3127.50	3128.00	3128.50	3128.50	3129.25	3129.50	3130.25	3130.50	3130.50	3131.00	3131.00	3131.50	3131.50	3132.00	3132.00	3132.25	3132.75	3133.00	3133.00	3133.00	3133.00	3133.00	3133.00	3133.00	3133.00	3133.00	3133.00	3133.00	3133.00	3133.50	3134.00	3134.00	3134.00	3134.00	3134.00	3134.00	3134.00	3134.50	3134.75	3135.00	3135.00	3135.50	3135.75	3136.50	3136.50	3136.75	3137.25	3137.50	3137.75	3138.00	3138.50	3138.50	3138.75	3139.50	3139.50	3140.00	3140.50	3140.50	3141.50	3141.50	3142.25	3142.50	3142.50	3143.25	3143.50	3143.50	3143.50	3144.25	3144.50	3144.50	3144.75	3145.00	3145.50	3145.50	3146.00	3146.00	3146.50	3146.75	3147.00	3147.00	3147.00	3147.00	3147.50	3148.00	3148.00	3148.00	3148.00	3148.25	3148.50	3148.50	3148.50	3149.50	3149.50	3149.50	3149.75	3150.25	3150.50	3151.00	3151.50	3151.75	3152.50	3153.00	3153.50	3154.00	3154.50	3155.50	3155.50	3156.50	3157.00	3157.75	3158.75	3159.50	3160.00	3161.00	3161.75	3162.50	3163.75	3164.50	3165.25	3166.00	3167.00	3168.00	3168.50	3169.50	3170.00	3170.50	3171.75	3172.50	3174.00	3174.00	3175.25	3175.50	3176.50	3177.00	3177.50	3178.00	3178.75	3179.50	3179.50	3180.25	3180.50	3181.00	3181.25	3181.75	3182.00	3183.00	3183.25	3184.00	3184.00	3184.50	3185.00	3185.00	3185.50	3186.00	3186.00	3186.25	3186.50	3187.00	3187.00	3187.00	3187.00	3187.00	3187.25	3187.50	3187.50	3187.50	3187.50	3187.50	3187.50	3187.50	3187.50	3187.50	3187.50	3187.75	3188.00	3188.00	3188.50	3188.75	3189.25	3190.25	3190.50	3190.75	3191.50	3192.00	3193.00	3193.00
3088.00	3089.00	3089.50	3090.00	3091.00	3091.50	3092.00	3093.00	3093.50	3094.00	3095.00	3095.00	3095.00	3096.00	3096.00	3096.00	3096.00	3096.00	3096.50	3097.00	3097.00	3097.00	3097.00	3097.00	3097.00	3097.00	3098.00	3098.00	3098.00	3098.00	3098.50	3099.00	3099.00	3100.00	3101.00	3101.00	3102.00	3102.50	3103.50	3104.00	3104.50	3106.00	3106.00	3107.00	3108.00	3109.00	3109.50	3110.00	3111.00	3112.00	3113.00	3114.00	3114.50	3115.00	3116.50	3117.00	3117.50	3118.00	3119.00	3119.50	3120.00	3121.00	3121.50	3122.00	3123.00	3123.50	3125.00	3125.00	3125.50	3126.00	3126.50	3127.00	3127.00	3127.00	3128.00	3128.00	3129.00	3129.00	3129.00	3130.00	3130.00	3130.00	3130.00	3131.00	3131.00	3131.00	3131.50	3132.00	3132.00	3132.00	3132.00	3132.00	3132.00	3132.00	3132.00	3132.00	3132.00	3132.00	3132.00	3132.50	3133.00	3133.00	3133.00	3133.00	3133.00	3133.00	3133.00	3134.00	3134.00	3134.00	3134.00	3135.00	3135.00	3136.00	3136.00	3136.50	3137.00	3137.00	3137.50	3138.00	3138.00	3138.00	3138.50	3139.00	3139.00	3139.50	3140.00	3140.00	3141.00	3141.00	3142.00	3142.00	3142.00	3143.00	3143.00	3143.00	3143.00	3144.00	3144.00	3144.00	3144.50	3145.00	3145.00	3145.00	3145.00	3145.00	3146.00	3146.00	3146.00	3146.00	3146.00	3146.00	3146.00	3147.00	3147.00	3147.00	3147.00	3147.00	3147.00	3147.00	3147.00	3148.00	3148.00	3148.00	3148.00	3148.50	3149.00	3149.00	3150.00	3150.00	3151.00	3151.50	3152.00	3152.00	3153.00	3154.00	3154.00	3155.00	3155.50	3156.00	3157.00	3157.50	3158.00	3159.00	3160.00	3160.50	3162.00	3162.50	3163.50	3164.00	3165.00	3166.00	3167.00	3167.50	3168.00	3168.50	3170.00	3170.50	3172.00	3172.00	3173.50	3174.00	3175.00	3175.50	3176.00	3177.00	3177.50	3178.00	3178.00	3179.00	3179.00	3180.00	3180.00	3180.50	3181.00	3182.00	3182.50	3183.00	3183.00	3183.50	3184.00	3184.00	3184.50	3185.00	3185.00	3185.50	3186.00	3186.00	3186.00	3186.00	3186.00	3186.00	3186.00	3186.00	3186.00	3186.00	3186.00	3186.00	3186.00	3186.00	3186.00	3186.00	3186.00	3186.00	3186.00	3186.00	3186.00	3186.50	3187.00	3188.00	3188.00	3188.50	3189.00	3190.00	3191.00	3191.00
3088.00	3089.00	3089.50	3090.00	3091.00	3091.50	3092.00	3093.00	3093.50	3094.00	3095.00	3095.00	3095.00	3096.00	3096.00	3096.00	3096.00	3096.00	3096.50	3097.00	3097.00	3097.00	3097.00	3097.00	3097.00	3097.00	3098.00	3098.00	3098.00	3098.00	3098.50	3099.00	3099.00	3100.00	3101.00	3101.00	3102.00	3102.50	3103.50	3104.00	3104.50	3106.00	3106.00	3107.00	3108.00	3109.00	3109.50	3110.00	3111.00	3112.00	3113.00	3114.00	3114.50	3115.00	3116.50	3117.00	3117.50	3118.00	3119.00	3119.50	3120.00	3121.00	3121.50	3122.00	3123.00	3123.50	3125.00	3125.00	3125.50	3126.00	3126.50	3127.00	3127.00	3127.00	3128.00	3128.00	3129.00	3129.00	3129.00	3130.00	3130.00	3130.00	3130.00	3131.00	3131.00	3131.00	3131.50	3132.00	3132.00	3132.00	3132.00	3132.00	3132.00	3132.00	3132.00	3132.00	3132.00	3132.00	3132.00	3132.50	3133.00	3133.00	3133.00	3133.00	3133.00	3133.00	3133.00	3134.00	3134.00	3134.00	3134.00	3135.00	3135.00	3136.00	3136.00	3136.50	3137.00	3137.00	3137.50	3138.00	3138.00	3138.00	3138.50	3139.00	3139.00	3139.50	3140.00	3140.00	3141.00	3141.00	3142.00	3142.00	3142.00	3143.00	3143.00	3143.00	3143.00	3144.00	3144.00	3144.00	3144.50	3145.00	3145.00	3145.00	3145.00	3145.00	3146.00	3146.00	3146.00	3146.00	3146.00	3146.00	3146.00	3147.00	3147.00	3147.00	3147.00	3147.00	3147.00	3147.00	3147.00	3148.00	3148.00	3148.00	3148.00	3148.50	3149.00	3149.00	3150.00	3150.00	3151.00	3151.50	3152.00	3152.00	3153.00	3154.00	3154.00	3155.00	3155.50	3156.00	3157.00	3157.50	3158.00	3159.00	3160.00	3160.50	3162.00	3162.50	3163.50	3164.00	3165.00	3166.00	3167.00	3167.50	3168.00	3168.50	3170.00	3170.50	3172.00	3172.00	3173.50	3174.00	3175.00	3175.50	3176.00	3177.00	3177.50	3178.00	3178.00	3179.00	3179.00	3180.00	3180.00	3180.50	3181.00	3182.00	3182.50	3183.00	3183.00	3183.50	3184.00	3184.00	3184.50	3185.00	3185.00	3185.50	3186.00	3186.00	3186.00	3186.00	3186.00	3186.00	3186.00	3186.00	3186.00	3186.00	3186.00	3186.00	3186.00	3186.00	3186.00	3186.00	3186.00	3186.00	3186.00	3186.00	3186.00	3186.50	3187.00	3188.00	3188.00	3188.50	3189.00	3190.00	3191.00	3191.00
3088.00	3089.00	3089.50	3090.00	3091.00	3091.50	3092.00	3093.00	3093.50	3094.00	3095.00	3095.00	3095.00	3096.00	3096.00	3096.00	3096.00	3096.00	3096.50	3097.00	3097.00	3097.00	3097.00	3097.00	3097.00	3097.00	3098.00	3098.00	3098.00	3098.00	3098.50	3099.00	3099.00	3100.00	3101.00	3101.00	3102.00	3102.50	3103.50	3104.00	3104.50	3106.00	3106.00	3107.00	3108.00	3109.00	3109.50	3110.00	3111.00	3112.00	3113.00	3114.00	3114.50	3115.00	3116.50	3117.00	3117.50	3118.00	3119.00	3119.50	3120.00	3121.00	3121.50	3122.00	3123.00	3123.50	3125.00	3125.00	3125.50	3126.00	3126.50	3127.00	3127.00	3127.00	3128.00	3128.00	3129.00	3129.00	3129.00	3130.00	3130.00	3130.00	3130.00	3131.00	3131.00	3131.00	3131.50	3132.00	3132.00	3132.00	3132.00	3132.00	3132.00	3132.00	3132.00	3132.00	3132.00	3132.00	3132.00	3132.50	3133.00	3133.00	3133.00	3133.00	3133.00	3133.00	3133.00	3134.00	3134.00	3134.00	3134.00	3135.00	3135.00	3136.00	3136.00	3136.50	3137.00	3137.00	3137.50	3138.00	3138.00	3138.00	3138.50	3139.00	3139.00	3139.50	3140.00	3140.00	3141.00	3141.00	3142.00	3142.00	3142.00	3143.00	3143.00	3143.00	3143.00	3144.00	3144.00	3144.00	3144.50	3145.00	3145.00	3145.00	3145.00	3145.00	3146.00	3146.00	3146.00	3146.00	3146.00	3146.00	3146.00	3147.00	3147.00	3147.00	3147.00	3147.00	3147.00	3147.00	3147.00	3148.00	3148.00	3148.00	3148.00	3148.50	3149.00	3149.00	3150.00	3150.00	3151.00	3151.50	3152.00	3152.00	3153.00	3154.00	3154.00	3155.00	3155.50	3156.00	3157.00	3157.50	3158.00	3159.00	3160.00	3160.50	3162.00	3162.50	3163.50	3164.00	3165.00	3166.00	3167.00	3167.50	3168.00	3168.50	3170.00	3170.50	3172.00	3172.00	3173.50	3174.00	3175.00	3175.50	3176.00	3177.00	3177.50	3178.00	3178.00	3179.00	3179.00	3180.00	3180.00	3180.50	3181.00	3182.00	3182.50	3183.00	3183.00	3183.50	3184.00	3184.00	3184.50	3185.00	3185.00	3185.50	3186.00	3186.00	3186.00	3186.00	3186.00	3186.00	3186.00	3186.00	3186.00	3186.00	3186.00	3186.00	3186.00	3186.00	3186.00	3186.00	3186.00	3186.00	3186.00	3186.00	3186.00	3186.50	3187.00	3188.00	3188.00	3188.50	3189.00	3190.00	3191.00	3191.00
3088.00	3089.00	3089.50	3090.00	3091.00	3091.50	3092.00	3093.00	3093.50	3094.00	3095.00	3095.00	3095.00	3096.00	3096.00	3096.00	3096.00	3096.00	3096.50	3097.00	3097.00	3097.00	3097.00	3097.00	3097.00	3097.00	3098.00	3098.00	3098.00	3098.00	3098.50	3099.00	3099.00	3100.00	3101.00	3101.00	3102.00	3102.50	3103.50	3104.00	3104.50	3106.00	3106.00	3107.00	3108.00	3109.00	3109.50	3110.00	3111.00	3112.00	3113.00	3114.00	3114.50	3115.00	3116.50	3117.00	3117.50	3118.00	3119.00	3119.50	3120.00	3121.00	3121.50	3122.00	3123.00	3123.50	3125.00	3125.00	3125.50	3126.00	3126.50	3127.00	3127.00	3127.00	3128.00	3128.00	3129.00	3129.00	3129.00	3130.00	3130.00	3130.00	3130.00	3131.00	3131.00	3131.00	3131.50	3132.00	3132.00	3132.00	3132.00	3132.00	3132.00	3132.00	3132.00	3132.00	3132.00	3132.00	3132.00	3132.50	3133.00	3133.00	3133.00	3133.00	3133.00	3133.00	3133.00	3134.00	3134.00	3134.00	3134.00	3135.00	3135.00	3136.00	3136.00	3136.50	3137.00	3137.00	3137.50	3138.00	3138.00	3138.00	3138.50	3139.00	3139.00	3139.50	3140.00	3140.00	3141.00	3141.00	3142.00	3142.00	3142.00	3143.00	3143.00	3143.00	3143.00	3144.00	3144.00	3144.00	3144.50	3145.00	3145.00	3145.00	3145.00	3145.00	3146.00	3146.00	3146.00	3146.00	3146.00	3146.00	3146.00	3147.00	3147.00	3147.00	3147.00	3147.00	3147.00	3147.00	3147.00	3148.00	3148.00	3148.00	3148.00	3148.50	3149.00	3149.00	3150.00	3150.00	3151.00	3151.50	3152.00	3152.00	3153.00	3154.00	3154.00	3155.00	3155.50	3156.00	3157.00	3157.50	3158.00	3159.00	3160.00	3160.50	3162.00	3162.50	3163.50	3164.00	3165.00	3166.00	3167.00	3167.50	3168.00	3168.50	3170.00	3170.50	3172.00	3172.00	3173.50	3174.00	3175.00	3175.50	3176.00	3177.00	3177.50	3178.00	3178.00	3179.00	3179.00	3180.00	3180.00	3180.50	3181.00	3182.00	3182.50	3183.00	3183.00	3183.50	3184.00	3184.00	3184.50	3185.00	3185.00	3185.50	3186.00	3186.00	3186.00	3186.00	3186.00	3186.00	3186.00	3186.00	3186.00	3186.00	3186.00	3186.00	3186.00	3186.00	3186.00	3186.00	3186.00	3186.00	3186.00	3186.00	3186.00	3186.50	3187.00	3188.00	3188.00	3188.50	3189.00	3190.00	3191.00	3191.00
3088.25	3089.00	3089.75	3090.50	3091.00	3091.75	3092.25	3093.25	3093.75	3094.25	3095.00	3095.25	3095.50	3096.50	3096.50	3096.50	3096.50	3096.50	3097.25	3097.50	3097.50	3097.50	3097.50	3097.75	3098.00	3098.00	3098.50	3098.50	3098.50	3098.50	3099.00	3099.50	3099.50	3100.00	3100.50	3101.00	3101.75	3102.25	3103.00	3103.50	3103.75	3105.00	3105.00	3106.00	3107.00	3107.75	3108.25	3108.75	3109.50	3110.50	3111.50	3112.50	3113.25	3113.75	3115.00	3115.75	3116.25	3117.00	3117.75	3118.25	3119.00	3119.75	3120.50	3121.00	3122.00	3122.50	3123.50	3123.75	3124.25	3124.75	3125.25	3125.75	3126.00	3126.00	3127.00	3127.00	3127.75	3128.00	3128.00	3129.00	3129.00	3129.00	3129.00	3130.00	3130.00	3130.00	3130.25	3130.50	3130.50	3131.00	3131.00	3131.00	3131.00	3131.00	3131.00	3131.00	3131.00	3131.00	3131.50	3131.75	3132.00	3132.00	3132.00	3132.25	3132.50	3132.50	3132.50	3133.00	3133.50	3133.50	3134.00	3134.50	3134.50	3135.50	3135.50	3136.00	3136.50	3136.50	3137.00	3137.50	3137.50	3138.00	3138.25	3138.75	3139.00	3139.25	3139.50	3140.00	3140.50	3141.00	3141.50	3141.50	3141.50	3142.50	3142.50	3142.50	3142.50	3143.25	3143.50	3143.50	3143.75	3144.00	3144.00	3144.00	3144.00	3144.00	3144.75	3145.00	3145.00	3145.00	3145.00	3145.00	3145.00	3145.50	3145.50	3145.50	3145.50	3145.50	3145.50	3145.50	3145.50	3146.50	3146.50	3146.50	3146.50	3147.00	3147.50	3147.50	3148.00	3148.25	3149.00	3149.50	3150.00	3150.00	3151.00	3152.00	3152.00	3153.00	3153.50	3154.00	3155.00	3155.50	3156.00	3157.00	3157.50	3158.00	3159.75	3160.25	3161.00	3161.50	3162.50	3163.50	3164.50	3165.00	3165.75	3166.50	3168.00	3168.50	3170.00	3170.50	3171.75	3172.50	3173.25	3173.75	3174.25	3175.00	3175.75	3176.50	3176.50	3177.25	3177.50	3178.00	3178.25	3178.75	3179.00	3180.00	3180.50	3181.00	3181.25	3181.75	3182.00	3182.50	3182.75	3183.00	3183.00	3183.25	3183.50	3184.00	3184.00	3184.00	3184.00	3184.00	3184.00	3184.00	3184.00	3184.00	3184.00	3184.00	3184.00	3184.00	3183.50	3183.50	3183.50	3183.50	3183.75	3184.00	3184.00	3184.25	3184.50	3185.25	3185.50	3186.00	3186.50	3187.25	3188.00	3188.50
3088.50	3089.00	3090.00	3091.00	3091.00	3092.00	3092.50	3093.50	3094.00	3094.50	3095.00	3095.50	3096.00	3097.00	3097.00	3097.00	3097.00	3097.00	3098.00	3098.00	3098.00	3098.00	3098.00	3098.50	3099.00	3099.00	3099.00	3099.00	3099.00	3099.00	3099.50	3100.00	3100.00	3100.00	3100.00	3101.00	3101.50	3102.00	3102.50	3103.00	3103.00	3104.00	3104.00	3105.00	3106.00	3106.50	3107.00	3107.50	3108.00	3109.00	3110.00	3111.00	3112.00	3112.50	3113.50	3114.50	3115.00	3116.00	3116.50	3117.00	3118.00	3118.50	3119.50	3120.00	3121.00	3121.50	3122.00	3122.50	3123.00	3123.50	3124.00	3124.50	3125.00	3125.00	3126.00	3126.00	3126.50	3127.00	3127.00	3128.00	3128.00	3128.00	3128.00	3129.00	3129.00	3129.00	3129.00	3129.00	3129.00	3130.00	3130.00	3130.00	3130.00	3130.00	3130.00	3130.00	3130.00	3130.00	3131.00	3131.00	3131.00	3131.00	3131.00	3131.50	3132.00	3132.00	3132.00	3132.00	3133.00	3133.00	3134.00	3134.00	3134.00	3135.00	3135.00	3135.50	3136.00	3136.00	3136.50	3137.00	3137.00	3138.00	3138.00	3138.50	3139.00	3139.00	3139.00	3140.00	3140.00	3141.00	3141.00	3141.00	3141.00	3142.00	3142.00	3142.00	3142.00	3142.50	3143.00	3143.00	3143.00	3143.00	3143.00	3143.00	3143.00	3143.00	3143.50	3144.00	3144.00	3144.00	3144.00	3144.00	3144.00	3144.00	3144.00	3144.00	3144.00	3144.00	3144.00	3144.00	3144.00	3145.00	3145.00	3145.00	3145.00	3145.50	3146.00	3146.00	3146.00	3146.50	3147.00	3147.50	3148.00	3148.00	3149.00	3150.00	3150.00	3151.00	3151.50	3152.00	3153.00	3153.50	3154.00	3155.00	3155.00	3155.50	3157.50	3158.00	3158.50	3159.00	3160.00	3161.00	3162.00	3162.50	3163.50	3164.50	3166.00	3166.50	3168.00	3169.00	3170.00	3171.00	3171.50	3172.00	3172.50	3173.00	3174.00	3175.00	3175.00	3175.50	3176.00	3176.00	3176.50	3177.00	3177.00	3178.00	3178.50	3179.00	3179.50	3180.00	3180.00	3181.00	3181.00	3181.00	3181.00	3181.00	3181.00	3182.00	3182.00	3182.00	3182.00	3182.00	3182.00	3182.00	3182.00	3182.00	3182.00	3182.00	3182.00	3182.00	3181.00	3181.00	3181.00	3181.00	3181.50	3182.00	3182.00	3182.00	3182.00	3182.50	3183.00	3183.50	3184.00	3184.50	3185.00	3186.00
3088.50	3089.00	3090.00	3091.00	3091.00	3092.00	3092.50	3093.50	3094.00	3094.50	3095.00	3095.50	3096.00	3097.00	3097.00	3097.00	3097.00	3097.00	3098.00	3098.00	3098.00	3098.00	3098.00	3098.50	3099.00	3099.00	3099.00	3099.00	3099.00	3099.00	3099.50	3100.00	3100.00	3100.00	3100.00	3101.00	3101.50	3102.00	3102.50	3103.00	3103.00	3104.00	3104.00	3105.00	3106.00	3106.50	3107.00	3107.50	3108.00	3109.00	3110.00	3111.00	3112.00	3112.50	3113.50	3114.50	3115.00	3116.00	3116.50	3117.00	3118.00	3118.50	3119.50	3120.00	3121.00	3121.50	3122.00	3122.50	3123.00	3123.50	3124.00	3124.50	3125.00	3125.00	3126.00	3126.00	3126.50	3127.00	3127.00	3128.00	3128.00	3128.00	3128.00	3129.00	3129.00	3129.00	3129.00	3129.00	3129.00	3130.00	3130.00	3130.00	3130.00	3130.00	3130.00	3130.00	3130.00	3130.00	3131.00	3131.00	3131.00	3131.00	3131.00	3131.50	3132.00	3132.00	3132.00	3132.00	3133.00	3133.00	3134.00	3134.00	3134.00	3135.00	3135.00	3135.50	3136.00	3136.00	3136.50	3137.00	3137.00	3138.00	3138.00	3138.50	3139.00	3139.00	3139.00	3140.00	3140.00	3141.00	3141.00	3141.00	3141.00	3142.00	3142.00	3142.00	3142.00	3142.50	3143.00	3143.00	3143.00	3143.00	3143.00	3143.00	3143.00	3143.00	3143.50	3144.00	3144.00	3144.00	3144.00	3144.00	3144.00	3144.00	3144.00	3144.00	3144.00	3144.00	3144.00	3144.00	3144.00	3145.00	3145.00	3145.00	3145.00	3145.50	3146.00	3146.00	3146.00	3146.50	3147.00	3147.50	3148.00	3148.00	3149.00	3150.00	3150.00	3151.00	3151.50	3152.00	3153.00	3153.50	3154.00	3155.00	3155.00	3155.50	3157.50	3158.00	3158.50	3159.00	3160.00	3161.00	3162.00	3162.50	3163.50	3164.50	3166.00	3166.50	3168.00	3169.00	3170.00	3171.00	3171.50	3172.00	3172.50	3173.00	3174.00	3175.00	3175.00	3175.50	3176.00	3176.00	3176.50	3177.00	3177.00	3178.00	3178.50	3179.00	3179.50	3180.00	3180.00	3181.00	3181.00	3181.00	3181.00	3181.00	3181.00	3182.00	3182.00	3182.00	3182.00	3182.00	3182.00	3182.00	3182.00	3182.00	3182.00	3182.00	3182.00	3182.00	3181.00	3181.00	3181.00	3181.00	3181.50	3182.00	3182.00	3182.00	3182.00	3182.50	3183.00	3183.50	3184.00	3184.50	3185.00	3186.00
3088.50	3089.00	3090.00	3091.00	3091.00	3092.00	3092.50	3093.50	3094.00	3094.50	3095.00	3095.50	3096.00	3097.00	3097.00	3097.00	3097.00	3097.00	3098.00	3098.00	3098.00	3098.00	3098.00	3098.50	3099.00	3099.00	3099.00	3099.00	3099.00	3099.00	3099.50	3100.00	3100.00	3100.00	3100.00	3101.00	3101.50	3102.00	3102.50	3103.00	3103.00	3104.00	3104.00	3105.00	3106.00	3106.50	3107.00	3107.50	3108.00	3109.00	3110.00	3111.00	3112.00	3112.50	3113.50	3114.50	3115.00	3116.00	3116.50	3117.00	3118.00	3118.50	3119.50	3120.00	3121.00	3121.50	3122.00	3122.50	3123.00	3123.50	3124.00	3124.50	3125.00	3125.00	3126.00	3126.00	3126.50	3127.00	3127.00	3128.00	3128.00	3128.00	3128.00	3129.00	3129.00	3129.00	3129.00	3129.00	3129.00	3130.00	3130.00	3130.00	3130.00	3130.00	3130.00	3130.00	3130.00	3130.00	3131.00	3131.00	3131.00	3131.00	3131.00	3131.50	3132.00	3132.00	3132.00	3132.00	3133.00	3133.00	3134.00	3134.00	3134.00	3135.00	3135.00	3135.50	3136.00	3136.00	3136.50	3137.00	3137.00	3138.00	3138.00	3138.50	3139.00	3139.00	3139.00	3140.00	3140.00	3141.00	3141.00	3141.00	3141.00	3142.00	3142.00	3142.00	3142.00	3142.50	3143.00	3143.00	3143.00	3143.00	3143.00	3143.00	3143.00	3143.00	3143.50	3144.00	3144.00	3144.00	3144.00	3144.00	3144.00	3144.00	3144.00	3144.00	3144.00	3144.00	3144.00	3144.00	3144.00	3145.00	3145.00	3145.00	3145.00	3145.50	3146.00	3146.00	3146.00	3146.50	3147.00	3147.50	3148.00	3148.00	3149.00	3150.00	3150.00	3151.00	3151.50	3152.00	3153.00	3153.50	3154.00	3155.00	3155.00	3155.50	3157.50	3158.00	3158.50	3159.00	3160.00	3161.00	3162.00	3162.50	3163.50	3164.50	3166.00	3166.50	3168.00	3169.00	3170.00	3171.00	3171.50	3172.00	3172.50	3173.00	3174.00	3175.00	3175.00	3175.50	3176.00	3176.00	3176.50	3177.00	3177.00	3178.00	3178.50	3179.00	3179.50	3180.00	3180.00	3181.00	3181.00	3181.00	3181.00	3181.00	3181.00	3182.00	3182.00	3182.00	3182.00	3182.00	3182.00	3182.00	3182.00	3182.00	3182.00	3182.00	3182.00	3182.00	3181.00	3181.00	3181.00	3181.00	3181.50	3182.00	3182.00	3182.00	3182.00	3182.50	3183.00	3183.50	3184.00	3184.50	3185.00	3186.00
3088.50	3089.00	3090.00	3091.00	3091.00	3092.00	3092.50	3093.50	3094.00	3094.50	3095.00	3095.50	3096.00	3097.00	3097.00	3097.00	3097.00	3097.00	3098.00	3098.00	3098.00	3098.00	3098.00	3098.50	3099.00	3099.00	3099.00	3099.00	3099.00	3099.00	3099.50	3100.00	3100.00	3100.00	3100.00	3101.00	3101.50	3102.00	3102.50	3103.00	3103.00	3104.00	3104.00	3105.00	3106.00	3106.50	3107.00	3107.50	3108.00	3109.00	3110.00	3111.00	3112.00	3112.50	3113.50	3114.50	3115.00	3116.00	3116.50	3117.00	3118.00	3118.50	3119.50	3120.00	3121.00	3121.50	3122.00	3122.50	3123.00	3123.50	3124.00	3124.50	3125.00	3125.00	3126.00	3126.00	3126.50	3127.00	3127.00	3128.00	3128.00	3128.00	3128.00	3129.00	3129.00	3129.00	3129.00	3129.00	3129.00	3130.00	3130.00	3130.00	3130.00	3130.00	3130.00	3130.00	3130.00	3130.00	3131.00	3131.00	3131.00	3131.00	3131.00	3131.50	3132.00	3132.00	3132.00	3132.00	3133.00	3133.00	3134.00	3134.00	3134.00	3135.00	3135.00	3135.50	3136.00	3136.00	3136.50	3137.00	3137.00	3138.00	3138.00	3138.50	3139.00	3139.00	3139.00	3140.00	3140.00	3141.00	3141.00	3141.00	3141.00	3142.00	3142.00	3142.00	3142.00	3142.50	3143.00	3143.00	3143.00	3143.00	3143.00	3143.00	3143.00	3143.00	3143.50	3144.00	3144.00	3144.00	3144.00	3144.00	3144.00	3144.00	3144.00	3144.00	3144.00	3144.00	3144.00	3144.00	3144.00	3145.00	3145.00	3145.00	3145.00	3145.50	3146.00	3146.00	3146.00	3146.50	3147.00	3147.50	3148.00	3148.00	3149.00	3150.00	3150.00	3151.00	3151.50	3152.00	3153.00	3153.50	3154.00	3155.00	3155.00	3155.50	3157.50	3158.00	3158.50	3159.00	3160.00	3161.00	3162.00	3162.50	3163.50	3164.50	3166.00	3166.50	3168.00	3169.00	3170.00	3171.00	3171.50	3172.00	3172.50	3173.00	3174.00	3175.00	3175.00	3175.50	3176.00	3176.00	3176.50	3177.00	3177.00	3178.00	3178.50	3179.00	3179.50	3180.00	3180.00	3181.00	3181.00	3181.00	3181.00	3181.00	3181.00	3182.00	3182.00	3182.00	3182.00	3182.00	3182.00	3182.00	3182.00	3182.00	3182.00	3182.00	3182.00	3182.00	3181.00	3181.00	3181.00	3181.00	3181.50	3182.00	3182.00	3182.00	3182.00	3182.50	3183.00	3183.50	3184.00	3184.50	3185.00	3186.00
3088.50	3089.00	3090.00	3091.00	3091.00	3092.00	3092.50	3093.50	3094.00	3094.50	3095.00	3095.50	3096.00	3097.00	3097.00	3097.00	3097.00	3097.00	3098.00	3098.00	3098.00	3098.00	3098.00	3098.50	3099.00	3099.00	3099.00	3099.00	3099.00	3099.00	3099.50	3100.00	3100.00	3100.00	3100.00	3101.00	3101.50	3102.00	3102.50	3103.00	3103.00	3104.00	3104.00	3105.00	3106.00	3106.50	3107.00	3107.50	3108.00	3109.00	3110.00	3111.00	3112.00	3112.50	3113.50	3114.50	3115.00	3116.00	3116.50	3117.00	3118.00	3118.50	3119.50	3120.00	3121.00	3121.50	3122.00	3122.50	3123.00	3123.50	3124.00	3124.50	3125.00	3125.00	3126.00	3126.00	3126.50	3127.00	3127.00	3128.00	3128.00	3128.00	3128.00	3129.00	3129.00	3129.00	3129.00	3129.00	3129.00	3130.00	3130.00	3130.00	3130.00	3130.00	3130.00	3130.00	3130.00	3130.00	3131.00	3131.00	3131.00	3131.00	3131.00	3131.50	3132.00	3132.00	3132.00	3132.00	3133.00	3133.00	3134.00	3134.00	3134.00	3135.00	3135.00	3135.50	3136.00	3136.00	3136.50	3137.00	3137.00	3138.00	3138.00	3138.50	3139.00	3139.00	3139.00	3140.00	3140.00	3141.00	3141.00	3141.00	3141.00	3142.00	3142.00	3142.00	3142.00	3142.50	3143.00	3143.00	3143.00	3143.00	3143.00	3143.00	3143.00	3143.00	3143.50	3144.00	3144.00	3144.00	3144.00	3144.00	3144.00	3144.00	3144.00	3144.00	3144.00	3144.00	3144.00	3144.00	3144.00	3145.00	3145.00	3145.00	3145.00	3145.50	3146.00	3146.00	3146.00	3146.50	3147.00	3147.50	3148.00	3148.00	3149.00	3150.00	3150.00	3151.00	3151.50	3152.00	3153.00	3153.50	3154.00	3155.00	3155.00	3155.50	3157.50	3158.00	3158.50	3159.00	3160.00	3161.00	3162.00	3162.50	3163.50	3164.50	3166.00	3166.50	3168.00	3169.00	3170.00	3171.00	3171.50	3172.00	3172.50	3173.00	3174.00	3175.00	3175.00	3175.50	3176.00	3176.00	3176.50	3177.00	3177.00	3178.00	3178.50	3179.00	3179.50	3180.00	3180.00	3181.00	3181.00	3181.00	3181.00	3181.00	3181.00	3182.00	3182.00	3182.00	3182.00	3182.00	3182.00	3182.00	3182.00	3182.00	3182.00	3182.00	3182.00	3182.00	3181.00	3181.00	3181.00	3181.00	3181.50	3182.00	3182.00	3182.00	3182.00	3182.50	3183.00	3183.50	3184.00	3184.50	3185.00	3186.00
3088.50	3089.00	3090.00	3091.00	3091.00	3092.00	3092.50	3094.00	3094.50	3095.00	3096.00	3096.00	3096.50	3097.00	3098.00	3098.00	3099.00	3099.00	3099.00	3099.00	3099.50	3100.00	3100.00	3100.00	3100.00	3100.00	3100.00	3100.00	3100.00	3100.00	3100.00	3100.00	3101.00	3101.00	3101.00	3101.00	3101.50	3102.00	3102.00	3102.00	3102.50	3103.00	3103.00	3103.50	3104.00	3104.50	3105.00	3105.50	3107.00	3107.50	3108.00	3109.00	3110.00	3110.50	3111.50	3112.00	3112.50	3114.00	3114.50	3115.00	3116.00	3116.50	3117.00	3118.00	3118.00	3119.00	3120.00	3120.50	3121.00	3121.50	3122.00	3122.50	3123.00	3124.00	3124.00	3124.50	3125.00	3125.00	3125.50	3126.00	3126.00	3127.00	3127.00	3127.00	3127.00	3127.50	3128.00	3128.00	3128.00	3128.00	3128.00	3128.00	3128.00	3128.00	3128.00	3128.00	3128.50	3129.00	3129.00	3129.00	3129.50	3130.00	3130.00	3130.00	3131.00	3131.00	3131.50	3132.00	3132.50	3133.00	3133.00	3134.00	3134.00	3134.00	3134.50	3135.00	3135.00	3135.50	3136.00	3136.00	3137.00	3137.00	3137.00	3138.00	3138.00	3138.00	3138.00	3139.00	3139.00	3139.00	3140.00	3140.00	3140.00	3141.00	3141.00	3141.00	3141.00	3141.00	3141.50	3142.00	3142.00	3142.00	3142.00	3142.00	3142.00	3142.00	3142.00	3142.00	3142.00	3142.00	3141.50	3141.00	3141.00	3141.00	3141.00	3141.00	3141.00	3141.00	3141.00	3141.00	3141.00	3141.00	3142.00	3142.00	3142.00	3142.00	3142.00	3142.00	3143.00	3143.00	3144.00	3144.00	3144.50	3145.00	3146.00	3147.00	3147.00	3148.50	3149.00	3149.50	3150.50	3151.00	3151.00	3152.00	3152.00	3152.50	3153.00	3153.50	3154.00	3155.00	3155.00	3156.00	3157.00	3157.50	3158.00	3158.50	3160.50	3161.00	3162.00	3163.00	3164.50	3166.00	3167.50	3168.00	3168.50	3169.00	3170.00	3171.00	3171.00	3172.00	3172.00	3173.00	3173.00	3173.50	3174.00	3174.00	3174.50	3175.00	3175.50	3176.00	3176.00	3176.00	3177.00	3177.00	3177.00	3177.00	3177.00	3178.00	3178.00	3178.00	3178.00	3178.00	3178.00	3178.00	3178.00	3178.00	3178.00	3178.00	3178.00	3177.00	3177.00	3177.00	3177.00	3177.00	3177.00	3177.00	3178.00	3178.00	3178.00	3178.50	3179.00	3179.00	3179.00	3179.50	3180.00	3181.00
3088.50	3089.00	3090.00	3091.00	3091.00	3092.00	3092.50	3094.00	3094.50	3095.00	3096.00	3096.00	3096.50	3097.00	3098.00	3098.00	3099.00	3099.00	3099.00	3099.00	3099.50	3100.00	3100.00	3100.00	3100.00	3100.00	3100.00	3100.00	3100.00	3100.00	3100.00	3100.00	3101.00	3101.00	3101.00	3101.00	3101.50	3102.00	3102.00	3102.00	3102.50	3103.00	3103.00	3103.50	3104.00	3104.50	3105.00	3105.50	3107.00	3107.50	3108.00	3109.00	3110.00	3110.50	3111.50	3112.00	3112.50	3114.00	3114.50	3115.00	3116.00	3116.50	3117.00	3118.00	3118.00	3119.00	3120.00	3120.50	3121.00	3121.50	3122.00	3122.50	3123.00	3124.00	3124.00	3124.50	3125.00	3125.00	3125.50	3126.00	3126.00	3127.00	3127.00	3127.00	3127.00	3127.50	3128.00	3128.00	3128.00	3128.00	3128.00	3128.00	3128.00	3128.00	3128.00	3128.00	3128.50	3129.00	3129.00	3129.00	3129.50	3130.00	3130.00	3130.00	3131.00	3131.00	3131.50	3132.00	3132.50	3133.00	3133.00	3134.00	3134.00	3134.00	3134.50	3135.00	3135.00	3135.50	3136.00	3136.00	3137.00	3137.00	3137.00	3138.00	3138.00	3138.00	3138.00	3139.00	3139.00	3139.00	3140.00	3140.00	3140.00	3141.00	3141.00	3141.00	3141.00	3141.00	3141.50	3142.00	3142.00	3142.00	3142.00	3142.00	3142.00	3142.00	3142.00	3142.00	3142.00	3142.00	3141.50	3141.00	3141.00	3141.00	3141.00	3141.00	3141.00	3141.00	3141.00	3141.00	3141.00	3141.00	3142.00	3142.00	3142.00	3142.00	3142.00	3142.00	3143.00	3143.00	3144.00	3144.00	3144.50	3145.00	3146.00	3147.00	3147.00	3148.50	3149.00	3149.50	3150.50	3151.00	3151.00	3152.00	3152.00	3152.50	3153.00	3153.50	3154.00	3155.00	3155.00	3156.00	3157.00	3157.50	3158.00	3158.50	3160.50	3161.00	3162.00	3163.00	3164.50	3166.00	3167.50	3168.00	3168.50	3169.00	3170.00	3171.00	3171.00	3172.00	3172.00	3173.00	3173.00	3173.50	3174.00	3174.00	3174.50	3175.00	3175.50	3176.00	3176.00	3176.00	3177.00	3177.00	3177.00	3177.00	3177.00	3178.00	3178.00	3178.00	3178.00	3178.00	3178.00	3178.00	3178.00	3178.00	3178.00	3178.00	3178.00	3177.00	3177.00	3177.00	3177.00	3177.00	3177.00	3177.00	3178.00	3178.00	3178.00	3178.50	3179.00	3179.00	3179.00	3179.50	3180.00	3181.00
3088.50	3089.00	3090.00	3091.00	3091.00	3092.00	3092.50	3094.00	3094.50	3095.00	3096.00	3096.00	3096.50	3097.00	3098.00	3098.00	3099.00	3099.00	3099.00	3099.00	3099.50	3100.00	3100.00	3100.00	3100.00	3100.00	3100.00	3100.00	3100.00	3100.00	3100.00	3100.00	3101.00	3101.00	3101.00	3101.00	3101.50	3102.00	3102.00	3102.00	3102.50	3103.00	3103.00	3103.50	3104.00	3104.50	3105.00	3105.50	3107.00	3107.50	3108.00	3109.00	3110.00	3110.50	3111.50	3112.00	3112.50	3114.00	3114.50	3115.00	3116.00	3116.50	3117.00	3118.00	3118.00	3119.00	3120.00	3120.50	3121.00	3121.50	3122.00	3122.50	3123.00	3124.00	3124.00	3124.50	3125.00	3125.00	3125.50	3126.00	3126.00	3127.00	3127.00	3127.00	3127.00	3127.50	3128.00	3128.00	3128.00	3128.00	3128.00	3128.00	3128.00	3128.00	3128.00	3128.00	3128.50	3129.00	3129.00	3129.00	3129.50	3130.00	3130.00	3130.00	3131.00	3131.00	3131.50	3132.00	3132.50	3133.00	3133.00	3134.00	3134.00	3134.00	3134.50	3135.00	3135.00	3135.50	3136.00	3136.00	3137.00	3137.00	3137.00	3138.00	3138.00	3138.00	3138.00	3139.00	3139.00	3139.00	3140.00	3140.00	3140.00	3141.00	3141.00	3141.00	3141.00	3141.00	3141.50	3142.00	3142.00	3142.00	3142.00	3142.00	3142.00	3142.00	3142.00	3142.00	3142.00	3142.00	3141.50	3141.00	3141.00	3141.00	3141.00	3141.00	3141.00	3141.00	3141.00	3141.00	3141.00	3141.00	3142.00	3142.00	3142.00	3142.00	3142.00	3142.00	3143.00	3143.00	3144.00	3144.00	3144.50	3145.00	3146.00	3147.00	3147.00	3148.50	3149.00	3149.50	3150.50	3151.00	3151.00	3152.00	3152.00	3152.50	3153.00	3153.50	3154.00	3155.00	3155.00	3156.00	3157.00	3157.50	3158.00	3158.50	3160.50	3161.00	3162.00	3163.00	3164.50	3166.00	3167.50	3168.00	3168.50	3169.00	3170.00	3171.00	3171.00	3172.00	3172.00	3173.00	3173.00	3173.50	3174.00	3174.00	3174.50	3175.00	3175.50	3176.00	3176.00	3176.00	3177.00	3177.00	3177.00	3177.00	3177.00	3178.00	3178.00	3178.00	3178.00	3178.00	3178.00	3178.00	3178.00	3178.00	3178.00	3178.00	3178.00	3177.00	3177.00	3177.00	3177.00	3177.00	3177.00	3177.00	3178.00	3178.00	3178.00	3178.50	3179.00	3179.00	3179.00	3179.50	3180.00	3181.00
3088.50	3089.00	3090.00	3091.00	3091.00	3092.00	3092.50	3094.00	3094.50	3095.00	3096.00	3096.00	3096.50	3097.00	3098.00	3098.00	3099.00	3099.00	3099.00	3099.00	3099.50	3100.00	3100.00	3100.00	3100.00	3100.00	3100.00	3100.00	3100.00	3100.00	3100.00	3100.00	3101.00	3101.00	3101.00	3101.00	3101.50	3102.00	3102.00	3102.00	3102.50	3103.00	3103.00	3103.50	3104.00	3104.50	3105.00	3105.50	3107.00	3107.50	3108.00	3109.00	3110.00	3110.50	3111.50	3112.00	3112.50	3114.00	3114.50	3115.00	3116.00	3116.50	3117.00	3118.00	3118.00	3119.00	3120.00	3120.50	3121.00	3121.50	3122.00	3122.50	3123.00	3124.00	3124.00	3124.50	3125.00	3125.00	3125.50	3126.00	3126.00	3127.00	3127.00	3127.00	3127.00	3127.50	3128.00	3128.00	3128.00	3128.00	3128.00	3128.00	3128.00	3128.00	3128.00	3128.00	3128.50	3129.00	3129.00	3129.00	3129.50	3130.00	3130.00	3130.00	3131.00	3131.00	3131.50	3132.00	3132.50	3133.00	3133.00	3134.00	3134.00	3134.00	3134.50	3135.00	3135.00	3135.50	3136.00	3136.00	3137.00	3137.00	3137.00	3138.00	3138.00	3138.00	3138.00	3139.00	3139.00	3139.00	3140.00	3140.00	3140.00	3141.00	3141.00	3141.00	3141.00	3141.00	3141.50	3142.00	3142.00	3142.00	3142.00	3142.00	3142.00	3142.00	3142.00	3142.00	3142.00	3142.00	3141.50	3141.00	3141.00	3141.00	3141.00	3141.00	3141.00	3141.00	3141.00	3141.00	3141.00	3141.00	3142.00	3142.00	3142.00	3142.00	3142.00	3142.00	3143.00	3143.00	3144.00	3144.00	3144.50	3145.00	3146.00	3147.00	3147.00	3148.50	3149.00	3149.50	3150.50	3151.00	3151.00	3152.00	3152.00	3152.50	3153.00	3153.50	3154.00	3155.00	3155.00	3156.00	3157.00	3157.50	3158.00	3158.50	3160.50	3161.00	3162.00	3163.00	3164.50	3166.00	3167.50	3168.00	3168.50	3169.00	3170.00	3171.00	3171.00	3172.00	3172.00	3173.00	3173.00	3173.50	3174.00	3174.00	3174.50	3175.00	3175.50	3176.00	3176.00	3176.00	3177.00	3177.00	3177.00	3177.00	3177.00	3178.00	3178.00	3178.00	3178.00	3178.00	3178.00	3178.00	3178.00	3178.00	3178.00	3178.00	3178.00	3177.00	3177.00	3177.00	3177.00	3177.00	3177.00	3177.00	3178.00	3178.00	3178.00	3178.50	3179.00	3179.00	3179.00	3179.50	3180.00	3181.00
3088.50	3089.00	3090.00	3091.00	3091.00	3092.00	3092.50	3094.00	3094.50	3095.00	3096.00	3096.00	3096.50	3097.00	3098.00	3098.00	3099.00	3099.00	3099.00	3099.00	3099.50	3100.00	3100.00	3100.00	3100.00	3100.00	3100.00	3100.00	3100.00	3100.00	3100.00	3100.00	3101.00	3101.00	3101.00	3101.00	3101.50	3102.00	3102.00	3102.00	3102.50	3103.00	3103.00	3103.50	3104.00	3104.50	3105.00	3105.50	3107.00	3107.50	3108.00	3109.00	3110.00	3110.50	3111.50	3112.00	3112.50	3114.00	3114.50	3115.00	3116.00	3116.50	3117.00	3118.00	3118.00	3119.00	3120.00	3120.50	3121.00	3121.50	3122.00	3122.50	3123.00	3124.00	3124.00	3124.50	3125.00	3125.00	3125.50	3126.00	3126.00	3127.00	3127.00	3127.00	3127.00	3127.50	3128.00	3128.00	3128.00	3128.00	3128.00	3128.00	3128.00	3128.00	3128.00	3128.00	3128.50	3129.00	3129.00	3129.00	3129.50	3130.00	3130.00	3130.00	3131.00	3131.00	3131.50	3132.00	3132.50	3133.00	3133.00	3134.00	3134.00	3134.00	3134.50	3135.00	3135.00	3135.50	3136.00	3136.00	3137.00	3137.00	3137.00	3138.00	3138.00	3138.00	3138.00	3139.00	3139.00	3139.00	3140.00	3140.00	3140.00	3141.00	3141.00	3141.00	3141.00	3141.00	3141.50	3142.00	3142.00	3142.00	3142.00	3142.00	3142.00	3142.00	3142.00	3142.00	3142.00	3142.00	3141.50	3141.00	3141.00	3141.00	3141.00	3141.00	3141.00	3141.00	3141.00	3141.00	3141.00	3141.00	3142.00	3142.00	3142.00	3142.00	3142.00	3142.00	3143.00	3143.00	3144.00	3144.00	3144.50	3145.00	3146.00	3147.00	3147.00	3148.50	3149.00	3149.50	3150.50	3151.00	3151.00	3152.00	3152.00	3152.50	3153.00	3153.50	3154.00	3155.00	3155.00	3156.00	3157.00	3157.50	3158.00	3158.50	3160.50	3161.00	3162.00	3163.00	3164.50	3166.00	3167.50	3168.00	3168.50	3169.00	3170.00	3171.00	3171.00	3172.00	3172.00	3173.00	3173.00	3173.50	3174.00	3174.00	3174.50	3175.00	3175.50	3176.00	3176.00	3176.00	3177.00	3177.00	3177.00	3177.00	3177.00	3178.00	3178.00	3178.00	3178.00	3178.00	3178.00	3178.00	3178.00	3178.00	3178.00	3178.00	3178.00	3177.00	3177.00	3177.00	3177.00	3177.00	3177.00	3177.00	3178.00	3178.00	3178.00	3178.50	3179.00	3179.00	3179.00	3179.50	3180.00	3181.00
3088.50	3089.00	3090.00	3091.00	3091.00	3092.00	3092.50	3094.00	3094.50	3095.00	3096.00	3096.00	3096.50	3097.00	3098.00	3098.00	3099.00	3099.00	3099.00	3099.00	3099.50	3100.00	3100.00	3100.00	3100.00	3100.00	3100.00	3100.00	3100.00	3100.00	3100.00	3100.00	3101.00	3101.00	3101.00	3101.00	3101.50	3102.00	3102.00	3102.00	3102.50	3103.00	3103.00	3103.50	3104.00	3104.50	3105.00	3105.50	3107.00	3107.50	3108.00	3109.00	3110.00	3110.50	3111.50	3112.00	3112.50	3114.00	3114.50	3115.00	3116.00	3116.50	3117.00	3118.00	3118.00	3119.00	3120.00	3120.50	3121.00	3121.50	3122.00	3122.50	3123.00	3124.00	3124.00	3124.50	3125.00	3125.00	3125.50	3126.00	3126.00	3127.00	3127.00	3127.00	3127.00	3127.50	3128.00	3128.00	3128.00	3128.00	3128.00	3128.00	3128.00	3128.00	3128.00	3128.00	3128.50	3129.00	3129.00	3129.00	3129.50	3130.00	3130.00	3130.00	3131.00	3131.00	3131.50	3132.00	3132.50	3133.00	3133.00	3134.00	3134.00	3134.00	3134.50	3135.00	3135.00	3135.50	3136.00	3136.00	3137.00	3137.00	3137.00	3138.00	3138.00	3138.00	3138.00	3139.00	3139.00	3139.00	3140.00	3140.00	3140.00	3141.00	3141.00	3141.00	3141.00	3141.00	3141.50	3142.00	3142.00	3142.00	3142.00	3142.00	3142.00	3142.00	3142.00	3142.00	3142.00	3142.00	3141.50	3141.00	3141.00	3141.00	3141.00	3141.00	3141.00	3141.00	3141.00	3141.00	3141.00	3141.00	3142.00	3142.00	3142.00	3142.00	3142.00	3142.00	3143.00	3143.00	3144.00	3144.00	3144.50	3145.00	3146.00	3147.00	3147.00	3148.50	3149.00	3149.50	3150.50	3151.00	3151.00	3152.00	3152.00	3152.50	3153.00	3153.50	3154.00	3155.00	3155.00	3156.00	3157.00	3157.50	3158.00	3158.50	3160.50	3161.00	3162.00	3163.00	3164.50	3166.00	3167.50	3168.00	3168.50	3169.00	3170.00	3171.00	3171.00	3172.00	3172.00	3173.00	3173.00	3173.50	3174.00	3174.00	3174.50	3175.00	3175.50	3176.00	3176.00	3176.00	3177.00	3177.00	3177.00	3177.00	3177.00	3178.00	3178.00	3178.00	3178.00	3178.00	3178.00	3178.00	3178.00	3178.00	3178.00	3178.00	3178.00	3177.00	3177.00	3177.00	3177.00	3177.00	3177.00	3177.00	3178.00	3178.00	3178.00	3178.50	3179.00	3179.00	3179.00	3179.50	3180.00	3181.00
3089.00	3090.00	3090.50	3091.00	3092.00	3092.50	3093.50	3094.50	3095.00	3095.50	3096.00	3096.50	3097.00	3098.00	3098.00	3098.50	3099.00	3100.00	3100.00	3101.00	3101.00	3101.00	3101.00	3102.00	3102.00	3102.00	3102.00	3102.00	3102.00	3102.00	3102.00	3102.00	3102.00	3102.00	3102.00	3102.00	3102.00	3102.50	3103.00	3103.00	3103.00	3103.00	3103.00	3103.50	3104.00	3104.00	3104.50	3105.00	3105.00	3106.00	3107.00	3107.00	3108.50	3109.00	3110.00	3110.50	3111.00	3112.00	3112.50	3113.00	3114.00	3114.00	3114.50	3115.00	3116.00	3116.50	3117.00	3118.00	3118.50	3119.50	3120.00	3120.50	3121.00	3122.00	3122.00	3122.00	3123.00	3123.00	3123.50	3124.00	3124.00	3125.00	3125.00	3125.00	3125.00	3125.50	3126.00	3126.00	3126.00	3126.00	3127.00	3127.00	3127.00	3127.00	3127.00	3128.00	3128.00	3128.00	3128.00	3128.00	3128.50	3129.00	3129.50	3130.00	3130.00	3131.00	3131.00	3132.00	3132.00	3132.50	3133.00	3133.00	3134.00	3134.00	3134.50	3135.00	3135.00	3135.00	3135.00	3136.00	3136.00	3136.00	3136.00	3136.50	3137.00	3137.00	3137.00	3137.00	3138.00	3138.00	3138.00	3138.00	3138.50	3139.00	3139.00	3139.00	3139.00	3139.50	3140.00	3140.00	3140.00	3140.00	3140.00	3140.00	3140.00	3140.00	3140.00	3140.00	3140.00	3139.50	3139.00	3139.00	3139.00	3139.00	3139.00	3139.00	3139.00	3139.00	3139.00	3139.00	3139.00	3139.00	3139.00	3139.50	3140.00	3140.00	3140.00	3140.00	3140.50	3141.00	3141.50	3142.00	3142.50	3143.00	3144.00	3145.00	3145.00	3146.00	3146.50	3147.00	3148.00	3148.00	3149.00	3149.00	3149.00	3149.50	3150.00	3150.50	3151.00	3152.00	3152.00	3153.00	3153.00	3154.50	3155.00	3155.50	3156.50	3157.00	3158.00	3158.00	3159.50	3161.00	3162.50	3163.50	3164.50	3165.00	3166.50	3168.00	3168.00	3169.00	3169.50	3170.00	3170.50	3171.00	3171.00	3171.00	3171.00	3172.00	3172.00	3172.00	3173.00	3173.00	3173.00	3173.00	3173.50	3174.00	3174.00	3174.00	3174.00	3174.00	3174.00	3174.00	3174.50	3175.00	3175.00	3175.00	3175.00	3175.00	3175.00	3175.00	3175.00	3175.00	3175.00	3175.00	3175.00	3175.00	3175.00	3175.50	3176.00	3176.00	3176.50	3177.00	3177.00	3177.50	3178.00	3178.00
3089.00	3090.00	3090.50	3091.00	3092.00	3092.50	3093.50	3094.50	3095.00	3095.50	3096.00	3096.50	3097.00	3098.00	3098.00	3098.50	3099.00	3100.00	3100.00	3101.00	3101.00	3101.00	3101.00	3102.00	3102.00	3102.00	3102.00	3102.00	3102.00	3102.00	3102.00	3102.00	3102.00	3102.00	3102.00	3102.00	3102.00	3102.50	3103.00	3103.00	3103.00	3103.00	3103.00	3103.50	3104.00	3104.00	3104.50	3105.00	3105.00	3106.00	3107.00	3107.00	3108.50	3109.00	3110.00	3110.50	3111.00	3112.00	3112.50	3113.00	3114.00	3114.00	3114.50	3115.00	3116.00	3116.50	3117.00	3118.00	3118.50	3119.50	3120.00	3120.50	3121.00	3122.00	3122.00	3122.00	3123.00	3123.00	3123.50	3124.00	3124.00	3125.00	3125.00	3125.00	3125.00	3125.50	3126.00	3126.00	3126.00	3126.00	3127.00	3127.00	3127.00	3127.00	3127.00	3128.00	3128.00	3128.00	3128.00	3128.00	3128.50	3129.00	3129.50	3130.00	3130.00	3131.00	3131.00	3132.00	3132.00	3132.50	3133.00	3133.00	3134.00	3134.00	3134.50	3135.00	3135.00	3135.00	3135.00	3136.00	3136.00	3136.00	3136.00	3136.50	3137.00	3137.00	3137.00	3137.00	3138.00	3138.00	3138.00	3138.00	3138.50	3139.00	3139.00	3139.00	3139.00	3139.50	3140.00	3140.00	3140.00	3140.00	3140.00	3140.00	3140.00	3140.00	3140.00	3140.00	3140.00	3139.50	3139.00	3139.00	3139.00	3139.00	3139.00	3139.00	3139.00	3139.00	3139.00	3139.00	3139.00	3139.00	3139.00	3139.50	3140.00	3140.00	3140.00	3140.00	3140.50	3141.00	3141.50	3142.00	3142.50	3143.00	3144.00	3145.00	3145.00	3146.00	3146.50	3147.00	3148.00	3148.00	3149.00	3149.00	3149.00	3149.50	3150.00	3150.50	3151.00	3152.00	3152.00	3153.00	3153.00	3154.50	3155.00	3155.50	3156.50	3157.00	3158.00	3158.00	3159.50	3161.00	3162.50	3163.50	3164.50	3165.00	3166.50	3168.00	3168.00	3169.00	3169.50	3170.00	3170.50	3171.00	3171.00	3171.00	3171.00	3172.00	3172.00	3172.00	3173.00	3173.00	3173.00	3173.00	3173.50	3174.00	3174.00	3174.00	3174.00	3174.00	3174.00	3174.00	3174.50	3175.00	3175.00	3175.00	3175.00	3175.00	3175.00	3175.00	3175.00	3175.00	3175.00	3175.00	3175.00	3175.00	3175.00	3175.50	3176.00	3176.00	3176.50	3177.00	3177.00	3177.50	3178.00	3178.00
3089.00	3090.00	3090.50	3091.00	3092.00	3092.50	3093.50	3094.50	3095.00	3095.50	3096.00	3096.50	3097.00	3098.00	3098.00	3098.50	3099.00	3100.00	3100.00	3101.00	3101.00	3101.00	3101.00	3102.00	3102.00	3102.00	3102.00	3102.00	3102.00	3102.00	3102.00	3102.00	3102.00	3102.00	3102.00	3102.00	3102.00	3102.50	3103.00	3103.00	3103.00	3103.00	3103.00	3103.50	3104.00	3104.00	3104.50	3105.00	3105.00	3106.00	3107.00	3107.00	3108.50	3109.00	3110.00	3110.50	3111.00	3112.00	3112.50	3113.00	3114.00	3114.00	3114.50	3115.00	3116.00	3116.50	3117.00	3118.00	3118.50	3119.50	3120.00	3120.50	3121.00	3122.00	3122.00	3122.00	3123.00	3123.00	3123.50	3124.00	3124.00	3125.00	3125.00	3125.00	3125.00	3125.50	3126.00	3126.00	3126.00	3126.00	3127.00	3127.00	3127.00	3127.00	3127.00	3128.00	3128.00	3128.00	3128.00	3128.00	3128.50	3129.00	3129.50	3130.00	3130.00	3131.00	3131.00	3132.00	3132.00	3132.50	3133.00	3133.00	3134.00	3134.00	3134.50	3135.00	3135.00	3135.00	3135.00	3136.00	3136.00	3136.00	3136.00	3136.50	3137.00	3137.00	3137.00	3137.00	3138.00	3138.00	3138.00	3138.00	3138.50	3139.00	3139.00	3139.00	3139.00	3139.50	3140.00	3140.00	3140.00	3140.00	3140.00	3140.00	3140.00	3140.00	3140.00	3140.00	3140.00	3139.50	3139.00	3139.00	3139.00	3139.00	3139.00	3139.00	3139.00	3139.00	3139.00	3139.00	3139.00	3139.00	3139.00	3139.50	3140.00	3140.00	3140.00	3140.00	3140.50	3141.00	3141.50	3142.00	3142.50	3143.00	3144.00	3145.00	3145.00	3146.00	3146.50	3147.00	3148.00	3148.00	3149.00	3149.00	3149.00	3149.50	3150.00	3150.50	3151.00	3152.00	3152.00	3153.00	3153.00	3154.50	3155.00	3155.50	3156.50	3157.00	3158.00	3158.00	3159.50	3161.00	3162.50	3163.50	3164.50	3165.00	3166.50	3168.00	3168.00	3169.00	3169.50	3170.00	3170.50	3171.00	3171.00	3171.00	3171.00	3172.00	3172.00	3172.00	3173.00	3173.00	3173.00	3173.00	3173.50	3174.00	3174.00	3174.00	3174.00	3174.00	3174.00	3174.00	3174.50	3175.00	3175.00	3175.00	3175.00	3175.00	3175.00	3175.00	3175.00	3175.00	3175.00	3175.00	3175.00	3175.00	3175.00	3175.50	3176.00	3176.00	3176.50	3177.00	3177.00	3177.50	3178.00	3178.00
3089.00	3090.00	3090.50	3091.00	3092.00	3092.50	3093.50	3094.50	3095.00	3095.50	3096.00	3096.50	3097.00	3098.00	3098.00	3098.50	3099.00	3100.00	3100.00	3101.00	3101.00	3101.00	3101.00	3102.00	3102.00	3102.00	3102.00	3102.00	3102.00	3102.00	3102.00	3102.00	3102.00	3102.00	3102.00	3102.00	3102.00	3102.50	3103.00	3103.00	3103.00	3103.00	3103.00	3103.50	3104.00	3104.00	3104.50	3105.00	3105.00	3106.00	3107.00	3107.00	3108.50	3109.00	3110.00	3110.50	3111.00	3112.00	3112.50	3113.00	3114.00	3114.00	3114.50	3115.00	3116.00	3116.50	3117.00	3118.00	3118.50	3119.50	3120.00	3120.50	3121.00	3122.00	3122.00	3122.00	3123.00	3123.00	3123.50	3124.00	3124.00	3125.00	3125.00	3125.00	3125.00	3125.50	3126.00	3126.00	3126.00	3126.00	3127.00	3127.00	3127.00	3127.00	3127.00	3128.00	3128.00	3128.00	3128.00	3128.00	3128.50	3129.00	3129.50	3130.00	3130.00	3131.00	3131.00	3132.00	3132.00	3132.50	3133.00	3133.00	3134.00	3134.00	3134.50	3135.00	3135.00	3135.00	3135.00	3136.00	3136.00	3136.00	3136.00	3136.50	3137.00	3137.00	3137.00	3137.00	3138.00	3138.00	3138.00	3138.00	3138.50	3139.00	3139.00	3139.00	3139.00	3139.50	3140.00	3140.00	3140.00	3140.00	3140.00	3140.00	3140.00	3140.00	3140.00	3140.00	3140.00	3139.50	3139.00	3139.00	3139.00	3139.00	3139.00	3139.00	3139.00	3139.00	3139.00	3139.00	3139.00	3139.00	3139.00	3139.50	3140.00	3140.00	3140.00	3140.00	3140.50	3141.00	3141.50	3142.00	3142.50	3143.00	3144.00	3145.00	3145.00	3146.00	3146.50	3147.00	3148.00	3148.00	3149.00	3149.00	3149.00	3149.50	3150.00	3150.50	3151.00	3152.00	3152.00	3153.00	3153.00	3154.50	3155.00	3155.50	3156.50	3157.00	3158.00	3158.00	3159.50	3161.00	3162.50	3163.50	3164.50	3165.00	3166.50	3168.00	3168.00	3169.00	3169.50	3170.00	3170.50	3171.00	3171.00	3171.00	3171.00	3172.00	3172.00	3172.00	3173.00	3173.00	3173.00	3173.00	3173.50	3174.00	3174.00	3174.00	3174.00	3174.00	3174.00	3174.00	3174.50	3175.00	3175.00	3175.00	3175.00	3175.00	3175.00	3175.00	3175.00	3175.00	3175.00	3175.00	3175.00	3175.00	3175.00	3175.50	3176.00	3176.00	3176.50	3177.00	3177.00	3177.50	3178.00	3178.00
3089.00	3090.00	3090.50	3091.00	3092.00	3092.50	3093.50	3094.50	3095.00	3095.50	3096.00	3096.50	3097.00	3098.00	3098.00	3098.50	3099.00	3100.00	3100.00	3101.00	3101.00	3101.00	3101.00	3102.00	3102.00	3102.00	3102.00	3102.00	3102.00	3102.00	3102.00	3102.00	3102.00	3102.00	3102.00	3102.00	3102.00	3102.50	3103.00	3103.00	3103.00	3103.00	3103.00	3103.50	3104.00	3104.00	3104.50	3105.00	3105.00	3106.00	3107.00	3107.00	3108.50	3109.00	3110.00	3110.50	3111.00	3112.00	3112.50	3113.00	3114.00	3114.00	3114.50	3115.00	3116.00	3116.50	3117.00	3118.00	3118.50	3119.50	3120.00	3120.50	3121.00	3122.00	3122.00	3122.00	3123.00	3123.00	3123.50	3124.00	3124.00	3125.00	3125.00	3125.00	3125.00	3125.50	3126.00	3126.00	3126.00	3126.00	3127.00	3127.00	3127.00	3127.00	3127.00	3128.00	3128.00	3128.00	3128.00	3128.00	3128.50	3129.00	3129.50	3130.00	3130.00	3131.00	3131.00	3132.00	3132.00	3132.50	3133.00	3133.00	3134.00	3134.00	3134.50	3135.00	3135.00	3135.00	3135.00	3136.00	3136.00	3136.00	3136.00	3136.50	3137.00	3137.00	3137.00	3137.00	3138.00	3138.00	3138.00	3138.00	3138.50	3139.00	3139.00	3139.00	3139.00	3139.50	3140.00	3140.00	3140.00	3140.00	3140.00	3140.00	3140.00	3140.00	3140.00	3140.00	3140.00	3139.50	3139.00	3139.00	3139.00	3139.00	3139.00	3139.00	3139.00	3139.00	3139.00	3139.00	3139.00	3139.00	3139.00	3139.50	3140.00	3140.00	3140.00	3140.00	3140.50	3141.00	3141.50	3142.00	3142.50	3143.00	3144.00	3145.00	3145.00	3146.00	3146.50	3147.00	3148.00	3148.00	3149.00	3149.00	3149.00	3149.50	3150.00	3150.50	3151.00	3152.00	3152.00	3153.00	3153.00	3154.50	3155.00	3155.50	3156.50	3157.00	3158.00	3158.00	3159.50	3161.00	3162.50	3163.50	3164.50	3165.00	3166.50	3168.00	3168.00	3169.00	3169.50	3170.00	3170.50	3171.00	3171.00	3171.00	3171.00	3172.00	3172.00	3172.00	3173.00	3173.00	3173.00	3173.00	3173.50	3174.00	3174.00	3174.00	3174.00	3174.00	3174.00	3174.00	3174.50	3175.00	3175.00	3175.00	3175.00	3175.00	3175.00	3175.00	3175.00	3175.00	3175.00	3175.00	3175.00	3175.00	3175.00	3175.50	3176.00	3176.00	3176.50	3177.00	3177.00	3177.50	3178.00	3178.00
3088.50	3089.00	3090.50	3091.00	3092.00	3092.50	3093.00	3094.50	3095.00	3095.50	3096.00	3097.00	3097.00	3098.00	3098.50	3099.00	3100.00	3100.00	3100.50	3101.00	3102.00	3102.00	3102.50	3103.00	3103.00	3103.00	3103.00	3103.00	3103.00	3103.00	3103.00	3103.00	3103.00	3103.00	3103.00	3103.00	3103.00	3103.00	3103.00	3103.00	3103.50	3104.00	3104.00	3104.00	3104.00	3104.00	3104.50	3105.00	3105.00	3105.50	3106.00	3106.00	3106.50	3107.00	3108.00	3108.50	3109.00	3110.00	3110.50	3111.00	3111.00	3112.00	3112.50	3113.00	3114.00	3114.50	3115.00	3116.00	3116.50	3117.00	3118.00	3118.50	3119.00	3119.00	3120.00	3120.00	3121.00	3121.50	3122.00	3122.00	3123.00	3123.00	3124.00	3124.00	3124.00	3124.50	3125.00	3125.50	3126.00	3126.00	3126.00	3127.00	3127.00	3127.00	3127.00	3128.00	3128.00	3128.00	3129.00	3129.00	3129.00	3130.00	3130.00	3130.50	3131.00	3131.50	3132.00	3132.00	3133.00	3133.00	3134.00	3134.00	3134.00	3134.00	3135.00	3135.00	3135.00	3136.00	3136.00	3136.00	3136.00	3136.50	3137.00	3137.00	3137.00	3137.00	3137.00	3137.00	3137.00	3137.00	3137.00	3137.00	3137.00	3137.50	3138.00	3138.00	3138.00	3138.00	3138.00	3138.00	3138.00	3138.00	3138.00	3138.00	3138.00	3138.00	3138.00	3138.00	3138.00	3138.00	3138.00	3138.00	3138.00	3138.00	3138.00	3138.00	3137.50	3137.00	3137.00	3137.00	3137.00	3138.00	3138.00	3138.00	3138.50	3139.00	3139.00	3139.00	3139.50	3140.00	3140.00	3140.50	3141.00	3142.00	3142.00	3143.00	3144.00	3144.50	3145.00	3145.00	3146.00	3146.00	3147.00	3147.00	3147.50	3148.00	3149.00	3149.00	3149.50	3151.00	3151.00	3152.00	3152.00	3152.50	3153.00	3153.50	3154.50	3155.50	3156.00	3157.00	3158.50	3159.00	3160.50	3161.50	3162.50	3163.00	3164.00	3165.00	3165.00	3166.00	3166.00	3166.50	3167.00	3167.00	3167.00	3167.50	3168.00	3168.00	3168.50	3169.00	3169.00	3169.00	3170.00	3170.00	3170.00	3170.50	3171.00	3171.00	3171.00	3171.00	3171.00	3171.00	3171.00	3172.00	3172.00	3172.00	3172.00	3172.00	3173.00	3173.00	3173.00	3173.00	3173.00	3173.50	3174.00	3174.00	3174.00	3174.50	3175.00	3175.00	3175.50	3176.00	3176.00	3177.00	3178.00	3178.00
3088.50	3089.00	3090.50	3091.00	3092.00	3092.50	3093.00	3094.50	3095.00	3095.50	3096.00	3097.00	3097.00	3098.00	3098.50	3099.00	3100.00	3100.00	3100.50	3101.00	3102.00	3102.00	3102.50	3103.00	3103.00	3103.00	3103.00	3103.00	3103.00	3103.00	3103.00	3103.00	3103.00	3103.00	3103.00	3103.00	3103.00	3103.00	3103.00	3103.00	3103.50	3104.00	3104.00	3104.00	3104.00	3104.00	3104.50	3105.00	3105.00	3105.50	3106.00	3106.00	3106.50	3107.00	3108.00	3108.50	3109.00	3110.00	3110.50	3111.00	3111.00	3112.00	3112.50	3113.00	3114.00	3114.50	3115.00	3116.00	3116.50	3117.00	3118.00	3118.50	3119.00	3119.00	3120.00	3120.00	3121.00	3121.50	3122.00	3122.00	3123.00	3123.00	3124.00	3124.00	3124.00	3124.50	3125.00	3125.50	3126.00	3126.00	3126.00	3127.00	3127.00	3127.00	3127.00	3128.00	3128.00	3128.00	3129.00	3129.00	3129.00	3130.00	3130.00	3130.50	3131.00	3131.50	3132.00	3132.00	3133.00	3133.00	3134.00	3134.00	3134.00	3134.00	3135.00	3135.00	3135.00	3136.00	3136.00	3136.00	3136.00	3136.50	3137.00	3137.00	3137.00	3137.00	3137.00	3137.00	3137.00	3137.00	3137.00	3137.00	3137.00	3137.50	3138.00	3138.00	3138.00	3138.00	3138.00	3138.00	3138.00	3138.00	3138.00	3138.00	3138.00	3138.00	3138.00	3138.00	3138.00	3138.00	3138.00	3138.00	3138.00	3138.00	3138.00	3138.00	3137.50	3137.00	3137.00	3137.00	3137.00	3138.00	3138.00	3138.00	3138.50	3139.00	3139.00	3139.00	3139.50	3140.00	3140.00	3140.50	3141.00	3142.00	3142.00	3143.00	3144.00	3144.50	3145.00	3145.00	3146.00	3146.00	3147.00	3147.00	3147.50	3148.00	3149.00	3149.00	3149.50	3151.00	3151.00	3152.00	3152.00	3152.50	3153.00	3153.50	3154.50	3155.50	3156.00	3157.00	3158.50	3159.00	3160.50	3161.50	3162.50	3163.00	3164.00	3165.00	3165.00	3166.00	3166.00	3166.50	3167.00	3167.00	3167.00	3167.50	3168.00	3168.00	3168.50	3169.00	3169.00	3169.00	3170.00	3170.00	3170.00	3170.50	3171.00	3171.00	3171.00	3171.00	3171.00	3171.00	3171.00	3172.00	3172.00	3172.00	3172.00	3172.00	3173.00	3173.00	3173.00	3173.00	3173.00	3173.50	3174.00	3174.00	3174.00	3174.50	3175.00	3175.00	3175.50	3176.00	3176.00	3177.00	3178.00	3178.00
3088.50	3089.00	3090.50	3091.00	3092.00	3092.50	3093.00	3094.50	3095.00	3095.50	3096.00	3097.00	3097.00	3098.00	3098.50	3099.00	3100.00	3100.00	3100.50	3101.00	3102.00	3102.00	3102.50	3103.00	3103.00	3103.00	3103.00	3103.00	3103.00	3103.00	3103.00	3103.00	3103.00	3103.00	3103.00	3103.00	3103.00	3103.00	3103.00	3103.00	3103.50	3104.00	3104.00	3104.00	3104.00	3104.00	3104.50	3105.00	3105.00	3105.50	3106.00	3106.00	3106.50	3107.00	3108.00	3108.50	3109.00	3110.00	3110.50	3111.00	3111.00	3112.00	3112.50	3113.00	3114.00	3114.50	3115.00	3116.00	3116.50	3117.00	3118.00	3118.50	3119.00	3119.00	3120.00	3120.00	3121.00	3121.50	3122.00	3122.00	3123.00	3123.00	3124.00	3124.00	3124.00	3124.50	3125.00	3125.50	3126.00	3126.00	3126.00	3127.00	3127.00	3127.00	3127.00	3128.00	3128.00	3128.00	3129.00	3129.00	3129.00	3130.00	3130.00	3130.50	3131.00	3131.50	3132.00	3132.00	3133.00	3133.00	3134.00	3134.00	3134.00	3134.00	3135.00	3135.00	3135.00	3136.00	3136.00	3136.00	3136.00	3136.50	3137.00	3137.00	3137.00	3137.00	3137.00	3137.00	3137.00	3137.00	3137.00	3137.00	3137.00	3137.50	3138.00	3138.00	3138.00	3138.00	3138.00	3138.00	3138.00	3138.00	3138.00	3138.00	3138.00	3138.00	3138.00	3138.00	3138.00	3138.00	3138.00	3138.00	3138.00	3138.00	3138.00	3138.00	3137.50	3137.00	3137.00	3137.00	3137.00	3138.00	3138.00	3138.00	3138.50	3139.00	3139.00	3139.00	3139.50	3140.00	3140.00	3140.50	3141.00	3142.00	3142.00	3143.00	3144.00	3144.50	3145.00	3145.00	3146.00	3146.00	3147.00	3147.00	3147.50	3148.00	3149.00	3149.00	3149.50	3151.00	3151.00	3152.00	3152.00	3152.50	3153.00	3153.50	3154.50	3155.50	3156.00	3157.00	3158.50	3159.00	3160.50	3161.50	3162.50	3163.00	3164.00	3165.00	3165.00	3166.00	3166.00	3166.50	3167.00	3167.00	3167.00	3167.50	3168.00	3168.00	3168.50	3169.00	3169.00	3169.00	3170.00	3170.00	3170.00	3170.50	3171.00	3171.00	3171.00	3171.00	3171.00	3171.00	3171.00	3172.00	3172.00	3172.00	3172.00	3172.00	3173.00	3173.00	3173.00	3173.00	3173.00	3173.50	3174.00	3174.00	3174.00	3174.50	3175.00	3175.00	3175.50	3176.00	3176.00	3177.00	3178.00	3178.00
3088.50	3089.00	3090.50	3091.00	3092.00	3092.50	3093.00	3094.50	3095.00	3095.50	3096.00	3097.00	3097.00	3098.00	3098.50	3099.00	3100.00	3100.00	3100.50	3101.00	3102.00	3102.00	3102.50	3103.00	3103.00	3103.00	3103.00	3103.00	3103.00	3103.00	3103.00	3103.00	3103.00	3103.00	3103.00	3103.00	3103.00	3103.00	3103.00	3103.00	3103.50	3104.00	3104.00	3104.00	3104.00	3104.00	3104.50	3105.00	3105.00	3105.50	3106.00	3106.00	3106.50	3107.00	3108.00	3108.50	3109.00	3110.00	3110.50	3111.00	3111.00	3112.00	3112.50	3113.00	3114.00	3114.50	3115.00	3116.00	3116.50	3117.00	3118.00	3118.50	3119.00	3119.00	3120.00	3120.00	3121.00	3121.50	3122.00	3122.00	3123.00	3123.00	3124.00	3124.00	3124.00	3124.50	3125.00	3125.50	3126.00	3126.00	3126.00	3127.00	3127.00	3127.00	3127.00	3128.00	3128.00	3128.00	3129.00	3129.00	3129.00	3130.00	3130.00	3130.50	3131.00	3131.50	3132.00	3132.00	3133.00	3133.00	3134.00	3134.00	3134.00	3134.00	3135.00	3135.00	3135.00	3136.00	3136.00	3136.00	3136.00	3136.50	3137.00	3137.00	3137.00	3137.00	3137.00	3137.00	3137.00	3137.00	3137.00	3137.00	3137.00	3137.50	3138.00	3138.00	3138.00	3138.00	3138.00	3138.00	3138.00	3138.00	3138.00	3138.00	3138.00	3138.00	3138.00	3138.00	3138.00	3138.00	3138.00	3138.00	3138.00	3138.00	3138.00	3138.00	3137.50	3137.00	3137.00	3137.00	3137.00	3138.00	3138.00	3138.00	3138.50	3139.00	3139.00	3139.00	3139.50	3140.00	3140.00	3140.50	3141.00	3142.00	3142.00	3143.00	3144.00	3144.50	3145.00	3145.00	3146.00	3146.00	3147.00	3147.00	3147.50	3148.00	3149.00	3149.00	3149.50	3151.00	3151.00	3152.00	3152.00	3152.50	3153.00	3153.50	3154.50	3155.50	3156.00	3157.00	3158.50	3159.00	3160.50	3161.50	3162.50	3163.00	3164.00	3165.00	3165.00	3166.00	3166.00	3166.50	3167.00	3167.00	3167.00	3167.50	3168.00	3168.00	3168.50	3169.00	3169.00	3169.00	3170.00	3170.00	3170.00	3170.50	3171.00	3171.00	3171.00	3171.00	3171.00	3171.00	3171.00	3172.00	3172.00	3172.00	3172.00	3172.00	3173.00	3173.00	3173.00	3173.00	3173.00	3173.50	3174.00	3174.00	3174.00	3174.50	3175.00	3175.00	3175.50	3176.00	3176.00	3177.00	3178.00	3178.00
3088.50	3089.00	3090.50	3091.00	3092.00	3092.50	3093.00	3094.50	3095.00	3095.50	3096.00	3097.00	3097.00	3098.00	3098.50	3099.00	3100.00	3100.00	3100.50	3101.00	3102.00	3102.00	3102.50	3103.00	3103.00	3103.00	3103.00	3103.00	3103.00	3103.00	3103.00	3103.00	3103.00	3103.00	3103.00	3103.00	3103.00	3103.00	3103.00	3103.00	3103.50	3104.00	3104.00	3104.00	3104.00	3104.00	3104.50	3105.00	3105.00	3105.50	3106.00	3106.00	3106.50	3107.00	3108.00	3108.50	3109.00	3110.00	3110.50	3111.00	3111.00	3112.00	3112.50	3113.00	3114.00	3114.50	3115.00	3116.00	3116.50	3117.00	3118.00	3118.50	3119.00	3119.00	3120.00	3120.00	3121.00	3121.50	3122.00	3122.00	3123.00	3123.00	3124.00	3124.00	3124.00	3124.50	3125.00	3125.50	3126.00	3126.00	3126.00	3127.00	3127.00	3127.00	3127.00	3128.00	3128.00	3128.00	3129.00	3129.00	3129.00	3130.00	3130.00	3130.50	3131.00	3131.50	3132.00	3132.00	3133.00	3133.00	3134.00	3134.00	3134.00	3134.00	3135.00	3135.00	3135.00	3136.00	3136.00	3136.00	3136.00	3136.50	3137.00	3137.00	3137.00	3137.00	3137.00	3137.00	3137.00	3137.00	3137.00	3137.00	3137.00	3137.50	3138.00	3138.00	3138.00	3138.00	3138.00	3138.00	3138.00	3138.00	3138.00	3138.00	3138.00	3138.00	3138.00	3138.00	3138.00	3138.00	3138.00	3138.00	3138.00	3138.00	3138.00	3138.00	3137.50	3137.00	3137.00	3137.00	3137.00	3138.00	3138.00	3138.00	3138.50	3139.00	3139.00	3139.00	3139.50	3140.00	3140.00	3140.50	3141.00	3142.00	3142.00	3143.00	3144.00	3144.50	3145.00	3145.00	3146.00	3146.00	3147.00	3147.00	3147.50	3148.00	3149.00	3149.00	3149.50	3151.00	3151.00	3152.00	3152.00	3152.50	3153.00	3153.50	3154.50	3155.50	3156.00	3157.00	3158.50	3159.00	3160.50	3161.50	3162.50	3163.00	3164.00	3165.00	3165.00	3166.00	3166.00	3166.50	3167.00	3167.00	3167.00	3167.50	3168.00	3168.00	3168.50	3169.00	3169.00	3169.00	3170.00	3170.00	3170.00	3170.50	3171.00	3171.00	3171.00	3171.00	3171.00	3171.00	3171.00	3172.00	3172.00	3172.00	3172.00	3172.00	3173.00	3173.00	3173.00	3173.00	3173.00	3173.50	3174.00	3174.00	3174.00	3174.50	3175.00	3175.00	3175.50	3176.00	3176.00	3177.00	3178.00	3178.00
3088.00	3089.00	3090.00	3090.50	3091.50	3092.25	3092.75	3094.00	3094.50	3095.00	3095.50	3096.50	3096.75	3097.50	3098.25	3098.75	3099.50	3099.50	3100.25	3101.00	3101.50	3101.50	3102.00	3102.50	3102.50	3103.00	3103.00	3103.00	3103.00	3103.00	3103.00	3103.00	3103.00	3103.50	3103.50	3103.50	3103.50	3103.50	3103.50	3103.50	3103.75	3104.00	3104.00	3104.00	3104.00	3104.25	3104.75	3105.00	3105.00	3105.25	3106.00	3106.00	3106.25	3106.50	3107.50	3107.75	3108.00	3109.00	3109.25	3109.75	3110.00	3110.75	3111.25	3111.50	3112.50	3113.00	3113.50	3114.50	3115.00	3115.50	3116.25	3116.75	3117.50	3117.50	3118.50	3118.75	3120.00	3120.50	3121.00	3121.00	3122.00	3122.50	3123.00	3123.25	3123.50	3124.00	3124.75	3125.25	3125.50	3126.00	3126.00	3127.00	3127.00	3127.25	3127.50	3128.00	3128.50	3128.50	3129.50	3129.50	3129.50	3130.50	3130.50	3130.75	3131.50	3131.75	3132.00	3132.50	3133.00	3133.25	3134.00	3134.50	3134.50	3134.50	3135.50	3135.50	3135.50	3136.50	3136.50	3136.50	3136.50	3136.75	3137.00	3137.00	3137.00	3137.00	3137.00	3137.00	3137.00	3137.00	3137.00	3137.00	3137.00	3137.25	3137.75	3138.00	3138.00	3138.00	3138.00	3138.00	3138.00	3138.00	3138.00	3138.00	3138.00	3138.00	3137.50	3137.50	3137.50	3137.50	3137.50	3137.50	3137.50	3137.50	3137.50	3137.50	3137.25	3137.00	3137.00	3137.00	3137.00	3137.50	3137.50	3137.50	3138.25	3138.50	3138.75	3139.00	3139.25	3139.75	3140.00	3140.50	3141.00	3142.00	3142.00	3143.00	3144.00	3144.75	3145.00	3145.25	3146.00	3146.25	3147.00	3147.00	3147.75	3148.25	3149.25	3149.50	3149.75	3150.50	3151.00	3151.50	3151.50	3152.25	3152.75	3153.25	3154.25	3155.00	3156.00	3157.00	3158.25	3159.00	3160.00	3160.75	3161.50	3162.00	3162.50	3163.50	3163.50	3164.50	3164.75	3165.25	3165.50	3165.75	3166.00	3166.25	3166.50	3167.00	3167.25	3167.50	3168.00	3168.00	3168.50	3168.50	3169.00	3169.25	3169.50	3169.50	3169.50	3169.50	3170.00	3170.00	3170.00	3170.50	3170.50	3170.75	3171.00	3171.00	3172.00	3172.00	3172.00	3172.25	3172.50	3173.00	3173.50	3173.50	3173.50	3174.25	3174.50	3175.00	3175.25	3175.75	3176.00	3177.00	3178.00	3178.50
3087.50	3089.00	3089.50	3090.00	3091.00	3092.00	3092.50	3093.50	3094.00	3094.50	3095.00	3096.00	3096.50	3097.00	3098.00	3098.50	3099.00	3099.00	3100.00	3101.00	3101.00	3101.00	3101.50	3102.00	3102.00	3103.00	3103.00	3103.00	3103.00	3103.00	3103.00	3103.00	3103.00	3104.00	3104.00	3104.00	3104.00	3104.00	3104.00	3104.00	3104.00	3104.00	3104.00	3104.00	3104.00	3104.50	3105.00	3105.00	3105.00	3105.00	3106.00	3106.00	3106.00	3106.00	3107.00	3107.00	3107.00	3108.00	3108.00	3108.50	3109.00	3109.50	3110.00	3110.00	3111.00	3111.50	3112.00	3113.00	3113.50	3114.00	3114.50	3115.00	3116.00	3116.00	3117.00	3117.50	3119.00	3119.50	3120.00	3120.00	3121.00	3122.00	3122.00	3122.50	3123.00	3123.50	3124.50	3125.00	3125.00	3126.00	3126.00	3127.00	3127.00	3127.50	3128.00	3128.00	3129.00	3129.00	3130.00	3130.00	3130.00	3131.00	3131.00	3131.00	3132.00	3132.00	3132.00	3133.00	3133.00	3133.50	3134.00	3135.00	3135.00	3135.00	3136.00	3136.00	3136.00	3137.00	3137.00	3137.00	3137.00	3137.00	3137.00	3137.00	3137.00	3137.00	3137.00	3137.00	3137.00	3137.00	3137.00	3137.00	3137.00	3137.00	3137.50	3138.00	3138.00	3138.00	3138.00	3138.00	3138.00	3138.00	3138.00	3138.00	3138.00	3138.00	3137.00	3137.00	3137.00	3137.00	3137.00	3137.00	3137.00	3137.00	3137.00	3137.00	3137.00	3137.00	3137.00	3137.00	3137.00	3137.00	3137.00	3137.00	3138.00	3138.00	3138.50	3139.00	3139.00	3139.50	3140.00	3140.50	3141.00	3142.00	3142.00	3143.00	3144.00	3145.00	3145.00	3145.50	3146.00	3146.50	3147.00	3147.00	3148.00	3148.50	3149.50	3150.00	3150.00	3150.00	3151.00	3151.00	3151.00	3152.00	3152.50	3153.00	3154.00	3154.50	3156.00	3157.00	3158.00	3159.00	3159.50	3160.00	3160.50	3161.00	3161.00	3162.00	3162.00	3163.00	3163.50	3164.00	3164.00	3164.50	3165.00	3165.00	3165.00	3166.00	3166.00	3166.00	3167.00	3167.00	3167.00	3167.00	3168.00	3168.00	3168.00	3168.00	3168.00	3168.00	3169.00	3169.00	3169.00	3169.00	3169.00	3169.50	3170.00	3170.00	3171.00	3171.00	3171.00	3171.50	3172.00	3172.50	3173.00	3173.00	3173.00	3174.00	3174.00	3175.00	3175.00	3175.50	3176.00	3177.00	3178.00	3179.00
3087.50	3089.00	3089.50	3090.00	3091.00	3092.00	3092.50	3093.50	3094.00	3094.50	3095.00	3096.00	3096.50	3097.00	3098.00	3098.50	3099.00	3099.00	3100.00	3101.00	3101.00	3101.00	3101.50	3102.00	3102.00	3103.00	3103.00	3103.00	3103.00	3103.00	3103.00	3103.00	3103.00	3104.00	3104.00	3104.00	3104.00	3104.00	3104.00	3104.00	3104.00	3104.00	3104.00	3104.00	3104.00	3104.50	3105.00	3105.00	3105.00	3105.00	3106.00	3106.00	3106.00	3106.00	3107.00	3107.00	3107.00	3108.00	3108.00	3108.50	3109.00	3109.50	3110.00	3110.00	3111.00	3111.50	3112.00	3113.00	3113.50	3114.00	3114.50	3115.00	3116.00	3116.00	3117.00	3117.50	3119.00	3119.50	3120.00	3120.00	3121.00	3122.00	3122.00	3122.50	3123.00	3123.50	3124.50	3125.00	3125.00	3126.00	3126.00	3127.00	3127.00	3127.50	3128.00	3128.00	3129.00	3129.00	3130.00	3130.00	3130.00	3131.00	3131.00	3131.00	3132.00	3132.00	3132.00	3133.00	3133.00	3133.50	3134.00	3135.00	3135.00	3135.00	3136.00	3136.00	3136.00	3137.00	3137.00	3137.00	3137.00	3137.00	3137.00	3137.00	3137.00	3137.00	3137.00	3137.00	3137.00	3137.00	3137.00	3137.00	3137.00	3137.00	3137.50	3138.00	3138.00	3138.00	3138.00	3138.00	3138.00	3138.00	3138.00	3138.00	3138.00	3138.00	3137.00	3137.00	3137.00	3137.00	3137.00	3137.00	3137.00	3137.00	3137.00	3137.00	3137.00	3137.00	3137.00	3137.00	3137.00	3137.00	3137.00	3137.00	3138.00	3138.00	3138.50	3139.00	3139.00	3139.50	3140.00	3140.50	3141.00	3142.00	3142.00	3143.00	3144.00	3145.00	3145.00	3145.50	3146.00	3146.50	3147.00	3147.00	3148.00	3148.50	3149.50	3150.00	3150.00	3150.00	3151.00	3151.00	3151.00	3152.00	3152.50	3153.00	3154.00	3154.50	3156.00	3157.00	3158.00	3159.00	3159.50	3160.00	3160.50	3161.00	3161.00	3162.00	3162.00	3163.00	3163.50	3164.00	3164.00	3164.50	3165.00	3165.00	3165.00	3166.00	3166.00	3166.00	3167.00	3167.00	3167.00	3167.00	3168.00	3168.00	3168.00	3168.00	3168.00	3168.00	3169.00	3169.00	3169.00	3169.00	3169.00	3169.50	3170.00	3170.00	3171.00	3171.00	3171.00	3171.50	3172.00	3172.50	3173.00	3173.00	3173.00	3174.00	3174.00	3175.00	3175.00	3175.50	3176.00	3177.00	3178.00	3179.00
3087.50	3089.00	3089.50	3090.00	3091.00	3092.00	3092.50	3093.50	3094.00	3094.50	3095.00	3096.00	3096.50	3097.00	3098.00	3098.50	3099.00	3099.00	3100.00	3101.00	3101.00	3101.00	3101.50	3102.00	3102.00	3103.00	3103.00	3103.00	3103.00	3103.00	3103.00	3103.00	3103.00	3104.00	3104.00	3104.00	3104.00	3104.00	3104.00	3104.00	3104.00	3104.00	3104.00	3104.00	3104.00	3104.50	3105.00	3105.00	3105.00	3105.00	3106.00	3106.00	3106.00	3106.00	3107.00	3107.00	3107.00	3108.00	3108.00	3108.50	3109.00	3109.50	3110.00	3110.00	3111.00	3111.50	3112.00	3113.00	3113.50	3114.00	3114.50	3115.00	3116.00	3116.00	3117.00	3117.50	3119.00	3119.50	3120.00	3120.00	3121.00	3122.00	3122.00	3122.50	3123.00	3123.50	3124.50	3125.00	3125.00	3126.00	3126.00	3127.00	3127.00	3127.50	3128.00	3128.00	3129.00	3129.00	3130.00	3130.00	3130.00	3131.00	3131.00	3131.00	3132.00	3132.00	3132.00	3133.00	3133.00	3133.50	3134.00	3135.00	3135.00	3135.00	3136.00	3136.00	3136.00	3137.00	3137.00	3137.00	3137.00	3137.00	3137.00	3137.00	3137.00	3137.00	3137.00	3137.00	3137.00	3137.00	3137.00	3137.00	3137.00	3137.00	3137.50	3138.00	3138.00	3138.00	3138.00	3138.00	3138.00	3138.00	3138.00	3138.00	3138.00	3138.00	3137.00	3137.00	3137.00	3137.00	3137.00	3137.00	3137.00	3137.00	3137.00	3137.00	3137.00	3137.00	3137.00	3137.00	3137.00	3137.00	3137.00	3137.00	3138.00	3138.00	3138.50	3139.00	3139.00	3139.50	3140.00	3140.50	3141.00	3142.00	3142.00	3143.00	3144.00	3145.00	3145.00	3145.50	3146.00	3146.50	3147.00	3147.00	3148.00	3148.50	3149.50	3150.00	3150.00	3150.00	3151.00	3151.00	3151.00	3152.00	3152.50	3153.00	3154.00	3154.50	3156.00	3157.00	3158.00	3159.00	3159.50	3160.00	3160.50	3161.00	3161.00	3162.00	3162.00	3163.00	3163.50	3164.00	3164.00	3164.50	3165.00	3165.00	3165.00	3166.00	3166.00	3166.00	3167.00	3167.00	3167.00	3167.00	3168.00	3168.00	3168.00	3168.00	3168.00	3168.00	3169.00	3169.00	3169.00	3169.00	3169.00	3169.50	3170.00	3170.00	3171.00	3171.00	3171.00	3171.50	3172.00	3172.50	3173.00	3173.00	3173.00	3174.00	3174.00	3175.00	3175.00	3175.50	3176.00	3177.00	3178.00	3179.00
3087.50	3089.00	3089.50	3090.00	3091.00	3092.00	3092.50	3093.50	3094.00	3094.50	3095.00	3096.00	3096.50	3097.00	3098.00	3098.50	3099.00	3099.00	3100.00	3101.00	3101.00	3101.00	3101.50	3102.00	3102.00	3103.00	3103.00	3103.00	3103.00	3103.00	3103.00	3103.00	3103.00	3104.00	3104.00	3104.00	3104.00	3104.00	3104.00	3104.00	3104.00	3104.00	3104.00	3104.00	3104.00	3104.50	3105.00	3105.00	3105.00	3105.00	3106.00	3106.00	3106.00	3106.00	3107.00	3107.00	3107.00	3108.00	3108.00	3108.50	3109.00	3109.50	3110.00	3110.00	3111.00	3111.50	3112.00	3113.00	3113.50	3114.00	3114.50	3115.00	3116.00	3116.00	3117.00	3117.50	3119.00	3119.50	3120.00	3120.00	3121.00	3122.00	3122.00	3122.50	3123.00	3123.50	3124.50	3125.00	3125.00	3126.00	3126.00	3127.00	3127.00	3127.50	3128.00	3128.00	3129.00	3129.00	3130.00	3130.00	3130.00	3131.00	3131.00	3131.00	3132.00	3132.00	3132.00	3133.00	3133.00	3133.50	3134.00	3135.00	3135.00	3135.00	3136.00	3136.00	3136.00	3137.00	3137.00	3137.00	3137.00	3137.00	3137.00	3137.00	3137.00	3137.00	3137.00	3137.00	3137.00	3137.00	3137.00	3137.00	3137.00	3137.00	3137.50	3138.00	3138.00	3138.00	3138.00	3138.00	3138.00	3138.00	3138.00	3138.00	3138.00	3138.00	3137.00	3137.00	3137.00	3137.00	3137.00	3137.00	3137.00	3137.00	3137.00	3137.00	3137.00	3137.00	3137.00	3137.00	3137.00	3137.00	3137.00	3137.00	3138.00	3138.00	3138.50	3139.00	3139.00	3139.50	3140.00	3140.50	3141.00	3142.00	3142.00	3143.00	3144.00	3145.00	3145.00	3145.50	3146.00	3146.50	3147.00	3147.00	3148.00	3148.50	3149.50	3150.00	3150.00	3150.00	3151.00	3151.00	3151.00	3152.00	3152.50	3153.00	3154.00	3154.50	3156.00	3157.00	3158.00	3159.00	3159.50	3160.00	3160.50	3161.00	3161.00	3162.00	3162.00	3163.00	3163.50	3164.00	3164.00	3164.50	3165.00	3165.00	3165.00	3166.00	3166.00	3166.00	3167.00	3167.00	3167.00	3167.00	3168.00	3168.00	3168.00	3168.00	3168.00	3168.00	3169.00	3169.00	3169.00	3169.00	3169.00	3169.50	3170.00	3170.00	3171.00	3171.00	3171.00	3171.50	3172.00	3172.50	3173.00	3173.00	3173.00	3174.00	3174.00	3175.00	3175.00	3175.50	3176.00	3177.00	3178.00	3179.00
3087.50	3089.00	3089.50	3090.00	3091.00	3092.00	3092.50	3093.50	3094.00	3094.50	3095.00	3096.00	3096.50	3097.00	3098.00	3098.50	3099.00	3099.00	3100.00	3101.00	3101.00	3101.00	3101.50	3102.00	3102.00	3103.00	3103.00	3103.00	3103.00	3103.00	3103.00	3103.00	3103.00	3104.00	3104.00	3104.00	3104.00	3104.00	3104.00	3104.00	3104.00	3104.00	3104.00	3104.00	3104.00	3104.50	3105.00	3105.00	3105.00	3105.00	3106.00	3106.00	3106.00	3106.00	3107.00	3107.00	3107.00	3108.00	3108.00	3108.50	3109.00	3109.50	3110.00	3110.00	3111.00	3111.50	3112.00	3113.00	3113.50	3114.00	3114.50	3115.00	3116.00	3116.00	3117.00	3117.50	3119.00	3119.50	3120.00	3120.00	3121.00	3122.00	3122.00	3122.50	3123.00	3123.50	3124.50	3125.00	3125.00	3126.00	3126.00	3127.00	3127.00	3127.50	3128.00	3128.00	3129.00	3129.00	3130.00	3130.00	3130.00	3131.00	3131.00	3131.00	3132.00	3132.00	3132.00	3133.00	3133.00	3133.50	3134.00	3135.00	3135.00	3135.00	3136.00	3136.00	3136.00	3137.00	3137.00	3137.00	3137.00	3137.00	3137.00	3137.00	3137.00	3137.00	3137.00	3137.00	3137.00	3137.00	3137.00	3137.00	3137.00	3137.00	3137.50	3138.00	3138.00	3138.00	3138.00	3138.00	3138.00	3138.00	3138.00	3138.00	3138.00	3138.00	3137.00	3137.00	3137.00	3137.00	3137.00	3137.00	3137.00	3137.00	3137.00	3137.00	3137.00	3137.00	3137.00	3137.00	3137.00	3137.00	3137.00	3137.00	3138.00	3138.00	3138.50	3139.00	3139.00	3139.50	3140.00	3140.50	3141.00	3142.00	3142.00	3143.00	3144.00	3145.00	3145.00	3145.50	3146.00	3146.50	3147.00	3147.00	3148.00	3148.50	3149.50	3150.00	3150.00	3150.00	3151.00	3151.00	3151.00	3152.00	3152.50	3153.00	3154.00	3154.50	3156.00	3157.00	3158.00	3159.00	3159.50	3160.00	3160.50	3161.00	3161.00	3162.00	3162.00	3163.00	3163.50	3164.00	3164.00	3164.50	3165.00	3165.00	3165.00	3166.00	3166.00	3166.00	3167.00	3167.00	3167.00	3167.00	3168.00	3168.00	3168.00	3168.00	3168.00	3168.00	3169.00	3169.00	3169.00	3169.00	3169.00	3169.50	3170.00	3170.00	3171.00	3171.00	3171.00	3171.50	3172.00	3172.50	3173.00	3173.00	3173.00	3174.00	3174.00	3175.00	3175.00	3175.50	3176.00	3177.00	3178.00	3179.00
3087.00	3088.00	3088.50	3090.00	3090.00	3091.00	3091.50	3092.50	3093.00	3093.50	3094.00	3095.00	3095.50	3096.00	3097.00	3097.50	3098.00	3098.00	3099.00	3099.00	3100.00	3100.00	3100.50	3101.00	3101.00	3102.00	3102.00	3102.00	3102.00	3103.00	3103.00	3103.00	3103.00	3103.00	3104.00	3104.00	3104.00	3104.00	3104.00	3104.00	3104.00	3104.00	3104.00	3104.00	3104.00	3105.00	3105.00	3105.00	3105.00	3105.00	3105.00	3105.00	3105.00	3105.00	3106.00	3106.00	3106.00	3106.00	3106.00	3106.50	3107.00	3107.50	3108.00	3108.00	3109.00	3109.50	3110.00	3110.50	3111.00	3111.50	3112.50	3113.00	3114.00	3114.00	3115.00	3115.50	3116.50	3117.00	3117.50	3118.00	3119.00	3120.00	3120.00	3121.00	3121.50	3122.50	3123.50	3124.00	3125.00	3125.00	3126.00	3126.00	3127.00	3127.50	3128.00	3129.00	3129.50	3130.00	3130.00	3130.50	3131.00	3131.50	3132.00	3132.00	3132.00	3133.00	3133.00	3133.00	3134.00	3134.00	3135.00	3135.00	3135.50	3136.00	3136.50	3137.00	3137.00	3138.00	3138.00	3138.00	3138.00	3138.00	3138.00	3138.00	3138.00	3138.00	3138.00	3138.00	3138.00	3138.00	3138.00	3138.00	3138.00	3138.00	3138.00	3138.00	3138.00	3138.00	3138.00	3138.00	3138.00	3137.50	3137.00	3137.00	3137.00	3137.00	3137.00	3137.00	3137.50	3138.00	3138.00	3138.00	3138.00	3138.00	3138.00	3138.00	3138.00	3138.00	3138.00	3138.00	3138.00	3138.00	3138.50	3139.00	3139.00	3139.00	3139.00	3140.00	3140.00	3140.00	3140.00	3140.50	3141.00	3141.00	3141.00	3142.00	3143.00	3144.00	3144.50	3145.50	3146.50	3147.00	3148.00	3148.00	3149.00	3149.50	3150.50	3151.00	3151.00	3151.00	3152.00	3152.00	3152.00	3153.00	3153.50	3154.00	3155.50	3156.00	3157.00	3158.00	3158.50	3160.00	3160.50	3161.00	3161.00	3161.00	3162.00	3162.00	3162.00	3163.00	3163.00	3163.00	3163.00	3163.00	3163.00	3164.00	3164.00	3164.00	3164.50	3165.00	3165.00	3165.00	3165.00	3166.00	3166.00	3166.00	3166.00	3166.00	3166.50	3167.00	3167.00	3167.00	3167.00	3167.50	3168.00	3168.00	3168.00	3168.00	3169.00	3169.00	3170.00	3170.00	3170.50	3171.00	3171.50	3172.00	3172.00	3173.00	3173.50	3174.50	3175.00	3175.50	3176.00	3177.00	3178.00	3179.00
3087.00	3088.00	3088.50	3090.00	3090.00	3091.00	3091.50	3092.50	3093.00	3093.50	3094.00	3095.00	3095.50	3096.00	3097.00	3097.50	3098.00	3098.00	3099.00	3099.00	3100.00	3100.00	3100.50	3101.00	3101.00	3102.00	3102.00	3102.00	3102.00	3103.00	3103.00	3103.00	3103.00	3103.00	3104.00	3104.00	3104.00	3104.00	3104.00	3104.00	3104.00	3104.00	3104.00	3104.00	3104.00	3105.00	3105.00	3105.00	3105.00	3105.00	3105.00	3105.00	3105.00	3105.00	3106.00	3106.00	3106.00	3106.00	3106.00	3106.50	3107.00	3107.50	3108.00	3108.00	3109.00	3109.50	3110.00	3110.50	3111.00	3111.50	3112.50	3113.00	3114.00	3114.00	3115.00	3115.50	3116.50	3117.00	3117.50	3118.00	3119.00	3120.00	3120.00	3121.00	3121.50	3122.50	3123.50	3124.00	3125.00	3125.00	3126.00	3126.00	3127.00	3127.50	3128.00	3129.00	3129.50	3130.00	3130.00	3130.50	3131.00	3131.50	3132.00	3132.00	3132.00	3133.00	3133.00	3133.00	3134.00	3134.00	3135.00	3135.00	3135.50	3136.00	3136.50	3137.00	3137.00	3138.00	3138.00	3138.00	3138.00	3138.00	3138.00	3138.00	3138.00	3138.00	3138.00	3138.00	3138.00	3138.00	3138.00	3138.00	3138.00	3138.00	3138.00	3138.00	3138.00	3138.00	3138.00	3138.00	3138.00	3137.50	3137.00	3137.00	3137.00	3137.00	3137.00	3137.00	3137.50	3138.00	3138.00	3138.00	3138.00	3138.00	3138.00	3138.00	3138.00	3138.00	3138.00	3138.00	3138.00	3138.00	3138.50	3139.00	3139.00	3139.00	3139.00	3140.00	3140.00	3140.00	3140.00	3140.50	3141.00	3141.00	3141.00	3142.00	3143.00	3144.00	3144.50	3145.50	3146.50	3147.00	3148.00	3148.00	3149.00	3149.50	3150.50	3151.00	3151.00	3151.00	3152.00	3152.00	3152.00	3153.00	3153.50	3154.00	3155.50	3156.00	3157.00	3158.00	3158.50	3160.00	3160.50	3161.00	3161.00	3161.00	3162.00	3162.00	3162.00	3163.00	3163.00	3163.00	3163.00	3163.00	3163.00	3164.00	3164.00	3164.00	3164.50	3165.00	3165.00	3165.00	3165.00	3166.00	3166.00	3166.00	3166.00	3166.00	3166.50	3167.00	3167.00	3167.00	3167.00	3167.50	3168.00	3168.00	3168.00	3168.00	3169.00	3169.00	3170.00	3170.00	3170.50	3171.00	3171.50	3172.00	3172.00	3173.00	3173.50	3174.50	3175.00	3175.50	3176.00	3177.00	3178.00	3179.00
3087.00	3088.00	3088.50	3090.00	3090.00	3091.00	3091.50	3092.50	3093.00	3093.50	3094.00	3095.00	3095.50	3096.00	3097.00	3097.50	3098.00	3098.00	3099.00	3099.00	3100.00	3100.00	3100.50	3101.00	3101.00	3102.00	3102.00	3102.00	3102.00	3103.00	3103.00	3103.00	3103.00	3103.00	3104.00	3104.00	3104.00	3104.00	3104.00	3104.00	3104.00	3104.00	3104.00	3104.00	3104.00	3105.00	3105.00	3105.00	3105.00	3105.00	3105.00	3105.00	3105.00	3105.00	3106.00	3106.00	3106.00	3106.00	3106.00	3106.50	3107.00	3107.50	3108.00	3108.00	3109.00	3109.50	3110.00	3110.50	3111.00	3111.50	3112.50	3113.00	3114.00	3114.00	3115.00	3115.50	3116.50	3117.00	3117.50	3118.00	3119.00	3120.00	3120.00	3121.00	3121.50	3122.50	3123.50	3124.00	3125.00	3125.00	3126.00	3126.00	3127.00	3127.50	3128.00	3129.00	3129.50	3130.00	3130.00	3130.50	3131.00	3131.50	3132.00	3132.00	3132.00	3133.00	3133.00	3133.00	3134.00	3134.00	3135.00	3135.00	3135.50	3136.00	3136.50	3137.00	3137.00	3138.00	3138.00	3138.00	3138.00	3138.00	3138.00	3138.00	3138.00	3138.00	3138.00	3138.00	3138.00	3138.00	3138.00	3138.00	3138.00	3138.00	3138.00	3138.00	3138.00	3138.00	3138.00	3138.00	3138.00	3137.50	3137.00	3137.00	3137.00	3137.00	3137.00	3137.00	3137.50	3138.00	3138.00	3138.00	3138.00	3138.00	3138.00	3138.00	3138.00	3138.00	3138.00	3138.00	3138.00	3138.00	3138.50	3139.00	3139.00	3139.00	3139.00	3140.00	3140.00	3140.00	3140.00	3140.50	3141.00	3141.00	3141.00	3142.00	3143.00	3144.00	3144.50	3145.50	3146.50	3147.00	3148.00	3148.00	3149.00	3149.50	3150.50	3151.00	3151.00	3151.00	3152.00	3152.00	3152.00	3153.00	3153.50	3154.00	3155.50	3156.00	3157.00	3158.00	3158.50	3160.00	3160.50	3161.00	3161.00	3161.00	3162.00	3162.00	3162.00	3163.00	3163.00	3163.00	3163.00	3163.00	3163.00	3164.00	3164.00	3164.00	3164.50	3165.00	3165.00	3165.00	3165.00	3166.00	3166.00	3166.00	3166.00	3166.00	3166.50	3167.00	3167.00	3167.00	3167.00	3167.50	3168.00	3168.00	3168.00	3168.00	3169.00	3169.00	3170.00	3170.00	3170.50	3171.00	3171.50	3172.00	3172.00	3173.00	3173.50	3174.50	3175.00	3175.50	3176.00	3177.00	3178.00	3179.00
3087.00	3088.00	3088.50	3090.00	3090.00	3091.00	3091.50	3092.50	3093.00	3093.50	3094.00	3095.00	3095.50	3096.00	3097.00	3097.50	3098.00	3098.00	3099.00	3099.00	3100.00	3100.00	3100.50	3101.00	3101.00	3102.00	3102.00	3102.00	3102.00	3103.00	3103.00	3103.00	3103.00	3103.00	3104.00	3104.00	3104.00	3104.00	3104.00	3104.00	3104.00	3104.00	3104.00	3104.00	3104.00	3105.00	3105.00	3105.00	3105.00	3105.00	3105.00	3105.00	3105.00	3105.00	3106.00	3106.00	3106.00	3106.00	3106.00	3106.50	3107.00	3107.50	3108.00	3108.00	3109.00	3109.50	3110.00	3110.50	3111.00	3111.50	3112.50	3113.00	3114.00	3114.00	3115.00	3115.50	3116.50	3117.00	3117.50	3118.00	3119.00	3120.00	3120.00	3121.00	3121.50	3122.50	3123.50	3124.00	3125.00	3125.00	3126.00	3126.00	3127.00	3127.50	3128.00	3129.00	3129.50	3130.00	3130.00	3130.50	3131.00	3131.50	3132.00	3132.00	3132.00	3133.00	3133.00	3133.00	3134.00	3134.00	3135.00	3135.00	3135.50	3136.00	3136.50	3137.00	3137.00	3138.00	3138.00	3138.00	3138.00	3138.00	3138.00	3138.00	3138.00	3138.00	3138.00	3138.00	3138.00	3138.00	3138.00	3138.00	3138.00	3138.00	3138.00	3138.00	3138.00	3138.00	3138.00	3138.00	3138.00	3137.50	3137.00	3137.00	3137.00	3137.00	3137.00	3137.00	3137.50	3138.00	3138.00	3138.00	3138.00	3138.00	3138.00	3138.00	3138.00	3138.00	3138.00	3138.00	3138.00	3138.00	3138.50	3139.00	3139.00	3139.00	3139.00	3140.00	3140.00	3140.00	3140.00	3140.50	3141.00	3141.00	3141.00	3142.00	3143.00	3144.00	3144.50	3145.50	3146.50	3147.00	3148.00	3148.00	3149.00	3149.50	3150.50	3151.00	3151.00	3151.00	3152.00	3152.00	3152.00	3153.00	3153.50	3154.00	3155.50	3156.00	3157.00	3158.00	3158.50	3160.00	3160.50	3161.00	3161.00	3161.00	3162.00	3162.00	3162.00	3163.00	3163.00	3163.00	3163.00	3163.00	3163.00	3164.00	3164.00	3164.00	3164.50	3165.00	3165.00	3165.00	3165.00	3166.00	3166.00	3166.00	3166.00	3166.00	3166.50	3167.00	3167.00	3167.00	3167.00	3167.50	3168.00	3168.00	3168.00	3168.00	3169.00	3169.00	3170.00	3170.00	3170.50	3171.00	3171.50	3172.00	3172.00	3173.00	3173.50	3174.50	3175.00	3175.50	3176.00	3177.00	3178.00	3179.00
3087.00	3088.00	3088.50	3090.00	3090.00	3091.00	3091.50	3092.50	3093.00	3093.50	3094.00	3095.00	3095.50	3096.00	3097.00	3097.50	3098.00	3098.00	3099.00	3099.00	3100.00	3100.00	3100.50	3101.00	3101.00	3102.00	3102.00	3102.00	3102.00	3103.00	3103.00	3103.00	3103.00	3103.00	3104.00	3104.00	3104.00	3104.00	3104.00	3104.00	3104.00	3104.00	3104.00	3104.00	3104.00	3105.00	3105.00	3105.00	3105.00	3105.00	3105.00	3105.00	3105.00	3105.00	3106.00	3106.00	3106.00	3106.00	3106.00	3106.50	3107.00	3107.50	3108.00	3108.00	3109.00	3109.50	3110.00	3110.50	3111.00	3111.50	3112.50	3113.00	3114.00	3114.00	3115.00	3115.50	3116.50	3117.00	3117.50	3118.00	3119.00	3120.00	3120.00	3121.00	3121.50	3122.50	3123.50	3124.00	3125.00	3125.00	3126.00	3126.00	3127.00	3127.50	3128.00	3129.00	3129.50	3130.00	3130.00	3130.50	3131.00	3131.50	3132.00	3132.00	3132.00	3133.00	3133.00	3133.00	3134.00	3134.00	3135.00	3135.00	3135.50	3136.00	3136.50	3137.00	3137.00	3138.00	3138.00	3138.00	3138.00	3138.00	3138.00	3138.00	3138.00	3138.00	3138.00	3138.00	3138.00	3138.00	3138.00	3138.00	3138.00	3138.00	3138.00	3138.00	3138.00	3138.00	3138.00	3138.00	3138.00	3137.50	3137.00	3137.00	3137.00	3137.00	3137.00	3137.00	3137.50	3138.00	3138.00	3138.00	3138.00	3138.00	3138.00	3138.00	3138.00	3138.00	3138.00	3138.00	3138.00	3138.00	3138.50	3139.00	3139.00	3139.00	3139.00	3140.00	3140.00	3140.00	3140.00	3140.50	3141.00	3141.00	3141.00	3142.00	3143.00	3144.00	3144.50	3145.50	3146.50	3147.00	3148.00	3148.00	3149.00	3149.50	3150.50	3151.00	3151.00	3151.00	3152.00	3152.00	3152.00	3153.00	3153.50	3154.00	3155.50	3156.00	3157.00	3158.00	3158.50	3160.00	3160.50	3161.00	3161.00	3161.00	3162.00	3162.00	3162.00	3163.00	3163.00	3163.00	3163.00	3163.00	3163.00	3164.00	3164.00	3164.00	3164.50	3165.00	3165.00	3165.00	3165.00	3166.00	3166.00	3166.00	3166.00	3166.00	3166.50	3167.00	3167.00	3167.00	3167.00	3167.50	3168.00	3168.00	3168.00	3168.00	3169.00	3169.00	3170.00	3170.00	3170.50	3171.00	3171.50	3172.00	3172.00	3173.00	3173.50	3174.50	3175.00	3175.50	3176.00	3177.00	3178.00	3179.00
3087.00	3088.00	3088.50	3090.00	3090.00	3091.00	3091.50	3092.50	3093.00	3093.50	3094.00	3095.00	3095.50	3096.00	3097.00	3097.50	3098.00	3098.00	3099.00	3099.00	3100.00	3100.00	3100.50	3101.00	3101.00	3102.00	3102.00	3102.00	3102.00	3103.00	3103.00	3103.00	3103.00	3103.00	3104.00	3104.00	3104.00	3104.00	3104.00	3104.00	3104.00	3104.00	3104.00	3104.00	3104.00	3105.00	3105.00	3105.00	3105.00	3105.00	3105.00	3105.00	3105.00	3105.00	3106.00	3106.00	3106.00	3106.00	3106.00	3106.50	3107.00	3107.50	3108.00	3108.00	3109.00	3109.50	3110.00	3110.50	3111.00	3111.50	3112.50	3113.00	3114.00	3114.00	3115.00	3115.50	3116.50	3117.00	3117.50	3118.00	3119.00	3120.00	3120.00	3121.00	3121.50	3122.50	3123.50	3124.00	3125.00	3125.00	3126.00	3126.00	3127.00	3127.50	3128.00	3129.00	3129.50	3130.00	3130.00	3130.50	3131.00	3131.50	3132.00	3132.00	3132.00	3133.00	3133.00	3133.00	3134.00	3134.00	3135.00	3135.00	3135.50	3136.00	3136.50	3137.00	3137.00	3138.00	3138.00	3138.00	3138.00	3138.00	3138.00	3138.00	3138.00	3138.00	3138.00	3138.00	3138.00	3138.00	3138.00	3138.00	3138.00	3138.00	3138.00	3138.00	3138.00	3138.00	3138.00	3138.00	3138.00	3137.50	3137.00	3137.00	3137.00	3137.00	3137.00	3137.00	3137.50	3138.00	3138.00	3138.00	3138.00	3138.00	3138.00	3138.00	3138.00	3138.00	3138.00	3138.00	3138.00	3138.00	3138.50	3139.00	3139.00	3139.00	3139.00	3140.00	3140.00	3140.00	3140.00	3140.50	3141.00	3141.00	3141.00	3142.00	3143.00	3144.00	3144.50	3145.50	3146.50	3147.00	3148.00	3148.00	3149.00	3149.50	3150.50	3151.00	3151.00	3151.00	3152.00	3152.00	3152.00	3153.00	3153.50	3154.00	3155.50	3156.00	3157.00	3158.00	3158.50	3160.00	3160.50	3161.00	3161.00	3161.00	3162.00	3162.00	3162.00	3163.00	3163.00	3163.00	3163.00	3163.00	3163.00	3164.00	3164.00	3164.00	3164.50	3165.00	3165.00	3165.00	3165.00	3166.00	3166.00	3166.00	3166.00	3166.00	3166.50	3167.00	3167.00	3167.00	3167.00	3167.50	3168.00	3168.00	3168.00	3168.00	3169.00	3169.00	3170.00	3170.00	3170.50	3171.00	3171.50	3172.00	3172.00	3173.00	3173.50	3174.50	3175.00	3175.50	3176.00	3177.00	3178.00	3179.00
3086.50	3088.00	3088.50	3089.00	3090.00	3090.50	3091.00	3092.00	3092.50	3093.00	3093.00	3094.00	3094.00	3095.00	3095.50	3096.00	3096.00	3097.00	3097.50	3098.00	3098.00	3098.50	3099.00	3099.50	3100.00	3100.00	3100.00	3100.50	3101.00	3101.00	3101.50	3102.00	3102.00	3102.50	3103.00	3103.00	3103.00	3103.00	3103.00	3103.00	3103.00	3103.00	3103.00	3103.50	3104.00	3104.00	3104.00	3104.00	3104.00	3104.00	3105.00	3105.00	3105.00	3105.00	3105.00	3105.00	3105.00	3105.00	3105.00	3105.00	3105.00	3105.00	3105.00	3106.00	3106.00	3106.50	3107.00	3108.00	3108.00	3108.50	3109.50	3110.00	3110.00	3111.00	3111.50	3112.00	3113.00	3113.50	3114.50	3115.00	3116.00	3117.00	3118.00	3118.50	3119.50	3120.50	3121.50	3122.00	3123.00	3124.00	3124.50	3125.00	3126.00	3126.50	3127.00	3127.00	3128.00	3129.00	3129.00	3129.50	3130.00	3131.00	3131.00	3131.50	3132.00	3132.50	3133.00	3133.00	3134.00	3134.50	3135.00	3136.00	3136.00	3137.00	3137.00	3137.50	3138.00	3138.00	3138.50	3139.00	3139.00	3139.00	3139.00	3139.00	3139.00	3139.00	3139.00	3139.00	3139.00	3139.00	3139.00	3139.00	3139.00	3139.00	3139.00	3139.00	3139.00	3139.00	3139.00	3139.00	3139.00	3139.00	3139.00	3138.50	3138.00	3138.00	3138.00	3138.50	3139.00	3139.00	3139.00	3139.00	3139.00	3139.00	3139.00	3139.00	3139.00	3139.00	3139.00	3140.00	3140.00	3140.00	3140.00	3140.00	3140.50	3141.00	3141.00	3141.00	3141.00	3141.50	3142.00	3142.00	3142.00	3143.00	3143.00	3143.00	3143.00	3144.00	3144.50	3145.50	3146.50	3147.50	3148.00	3149.00	3149.50	3150.00	3151.00	3151.00	3151.50	3152.00	3153.00	3153.00	3154.00	3154.50	3155.00	3155.00	3156.00	3156.00	3156.00	3157.00	3157.50	3159.00	3159.00	3159.50	3160.00	3161.00	3161.00	3161.00	3161.00	3162.00	3162.00	3162.00	3162.00	3162.00	3162.00	3163.00	3163.00	3163.00	3163.50	3164.00	3164.00	3164.00	3164.00	3164.00	3164.50	3165.00	3165.00	3165.00	3165.00	3165.00	3165.00	3165.00	3165.00	3166.00	3166.00	3166.00	3167.00	3167.00	3167.00	3168.00	3168.00	3168.50	3169.00	3169.50	3170.00	3171.00	3171.00	3172.00	3172.50	3173.50	3174.00	3174.50	3175.00	3176.50	3177.00	3178.00
3086.50	3088.00	3088.50	3089.00	3090.00	3090.50	3091.00	3092.00	3092.50	3093.00	3093.00	3094.00	3094.00	3095.00	3095.50	3096.00	3096.00	3097.00	3097.50	3098.00	3098.00	3098.50	3099.00	3099.50	3100.00	3100.00	3100.00	3100.50	3101.00	3101.00	3101.50	3102.00	3102.00	3102.50	3103.00	3103.00	3103.00	3103.00	3103.00	3103.00	3103.00	3103.00	3103.00	3103.50	3104.00	3104.00	3104.00	3104.00	3104.00	3104.00	3105.00	3105.00	3105.00	3105.00	3105.00	3105.00	3105.00	3105.00	3105.00	3105.00	3105.00	3105.00	3105.00	3106.00	3106.00	3106.50	3107.00	3108.00	3108.00	3108.50	3109.50	3110.00	3110.00	3111.00	3111.50	3112.00	3113.00	3113.50	3114.50	3115.00	3116.00	3117.00	3118.00	3118.50	3119.50	3120.50	3121.50	3122.00	3123.00	3124.00	3124.50	3125.00	3126.00	3126.50	3127.00	3127.00	3128.00	3129.00	3129.00	3129.50	3130.00	3131.00	3131.00	3131.50	3132.00	3132.50	3133.00	3133.00	3134.00	3134.50	3135.00	3136.00	3136.00	3137.00	3137.00	3137.50	3138.00	3138.00	3138.50	3139.00	3139.00	3139.00	3139.00	3139.00	3139.00	3139.00	3139.00	3139.00	3139.00	3139.00	3139.00	3139.00	3139.00	3139.00	3139.00	3139.00	3139.00	3139.00	3139.00	3139.00	3139.00	3139.00	3139.00	3138.50	3138.00	3138.00	3138.00	3138.50	3139.00	3139.00	3139.00	3139.00	3139.00	3139.00	3139.00	3139.00	3139.00	3139.00	3139.00	3140.00	3140.00	3140.00	3140.00	3140.00	3140.50	3141.00	3141.00	3141.00	3141.00	3141.50	3142.00	3142.00	3142.00	3143.00	3143.00	3143.00	3143.00	3144.00	3144.50	3145.50	3146.50	3147.50	3148.00	3149.00	3149.50	3150.00	3151.00	3151.00	3151.50	3152.00	3153.00	3153.00	3154.00	3154.50	3155.00	3155.00	3156.00	3156.00	3156.00	3157.00	3157.50	3159.00	3159.00	3159.50	3160.00	3161.00	3161.00	3161.00	3161.00	3162.00	3162.00	3162.00	3162.00	3162.00	3162.00	3163.00	3163.00	3163.00	3163.50	3164.00	3164.00	3164.00	3164.00	3164.00	3164.50	3165.00	3165.00	3165.00	3165.00	3165.00	3165.00	3165.00	3165.00	3166.00	3166.00	3166.00	3167.00	3167.00	3167.00	3168.00	3168.00	3168.50	3169.00	3169.50	3170.00	3171.00	3171.00	3172.00	3172.50	3173.50	3174.00	3174.50	3175.00	3176.50	3177.00	3178.00
3086.50	3088.00	3088.50	3089.00	3090.00	3090.50	3091.00	3092.00	3092.50	3093.00	3093.00	3094.00	3094.00	3095.00	3095.50	3096.00	3096.00	3097.00	3097.50	3098.00	3098.00	3098.50	3099.00	3099.50	3100.00	3100.00	3100.00	3100.50	3101.00	3101.00	3101.50	3102.00	3102.00	3102.50	3103.00	3103.00	3103.00	3103.00	3103.00	3103.00	3103.00	3103.00	3103.00	3103.50	3104.00	3104.00	3104.00	3104.00	3104.00	3104.00	3105.00	3105.00	3105.00	3105.00	3105.00	3105.00	3105.00	3105.00	3105.00	3105.00	3105.00	3105.00	3105.00	3106.00	3106.00	3106.50	3107.00	3108.00	3108.00	3108.50	3109.50	3110.00	3110.00	3111.00	3111.50	3112.00	3113.00	3113.50	3114.50	3115.00	3116.00	3117.00	3118.00	3118.50	3119.50	3120.50	3121.50	3122.00	3123.00	3124.00	3124.50	3125.00	3126.00	3126.50	3127.00	3127.00	3128.00	3129.00	3129.00	3129.50	3130.00	3131.00	3131.00	3131.50	3132.00	3132.50	3133.00	3133.00	3134.00	3134.50	3135.00	3136.00	3136.00	3137.00	3137.00	3137.50	3138.00	3138.00	3138.50	3139.00	3139.00	3139.00	3139.00	3139.00	3139.00	3139.00	3139.00	3139.00	3139.00	3139.00	3139.00	3139.00	3139.00	3139.00	3139.00	3139.00	3139.00	3139.00	3139.00	3139.00	3139.00	3139.00	3139.00	3138.50	3138.00	3138.00	3138.00	3138.50	3139.00	3139.00	3139.00	3139.00	3139.00	3139.00	3139.00	3139.00	3139.00	3139.00	3139.00	3140.00	3140.00	3140.00	3140.00	3140.00	3140.50	3141.00	3141.00	3141.00	3141.00	3141.50	3142.00	3142.00	3142.00	3143.00	3143.00	3143.00	3143.00	3144.00	3144.50	3145.50	3146.50	3147.50	3148.00	3149.00	3149.50	3150.00	3151.00	3151.00	3151.50	3152.00	3153.00	3153.00	3154.00	3154.50	3155.00	3155.00	3156.00	3156.00	3156.00	3157.00	3157.50	3159.00	3159.00	3159.50	3160.00	3161.00	3161.00	3161.00	3161.00	3162.00	3162.00	3162.00	3162.00	3162.00	3162.00	3163.00	3163.00	3163.00	3163.50	3164.00	3164.00	3164.00	3164.00	3164.00	3164.50	3165.00	3165.00	3165.00	3165.00	3165.00	3165.00	3165.00	3165.00	3166.00	3166.00	3166.00	3167.00	3167.00	3167.00	3168.00	3168.00	3168.50	3169.00	3169.50	3170.00	3171.00	3171.00	3172.00	3172.50	3173.50	3174.00	3174.50	3175.00	3176.50	3177.00	3178.00
3086.50	3088.00	3088.50	3089.00	3090.00	3090.50	3091.00	3092.00	3092.50	3093.00	3093.00	3094.00	3094.00	3095.00	3095.50	3096.00	3096.00	3097.00	3097.50	3098.00	3098.00	3098.50	3099.00	3099.50	3100.00	3100.00	3100.00	3100.50	3101.00	3101.00	3101.50	3102.00	3102.00	3102.50	3103.00	3103.00	3103.00	3103.00	3103.00	3103.00	3103.00	3103.00	3103.00	3103.50	3104.00	3104.00	3104.00	3104.00	3104.00	3104.00	3105.00	3105.00	3105.00	3105.00	3105.00	3105.00	3105.00	3105.00	3105.00	3105.00	3105.00	3105.00	3105.00	3106.00	3106.00	3106.50	3107.00	3108.00	3108.00	3108.50	3109.50	3110.00	3110.00	3111.00	3111.50	3112.00	3113.00	3113.50	3114.50	3115.00	3116.00	3117.00	3118.00	3118.50	3119.50	3120.50	3121.50	3122.00	3123.00	3124.00	3124.50	3125.00	3126.00	3126.50	3127.00	3127.00	3128.00	3129.00	3129.00	3129.50	3130.00	3131.00	3131.00	3131.50	3132.00	3132.50	3133.00	3133.00	3134.00	3134.50	3135.00	3136.00	3136.00	3137.00	3137.00	3137.50	3138.00	3138.00	3138.50	3139.00	3139.00	3139.00	3139.00	3139.00	3139.00	3139.00	3139.00	3139.00	3139.00	3139.00	3139.00	3139.00	3139.00	3139.00	3139.00	3139.00	3139.00	3139.00	3139.00	3139.00	3139.00	3139.00	3139.00	3138.50	3138.00	3138.00	3138.00	3138.50	3139.00	3139.00	3139.00	3139.00	3139.00	3139.00	3139.00	3139.00	3139.00	3139.00	3139.00	3140.00	3140.00	3140.00	3140.00	3140.00	3140.50	3141.00	3141.00	3141.00	3141.00	3141.50	3142.00	3142.00	3142.00	3143.00	3143.00	3143.00	3143.00	3144.00	3144.50	3145.50	3146.50	3147.50	3148.00	3149.00	3149.50	3150.00	3151.00	3151.00	3151.50	3152.00	3153.00	3153.00	3154.00	3154.50	3155.00	3155.00	3156.00	3156.00	3156.00	3157.00	3157.50	3159.00	3159.00	3159.50	3160.00	3161.00	3161.00	3161.00	3161.00	3162.00	3162.00	3162.00	3162.00	3162.00	3162.00	3163.00	3163.00	3163.00	3163.50	3164.00	3164.00	3164.00	3164.00	3164.00	3164.50	3165.00	3165.00	3165.00	3165.00	3165.00	3165.00	3165.00	3165.00	3166.00	3166.00	3166.00	3167.00	3167.00	3167.00	3168.00	3168.00	3168.50	3169.00	3169.50	3170.00	3171.00	3171.00	3172.00	3172.50	3173.50	3174.00	3174.50	3175.00	3176.50	3177.00	3178.00
3086.50	3088.00	3088.50	3089.00	3090.00	3090.50	3091.00	3092.00	3092.50	3093.00	3093.00	3094.00	3094.00	3095.00	3095.50	3096.00	3096.00	3097.00	3097.50	3098.00	3098.00	3098.50	3099.00	3099.50	3100.00	3100.00	3100.00	3100.50	3101.00	3101.00	3101.50	3102.00	3102.00	3102.50	3103.00	3103.00	3103.00	3103.00	3103.00	3103.00	3103.00	3103.00	3103.00	3103.50	3104.00	3104.00	3104.00	3104.00	3104.00	3104.00	3105.00	3105.00	3105.00	3105.00	3105.00	3105.00	3105.00	3105.00	3105.00	3105.00	3105.00	3105.00	3105.00	3106.00	3106.00	3106.50	3107.00	3108.00	3108.00	3108.50	3109.50	3110.00	3110.00	3111.00	3111.50	3112.00	3113.00	3113.50	3114.50	3115.00	3116.00	3117.00	3118.00	3118.50	3119.50	3120.50	3121.50	3122.00	3123.00	3124.00	3124.50	3125.00	3126.00	3126.50	3127.00	3127.00	3128.00	3129.00	3129.00	3129.50	3130.00	3131.00	3131.00	3131.50	3132.00	3132.50	3133.00	3133.00	3134.00	3134.50	3135.00	3136.00	3136.00	3137.00	3137.00	3137.50	3138.00	3138.00	3138.50	3139.00	3139.00	3139.00	3139.00	3139.00	3139.00	3139.00	3139.00	3139.00	3139.00	3139.00	3139.00	3139.00	3139.00	3139.00	3139.00	3139.00	3139.00	3139.00	3139.00	3139.00	3139.00	3139.00	3139.00	3138.50	3138.00	3138.00	3138.00	3138.50	3139.00	3139.00	3139.00	3139.00	3139.00	3139.00	3139.00	3139.00	3139.00	3139.00	3139.00	3140.00	3140.00	3140.00	3140.00	3140.00	3140.50	3141.00	3141.00	3141.00	3141.00	3141.50	3142.00	3142.00	3142.00	3143.00	3143.00	3143.00	3143.00	3144.00	3144.50	3145.50	3146.50	3147.50	3148.00	3149.00	3149.50	3150.00	3151.00	3151.00	3151.50	3152.00	3153.00	3153.00	3154.00	3154.50	3155.00	3155.00	3156.00	3156.00	3156.00	3157.00	3157.50	3159.00	3159.00	3159.50	3160.00	3161.00	3161.00	3161.00	3161.00	3162.00	3162.00	3162.00	3162.00	3162.00	3162.00	3163.00	3163.00	3163.00	3163.50	3164.00	3164.00	3164.00	3164.00	3164.00	3164.50	3165.00	3165.00	3165.00	3165.00	3165.00	3165.00	3165.00	3165.00	3166.00	3166.00	3166.00	3167.00	3167.00	3167.00	3168.00	3168.00	3168.50	3169.00	3169.50	3170.00	3171.00	3171.00	3172.00	3172.50	3173.50	3174.00	3174.50	3175.00	3176.50	3177.00	3178.00
3086.50	3087.00	3088.00	3089.00	3089.00	3090.00	3090.50	3091.00	3091.50	3092.00	3093.00	3093.00	3093.50	3094.00	3094.50	3095.00	3095.00	3095.00	3096.00	3096.00	3097.00	3097.00	3097.50	3098.00	3098.00	3098.00	3098.00	3099.00	3099.00	3099.00	3099.00	3099.50	3100.00	3100.00	3101.00	3101.00	3101.00	3101.00	3101.00	3101.00	3101.00	3102.00	3102.00	3102.00	3102.00	3102.00	3102.00	3102.50	3103.00	3103.00	3103.00	3103.00	3103.00	3103.00	3103.00	3103.00	3103.00	3103.00	3103.00	3103.00	3103.00	3103.00	3103.00	3104.00	3104.00	3104.00	3105.00	3105.00	3105.50	3106.00	3106.50	3107.00	3107.00	3108.00	3108.50	3109.00	3110.50	3111.00	3111.50	3112.00	3113.00	3114.00	3115.00	3115.50	3116.50	3117.50	3118.50	3119.00	3120.00	3121.00	3121.50	3123.00	3123.50	3124.00	3124.50	3126.00	3126.50	3127.00	3128.00	3128.50	3129.00	3130.00	3130.50	3131.00	3131.00	3132.00	3132.50	3133.00	3134.00	3134.50	3135.00	3136.00	3136.50	3137.00	3137.50	3138.00	3138.00	3139.00	3139.00	3139.00	3139.00	3139.50	3140.00	3140.00	3140.00	3140.00	3140.00	3140.00	3140.00	3140.00	3140.00	3140.00	3140.00	3140.00	3140.00	3140.00	3140.00	3140.00	3140.00	3140.00	3140.00	3140.00	3140.00	3140.00	3140.00	3140.00	3140.50	3141.00	3141.00	3141.00	3141.00	3141.00	3141.00	3141.00	3141.00	3141.50	3142.00	3142.00	3142.00	3142.00	3142.00	3142.00	3142.00	3142.50	3143.00	3143.00	3143.00	3143.00	3143.50	3144.00	3144.00	3144.50	3145.00	3145.00	3145.00	3146.00	3146.00	3147.00	3147.50	3148.00	3148.50	3149.00	3150.00	3150.00	3150.50	3151.00	3151.00	3151.50	3152.00	3152.00	3153.00	3154.00	3154.00	3155.00	3155.50	3156.00	3157.00	3157.00	3157.00	3157.00	3158.00	3158.00	3159.00	3159.00	3159.50	3160.00	3160.00	3160.00	3160.00	3160.00	3160.50	3161.00	3161.00	3161.00	3161.00	3162.00	3162.00	3162.00	3163.00	3163.00	3163.00	3163.00	3164.00	3164.00	3164.00	3164.00	3164.00	3164.00	3164.00	3164.00	3164.00	3164.00	3164.00	3165.00	3165.00	3165.00	3165.00	3166.00	3166.00	3166.00	3166.50	3167.00	3167.00	3168.00	3168.00	3169.00	3169.00	3170.00	3170.50	3171.50	3172.00	3172.50	3173.00	3174.00	3175.00	3176.00
3086.50	3087.00	3088.00	3089.00	3089.00	3090.00	3090.50	3091.00	3091.50	3092.00	3093.00	3093.00	3093.50	3094.00	3094.50	3095.00	3095.00	3095.00	3096.00	3096.00	3097.00	3097.00	3097.50	3098.00	3098.00	3098.00	3098.00	3099.00	3099.00	3099.00	3099.00	3099.50	3100.00	3100.00	3101.00	3101.00	3101.00	3101.00	3101.00	3101.00	3101.00	3102.00	3102.00	3102.00	3102.00	3102.00	3102.00	3102.50	3103.00	3103.00	3103.00	3103.00	3103.00	3103.00	3103.00	3103.00	3103.00	3103.00	3103.00	3103.00	3103.00	3103.00	3103.00	3104.00	3104.00	3104.00	3105.00	3105.00	3105.50	3106.00	3106.50	3107.00	3107.00	3108.00	3108.50	3109.00	3110.50	3111.00	3111.50	3112.00	3113.00	3114.00	3115.00	3115.50	3116.50	3117.50	3118.50	3119.00	3120.00	3121.00	3121.50	3123.00	3123.50	3124.00	3124.50	3126.00	3126.50	3127.00	3128.00	3128.50	3129.00	3130.00	3130.50	3131.00	3131.00	3132.00	3132.50	3133.00	3134.00	3134.50	3135.00	3136.00	3136.50	3137.00	3137.50	3138.00	3138.00	3139.00	3139.00	3139.00	3139.00	3139.50	3140.00	3140.00	3140.00	3140.00	3140.00	3140.00	3140.00	3140.00	3140.00	3140.00	3140.00	3140.00	3140.00	3140.00	3140.00	3140.00	3140.00	3140.00	3140.00	3140.00	3140.00	3140.00	3140.00	3140.00	3140.50	3141.00	3141.00	3141.00	3141.00	3141.00	3141.00	3141.00	3141.00	3141.50	3142.00	3142.00	3142.00	3142.00	3142.00	3142.00	3142.00	3142.50	3143.00	3143.00	3143.00	3143.00	3143.50	3144.00	3144.00	3144.50	3145.00	3145.00	3145.00	3146.00	3146.00	3147.00	3147.50	3148.00	3148.50	3149.00	3150.00	3150.00	3150.50	3151.00	3151.00	3151.50	3152.00	3152.00	3153.00	3154.00	3154.00	3155.00	3155.50	3156.00	3157.00	3157.00	3157.00	3157.00	3158.00	3158.00	3159.00	3159.00	3159.50	3160.00	3160.00	3160.00	3160.00	3160.00	3160.50	3161.00	3161.00	3161.00	3161.00	3162.00	3162.00	3162.00	3163.00	3163.00	3163.00	3163.00	3164.00	3164.00	3164.00	3164.00	3164.00	3164.00	3164.00	3164.00	3164.00	3164.00	3164.00	3165.00	3165.00	3165.00	3165.00	3166.00	3166.00	3166.00	3166.50	3167.00	3167.00	3168.00	3168.00	3169.00	3169.00	3170.00	3170.50	3171.50	3172.00	3172.50	3173.00	3174.00	3175.00	3176.00
3086.50	3087.00	3088.00	3089.00	3089.00	3090.00	3090.50	3091.00	3091.50	3092.00	3093.00	3093.00	3093.50	3094.00	3094.50	3095.00	3095.00	3095.00	3096.00	3096.00	3097.00	3097.00	3097.50	3098.00	3098.00	3098.00	3098.00	3099.00	3099.00	3099.00	3099.00	3099.50	3100.00	3100.00	3101.00	3101.00	3101.00	3101.00	3101.00	3101.00	3101.00	3102.00	3102.00	3102.00	3102.00	3102.00	3102.00	3102.50	3103.00	3103.00	3103.00	3103.00	3103.00	3103.00	3103.00	3103.00	3103.00	3103.00	3103.00	3103.00	3103.00	3103.00	3103.00	3104.00	3104.00	3104.00	3105.00	3105.00	3105.50	3106.00	3106.50	3107.00	3107.00	3108.00	3108.50	3109.00	3110.50	3111.00	3111.50	3112.00	3113.00	3114.00	3115.00	3115.50	3116.50	3117.50	3118.50	3119.00	3120.00	3121.00	3121.50	3123.00	3123.50	3124.00	3124.50	3126.00	3126.50	3127.00	3128.00	3128.50	3129.00	3130.00	3130.50	3131.00	3131.00	3132.00	3132.50	3133.00	3134.00	3134.50	3135.00	3136.00	3136.50	3137.00	3137.50	3138.00	3138.00	3139.00	3139.00	3139.00	3139.00	3139.50	3140.00	3140.00	3140.00	3140.00	3140.00	3140.00	3140.00	3140.00	3140.00	3140.00	3140.00	3140.00	3140.00	3140.00	3140.00	3140.00	3140.00	3140.00	3140.00	3140.00	3140.00	3140.00	3140.00	3140.00	3140.50	3141.00	3141.00	3141.00	3141.00	3141.00	3141.00	3141.00	3141.00	3141.50	3142.00	3142.00	3142.00	3142.00	3142.00	3142.00	3142.00	3142.50	3143.00	3143.00	3143.00	3143.00	3143.50	3144.00	3144.00	3144.50	3145.00	3145.00	3145.00	3146.00	3146.00	3147.00	3147.50	3148.00	3148.50	3149.00	3150.00	3150.00	3150.50	3151.00	3151.00	3151.50	3152.00	3152.00	3153.00	3154.00	3154.00	3155.00	3155.50	3156.00	3157.00	3157.00	3157.00	3157.00	3158.00	3158.00	3159.00	3159.00	3159.50	3160.00	3160.00	3160.00	3160.00	3160.00	3160.50	3161.00	3161.00	3161.00	3161.00	3162.00	3162.00	3162.00	3163.00	3163.00	3163.00	3163.00	3164.00	3164.00	3164.00	3164.00	3164.00	3164.00	3164.00	3164.00	3164.00	3164.00	3164.00	3165.00	3165.00	3165.00	3165.00	3166.00	3166.00	3166.00	3166.50	3167.00	3167.00	3168.00	3168.00	3169.00	3169.00	3170.00	3170.50	3171.50	3172.00	3172.50	3173.00	3174.00	3175.00	3176.00
3086.50	3087.00	3088.00	3089.00	3089.00	3090.00	3090.50	3091.00	3091.50	3092.00	3093.00	3093.00	3093.50	3094.00	3094.50	3095.00	3095.00	3095.00	3096.00	3096.00	3097.00	3097.00	3097.50	3098.00	3098.00	3098.00	3098.00	3099.00	3099.00	3099.00	3099.00	3099.50	3100.00	3100.00	3101.00	3101.00	3101.00	3101.00	3101.00	3101.00	3101.00	3102.00	3102.00	3102.00	3102.00	3102.00	3102.00	3102.50	3103.00	3103.00	3103.00	3103.00	3103.00	3103.00	3103.00	3103.00	3103.00	3103.00	3103.00	3103.00	3103.00	3103.00	3103.00	3104.00	3104.00	3104.00	3105.00	3105.00	3105.50	3106.00	3106.50	3107.00	3107.00	3108.00	3108.50	3109.00	3110.50	3111.00	3111.50	3112.00	3113.00	3114.00	3115.00	3115.50	3116.50	3117.50	3118.50	3119.00	3120.00	3121.00	3121.50	3123.00	3123.50	3124.00	3124.50	3126.00	3126.50	3127.00	3128.00	3128.50	3129.00	3130.00	3130.50	3131.00	3131.00	3132.00	3132.50	3133.00	3134.00	3134.50	3135.00	3136.00	3136.50	3137.00	3137.50	3138.00	3138.00	3139.00	3139.00	3139.00	3139.00	3139.50	3140.00	3140.00	3140.00	3140.00	3140.00	3140.00	3140.00	3140.00	3140.00	3140.00	3140.00	3140.00	3140.00	3140.00	3140.00	3140.00	3140.00	3140.00	3140.00	3140.00	3140.00	3140.00	3140.00	3140.00	3140.50	3141.00	3141.00	3141.00	3141.00	3141.00	3141.00	3141.00	3141.00	3141.50	3142.00	3142.00	3142.00	3142.00	3142.00	3142.00	3142.00	3142.50	3143.00	3143.00	3143.00	3143.00	3143.50	3144.00	3144.00	3144.50	3145.00	3145.00	3145.00	3146.00	3146.00	3147.00	3147.50	3148.00	3148.50	3149.00	3150.00	3150.00	3150.50	3151.00	3151.00	3151.50	3152.00	3152.00	3153.00	3154.00	3154.00	3155.00	3155.50	3156.00	3157.00	3157.00	3157.00	3157.00	3158.00	3158.00	3159.00	3159.00	3159.50	3160.00	3160.00	3160.00	3160.00	3160.00	3160.50	3161.00	3161.00	3161.00	3161.00	3162.00	3162.00	3162.00	3163.00	3163.00	3163.00	3163.00	3164.00	3164.00	3164.00	3164.00	3164.00	3164.00	3164.00	3164.00	3164.00	3164.00	3164.00	3165.00	3165.00	3165.00	3165.00	3166.00	3166.00	3166.00	3166.50	3167.00	3167.00	3168.00	3168.00	3169.00	3169.00	3170.00	3170.50	3171.50	3172.00	3172.50	3173.00	3174.00	3175.00	3176.00
3086.50	3087.00	3088.00	3089.00	3089.00	3090.00	3090.50	3091.00	3091.50	3092.00	3093.00	3093.00	3093.50	3094.00	3094.50	3095.00	3095.00	3095.00	3096.00	3096.00	3097.00	3097.00	3097.50	3098.00	3098.00	3098.00	3098.00	3099.00	3099.00	3099.00	3099.00	3099.50	3100.00	3100.00	3101.00	3101.00	3101.00	3101.00	3101.00	3101.00	3101.00	3102.00	3102.00	3102.00	3102.00	3102.00	3102.00	3102.50	3103.00	3103.00	3103.00	3103.00	3103.00	3103.00	3103.00	3103.00	3103.00	3103.00	3103.00	3103.00	3103.00	3103.00	3103.00	3104.00	3104.00	3104.00	3105.00	3105.00	3105.50	3106.00	3106.50	3107.00	3107.00	3108.00	3108.50	3109.00	3110.50	3111.00	3111.50	3112.00	3113.00	3114.00	3115.00	3115.50	3116.50	3117.50	3118.50	3119.00	3120.00	3121.00	3121.50	3123.00	3123.50	3124.00	3124.50	3126.00	3126.50	3127.00	3128.00	3128.50	3129.00	3130.00	3130.50	3131.00	3131.00	3132.00	3132.50	3133.00	3134.00	3134.50	3135.00	3136.00	3136.50	3137.00	3137.50	3138.00	3138.00	3139.00	3139.00	3139.00	3139.00	3139.50	3140.00	3140.00	3140.00	3140.00	3140.00	3140.00	3140.00	3140.00	3140.00	3140.00	3140.00	3140.00	3140.00	3140.00	3140.00	3140.00	3140.00	3140.00	3140.00	3140.00	3140.00	3140.00	3140.00	3140.00	3140.50	3141.00	3141.00	3141.00	3141.00	3141.00	3141.00	3141.00	3141.00	3141.50	3142.00	3142.00	3142.00	3142.00	3142.00	3142.00	3142.00	3142.50	3143.00	3143.00	3143.00	3143.00	3143.50	3144.00	3144.00	3144.50	3145.00	3145.00	3145.00	3146.00	3146.00	3147.00	3147.50	3148.00	3148.50	3149.00	3150.00	3150.00	3150.50	3151.00	3151.00	3151.50	3152.00	3152.00	3153.00	3154.00	3154.00	3155.00	3155.50	3156.00	3157.00	3157.00	3157.00	3157.00	3158.00	3158.00	3159.00	3159.00	3159.50	3160.00	3160.00	3160.00	3160.00	3160.00	3160.50	3161.00	3161.00	3161.00	3161.00	3162.00	3162.00	3162.00	3163.00	3163.00	3163.00	3163.00	3164.00	3164.00	3164.00	3164.00	3164.00	3164.00	3164.00	3164.00	3164.00	3164.00	3164.00	3165.00	3165.00	3165.00	3165.00	3166.00	3166.00	3166.00	3166.50	3167.00	3167.00	3168.00	3168.00	3169.00	3169.00	3170.00	3170.50	3171.50	3172.00	3172.50	3173.00	3174.00	3175.00	3176.00
3086.75	3087.00	3088.00	3089.00	3089.00	3089.75	3090.25	3090.75	3091.25	3091.50	3092.00	3092.50	3092.75	3093.00	3093.75	3094.00	3094.50	3094.50	3095.25	3095.50	3096.25	3096.50	3096.75	3097.00	3097.00	3097.50	3097.50	3098.00	3098.00	3098.00	3098.25	3098.75	3099.00	3099.00	3099.50	3100.00	3100.00	3100.00	3100.00	3100.00	3100.25	3101.00	3101.00	3101.00	3101.00	3101.25	3101.50	3101.75	3102.00	3102.00	3102.00	3102.00	3102.00	3102.00	3102.00	3102.00	3102.00	3102.00	3102.00	3102.00	3102.00	3101.50	3101.75	3102.50	3102.50	3102.50	3103.50	3103.50	3103.75	3104.00	3104.75	3105.25	3105.50	3106.50	3107.00	3107.50	3108.50	3109.25	3109.75	3110.50	3111.00	3112.00	3113.00	3113.75	3114.50	3115.75	3116.75	3117.25	3118.50	3119.50	3120.00	3121.50	3122.00	3122.75	3123.25	3124.50	3125.00	3126.00	3126.50	3127.25	3127.75	3128.75	3129.50	3130.00	3130.50	3131.25	3131.75	3132.50	3133.25	3133.75	3134.50	3135.00	3135.75	3136.50	3137.00	3137.50	3137.50	3138.50	3138.75	3139.00	3139.00	3139.25	3139.50	3140.00	3140.00	3140.00	3140.00	3140.00	3140.00	3140.00	3140.50	3140.50	3140.50	3140.50	3140.50	3140.50	3140.50	3140.50	3140.50	3140.50	3140.50	3140.75	3141.00	3141.00	3141.00	3141.00	3141.25	3141.75	3142.00	3142.00	3142.00	3142.00	3142.00	3142.50	3142.50	3142.75	3143.00	3143.00	3143.00	3143.25	3143.50	3143.50	3143.50	3143.75	3144.25	3144.50	3144.50	3144.50	3144.75	3145.00	3145.25	3145.75	3146.00	3146.50	3146.50	3147.50	3147.50	3148.00	3148.50	3149.00	3149.50	3150.00	3150.50	3151.00	3151.25	3151.50	3152.00	3152.25	3152.50	3153.00	3153.50	3154.50	3154.50	3155.50	3155.75	3156.25	3157.00	3157.00	3157.00	3157.00	3158.00	3158.00	3158.50	3158.75	3159.25	3159.50	3159.50	3159.50	3159.50	3160.00	3160.25	3160.50	3160.75	3161.00	3161.00	3161.75	3162.00	3162.00	3162.75	3163.00	3163.00	3163.00	3163.50	3163.50	3164.00	3164.00	3164.00	3164.00	3164.00	3164.00	3164.00	3164.00	3164.00	3164.50	3164.50	3164.50	3164.50	3165.00	3165.50	3165.50	3165.75	3166.00	3166.00	3166.75	3167.00	3168.00	3168.00	3169.00	3169.25	3170.25	3170.75	3171.25	3172.00	3172.50	3173.50	3174.00
3087.00	3087.00	3088.00	3089.00	3089.00	3089.50	3090.00	3090.50	3091.00	3091.00	3091.00	3092.00	3092.00	3092.00	3093.00	3093.00	3094.00	3094.00	3094.50	3095.00	3095.50	3096.00	3096.00	3096.00	3096.00	3097.00	3097.00	3097.00	3097.00	3097.00	3097.50	3098.00	3098.00	3098.00	3098.00	3099.00	3099.00	3099.00	3099.00	3099.00	3099.50	3100.00	3100.00	3100.00	3100.00	3100.50	3101.00	3101.00	3101.00	3101.00	3101.00	3101.00	3101.00	3101.00	3101.00	3101.00	3101.00	3101.00	3101.00	3101.00	3101.00	3100.00	3100.50	3101.00	3101.00	3101.00	3102.00	3102.00	3102.00	3102.00	3103.00	3103.50	3104.00	3105.00	3105.50	3106.00	3106.50	3107.50	3108.00	3109.00	3109.00	3110.00	3111.00	3112.00	3112.50	3114.00	3115.00	3115.50	3117.00	3118.00	3118.50	3120.00	3120.50	3121.50	3122.00	3123.00	3123.50	3125.00	3125.00	3126.00	3126.50	3127.50	3128.50	3129.00	3130.00	3130.50	3131.00	3132.00	3132.50	3133.00	3134.00	3134.00	3135.00	3136.00	3136.50	3137.00	3137.00	3138.00	3138.50	3139.00	3139.00	3139.00	3139.00	3140.00	3140.00	3140.00	3140.00	3140.00	3140.00	3140.00	3141.00	3141.00	3141.00	3141.00	3141.00	3141.00	3141.00	3141.00	3141.00	3141.00	3141.00	3141.50	3142.00	3142.00	3142.00	3142.00	3142.00	3142.50	3143.00	3143.00	3143.00	3143.00	3143.00	3144.00	3144.00	3144.00	3144.00	3144.00	3144.00	3144.50	3145.00	3145.00	3145.00	3145.00	3145.50	3146.00	3146.00	3146.00	3146.00	3146.00	3146.50	3147.00	3147.00	3148.00	3148.00	3149.00	3149.00	3149.00	3149.50	3150.00	3150.50	3151.00	3151.00	3152.00	3152.00	3152.00	3153.00	3153.00	3153.00	3154.00	3154.00	3155.00	3155.00	3156.00	3156.00	3156.50	3157.00	3157.00	3157.00	3157.00	3158.00	3158.00	3158.00	3158.50	3159.00	3159.00	3159.00	3159.00	3159.00	3160.00	3160.00	3160.00	3160.50	3161.00	3161.00	3161.50	3162.00	3162.00	3162.50	3163.00	3163.00	3163.00	3163.00	3163.00	3164.00	3164.00	3164.00	3164.00	3164.00	3164.00	3164.00	3164.00	3164.00	3164.00	3164.00	3164.00	3164.00	3164.00	3165.00	3165.00	3165.00	3165.00	3165.00	3165.50	3166.00	3167.00	3167.00	3168.00	3168.00	3169.00	3169.50	3170.00	3171.00	3171.00	3172.00	3172.00
3087.00	3087.00	3088.00	3089.00	3089.00	3089.50	3090.00	3090.50	3091.00	3091.00	3091.00	3092.00	3092.00	3092.00	3093.00	3093.00	3094.00	3094.00	3094.50	3095.00	3095.50	3096.00	3096.00	3096.00	3096.00	3097.00	3097.00	3097.00	3097.00	3097.00	3097.50	3098.00	3098.00	3098.00	3098.00	3099.00	3099.00	3099.00	3099.00	3099.00	3099.50	3100.00	3100.00	3100.00	3100.00	3100.50	3101.00	3101.00	3101.00	3101.00	3101.00	3101.00	3101.00	3101.00	3101.00	3101.00	3101.00	3101.00	3101.00	3101.00	3101.00	3100.00	3100.50	3101.00	3101.00	3101.00	3102.00	3102.00	3102.00	3102.00	3103.00	3103.50	3104.00	3105.00	3105.50	3106.00	3106.50	3107.50	3108.00	3109.00	3109.00	3110.00	3111.00	3112.00	3112.50	3114.00	3115.00	3115.50	3117.00	3118.00	3118.50	3120.00	3120.50	3121.50	3122.00	3123.00	3123.50	3125.00	3125.00	3126.00	3126.50	3127.50	3128.50	3129.00	3130.00	3130.50	3131.00	3132.00	3132.50	3133.00	3134.00	3134.00	3135.00	3136.00	3136.50	3137.00	3137.00	3138.00	3138.50	3139.00	3139.00	3139.00	3139.00	3140.00	3140.00	3140.00	3140.00	3140.00	3140.00	3140.00	3141.00	3141.00	3141.00	3141.00	3141.00	3141.00	3141.00	3141.00	3141.00	3141.00	3141.00	3141.50	3142.00	3142.00	3142.00	3142.00	3142.00	3142.50	3143.00	3143.00	3143.00	3143.00	3143.00	3144.00	3144.00	3144.00	3144.00	3144.00	3144.00	3144.50	3145.00	3145.00	3145.00	3145.00	3145.50	3146.00	3146.00	3146.00	3146.00	3146.00	3146.50	3147.00	3147.00	3148.00	3148.00	3149.00	3149.00	3149.00	3149.50	3150.00	3150.50	3151.00	3151.00	3152.00	3152.00	3152.00	3153.00	3153.00	3153.00	3154.00	3154.00	3155.00	3155.00	3156.00	3156.00	3156.50	3157.00	3157.00	3157.00	3157.00	3158.00	3158.00	3158.00	3158.50	3159.00	3159.00	3159.00	3159.00	3159.00	3160.00	3160.00	3160.00	3160.50	3161.00	3161.00	3161.50	3162.00	3162.00	3162.50	3163.00	3163.00	3163.00	3163.00	3163.00	3164.00	3164.00	3164.00	3164.00	3164.00	3164.00	3164.00	3164.00	3164.00	3164.00	3164.00	3164.00	3164.00	3164.00	3165.00	3165.00	3165.00	3165.00	3165.00	3165.50	3166.00	3167.00	3167.00	3168.00	3168.00	3169.00	3169.50	3170.00	3171.00	3171.00	3172.00	3172.00
3087.00	3087.00	3088.00	3089.00	3089.00	3089.50	3090.00	3090.50	3091.00	3091.00	3091.00	3092.00	3092.00	3092.00	3093.00	3093.00	3094.00	3094.00	3094.50	3095.00	3095.50	3096.00	3096.00	3096.00	3096.00	3097.00	3097.00	3097.00	3097.00	3097.00	3097.50	3098.00	3098.00	3098.00	3098.00	3099.00	3099.00	3099.00	3099.00	3099.00	3099.50	3100.00	3100.00	3100.00	3100.00	3100.50	3101.00	3101.00	3101.00	3101.00	3101.00	3101.00	3101.00	3101.00	3101.00	3101.00	3101.00	3101.00	3101.00	3101.00	3101.00	3100.00	3100.50	3101.00	3101.00	3101.00	3102.00	3102.00	3102.00	3102.00	3103.00	3103.50	3104.00	3105.00	3105.50	3106.00	3106.50	3107.50	3108.00	3109.00	3109.00	3110.00	3111.00	3112.00	3112.50	3114.00	3115.00	3115.50	3117.00	3118.00	3118.50	3120.00	3120.50	3121.50	3122.00	3123.00	3123.50	3125.00	3125.00	3126.00	3126.50	3127.50	3128.50	3129.00	3130.00	3130.50	3131.00	3132.00	3132.50	3133.00	3134.00	3134.00	3135.00	3136.00	3136.50	3137.00	3137.00	3138.00	3138.50	3139.00	3139.00	3139.00	3139.00	3140.00	3140.00	3140.00	3140.00	3140.00	3140.00	3140.00	3141.00	3141.00	3141.00	3141.00	3141.00	3141.00	3141.00	3141.00	3141.00	3141.00	3141.00	3141.50	3142.00	3142.00	3142.00	3142.00	3142.00	3142.50	3143.00	3143.00	3143.00	3143.00	3143.00	3144.00	3144.00	3144.00	3144.00	3144.00	3144.00	3144.50	3145.00	3145.00	3145.00	3145.00	3145.50	3146.00	3146.00	3146.00	3146.00	3146.00	3146.50	3147.00	3147.00	3148.00	3148.00	3149.00	3149.00	3149.00	3149.50	3150.00	3150.50	3151.00	3151.00	3152.00	3152.00	3152.00	3153.00	3153.00	3153.00	3154.00	3154.00	3155.00	3155.00	3156.00	3156.00	3156.50	3157.00	3157.00	3157.00	3157.00	3158.00	3158.00	3158.00	3158.50	3159.00	3159.00	3159.00	3159.00	3159.00	3160.00	3160.00	3160.00	3160.50	3161.00	3161.00	3161.50	3162.00	3162.00	3162.50	3163.00	3163.00	3163.00	3163.00	3163.00	3164.00	3164.00	3164.00	3164.00	3164.00	3164.00	3164.00	3164.00	3164.00	3164.00	3164.00	3164.00	3164.00	3164.00	3165.00	3165.00	3165.00	3165.00	3165.00	3165.50	3166.00	3167.00	3167.00	3168.00	3168.00	3169.00	3169.50	3170.00	3171.00	3171.00	3172.00	3172.00
3087.00	3087.00	3088.00	3089.00	3089.00	3089.50	3090.00	3090.50	3091.00	3091.00	3091.00	3092.00	3092.00	3092.00	3093.00	3093.00	3094.00	3094.00	3094.50	3095.00	3095.50	3096.00	3096.00	3096.00	3096.00	3097.00	3097.00	3097.00	3097.00	3097.00	3097.50	3098.00	3098.00	3098.00	3098.00	3099.00	3099.00	3099.00	3099.00	3099.00	3099.50	3100.00	3100.00	3100.00	3100.00	3100.50	3101.00	3101.00	3101.00	3101.00	3101.00	3101.00	3101.00	3101.00	3101.00	3101.00	3101.00	3101.00	3101.00	3101.00	3101.00	3100.00	3100.50	3101.00	3101.00	3101.00	3102.00	3102.00	3102.00	3102.00	3103.00	3103.50	3104.00	3105.00	3105.50	3106.00	3106.50	3107.50	3108.00	3109.00	3109.00	3110.00	3111.00	3112.00	3112.50	3114.00	3115.00	3115.50	3117.00	3118.00	3118.50	3120.00	3120.50	3121.50	3122.00	3123.00	3123.50	3125.00	3125.00	3126.00	3126.50	3127.50	3128.50	3129.00	3130.00	3130.50	3131.00	3132.00	3132.50	3133.00	3134.00	3134.00	3135.00	3136.00	3136.50	3137.00	3137.00	3138.00	3138.50	3139.00	3139.00	3139.00	3139.00	3140.00	3140.00	3140.00	3140.00	3140.00	3140.00	3140.00	3141.00	3141.00	3141.00	3141.00	3141.00	3141.00	3141.00	3141.00	3141.00	3141.00	3141.00	3141.50	3142.00	3142.00	3142.00	3142.00	3142.00	3142.50	3143.00	3143.00	3143.00	3143.00	3143.00	3144.00	3144.00	3144.00	3144.00	3144.00	3144.00	3144.50	3145.00	3145.00	3145.00	3145.00	3145.50	3146.00	3146.00	3146.00	3146.00	3146.00	3146.50	3147.00	3147.00	3148.00	3148.00	3149.00	3149.00	3149.00	3149.50	3150.00	3150.50	3151.00	3151.00	3152.00	3152.00	3152.00	3153.00	3153.00	3153.00	3154.00	3154.00	3155.00	3155.00	3156.00	3156.00	3156.50	3157.00	3157.00	3157.00	3157.00	3158.00	3158.00	3158.00	3158.50	3159.00	3159.00	3159.00	3159.00	3159.00	3160.00	3160.00	3160.00	3160.50	3161.00	3161.00	3161.50	3162.00	3162.00	3162.50	3163.00	3163.00	3163.00	3163.00	3163.00	3164.00	3164.00	3164.00	3164.00	3164.00	3164.00	3164.00	3164.00	3164.00	3164.00	3164.00	3164.00	3164.00	3164.00	3165.00	3165.00	3165.00	3165.00	3165.00	3165.50	3166.00	3167.00	3167.00	3168.00	3168.00	3169.00	3169.50	3170.00	3171.00	3171.00	3172.00	3172.00
3087.00	3087.00	3088.00	3089.00	3089.00	3089.50	3090.00	3090.50	3091.00	3091.00	3091.00	3092.00	3092.00	3092.00	3093.00	3093.00	3094.00	3094.00	3094.50	3095.00	3095.50	3096.00	3096.00	3096.00	3096.00	3097.00	3097.00	3097.00	3097.00	3097.00	3097.50	3098.00	3098.00	3098.00	3098.00	3099.00	3099.00	3099.00	3099.00	3099.00	3099.50	3100.00	3100.00	3100.00	3100.00	3100.50	3101.00	3101.00	3101.00	3101.00	3101.00	3101.00	3101.00	3101.00	3101.00	3101.00	3101.00	3101.00	3101.00	3101.00	3101.00	3100.00	3100.50	3101.00	3101.00	3101.00	3102.00	3102.00	3102.00	3102.00	3103.00	3103.50	3104.00	3105.00	3105.50	3106.00	3106.50	3107.50	3108.00	3109.00	3109.00	3110.00	3111.00	3112.00	3112.50	3114.00	3115.00	3115.50	3117.00	3118.00	3118.50	3120.00	3120.50	3121.50	3122.00	3123.00	3123.50	3125.00	3125.00	3126.00	3126.50	3127.50	3128.50	3129.00	3130.00	3130.50	3131.00	3132.00	3132.50	3133.00	3134.00	3134.00	3135.00	3136.00	3136.50	3137.00	3137.00	3138.00	3138.50	3139.00	3139.00	3139.00	3139.00	3140.00	3140.00	3140.00	3140.00	3140.00	3140.00	3140.00	3141.00	3141.00	3141.00	3141.00	3141.00	3141.00	3141.00	3141.00	3141.00	3141.00	3141.00	3141.50	3142.00	3142.00	3142.00	3142.00	3142.00	3142.50	3143.00	3143.00	3143.00	3143.00	3143.00	3144.00	3144.00	3144.00	3144.00	3144.00	3144.00	3144.50	3145.00	3145.00	3145.00	3145.00	3145.50	3146.00	3146.00	3146.00	3146.00	3146.00	3146.50	3147.00	3147.00	3148.00	3148.00	3149.00	3149.00	3149.00	3149.50	3150.00	3150.50	3151.00	3151.00	3152.00	3152.00	3152.00	3153.00	3153.00	3153.00	3154.00	3154.00	3155.00	3155.00	3156.00	3156.00	3156.50	3157.00	3157.00	3157.00	3157.00	3158.00	3158.00	3158.00	3158.50	3159.00	3159.00	3159.00	3159.00	3159.00	3160.00	3160.00	3160.00	3160.50	3161.00	3161.00	3161.50	3162.00	3162.00	3162.50	3163.00	3163.00	3163.00	3163.00	3163.00	3164.00	3164.00	3164.00	3164.00	3164.00	3164.00	3164.00	3164.00	3164.00	3164.00	3164.00	3164.00	3164.00	3164.00	3165.00	3165.00	3165.00	3165.00	3165.00	3165.50	3166.00	3167.00	3167.00	3168.00	3168.00	3169.00	3169.50	3170.00	3171.00	3171.00	3172.00	3172.00
3087.00	3087.50	3088.00	3089.00	3089.00	3089.25	3089.75	3090.25	3090.75	3091.00	3091.00	3091.50	3091.75	3092.00	3092.50	3092.50	3093.00	3093.50	3093.75	3094.00	3094.75	3095.00	3095.00	3095.25	3095.50	3096.00	3096.00	3096.00	3096.00	3096.50	3096.75	3097.00	3097.00	3097.25	3097.50	3098.00	3098.00	3098.00	3098.00	3098.25	3098.75	3099.00	3099.00	3099.00	3099.00	3099.25	3099.50	3099.50	3099.50	3099.50	3099.50	3099.50	3099.50	3099.50	3099.50	3099.50	3099.50	3099.50	3100.00	3100.00	3099.50	3099.00	3099.25	3100.00	3100.00	3100.00	3100.50	3100.50	3100.75	3101.00	3101.75	3102.25	3102.50	3103.00	3104.00	3104.50	3105.25	3106.00	3106.50	3107.50	3107.50	3109.00	3109.50	3110.50	3111.00	3112.25	3113.25	3114.00	3115.00	3116.00	3116.75	3118.00	3118.75	3119.50	3120.25	3121.00	3122.00	3123.00	3123.50	3124.75	3125.25	3126.50	3127.25	3127.75	3128.50	3129.50	3130.00	3131.00	3131.75	3132.25	3133.00	3133.50	3134.25	3135.00	3135.75	3136.25	3136.50	3137.50	3137.75	3138.50	3138.50	3138.75	3139.00	3139.50	3139.50	3139.75	3140.00	3140.00	3140.00	3140.50	3141.00	3141.00	3141.00	3141.00	3141.25	3141.50	3141.50	3141.50	3141.75	3142.00	3142.00	3142.50	3143.00	3143.00	3143.00	3143.50	3143.50	3143.75	3144.00	3144.00	3144.00	3144.50	3144.50	3145.00	3145.00	3145.00	3145.00	3145.25	3145.50	3145.75	3146.00	3146.50	3146.50	3146.50	3146.75	3147.00	3147.25	3147.50	3147.50	3147.50	3147.75	3148.00	3148.00	3148.50	3149.00	3149.50	3150.00	3150.00	3150.25	3150.75	3151.25	3151.50	3152.00	3152.50	3152.75	3153.00	3153.75	3154.00	3154.00	3155.00	3155.00	3155.50	3156.00	3156.50	3156.50	3157.00	3157.50	3157.50	3157.50	3157.50	3158.00	3158.00	3158.25	3158.75	3159.00	3159.00	3159.00	3159.50	3159.50	3160.00	3160.00	3160.25	3160.75	3161.00	3161.00	3161.25	3161.75	3162.00	3162.25	3162.50	3162.50	3163.00	3163.00	3163.00	3163.50	3163.50	3163.50	3163.75	3164.00	3164.00	3164.00	3164.00	3164.00	3164.00	3164.00	3164.00	3164.00	3164.00	3164.50	3164.50	3164.50	3164.50	3164.50	3165.25	3165.50	3166.00	3166.00	3166.75	3167.00	3167.75	3168.25	3168.50	3169.50	3169.50	3170.50	3170.50
3087.00	3088.00	3088.00	3089.00	3089.00	3089.00	3089.50	3090.00	3090.50	3091.00	3091.00	3091.00	3091.50	3092.00	3092.00	3092.00	3092.00	3093.00	3093.00	3093.00	3094.00	3094.00	3094.00	3094.50	3095.00	3095.00	3095.00	3095.00	3095.00	3096.00	3096.00	3096.00	3096.00	3096.50	3097.00	3097.00	3097.00	3097.00	3097.00	3097.50	3098.00	3098.00	3098.00	3098.00	3098.00	3098.00	3098.00	3098.00	3098.00	3098.00	3098.00	3098.00	3098.00	3098.00	3098.00	3098.00	3098.00	3098.00	3099.00	3099.00	3098.00	3098.00	3098.00	3099.00	3099.00	3099.00	3099.00	3099.00	3099.50	3100.00	3100.50	3101.00	3101.00	3101.00	3102.50	3103.00	3104.00	3104.50	3105.00	3106.00	3106.00	3108.00	3108.00	3109.00	3109.50	3110.50	3111.50	3112.50	3113.00	3114.00	3115.00	3116.00	3117.00	3117.50	3118.50	3119.00	3120.50	3121.00	3122.00	3123.50	3124.00	3125.50	3126.00	3126.50	3127.00	3128.50	3129.00	3130.00	3131.00	3131.50	3132.00	3133.00	3133.50	3134.00	3135.00	3135.50	3136.00	3137.00	3137.00	3138.00	3138.00	3138.50	3139.00	3139.00	3139.00	3139.50	3140.00	3140.00	3140.00	3141.00	3141.00	3141.00	3141.00	3141.00	3141.50	3142.00	3142.00	3142.00	3142.50	3143.00	3143.00	3143.50	3144.00	3144.00	3144.00	3145.00	3145.00	3145.00	3145.00	3145.00	3145.00	3146.00	3146.00	3146.00	3146.00	3146.00	3146.00	3146.50	3147.00	3147.00	3147.00	3148.00	3148.00	3148.00	3148.00	3148.00	3148.50	3149.00	3149.00	3149.00	3149.00	3149.00	3149.00	3149.00	3150.00	3150.00	3151.00	3151.00	3151.00	3151.50	3152.00	3152.00	3153.00	3153.00	3153.50	3154.00	3154.50	3155.00	3155.00	3156.00	3156.00	3156.00	3157.00	3157.00	3157.00	3157.50	3158.00	3158.00	3158.00	3158.00	3158.00	3158.00	3158.50	3159.00	3159.00	3159.00	3159.00	3160.00	3160.00	3160.00	3160.00	3160.50	3161.00	3161.00	3161.00	3161.00	3161.50	3162.00	3162.00	3162.00	3162.00	3163.00	3163.00	3163.00	3163.00	3163.00	3163.00	3163.50	3164.00	3164.00	3164.00	3164.00	3164.00	3164.00	3164.00	3164.00	3164.00	3164.00	3164.00	3164.00	3164.00	3164.00	3164.00	3165.00	3165.00	3165.00	3165.00	3165.50	3166.00	3166.50	3167.00	3167.00	3168.00	3168.00	3169.00	3169.00
3087.00	3088.00	3088.00	3089.00	3089.00	3089.00	3089.50	3090.00	3090.50	3091.00	3091.00	3091.00	3091.50	3092.00	3092.00	3092.00	3092.00	3093.00	3093.00	3093.00	3094.00	3094.00	3094.00	3094.50	3095.00	3095.00	3095.00	3095.00	3095.00	3096.00	3096.00	3096.00	3096.00	3096.50	3097.00	3097.00	3097.00	3097.00	3097.00	3097.50	3098.00	3098.00	3098.00	3098.00	3098.00	3098.00	3098.00	3098.00	3098.00	3098.00	3098.00	3098.00	3098.00	3098.00	3098.00	3098.00	3098.00	3098.00	3099.00	3099.00	3098.00	3098.00	3098.00	3099.00	3099.00	3099.00	3099.00	3099.00	3099.50	3100.00	3100.50	3101.00	3101.00	3101.00	3102.50	3103.00	3104.00	3104.50	3105.00	3106.00	3106.00	3108.00	3108.00	3109.00	3109.50	3110.50	3111.50	3112.50	3113.00	3114.00	3115.00	3116.00	3117.00	3117.50	3118.50	3119.00	3120.50	3121.00	3122.00	3123.50	3124.00	3125.50	3126.00	3126.50	3127.00	3128.50	3129.00	3130.00	3131.00	3131.50	3132.00	3133.00	3133.50	3134.00	3135.00	3135.50	3136.00	3137.00	3137.00	3138.00	3138.00	3138.50	3139.00	3139.00	3139.00	3139.50	3140.00	3140.00	3140.00	3141.00	3141.00	3141.00	3141.00	3141.00	3141.50	3142.00	3142.00	3142.00	3142.50	3143.00	3143.00	3143.50	3144.00	3144.00	3144.00	3145.00	3145.00	3145.00	3145.00	3145.00	3145.00	3146.00	3146.00	3146.00	3146.00	3146.00	3146.00	3146.50	3147.00	3147.00	3147.00	3148.00	3148.00	3148.00	3148.00	3148.00	3148.50	3149.00	3149.00	3149.00	3149.00	3149.00	3149.00	3149.00	3150.00	3150.00	3151.00	3151.00	3151.00	3151.50	3152.00	3152.00	3153.00	3153.00	3153.50	3154.00	3154.50	3155.00	3155.00	3156.00	3156.00	3156.00	3157.00	3157.00	3157.00	3157.50	3158.00	3158.00	3158.00	3158.00	3158.00	3158.00	3158.50	3159.00	3159.00	3159.00	3159.00	3160.00	3160.00	3160.00	3160.00	3160.50	3161.00	3161.00	3161.00	3161.00	3161.50	3162.00	3162.00	3162.00	3162.00	3163.00	3163.00	3163.00	3163.00	3163.00	3163.00	3163.50	3164.00	3164.00	3164.00	3164.00	3164.00	3164.00	3164.00	3164.00	3164.00	3164.00	3164.00	3164.00	3164.00	3164.00	3164.00	3165.00	3165.00	3165.00	3165.00	3165.50	3166.00	3166.50	3167.00	3167.00	3168.00	3168.00	3169.00	3169.00
3087.00	3088.00	3088.00	3089.00	3089.00	3089.00	3089.50	3090.00	3090.50	3091.00	3091.00	3091.00	3091.50	3092.00	3092.00	3092.00	3092.00	3093.00	3093.00	3093.00	3094.00	3094.00	3094.00	3094.50	3095.00	3095.00	3095.00	3095.00	3095.00	3096.00	3096.00	3096.00	3096.00	3096.50	3097.00	3097.00	3097.00	3097.00	3097.00	3097.50	3098.00	3098.00	3098.00	3098.00	3098.00	3098.00	3098.00	3098.00	3098.00	3098.00	3098.00	3098.00	3098.00	3098.00	3098.00	3098.00	3098.00	3098.00	3099.00	3099.00	3098.00	3098.00	3098.00	3099.00	3099.00	3099.00	3099.00	3099.00	3099.50	3100.00	3100.50	3101.00	3101.00	3101.00	3102.50	3103.00	3104.00	3104.50	3105.00	3106.00	3106.00	3108.00	3108.00	3109.00	3109.50	3110.50	3111.50	3112.50	3113.00	3114.00	3115.00	3116.00	3117.00	3117.50	3118.50	3119.00	3120.50	3121.00	3122.00	3123.50	3124.00	3125.50	3126.00	3126.50	3127.00	3128.50	3129.00	3130.00	3131.00	3131.50	3132.00	3133.00	3133.50	3134.00	3135.00	3135.50	3136.00	3137.00	3137.00	3138.00	3138.00	3138.50	3139.00	3139.00	3139.00	3139.50	3140.00	3140.00	3140.00	3141.00	3141.00	3141.00	3141.00	3141.00	3141.50	3142.00	3142.00	3142.00	3142.50	3143.00	3143.00	3143.50	3144.00	3144.00	3144.00	3145.00	3145.00	3145.00	3145.00	3145.00	3145.00	3146.00	3146.00	3146.00	3146.00	3146.00	3146.00	3146.50	3147.00	3147.00	3147.00	3148.00	3148.00	3148.00	3148.00	3148.00	3148.50	3149.00	3149.00	3149.00	3149.00	3149.00	3149.00	3149.00	3150.00	3150.00	3151.00	3151.00	3151.00	3151.50	3152.00	3152.00	3153.00	3153.00	3153.50	3154.00	3154.50	3155.00	3155.00	3156.00	3156.00	3156.00	3157.00	3157.00	3157.00	3157.50	3158.00	3158.00	3158.00	3158.00	3158.00	3158.00	3158.50	3159.00	3159.00	3159.00	3159.00	3160.00	3160.00	3160.00	3160.00	3160.50	3161.00	3161.00	3161.00	3161.00	3161.50	3162.00	3162.00	3162.00	3162.00	3163.00	3163.00	3163.00	3163.00	3163.00	3163.00	3163.50	3164.00	3164.00	3164.00	3164.00	3164.00	3164.00	3164.00	3164.00	3164.00	3164.00	3164.00	3164.00	3164.00	3164.00	3164.00	3165.00	3165.00	3165.00	3165.00	3165.50	3166.00	3166.50	3167.00	3167.00	3168.00	3168.00	3169.00	3169.00
3087.00	3088.00	3088.00	3089.00	3089.00	3089.00	3089.50	3090.00	3090.50	3091.00	3091.00	3091.00	3091.50	3092.00	3092.00	3092.00	3092.00	3093.00	3093.00	3093.00	3094.00	3094.00	3094.00	3094.50	3095.00	3095.00	3095.00	3095.00	3095.00	3096.00	3096.00	3096.00	3096.00	3096.50	3097.00	3097.00	3097.00	3097.00	3097.00	3097.50	3098.00	3098.00	3098.00	3098.00	3098.00	3098.00	3098.00	3098.00	3098.00	3098.00	3098.00	3098.00	3098.00	3098.00	3098.00	3098.00	3098.00	3098.00	3099.00	3099.00	3098.00	3098.00	3098.00	3099.00	3099.00	3099.00	3099.00	3099.00	3099.50	3100.00	3100.50	3101.00	3101.00	3101.00	3102.50	3103.00	3104.00	3104.50	3105.00	3106.00	3106.00	3108.00	3108.00	3109.00	3109.50	3110.50	3111.50	3112.50	3113.00	3114.00	3115.00	3116.00	3117.00	3117.50	3118.50	3119.00	3120.50	3121.00	3122.00	3123.50	3124.00	3125.50	3126.00	3126.50	3127.00	3128.50	3129.00	3130.00	3131.00	3131.50	3132.00	3133.00	3133.50	3134.00	3135.00	3135.50	3136.00	3137.00	3137.00	3138.00	3138.00	3138.50	3139.00	3139.00	3139.00	3139.50	3140.00	3140.00	3140.00	3141.00	3141.00	3141.00	3141.00	3141.00	3141.50	3142.00	3142.00	3142.00	3142.50	3143.00	3143.00	3143.50	3144.00	3144.00	3144.00	3145.00	3145.00	3145.00	3145.00	3145.00	3145.00	3146.00	3146.00	3146.00	3146.00	3146.00	3146.00	3146.50	3147.00	3147.00	3147.00	3148.00	3148.00	3148.00	3148.00	3148.00	3148.50	3149.00	3149.00	3149.00	3149.00	3149.00	3149.00	3149.00	3150.00	3150.00	3151.00	3151.00	3151.00	3151.50	3152.00	3152.00	3153.00	3153.00	3153.50	3154.00	3154.50	3155.00	3155.00	3156.00	3156.00	3156.00	3157.00	3157.00	3157.00	3157.50	3158.00	3158.00	3158.00	3158.00	3158.00	3158.00	3158.50	3159.00	3159.00	3159.00	3159.00	3160.00	3160.00	3160.00	3160.00	3160.50	3161.00	3161.00	3161.00	3161.00	3161.50	3162.00	3162.00	3162.00	3162.00	3163.00	3163.00	3163.00	3163.00	3163.00	3163.00	3163.50	3164.00	3164.00	3164.00	3164.00	3164.00	3164.00	3164.00	3164.00	3164.00	3164.00	3164.00	3164.00	3164.00	3164.00	3164.00	3165.00	3165.00	3165.00	3165.00	3165.50	3166.00	3166.50	3167.00	3167.00	3168.00	3168.00	3169.00	3169.00
3087.00	3088.00	3088.00	3089.00	3089.00	3089.00	3089.50	3090.00	3090.50	3091.00	3091.00	3091.00	3091.50	3092.00	3092.00	3092.00	3092.00	3093.00	3093.00	3093.00	3094.00	3094.00	3094.00	3094.50	3095.00	3095.00	3095.00	3095.00	3095.00	3096.00	3096.00	3096.00	3096.00	3096.50	3097.00	3097.00	3097.00	3097.00	3097.00	3097.50	3098.00	3098.00	3098.00	3098.00	3098.00	3098.00	3098.00	3098.00	3098.00	3098.00	3098.00	3098.00	3098.00	3098.00	3098.00	3098.00	3098.00	3098.00	3099.00	3099.00	3098.00	3098.00	3098.00	3099.00	3099.00	3099.00	3099.00	3099.00	3099.50	3100.00	3100.50	3101.00	3101.00	3101.00	3102.50	3103.00	3104.00	3104.50	3105.00	3106.00	3106.00	3108.00	3108.00	3109.00	3109.50	3110.50	3111.50	3112.50	3113.00	3114.00	3115.00	3116.00	3117.00	3117.50	3118.50	3119.00	3120.50	3121.00	3122.00	3123.50	3124.00	3125.50	3126.00	3126.50	3127.00	3128.50	3129.00	3130.00	3131.00	3131.50	3132.00	3133.00	3133.50	3134.00	3135.00	3135.50	3136.00	3137.00	3137.00	3138.00	3138.00	3138.50	3139.00	3139.00	3139.00	3139.50	3140.00	3140.00	3140.00	3141.00	3141.00	3141.00	3141.00	3141.00	3141.50	3142.00	3142.00	3142.00	3142.50	3143.00	3143.00	3143.50	3144.00	3144.00	3144.00	3145.00	3145.00	3145.00	3145.00	3145.00	3145.00	3146.00	3146.00	3146.00	3146.00	3146.00	3146.00	3146.50	3147.00	3147.00	3147.00	3148.00	3148.00	3148.00	3148.00	3148.00	3148.50	3149.00	3149.00	3149.00	3149.00	3149.00	3149.00	3149.00	3150.00	3150.00	3151.00	3151.00	3151.00	3151.50	3152.00	3152.00	3153.00	3153.00	3153.50	3154.00	3154.50	3155.00	3155.00	3156.00	3156.00	3156.00	3157.00	3157.00	3157.00	3157.50	3158.00	3158.00	3158.00	3158.00	3158.00	3158.00	3158.50	3159.00	3159.00	3159.00	3159.00	3160.00	3160.00	3160.00	3160.00	3160.50	3161.00	3161.00	3161.00	3161.00	3161.50	3162.00	3162.00	3162.00	3162.00	3163.00	3163.00	3163.00	3163.00	3163.00	3163.00	3163.50	3164.00	3164.00	3164.00	3164.00	3164.00	3164.00	3164.00	3164.00	3164.00	3164.00	3164.00	3164.00	3164.00	3164.00	3164.00	3165.00	3165.00	3165.00	3165.00	3165.50	3166.00	3166.50	3167.00	3167.00	3168.00	3168.00	3169.00	3169.00
3087.50	3088.00	3088.00	3089.00	3089.00	3089.00	3089.50	3090.00	3090.00	3090.00	3091.00	3091.00	3091.00	3091.00	3091.00	3091.50	3092.00	3092.00	3092.00	3092.00	3092.00	3092.50	3093.00	3093.00	3093.00	3093.00	3093.00	3093.50	3094.00	3094.00	3094.00	3094.00	3094.00	3094.00	3094.00	3095.00	3095.00	3095.00	3095.00	3095.00	3095.00	3095.00	3095.00	3095.00	3095.00	3095.00	3095.00	3095.00	3095.00	3095.00	3095.00	3095.00	3095.00	3095.50	3096.00	3096.00	3096.00	3096.00	3096.00	3096.00	3096.00	3096.00	3096.50	3097.00	3097.00	3097.00	3097.00	3097.50	3098.00	3098.00	3099.00	3099.00	3100.00	3100.00	3100.00	3100.50	3101.50	3102.00	3102.50	3103.00	3104.00	3105.00	3105.00	3106.50	3107.00	3107.50	3108.50	3109.50	3111.00	3111.00	3112.50	3113.00	3114.50	3115.00	3115.50	3117.00	3117.50	3119.00	3120.00	3120.50	3121.50	3123.00	3123.50	3124.50	3126.00	3126.50	3127.50	3128.00	3129.50	3130.00	3131.00	3132.00	3132.50	3133.00	3134.00	3134.50	3135.00	3136.00	3136.50	3137.00	3137.00	3137.50	3138.00	3138.50	3139.00	3139.00	3139.00	3140.00	3140.00	3141.00	3141.00	3141.00	3141.50	3142.00	3142.00	3143.00	3143.00	3143.00	3143.00	3144.00	3144.00	3144.50	3145.00	3145.00	3146.00	3146.00	3146.00	3146.50	3147.00	3147.00	3147.00	3147.00	3147.00	3148.00	3148.00	3148.00	3148.00	3148.50	3149.00	3149.00	3150.00	3150.00	3150.00	3150.00	3150.50	3151.00	3151.00	3151.00	3151.00	3151.00	3151.00	3151.00	3151.00	3151.00	3151.00	3152.00	3152.00	3152.00	3152.00	3152.50	3153.00	3153.50	3154.00	3154.00	3155.00	3155.00	3156.00	3156.00	3156.00	3157.00	3157.00	3157.00	3158.00	3158.00	3158.00	3158.00	3158.50	3159.00	3159.00	3159.00	3159.00	3159.00	3159.00	3159.50	3160.00	3160.00	3160.00	3160.00	3160.00	3161.00	3161.00	3161.00	3161.00	3161.00	3162.00	3162.00	3162.00	3162.00	3162.00	3162.00	3162.00	3162.00	3162.00	3162.00	3163.00	3163.00	3163.00	3163.00	3163.50	3164.00	3164.00	3164.00	3164.00	3164.00	3164.00	3164.00	3164.00	3164.00	3164.00	3164.00	3164.00	3164.00	3164.00	3164.00	3164.00	3164.00	3165.00	3165.00	3165.00	3165.00	3165.00	3165.50	3166.00	3166.00	3166.00	3167.00
3087.50	3088.00	3088.00	3089.00	3089.00	3089.00	3089.50	3090.00	3090.00	3090.00	3091.00	3091.00	3091.00	3091.00	3091.00	3091.50	3092.00	3092.00	3092.00	3092.00	3092.00	3092.50	3093.00	3093.00	3093.00	3093.00	3093.00	3093.50	3094.00	3094.00	3094.00	3094.00	3094.00	3094.00	3094.00	3095.00	3095.00	3095.00	3095.00	3095.00	3095.00	3095.00	3095.00	3095.00	3095.00	3095.00	3095.00	3095.00	3095.00	3095.00	3095.00	3095.00	3095.00	3095.50	3096.00	3096.00	3096.00	3096.00	3096.00	3096.00	3096.00	3096.00	3096.50	3097.00	3097.00	3097.00	3097.00	3097.50	3098.00	3098.00	3099.00	3099.00	3100.00	3100.00	3100.00	3100.50	3101.50	3102.00	3102.50	3103.00	3104.00	3105.00	3105.00	3106.50	3107.00	3107.50	3108.50	3109.50	3111.00	3111.00	3112.50	3113.00	3114.50	3115.00	3115.50	3117.00	3117.50	3119.00	3120.00	3120.50	3121.50	3123.00	3123.50	3124.50	3126.00	3126.50	3127.50	3128.00	3129.50	3130.00	3131.00	3132.00	3132.50	3133.00	3134.00	3134.50	3135.00	3136.00	3136.50	3137.00	3137.00	3137.50	3138.00	3138.50	3139.00	3139.00	3139.00	3140.00	3140.00	3141.00	3141.00	3141.00	3141.50	3142.00	3142.00	3143.00	3143.00	3143.00	3143.00	3144.00	3144.00	3144.50	3145.00	3145.00	3146.00	3146.00	3146.00	3146.50	3147.00	3147.00	3147.00	3147.00	3147.00	3148.00	3148.00	3148.00	3148.00	3148.50	3149.00	3149.00	3150.00	3150.00	3150.00	3150.00	3150.50	3151.00	3151.00	3151.00	3151.00	3151.00	3151.00	3151.00	3151.00	3151.00	3151.00	3152.00	3152.00	3152.00	3152.00	3152.50	3153.00	3153.50	3154.00	3154.00	3155.00	3155.00	3156.00	3156.00	3156.00	3157.00	3157.00	3157.00	3158.00	3158.00	3158.00	3158.00	3158.50	3159.00	3159.00	3159.00	3159.00	3159.00	3159.00	3159.50	3160.00	3160.00	3160.00	3160.00	3160.00	3161.00	3161.00	3161.00	3161.00	3161.00	3162.00	3162.00	3162.00	3162.00	3162.00	3162.00	3162.00	3162.00	3162.00	3162.00	3163.00	3163.00	3163.00	3163.00	3163.50	3164.00	3164.00	3164.00	3164.00	3164.00	3164.00	3164.00	3164.00	3164.00	3164.00	3164.00	3164.00	3164.00	3164.00	3164.00	3164.00	3164.00	3165.00	3165.00	3165.00	3165.00	3165.00	3165.50	3166.00	3166.00	3166.00	3167.00
3087.75	3088.00	3088.00	3089.00	3089.00	3089.00	3089.25	3090.00	3090.00	3090.00	3090.50	3090.75	3091.00	3091.00	3091.00	3091.25	3091.50	3091.50	3091.50	3092.00	3092.00	3092.25	3092.50	3092.50	3092.50	3092.50	3092.50	3092.75	3093.00	3093.00	3093.00	3093.00	3093.00	3093.00	3093.00	3093.50	3093.50	3093.50	3093.50	3093.75	3094.00	3094.00	3094.00	3094.00	3094.00	3094.00	3094.00	3094.00	3094.00	3094.00	3094.00	3094.00	3094.00	3094.25	3094.50	3094.50	3094.50	3095.00	3095.00	3095.00	3095.00	3095.25	3095.75	3096.00	3096.00	3096.00	3096.50	3096.75	3097.25	3097.50	3098.00	3098.25	3099.00	3099.00	3099.50	3099.75	3100.75	3101.00	3101.50	3102.00	3103.00	3104.00	3104.50	3105.50	3106.25	3107.00	3108.00	3108.75	3110.00	3110.50	3111.50	3112.50	3113.50	3114.25	3115.00	3116.50	3117.00	3118.50	3119.00	3120.00	3121.00	3122.25	3123.00	3124.00	3125.00	3126.00	3127.00	3127.50	3129.00	3129.50	3130.50	3131.50	3132.00	3133.00	3133.75	3134.25	3134.75	3135.75	3136.25	3136.50	3137.00	3137.25	3137.75	3138.25	3138.75	3139.00	3139.00	3140.00	3140.00	3140.50	3141.00	3141.00	3141.25	3142.00	3142.00	3143.00	3143.00	3143.00	3143.25	3144.00	3144.25	3144.75	3145.00	3145.50	3146.50	3146.50	3146.50	3147.00	3147.50	3147.50	3147.50	3147.50	3147.50	3148.50	3148.50	3148.50	3148.50	3149.00	3149.50	3149.50	3150.00	3150.00	3150.25	3150.50	3150.75	3151.00	3151.00	3151.00	3151.00	3151.00	3151.50	3151.50	3151.50	3151.50	3151.50	3152.50	3152.50	3152.50	3152.50	3153.00	3153.50	3153.75	3154.50	3154.50	3155.50	3155.50	3156.50	3156.50	3156.50	3157.50	3157.50	3157.50	3158.50	3158.50	3158.50	3158.75	3159.25	3159.50	3159.50	3159.50	3159.75	3160.00	3160.00	3160.25	3160.50	3160.50	3161.00	3161.00	3161.00	3161.50	3161.50	3161.75	3162.00	3162.00	3162.50	3162.50	3162.50	3162.50	3162.50	3162.50	3162.50	3162.50	3162.75	3163.00	3163.50	3163.50	3163.50	3163.50	3163.75	3164.00	3164.00	3164.50	3164.50	3164.50	3164.25	3164.00	3164.00	3164.00	3164.00	3164.00	3164.00	3164.00	3164.25	3164.50	3164.50	3164.50	3165.00	3165.00	3165.00	3165.00	3165.00	3165.25	3165.50	3165.50	3165.50	3166.00
3088.00	3088.00	3088.00	3089.00	3089.00	3089.00	3089.00	3090.00	3090.00	3090.00	3090.00	3090.50	3091.00	3091.00	3091.00	3091.00	3091.00	3091.00	3091.00	3092.00	3092.00	3092.00	3092.00	3092.00	3092.00	3092.00	3092.00	3092.00	3092.00	3092.00	3092.00	3092.00	3092.00	3092.00	3092.00	3092.00	3092.00	3092.00	3092.00	3092.50	3093.00	3093.00	3093.00	3093.00	3093.00	3093.00	3093.00	3093.00	3093.00	3093.00	3093.00	3093.00	3093.00	3093.00	3093.00	3093.00	3093.00	3094.00	3094.00	3094.00	3094.00	3094.50	3095.00	3095.00	3095.00	3095.00	3096.00	3096.00	3096.50	3097.00	3097.00	3097.50	3098.00	3098.00	3099.00	3099.00	3100.00	3100.00	3100.50	3101.00	3102.00	3103.00	3104.00	3104.50	3105.50	3106.50	3107.50	3108.00	3109.00	3110.00	3110.50	3112.00	3112.50	3113.50	3114.50	3116.00	3116.50	3118.00	3118.00	3119.50	3120.50	3121.50	3122.50	3123.50	3124.00	3125.50	3126.50	3127.00	3128.50	3129.00	3130.00	3131.00	3131.50	3133.00	3133.50	3134.00	3134.50	3135.50	3136.00	3136.00	3137.00	3137.00	3137.50	3138.00	3138.50	3139.00	3139.00	3140.00	3140.00	3140.00	3141.00	3141.00	3141.00	3142.00	3142.00	3143.00	3143.00	3143.00	3143.50	3144.00	3144.50	3145.00	3145.00	3146.00	3147.00	3147.00	3147.00	3147.50	3148.00	3148.00	3148.00	3148.00	3148.00	3149.00	3149.00	3149.00	3149.00	3149.50	3150.00	3150.00	3150.00	3150.00	3150.50	3151.00	3151.00	3151.00	3151.00	3151.00	3151.00	3151.00	3152.00	3152.00	3152.00	3152.00	3152.00	3153.00	3153.00	3153.00	3153.00	3153.50	3154.00	3154.00	3155.00	3155.00	3156.00	3156.00	3157.00	3157.00	3157.00	3158.00	3158.00	3158.00	3159.00	3159.00	3159.00	3159.50	3160.00	3160.00	3160.00	3160.00	3160.50	3161.00	3161.00	3161.00	3161.00	3161.00	3162.00	3162.00	3162.00	3162.00	3162.00	3162.50	3163.00	3163.00	3163.00	3163.00	3163.00	3163.00	3163.00	3163.00	3163.00	3163.00	3163.50	3164.00	3164.00	3164.00	3164.00	3164.00	3164.00	3164.00	3164.00	3165.00	3165.00	3165.00	3164.50	3164.00	3164.00	3164.00	3164.00	3164.00	3164.00	3164.00	3164.50	3165.00	3165.00	3165.00	3165.00	3165.00	3165.00	3165.00	3165.00	3165.00	3165.00	3165.00	3165.00	3165.00
3088.00	3088.00	3088.00	3089.00	3089.00	3089.00	3089.00	3090.00	3090.00	3090.00	3090.00	3090.50	3091.00	3091.00	3091.00	3091.00	3091.00	3091.00	3091.00	3092.00	3092.00	3092.00	3092.00	3092.00	3092.00	3092.00	3092.00	3092.00	3092.00	3092.00	3092.00	3092.00	3092.00	3092.00	3092.00	3092.00	3092.00	3092.00	3092.00	3092.50	3093.00	3093.00	3093.00	3093.00	3093.00	3093.00	3093.00	3093.00	3093.00	3093.00	3093.00	3093.00	3093.00	3093.00	3093.00	3093.00	3093.00	3094.00	3094.00	3094.00	3094.00	3094.50	3095.00	3095.00	3095.00	3095.00	3096.00	3096.00	3096.50	3097.00	3097.00	3097.50	3098.00	3098.00	3099.00	3099.00	3100.00	3100.00	3100.50	3101.00	3102.00	3103.00	3104.00	3104.50	3105.50	3106.50	3107.50	3108.00	3109.00	3110.00	3110.50	3112.00	3112.50	3113.50	3114.50	3116.00	3116.50	3118.00	3118.00	3119.50	3120.50	3121.50	3122.50	3123.50	3124.00	3125.50	3126.50	3127.00	3128.50	3129.00	3130.00	3131.00	3131.50	3133.00	3133.50	3134.00	3134.50	3135.50	3136.00	3136.00	3137.00	3137.00	3137.50	3138.00	3138.50	3139.00	3139.00	3140.00	3140.00	3140.00	3141.00	3141.00	3141.00	3142.00	3142.00	3143.00	3143.00	3143.00	3143.50	3144.00	3144.50	3145.00	3145.00	3146.00	3147.00	3147.00	3147.00	3147.50	3148.00	3148.00	3148.00	3148.00	3148.00	3149.00	3149.00	3149.00	3149.00	3149.50	3150.00	3150.00	3150.00	3150.00	3150.50	3151.00	3151.00	3151.00	3151.00	3151.00	3151.00	3151.00	3152.00	3152.00	3152.00	3152.00	3152.00	3153.00	3153.00	3153.00	3153.00	3153.50	3154.00	3154.00	3155.00	3155.00	3156.00	3156.00	3157.00	3157.00	3157.00	3158.00	3158.00	3158.00	3159.00	3159.00	3159.00	3159.50	3160.00	3160.00	3160.00	3160.00	3160.50	3161.00	3161.00	3161.00	3161.00	3161.00	3162.00	3162.00	3162.00	3162.00	3162.00	3162.50	3163.00	3163.00	3163.00	3163.00	3163.00	3163.00	3163.00	3163.00	3163.00	3163.00	3163.50	3164.00	3164.00	3164.00	3164.00	3164.00	3164.00	3164.00	3164.00	3165.00	3165.00	3165.00	3164.50	3164.00	3164.00	3164.00	3164.00	3164.00	3164.00	3164.00	3164.50	3165.00	3165.00	3165.00	3165.00	3165.00	3165.00	3165.00	3165.00	3165.00	3165.00	3165.00	3165.00	3165.00
3088.00	3088.00	3088.00	3089.00	3089.00	3089.00	3089.00	3090.00	3090.00	3090.00	3090.00	3090.50	3091.00	3091.00	3091.00	3091.00	3091.00	3091.00	3091.00	3092.00	3092.00	3092.00	3092.00	3092.00	3092.00	3092.00	3092.00	3092.00	3092.00	3092.00	3092.00	3092.00	3092.00	3092.00	3092.00	3092.00	3092.00	3092.00	3092.00	3092.50	3093.00	3093.00	3093.00	3093.00	3093.00	3093.00	3093.00	3093.00	3093.00	3093.00	3093.00	3093.00	3093.00	3093.00	3093.00	3093.00	3093.00	3094.00	3094.00	3094.00	3094.00	3094.50	3095.00	3095.00	3095.00	3095.00	3096.00	3096.00	3096.50	3097.00	3097.00	3097.50	3098.00	3098.00	3099.00	3099.00	3100.00	3100.00	3100.50	3101.00	3102.00	3103.00	3104.00	3104.50	3105.50	3106.50	3107.50	3108.00	3109.00	3110.00	3110.50	3112.00	3112.50	3113.50	3114.50	3116.00	3116.50	3118.00	3118.00	3119.50	3120.50	3121.50	3122.50	3123.50	3124.00	3125.50	3126.50	3127.00	3128.50	3129.00	3130.00	3131.00	3131.50	3133.00	3133.50	3134.00	3134.50	3135.50	3136.00	3136.00	3137.00	3137.00	3137.50	3138.00	3138.50	3139.00	3139.00	3140.00	3140.00	3140.00	3141.00	3141.00	3141.00	3142.00	3142.00	3143.00	3143.00	3143.00	3143.50	3144.00	3144.50	3145.00	3145.00	3146.00	3147.00	3147.00	3147.00	3147.50	3148.00	3148.00	3148.00	3148.00	3148.00	3149.00	3149.00	3149.00	3149.00	3149.50	3150.00	3150.00	3150.00	3150.00	3150.50	3151.00	3151.00	3151.00	3151.00	3151.00	3151.00	3151.00	3152.00	3152.00	3152.00	3152.00	3152.00	3153.00	3153.00	3153.00	3153.00	3153.50	3154.00	3154.00	3155.00	3155.00	3156.00	3156.00	3157.00	3157.00	3157.00	3158.00	3158.00	3158.00	3159.00	3159.00	3159.00	3159.50	3160.00	3160.00	3160.00	3160.00	3160.50	3161.00	3161.00	3161.00	3161.00	3161.00	3162.00	3162.00	3162.00	3162.00	3162.00	3162.50	3163.00	3163.00	3163.00	3163.00	3163.00	3163.00	3163.00	3163.00	3163.00	3163.00	3163.50	3164.00	3164.00	3164.00	3164.00	3164.00	3164.00	3164.00	3164.00	3165.00	3165.00	3165.00	3164.50	3164.00	3164.00	3164.00	3164.00	3164.00	3164.00	3164.00	3164.50	3165.00	3165.00	3165.00	3165.00	3165.00	3165.00	3165.00	3165.00	3165.00	3165.00	3165.00	3165.00	3165.00
3088.00	3088.00	3088.00	3089.00	3089.00	3089.00	3089.00	3090.00	3090.00	3090.00	3090.00	3090.50	3091.00	3091.00	3091.00	3091.00	3091.00	3091.00	3091.00	3092.00	3092.00	3092.00	3092.00	3092.00	3092.00	3092.00	3092.00	3092.00	3092.00	3092.00	3092.00	3092.00	3092.00	3092.00	3092.00	3092.00	3092.00	3092.00	3092.00	3092.50	3093.00	3093.00	3093.00	3093.00	3093.00	3093.00	3093.00	3093.00	3093.00	3093.00	3093.00	3093.00	3093.00	3093.00	3093.00	3093.00	3093.00	3094.00	3094.00	3094.00	3094.00	3094.50	3095.00	3095.00	3095.00	3095.00	3096.00	3096.00	3096.50	3097.00	3097.00	3097.50	3098.00	3098.00	3099.00	3099.00	3100.00	3100.00	3100.50	3101.00	3102.00	3103.00	3104.00	3104.50	3105.50	3106.50	3107.50	3108.00	3109.00	3110.00	3110.50	3112.00	3112.50	3113.50	3114.50	3116.00	3116.50	3118.00	3118.00	3119.50	3120.50	3121.50	3122.50	3123.50	3124.00	3125.50	3126.50	3127.00	3128.50	3129.00	3130.00	3131.00	3131.50	3133.00	3133.50	3134.00	3134.50	3135.50	3136.00	3136.00	3137.00	3137.00	3137.50	3138.00	3138.50	3139.00	3139.00	3140.00	3140.00	3140.00	3141.00	3141.00	3141.00	3142.00	3142.00	3143.00	3143.00	3143.00	3143.50	3144.00	3144.50	3145.00	3145.00	3146.00	3147.00	3147.00	3147.00	3147.50	3148.00	3148.00	3148.00	3148.00	3148.00	3149.00	3149.00	3149.00	3149.00	3149.50	3150.00	3150.00	3150.00	3150.00	3150.50	3151.00	3151.00	3151.00	3151.00	3151.00	3151.00	3151.00	3152.00	3152.00	3152.00	3152.00	3152.00	3153.00	3153.00	3153.00	3153.00	3153.50	3154.00	3154.00	3155.00	3155.00	3156.00	3156.00	3157.00	3157.00	3157.00	3158.00	3158.00	3158.00	3159.00	3159.00	3159.00	3159.50	3160.00	3160.00	3160.00	3160.00	3160.50	3161.00	3161.00	3161.00	3161.00	3161.00	3162.00	3162.00	3162.00	3162.00	3162.00	3162.50	3163.00	3163.00	3163.00	3163.00	3163.00	3163.00	3163.00	3163.00	3163.00	3163.00	3163.50	3164.00	3164.00	3164.00	3164.00	3164.00	3164.00	3164.00	3164.00	3165.00	3165.00	3165.00	3164.50	3164.00	3164.00	3164.00	3164.00	3164.00	3164.00	3164.00	3164.50	3165.00	3165.00	3165.00	3165.00	3165.00	3165.00	3165.00	3165.00	3165.00	3165.00	3165.00	3165.00	3165.00
3088.00	3088.00	3088.00	3089.00	3089.00	3089.00	3089.00	3090.00	3090.00	3090.00	3090.00	3090.50	3091.00	3091.00	3091.00	3091.00	3091.00	3091.00	3091.00	3092.00	3092.00	3092.00	3092.00	3092.00	3092.00	3092.00	3092.00	3092.00	3092.00	3092.00	3092.00	3092.00	3092.00	3092.00	3092.00	3092.00	3092.00	3092.00	3092.00	3092.50	3093.00	3093.00	3093.00	3093.00	3093.00	3093.00	3093.00	3093.00	3093.00	3093.00	3093.00	3093.00	3093.00	3093.00	3093.00	3093.00	3093.00	3094.00	3094.00	3094.00	3094.00	3094.50	3095.00	3095.00	3095.00	3095.00	3096.00	3096.00	3096.50	3097.00	3097.00	3097.50	3098.00	3098.00	3099.00	3099.00	3100.00	3100.00	3100.50	3101.00	3102.00	3103.00	3104.00	3104.50	3105.50	3106.50	3107.50	3108.00	3109.00	3110.00	3110.50	3112.00	3112.50	3113.50	3114.50	3116.00	3116.50	3118.00	3118.00	3119.50	3120.50	3121.50	3122.50	3123.50	3124.00	3125.50	3126.50	3127.00	3128.50	3129.00	3130.00	3131.00	3131.50	3133.00	3133.50	3134.00	3134.50	3135.50	3136.00	3136.00	3137.00	3137.00	3137.50	3138.00	3138.50	3139.00	3139.00	3140.00	3140.00	3140.00	3141.00	3141.00	3141.00	3142.00	3142.00	3143.00	3143.00	3143.00	3143.50	3144.00	3144.50	3145.00	3145.00	3146.00	3147.00	3147.00	3147.00	3147.50	3148.00	3148.00	3148.00	3148.00	3148.00	3149.00	3149.00	3149.00	3149.00	3149.50	3150.00	3150.00	3150.00	3150.00	3150.50	3151.00	3151.00	3151.00	3151.00	3151.00	3151.00	3151.00	3152.00	3152.00	3152.00	3152.00	3152.00	3153.00	3153.00	3153.00	3153.00	3153.50	3154.00	3154.00	3155.00	3155.00	3156.00	3156.00	3157.00	3157.00	3157.00	3158.00	3158.00	3158.00	3159.00	3159.00	3159.00	3159.50	3160.00	3160.00	3160.00	3160.00	3160.50	3161.00	3161.00	3161.00	3161.00	3161.00	3162.00	3162.00	3162.00	3162.00	3162.00	3162.50	3163.00	3163.00	3163.00	3163.00	3163.00	3163.00	3163.00	3163.00	3163.00	3163.00	3163.50	3164.00	3164.00	3164.00	3164.00	3164.00	3164.00	3164.00	3164.00	3165.00	3165.00	3165.00	3164.50	3164.00	3164.00	3164.00	3164.00	3164.00	3164.00	3164.00	3164.50	3165.00	3165.00	3165.00	3165.00	3165.00	3165.00	3165.00	3165.00	3165.00	3165.00	3165.00	3165.00	3165.00
3087.00	3087.00	3087.50	3088.00	3088.00	3088.00	3088.50	3089.00	3089.00	3089.00	3090.00	3090.00	3090.00	3090.00	3090.00	3090.50	3091.00	3091.00	3091.00	3091.00	3091.00	3091.00	3091.00	3091.00	3091.00	3091.00	3091.00	3091.00	3091.00	3091.00	3091.00	3090.50	3090.00	3090.00	3090.00	3090.00	3090.00	3090.00	3090.00	3090.00	3090.00	3090.00	3090.00	3090.00	3090.00	3090.00	3090.00	3090.00	3090.00	3090.00	3090.00	3090.00	3090.00	3090.50	3091.00	3091.00	3091.00	3091.00	3092.00	3092.00	3093.00	3093.00	3093.00	3094.00	3094.00	3094.00	3094.00	3095.00	3095.00	3095.00	3096.00	3096.50	3097.00	3097.00	3098.00	3098.00	3099.00	3099.50	3100.00	3100.00	3101.00	3102.00	3102.00	3103.50	3104.50	3105.50	3106.50	3107.50	3109.00	3109.00	3110.50	3112.00	3112.50	3113.50	3114.50	3115.00	3116.50	3117.00	3118.00	3119.50	3120.00	3121.50	3122.50	3123.00	3124.00	3125.00	3125.50	3127.00	3128.00	3128.50	3130.00	3131.00	3131.50	3132.00	3133.00	3133.50	3134.00	3135.00	3135.50	3136.00	3137.00	3137.50	3138.00	3138.50	3139.00	3139.50	3140.00	3140.00	3140.00	3141.00	3141.00	3141.00	3141.00	3142.00	3142.00	3142.00	3143.00	3143.00	3143.00	3144.00	3144.00	3144.50	3145.00	3145.50	3146.00	3147.00	3147.00	3147.50	3148.00	3148.00	3148.00	3148.00	3149.00	3149.00	3149.00	3149.00	3149.00	3149.00	3149.00	3149.00	3150.00	3150.00	3150.00	3150.00	3150.50	3151.00	3151.00	3151.00	3151.50	3152.00	3152.00	3152.00	3152.00	3153.00	3153.00	3153.00	3153.00	3154.00	3154.00	3154.00	3155.00	3155.00	3155.00	3156.00	3156.00	3156.50	3157.00	3157.50	3158.00	3158.00	3159.00	3159.00	3160.00	3160.00	3160.00	3160.50	3161.00	3161.00	3162.00	3162.00	3162.00	3162.00	3162.00	3162.50	3163.00	3163.00	3163.00	3163.00	3163.00	3163.50	3164.00	3164.00	3164.00	3164.00	3164.00	3164.00	3164.00	3164.00	3164.00	3164.00	3164.00	3164.00	3164.50	3165.00	3165.00	3165.00	3165.00	3165.00	3165.00	3165.00	3165.00	3165.00	3165.00	3165.00	3165.00	3165.00	3165.00	3165.00	3165.00	3165.00	3165.00	3165.00	3165.00	3165.00	3165.00	3165.00	3165.00	3165.00	3165.00	3165.00	3165.00	3165.00	3165.00	3165.00	3165.00	3165.00
3087.00	3087.00	3087.50	3088.00	3088.00	3088.00	3088.50	3089.00	3089.00	3089.00	3090.00	3090.00	3090.00	3090.00	3090.00	3090.50	3091.00	3091.00	3091.00	3091.00	3091.00	3091.00	3091.00	3091.00	3091.00	3091.00	3091.00	3091.00	3091.00	3091.00	3091.00	3090.50	3090.00	3090.00	3090.00	3090.00	3090.00	3090.00	3090.00	3090.00	3090.00	3090.00	3090.00	3090.00	3090.00	3090.00	3090.00	3090.00	3090.00	3090.00	3090.00	3090.00	3090.00	3090.50	3091.00	3091.00	3091.00	3091.00	3092.00	3092.00	3093.00	3093.00	3093.00	3094.00	3094.00	3094.00	3094.00	3095.00	3095.00	3095.00	3096.00	3096.50	3097.00	3097.00	3098.00	3098.00	3099.00	3099.50	3100.00	3100.00	3101.00	3102.00	3102.00	3103.50	3104.50	3105.50	3106.50	3107.50	3109.00	3109.00	3110.50	3112.00	3112.50	3113.50	3114.50	3115.00	3116.50	3117.00	3118.00	3119.50	3120.00	3121.50	3122.50	3123.00	3124.00	3125.00	3125.50	3127.00	3128.00	3128.50	3130.00	3131.00	3131.50	3132.00	3133.00	3133.50	3134.00	3135.00	3135.50	3136.00	3137.00	3137.50	3138.00	3138.50	3139.00	3139.50	3140.00	3140.00	3140.00	3141.00	3141.00	3141.00	3141.00	3142.00	3142.00	3142.00	3143.00	3143.00	3143.00	3144.00	3144.00	3144.50	3145.00	3145.50	3146.00	3147.00	3147.00	3147.50	3148.00	3148.00	3148.00	3148.00	3149.00	3149.00	3149.00	3149.00	3149.00	3149.00	3149.00	3149.00	3150.00	3150.00	3150.00	3150.00	3150.50	3151.00	3151.00	3151.00	3151.50	3152.00	3152.00	3152.00	3152.00	3153.00	3153.00	3153.00	3153.00	3154.00	3154.00	3154.00	3155.00	3155.00	3155.00	3156.00	3156.00	3156.50	3157.00	3157.50	3158.00	3158.00	3159.00	3159.00	3160.00	3160.00	3160.00	3160.50	3161.00	3161.00	3162.00	3162.00	3162.00	3162.00	3162.00	3162.50	3163.00	3163.00	3163.00	3163.00	3163.00	3163.50	3164.00	3164.00	3164.00	3164.00	3164.00	3164.00	3164.00	3164.00	3164.00	3164.00	3164.00	3164.00	3164.50	3165.00	3165.00	3165.00	3165.00	3165.00	3165.00	3165.00	3165.00	3165.00	3165.00	3165.00	3165.00	3165.00	3165.00	3165.00	3165.00	3165.00	3165.00	3165.00	3165.00	3165.00	3165.00	3165.00	3165.00	3165.00	3165.00	3165.00	3165.00	3165.00	3165.00	3165.00	3165.00	3165.00
3087.00	3087.00	3087.50	3088.00	3088.00	3088.00	3088.50	3089.00	3089.00	3089.00	3090.00	3090.00	3090.00	3090.00	3090.00	3090.50	3091.00	3091.00	3091.00	3091.00	3091.00	3091.00	3091.00	3091.00	3091.00	3091.00	3091.00	3091.00	3091.00	3091.00	3091.00	3090.50	3090.00	3090.00	3090.00	3090.00	3090.00	3090.00	3090.00	3090.00	3090.00	3090.00	3090.00	3090.00	3090.00	3090.00	3090.00	3090.00	3090.00	3090.00	3090.00	3090.00	3090.00	3090.50	3091.00	3091.00	3091.00	3091.00	3092.00	3092.00	3093.00	3093.00	3093.00	3094.00	3094.00	3094.00	3094.00	3095.00	3095.00	3095.00	3096.00	3096.50	3097.00	3097.00	3098.00	3098.00	3099.00	3099.50	3100.00	3100.00	3101.00	3102.00	3102.00	3103.50	3104.50	3105.50	3106.50	3107.50	3109.00	3109.00	3110.50	3112.00	3112.50	3113.50	3114.50	3115.00	3116.50	3117.00	3118.00	3119.50	3120.00	3121.50	3122.50	3123.00	3124.00	3125.00	3125.50	3127.00	3128.00	3128.50	3130.00	3131.00	3131.50	3132.00	3133.00	3133.50	3134.00	3135.00	3135.50	3136.00	3137.00	3137.50	3138.00	3138.50	3139.00	3139.50	3140.00	3140.00	3140.00	3141.00	3141.00	3141.00	3141.00	3142.00	3142.00	3142.00	3143.00	3143.00	3143.00	3144.00	3144.00	3144.50	3145.00	3145.50	3146.00	3147.00	3147.00	3147.50	3148.00	3148.00	3148.00	3148.00	3149.00	3149.00	3149.00	3149.00	3149.00	3149.00	3149.00	3149.00	3150.00	3150.00	3150.00	3150.00	3150.50	3151.00	3151.00	3151.00	3151.50	3152.00	3152.00	3152.00	3152.00	3153.00	3153.00	3153.00	3153.00	3154.00	3154.00	3154.00	3155.00	3155.00	3155.00	3156.00	3156.00	3156.50	3157.00	3157.50	3158.00	3158.00	3159.00	3159.00	3160.00	3160.00	3160.00	3160.50	3161.00	3161.00	3162.00	3162.00	3162.00	3162.00	3162.00	3162.50	3163.00	3163.00	3163.00	3163.00	3163.00	3163.50	3164.00	3164.00	3164.00	3164.00	3164.00	3164.00	3164.00	3164.00	3164.00	3164.00	3164.00	3164.00	3164.50	3165.00	3165.00	3165.00	3165.00	3165.00	3165.00	3165.00	3165.00	3165.00	3165.00	3165.00	3165.00	3165.00	3165.00	3165.00	3165.00	3165.00	3165.00	3165.00	3165.00	3165.00	3165.00	3165.00	3165.00	3165.00	3165.00	3165.00	3165.00	3165.00	3165.00	3165.00	3165.00	3165.00
3087.00	3087.00	3087.50	3088.00	3088.00	3088.00	3088.50	3089.00	3089.00	3089.00	3090.00	3090.00	3090.00	3090.00	3090.00	3090.50	3091.00	3091.00	3091.00	3091.00	3091.00	3091.00	3091.00	3091.00	3091.00	3091.00	3091.00	3091.00	3091.00	3091.00	3091.00	3090.50	3090.00	3090.00	3090.00	3090.00	3090.00	3090.00	3090.00	3090.00	3090.00	3090.00	3090.00	3090.00	3090.00	3090.00	3090.00	3090.00	3090.00	3090.00	3090.00	3090.00	3090.00	3090.50	3091.00	3091.00	3091.00	3091.00	3092.00	3092.00	3093.00	3093.00	3093.00	3094.00	3094.00	3094.00	3094.00	3095.00	3095.00	3095.00	3096.00	3096.50	3097.00	3097.00	3098.00	3098.00	3099.00	3099.50	3100.00	3100.00	3101.00	3102.00	3102.00	3103.50	3104.50	3105.50	3106.50	3107.50	3109.00	3109.00	3110.50	3112.00	3112.50	3113.50	3114.50	3115.00	3116.50	3117.00	3118.00	3119.50	3120.00	3121.50	3122.50	3123.00	3124.00	3125.00	3125.50	3127.00	3128.00	3128.50	3130.00	3131.00	3131.50	3132.00	3133.00	3133.50	3134.00	3135.00	3135.50	3136.00	3137.00	3137.50	3138.00	3138.50	3139.00	3139.50	3140.00	3140.00	3140.00	3141.00	3141.00	3141.00	3141.00	3142.00	3142.00	3142.00	3143.00	3143.00	3143.00	3144.00	3144.00	3144.50	3145.00	3145.50	3146.00	3147.00	3147.00	3147.50	3148.00	3148.00	3148.00	3148.00	3149.00	3149.00	3149.00	3149.00	3149.00	3149.00	3149.00	3149.00	3150.00	3150.00	3150.00	3150.00	3150.50	3151.00	3151.00	3151.00	3151.50	3152.00	3152.00	3152.00	3152.00	3153.00	3153.00	3153.00	3153.00	3154.00	3154.00	3154.00	3155.00	3155.00	3155.00	3156.00	3156.00	3156.50	3157.00	3157.50	3158.00	3158.00	3159.00	3159.00	3160.00	3160.00	3160.00	3160.50	3161.00	3161.00	3162.00	3162.00	3162.00	3162.00	3162.00	3162.50	3163.00	3163.00	3163.00	3163.00	3163.00	3163.50	3164.00	3164.00	3164.00	3164.00	3164.00	3164.00	3164.00	3164.00	3164.00	3164.00	3164.00	3164.00	3164.50	3165.00	3165.00	3165.00	3165.00	3165.00	3165.00	3165.00	3165.00	3165.00	3165.00	3165.00	3165.00	3165.00	3165.00	3165.00	3165.00	3165.00	3165.00	3165.00	3165.00	3165.00	3165.00	3165.00	3165.00	3165.00	3165.00	3165.00	3165.00	3165.00	3165.00	3165.00	3165.00	3165.00
3087.00	3087.00	3087.50	3088.00	3088.00	3088.00	3088.50	3089.00	3089.00	3089.00	3090.00	3090.00	3090.00	3090.00	3090.00	3090.50	3091.00	3091.00	3091.00	3091.00	3091.00	3091.00	3091.00	3091.00	3091.00	3091.00	3091.00	3091.00	3091.00	3091.00	3091.00	3090.50	3090.00	3090.00	3090.00	3090.00	3090.00	3090.00	3090.00	3090.00	3090.00	3090.00	3090.00	3090.00	3090.00	3090.00	3090.00	3090.00	3090.00	3090.00	3090.00	3090.00	3090.00	3090.50	3091.00	3091.00	3091.00	3091.00	3092.00	3092.00	3093.00	3093.00	3093.00	3094.00	3094.00	3094.00	3094.00	3095.00	3095.00	3095.00	3096.00	3096.50	3097.00	3097.00	3098.00	3098.00	3099.00	3099.50	3100.00	3100.00	3101.00	3102.00	3102.00	3103.50	3104.50	3105.50	3106.50	3107.50	3109.00	3109.00	3110.50	3112.00	3112.50	3113.50	3114.50	3115.00	3116.50	3117.00	3118.00	3119.50	3120.00	3121.50	3122.50	3123.00	3124.00	3125.00	3125.50	3127.00	3128.00	3128.50	3130.00	3131.00	3131.50	3132.00	3133.00	3133.50	3134.00	3135.00	3135.50	3136.00	3137.00	3137.50	3138.00	3138.50	3139.00	3139.50	3140.00	3140.00	3140.00	3141.00	3141.00	3141.00	3141.00	3142.00	3142.00	3142.00	3143.00	3143.00	3143.00	3144.00	3144.00	3144.50	3145.00	3145.50	3146.00	3147.00	3147.00	3147.50	3148.00	3148.00	3148.00	3148.00	3149.00	3149.00	3149.00	3149.00	3149.00	3149.00	3149.00	3149.00	3150.00	3150.00	3150.00	3150.00	3150.50	3151.00	3151.00	3151.00	3151.50	3152.00	3152.00	3152.00	3152.00	3153.00	3153.00	3153.00	3153.00	3154.00	3154.00	3154.00	3155.00	3155.00	3155.00	3156.00	3156.00	3156.50	3157.00	3157.50	3158.00	3158.00	3159.00	3159.00	3160.00	3160.00	3160.00	3160.50	3161.00	3161.00	3162.00	3162.00	3162.00	3162.00	3162.00	3162.50	3163.00	3163.00	3163.00	3163.00	3163.00	3163.50	3164.00	3164.00	3164.00	3164.00	3164.00	3164.00	3164.00	3164.00	3164.00	3164.00	3164.00	3164.00	3164.50	3165.00	3165.00	3165.00	3165.00	3165.00	3165.00	3165.00	3165.00	3165.00	3165.00	3165.00	3165.00	3165.00	3165.00	3165.00	3165.00	3165.00	3165.00	3165.00	3165.00	3165.00	3165.00	3165.00	3165.00	3165.00	3165.00	3165.00	3165.00	3165.00	3165.00	3165.00	3165.00	3165.00
3087.00	3087.00	3087.50	3088.00	3088.00	3088.00	3088.50	3089.00	3089.00	3089.00	3090.00	3090.00	3090.00	3090.00	3090.00	3090.50	3091.00	3091.00	3091.00	3091.00	3091.00	3091.00	3091.00	3091.00	3091.00	3091.00	3091.00	3091.00	3091.00	3091.00	3091.00	3090.50	3090.00	3090.00	3090.00	3090.00	3090.00	3090.00	3090.00	3090.00	3090.00	3090.00	3090.00	3090.00	3090.00	3090.00	3090.00	3090.00	3090.00	3090.00	3090.00	3090.00	3090.00	3090.50	3091.00	3091.00	3091.00	3091.00	3092.00	3092.00	3093.00	3093.00	3093.00	3094.00	3094.00	3094.00	3094.00	3095.00	3095.00	3095.00	3096.00	3096.50	3097.00	3097.00	3098.00	3098.00	3099.00	3099.50	3100.00	3100.00	3101.00	3102.00	3102.00	3103.50	3104.50	3105.50	3106.50	3107.50	3109.00	3109.00	3110.50	3112.00	3112.50	3113.50	3114.50	3115.00	3116.50	3117.00	3118.00	3119.50	3120.00	3121.50	3122.50	3123.00	3124.00	3125.00	3125.50	3127.00	3128.00	3128.50	3130.00	3131.00	3131.50	3132.00	3133.00	3133.50	3134.00	3135.00	3135.50	3136.00	3137.00	3137.50	3138.00	3138.50	3139.00	3139.50	3140.00	3140.00	3140.00	3141.00	3141.00	3141.00	3141.00	3142.00	3142.00	3142.00	3143.00	3143.00	3143.00	3144.00	3144.00	3144.50	3145.00	3145.50	3146.00	3147.00	3147.00	3147.50	3148.00	3148.00	3148.00	3148.00	3149.00	3149.00	3149.00	3149.00	3149.00	3149.00	3149.00	3149.00	3150.00	3150.00	3150.00	3150.00	3150.50	3151.00	3151.00	3151.00	3151.50	3152.00	3152.00	3152.00	3152.00	3153.00	3153.00	3153.00	3153.00	3154.00	3154.00	3154.00	3155.00	3155.00	3155.00	3156.00	3156.00	3156.50	3157.00	3157.50	3158.00	3158.00	3159.00	3159.00	3160.00	3160.00	3160.00	3160.50	3161.00	3161.00	3162.00	3162.00	3162.00	3162.00	3162.00	3162.50	3163.00	3163.00	3163.00	3163.00	3163.00	3163.50	3164.00	3164.00	3164.00	3164.00	3164.00	3164.00	3164.00	3164.00	3164.00	3164.00	3164.00	3164.00	3164.50	3165.00	3165.00	3165.00	3165.00	3165.00	3165.00	3165.00	3165.00	3165.00	3165.00	3165.00	3165.00	3165.00	3165.00	3165.00	3165.00	3165.00	3165.00	3165.00	3165.00	3165.00	3165.00	3165.00	3165.00	3165.00	3165.00	3165.00	3165.00	3165.00	3165.00	3165.00	3165.00	3165.00
3086.00	3086.00	3086.50	3087.00	3087.00	3087.00	3087.50	3088.00	3088.00	3088.50	3089.00	3089.00	3089.00	3090.00	3090.00	3090.00	3090.00	3090.00	3090.00	3090.00	3090.00	3090.00	3090.00	3089.50	3089.00	3089.00	3089.00	3089.00	3089.00	3089.00	3089.00	3089.00	3088.00	3088.00	3088.00	3088.00	3088.00	3088.00	3088.00	3088.00	3088.00	3088.00	3088.00	3087.00	3087.00	3087.00	3087.00	3087.00	3087.00	3088.00	3088.00	3088.00	3088.00	3088.00	3088.50	3089.00	3089.00	3089.00	3089.50	3090.00	3091.00	3091.00	3091.50	3092.00	3093.00	3093.00	3094.00	3094.00	3094.50	3095.00	3096.00	3096.50	3097.00	3098.00	3098.00	3098.50	3099.50	3100.00	3100.00	3101.00	3102.00	3103.00	3103.00	3104.50	3105.00	3106.00	3107.00	3107.50	3109.00	3109.00	3110.50	3112.00	3112.50	3113.50	3114.00	3115.00	3116.50	3117.00	3118.00	3119.50	3120.00	3121.50	3122.00	3122.50	3124.00	3125.00	3125.50	3127.00	3128.00	3128.50	3130.00	3130.00	3131.50	3132.00	3133.00	3133.50	3134.00	3135.50	3136.00	3137.00	3137.00	3138.00	3138.00	3139.00	3139.00	3139.50	3140.00	3140.00	3141.00	3141.00	3141.00	3141.00	3141.50	3142.00	3142.00	3142.00	3142.00	3143.00	3143.00	3144.00	3144.00	3144.00	3145.00	3145.00	3145.00	3146.00	3146.00	3146.50	3147.50	3148.00	3148.00	3149.00	3149.00	3149.00	3148.00	3148.00	3148.00	3148.00	3148.00	3148.00	3149.00	3149.00	3149.00	3149.00	3149.50	3150.00	3150.00	3150.00	3150.00	3150.00	3150.50	3151.00	3151.00	3151.00	3151.00	3152.00	3152.00	3153.00	3153.50	3154.00	3154.50	3155.00	3155.00	3156.00	3156.50	3157.00	3157.50	3158.00	3158.50	3159.00	3160.00	3160.00	3161.00	3161.00	3161.00	3161.50	3162.00	3162.00	3163.00	3163.00	3163.00	3164.00	3164.00	3164.00	3164.00	3164.00	3165.00	3165.00	3165.00	3165.00	3165.00	3165.00	3165.00	3165.00	3165.00	3165.00	3165.00	3165.00	3165.00	3165.00	3165.00	3165.00	3165.00	3165.00	3165.00	3165.00	3165.00	3165.00	3165.50	3166.00	3166.00	3166.00	3166.00	3166.00	3166.00	3166.00	3166.00	3166.00	3166.00	3166.00	3166.00	3166.00	3166.00	3166.00	3166.00	3166.00	3166.00	3166.00	3166.00	3165.50	3165.00	3165.00	3165.00	3165.00	3165.00	3165.00
3086.00	3086.00	3086.50	3087.00	3087.00	3087.00	3087.50	3088.00	3088.00	3088.50	3089.00	3089.00	3089.00	3090.00	3090.00	3090.00	3090.00	3090.00	3090.00	3090.00	3090.00	3090.00	3090.00	3089.50	3089.00	3089.00	3089.00	3089.00	3089.00	3089.00	3089.00	3089.00	3088.00	3088.00	3088.00	3088.00	3088.00	3088.00	3088.00	3088.00	3088.00	3088.00	3088.00	3087.00	3087.00	3087.00	3087.00	3087.00	3087.00	3088.00	3088.00	3088.00	3088.00	3088.00	3088.50	3089.00	3089.00	3089.00	3089.50	3090.00	3091.00	3091.00	3091.50	3092.00	3093.00	3093.00	3094.00	3094.00	3094.50	3095.00	3096.00	3096.50	3097.00	3098.00	3098.00	3098.50	3099.50	3100.00	3100.00	3101.00	3102.00	3103.00	3103.00	3104.50	3105.00	3106.00	3107.00	3107.50	3109.00	3109.00	3110.50	3112.00	3112.50	3113.50	3114.00	3115.00	3116.50	3117.00	3118.00	3119.50	3120.00	3121.50	3122.00	3122.50	3124.00	3125.00	3125.50	3127.00	3128.00	3128.50	3130.00	3130.00	3131.50	3132.00	3133.00	3133.50	3134.00	3135.50	3136.00	3137.00	3137.00	3138.00	3138.00	3139.00	3139.00	3139.50	3140.00	3140.00	3141.00	3141.00	3141.00	3141.00	3141.50	3142.00	3142.00	3142.00	3142.00	3143.00	3143.00	3144.00	3144.00	3144.00	3145.00	3145.00	3145.00	3146.00	3146.00	3146.50	3147.50	3148.00	3148.00	3149.00	3149.00	3149.00	3148.00	3148.00	3148.00	3148.00	3148.00	3148.00	3149.00	3149.00	3149.00	3149.00	3149.50	3150.00	3150.00	3150.00	3150.00	3150.00	3150.50	3151.00	3151.00	3151.00	3151.00	3152.00	3152.00	3153.00	3153.50	3154.00	3154.50	3155.00	3155.00	3156.00	3156.50	3157.00	3157.50	3158.00	3158.50	3159.00	3160.00	3160.00	3161.00	3161.00	3161.00	3161.50	3162.00	3162.00	3163.00	3163.00	3163.00	3164.00	3164.00	3164.00	3164.00	3164.00	3165.00	3165.00	3165.00	3165.00	3165.00	3165.00	3165.00	3165.00	3165.00	3165.00	3165.00	3165.00	3165.00	3165.00	3165.00	3165.00	3165.00	3165.00	3165.00	3165.00	3165.00	3165.00	3165.50	3166.00	3166.00	3166.00	3166.00	3166.00	3166.00	3166.00	3166.00	3166.00	3166.00	3166.00	3166.00	3166.00	3166.00	3166.00	3166.00	3166.00	3166.00	3166.00	3166.00	3165.50	3165.00	3165.00	3165.00	3165.00	3165.00	3165.00
3086.00	3086.00	3086.50	3087.00	3087.00	3087.00	3087.50	3088.00	3088.00	3088.50	3089.00	3089.00	3089.00	3090.00	3090.00	3090.00	3090.00	3090.00	3090.00	3090.00	3090.00	3090.00	3090.00	3089.50	3089.00	3089.00	3089.00	3089.00	3089.00	3089.00	3089.00	3089.00	3088.00	3088.00	3088.00	3088.00	3088.00	3088.00	3088.00	3088.00	3088.00	3088.00	3088.00	3087.00	3087.00	3087.00	3087.00	3087.00	3087.00	3088.00	3088.00	3088.00	3088.00	3088.00	3088.50	3089.00	3089.00	3089.00	3089.50	3090.00	3091.00	3091.00	3091.50	3092.00	3093.00	3093.00	3094.00	3094.00	3094.50	3095.00	3096.00	3096.50	3097.00	3098.00	3098.00	3098.50	3099.50	3100.00	3100.00	3101.00	3102.00	3103.00	3103.00	3104.50	3105.00	3106.00	3107.00	3107.50	3109.00	3109.00	3110.50	3112.00	3112.50	3113.50	3114.00	3115.00	3116.50	3117.00	3118.00	3119.50	3120.00	3121.50	3122.00	3122.50	3124.00	3125.00	3125.50	3127.00	3128.00	3128.50	3130.00	3130.00	3131.50	3132.00	3133.00	3133.50	3134.00	3135.50	3136.00	3137.00	3137.00	3138.00	3138.00	3139.00	3139.00	3139.50	3140.00	3140.00	3141.00	3141.00	3141.00	3141.00	3141.50	3142.00	3142.00	3142.00	3142.00	3143.00	3143.00	3144.00	3144.00	3144.00	3145.00	3145.00	3145.00	3146.00	3146.00	3146.50	3147.50	3148.00	3148.00	3149.00	3149.00	3149.00	3148.00	3148.00	3148.00	3148.00	3148.00	3148.00	3149.00	3149.00	3149.00	3149.00	3149.50	3150.00	3150.00	3150.00	3150.00	3150.00	3150.50	3151.00	3151.00	3151.00	3151.00	3152.00	3152.00	3153.00	3153.50	3154.00	3154.50	3155.00	3155.00	3156.00	3156.50	3157.00	3157.50	3158.00	3158.50	3159.00	3160.00	3160.00	3161.00	3161.00	3161.00	3161.50	3162.00	3162.00	3163.00	3163.00	3163.00	3164.00	3164.00	3164.00	3164.00	3164.00	3165.00	3165.00	3165.00	3165.00	3165.00	3165.00	3165.00	3165.00	3165.00	3165.00	3165.00	3165.00	3165.00	3165.00	3165.00	3165.00	3165.00	3165.00	3165.00	3165.00	3165.00	3165.00	3165.50	3166.00	3166.00	3166.00	3166.00	3166.00	3166.00	3166.00	3166.00	3166.00	3166.00	3166.00	3166.00	3166.00	3166.00	3166.00	3166.00	3166.00	3166.00	3166.00	3166.00	3165.50	3165.00	3165.00	3165.00	3165.00	3165.00	3165.00
3086.00	3086.00	3086.50	3087.00	3087.00	3087.00	3087.50	3088.00	3088.00	3088.50	3089.00	3089.00	3089.00	3090.00	3090.00	3090.00	3090.00	3090.00	3090.00	3090.00	3090.00	3090.00	3090.00	3089.50	3089.00	3089.00	3089.00	3089.00	3089.00	3089.00	3089.00	3089.00	3088.00	3088.00	3088.00	3088.00	3088.00	3088.00	3088.00	3088.00	3088.00	3088.00	3088.00	3087.00	3087.00	3087.00	3087.00	3087.00	3087.00	3088.00	3088.00	3088.00	3088.00	3088.00	3088.50	3089.00	3089.00	3089.00	3089.50	3090.00	3091.00	3091.00	3091.50	3092.00	3093.00	3093.00	3094.00	3094.00	3094.50	3095.00	3096.00	3096.50	3097.00	3098.00	3098.00	3098.50	3099.50	3100.00	3100.00	3101.00	3102.00	3103.00	3103.00	3104.50	3105.00	3106.00	3107.00	3107.50	3109.00	3109.00	3110.50	3112.00	3112.50	3113.50	3114.00	3115.00	3116.50	3117.00	3118.00	3119.50	3120.00	3121.50	3122.00	3122.50	3124.00	3125.00	3125.50	3127.00	3128.00	3128.50	3130.00	3130.00	3131.50	3132.00	3133.00	3133.50	3134.00	3135.50	3136.00	3137.00	3137.00	3138.00	3138.00	3139.00	3139.00	3139.50	3140.00	3140.00	3141.00	3141.00	3141.00	3141.00	3141.50	3142.00	3142.00	3142.00	3142.00	3143.00	3143.00	3144.00	3144.00	3144.00	3145.00	3145.00	3145.00	3146.00	3146.00	3146.50	3147.50	3148.00	3148.00	3149.00	3149.00	3149.00	3148.00	3148.00	3148.00	3148.00	3148.00	3148.00	3149.00	3149.00	3149.00	3149.00	3149.50	3150.00	3150.00	3150.00	3150.00	3150.00	3150.50	3151.00	3151.00	3151.00	3151.00	3152.00	3152.00	3153.00	3153.50	3154.00	3154.50	3155.00	3155.00	3156.00	3156.50	3157.00	3157.50	3158.00	3158.50	3159.00	3160.00	3160.00	3161.00	3161.00	3161.00	3161.50	3162.00	3162.00	3163.00	3163.00	3163.00	3164.00	3164.00	3164.00	3164.00	3164.00	3165.00	3165.00	3165.00	3165.00	3165.00	3165.00	3165.00	3165.00	3165.00	3165.00	3165.00	3165.00	3165.00	3165.00	3165.00	3165.00	3165.00	3165.00	3165.00	3165.00	3165.00	3165.00	3165.50	3166.00	3166.00	3166.00	3166.00	3166.00	3166.00	3166.00	3166.00	3166.00	3166.00	3166.00	3166.00	3166.00	3166.00	3166.00	3166.00	3166.00	3166.00	3166.00	3166.00	3165.50	3165.00	3165.00	3165.00	3165.00	3165.00	3165.00
3086.00	3086.00	3086.50	3087.00	3087.00	3087.00	3087.50	3088.00	3088.00	3088.50	3089.00	3089.00	3089.00	3090.00	3090.00	3090.00	3090.00	3090.00	3090.00	3090.00	3090.00	3090.00	3090.00	3089.50	3089.00	3089.00	3089.00	3089.00	3089.00	3089.00	3089.00	3089.00	3088.00	3088.00	3088.00	3088.00	3088.00	3088.00	3088.00	3088.00	3088.00	3088.00	3088.00	3087.00	3087.00	3087.00	3087.00	3087.00	3087.00	3088.00	3088.00	3088.00	3088.00	3088.00	3088.50	3089.00	3089.00	3089.00	3089.50	3090.00	3091.00	3091.00	3091.50	3092.00	3093.00	3093.00	3094.00	3094.00	3094.50	3095.00	3096.00	3096.50	3097.00	3098.00	3098.00	3098.50	3099.50	3100.00	3100.00	3101.00	3102.00	3103.00	3103.00	3104.50	3105.00	3106.00	3107.00	3107.50	3109.00	3109.00	3110.50	3112.00	3112.50	3113.50	3114.00	3115.00	3116.50	3117.00	3118.00	3119.50	3120.00	3121.50	3122.00	3122.50	3124.00	3125.00	3125.50	3127.00	3128.00	3128.50	3130.00	3130.00	3131.50	3132.00	3133.00	3133.50	3134.00	3135.50	3136.00	3137.00	3137.00	3138.00	3138.00	3139.00	3139.00	3139.50	3140.00	3140.00	3141.00	3141.00	3141.00	3141.00	3141.50	3142.00	3142.00	3142.00	3142.00	3143.00	3143.00	3144.00	3144.00	3144.00	3145.00	3145.00	3145.00	3146.00	3146.00	3146.50	3147.50	3148.00	3148.00	3149.00	3149.00	3149.00	3148.00	3148.00	3148.00	3148.00	3148.00	3148.00	3149.00	3149.00	3149.00	3149.00	3149.50	3150.00	3150.00	3150.00	3150.00	3150.00	3150.50	3151.00	3151.00	3151.00	3151.00	3152.00	3152.00	3153.00	3153.50	3154.00	3154.50	3155.00	3155.00	3156.00	3156.50	3157.00	3157.50	3158.00	3158.50	3159.00	3160.00	3160.00	3161.00	3161.00	3161.00	3161.50	3162.00	3162.00	3163.00	3163.00	3163.00	3164.00	3164.00	3164.00	3164.00	3164.00	3165.00	3165.00	3165.00	3165.00	3165.00	3165.00	3165.00	3165.00	3165.00	3165.00	3165.00	3165.00	3165.00	3165.00	3165.00	3165.00	3165.00	3165.00	3165.00	3165.00	3165.00	3165.00	3165.50	3166.00	3166.00	3166.00	3166.00	3166.00	3166.00	3166.00	3166.00	3166.00	3166.00	3166.00	3166.00	3166.00	3166.00	3166.00	3166.00	3166.00	3166.00	3166.00	3166.00	3165.50	3165.00	3165.00	3165.00	3165.00	3165.00	3165.00
3083.00	3084.00	3084.50	3085.00	3085.00	3085.50	3086.00	3086.00	3086.50	3087.00	3087.00	3087.50	3088.00	3088.00	3088.00	3088.00	3088.00	3088.00	3088.00	3088.00	3088.00	3088.00	3088.00	3088.00	3087.50	3087.00	3087.00	3087.00	3087.00	3086.50	3086.00	3086.00	3086.00	3086.00	3086.00	3086.00	3085.00	3085.00	3085.00	3085.00	3085.00	3085.00	3085.00	3084.00	3084.00	3084.00	3084.00	3084.00	3084.00	3084.50	3085.00	3085.00	3085.00	3085.00	3086.00	3086.00	3086.50	3087.00	3087.50	3088.00	3089.00	3089.00	3089.50	3090.00	3091.00	3091.50	3092.00	3093.50	3094.00	3094.50	3095.50	3096.00	3097.00	3098.00	3098.50	3099.00	3100.00	3100.50	3101.00	3101.00	3102.00	3103.00	3103.00	3104.00	3104.50	3105.50	3106.50	3107.50	3108.00	3109.00	3110.00	3111.00	3112.50	3113.00	3113.50	3115.00	3116.50	3117.00	3118.00	3119.00	3119.50	3121.00	3121.50	3122.50	3124.00	3125.00	3125.50	3127.00	3127.50	3128.50	3129.00	3130.00	3131.00	3132.00	3132.50	3133.00	3133.50	3135.00	3135.50	3136.00	3137.00	3137.00	3137.50	3138.50	3139.00	3139.50	3140.00	3140.00	3141.00	3141.00	3141.50	3142.00	3142.00	3142.00	3142.00	3143.00	3143.00	3143.00	3143.00	3143.50	3144.00	3144.00	3144.00	3144.00	3145.00	3145.00	3145.00	3145.00	3145.50	3146.00	3146.00	3147.00	3147.00	3147.50	3148.00	3148.00	3148.00	3147.50	3147.00	3147.00	3147.00	3146.00	3146.00	3146.00	3146.00	3146.50	3147.00	3147.00	3147.50	3148.00	3148.50	3149.00	3149.00	3150.00	3150.00	3151.00	3151.00	3151.50	3152.00	3152.50	3153.50	3154.00	3155.00	3156.00	3156.50	3157.00	3158.00	3158.50	3159.00	3160.00	3161.00	3162.00	3162.00	3162.00	3162.50	3163.00	3163.50	3164.00	3165.00	3165.00	3165.00	3165.00	3165.00	3165.00	3165.00	3165.00	3166.00	3166.00	3166.00	3166.00	3166.00	3166.00	3166.00	3166.00	3166.00	3166.00	3166.00	3166.00	3166.00	3166.00	3166.00	3166.00	3166.00	3166.00	3166.00	3166.00	3165.50	3165.50	3166.00	3166.00	3166.00	3166.00	3166.00	3166.00	3166.00	3166.00	3166.00	3166.00	3166.00	3166.00	3166.00	3166.00	3166.00	3166.00	3166.00	3166.00	3166.00	3166.00	3166.00	3166.00	3166.00	3166.00	3166.00	3165.50	3165.00	3165.00
3083.00	3084.00	3084.50	3085.00	3085.00	3085.50	3086.00	3086.00	3086.50	3087.00	3087.00	3087.50	3088.00	3088.00	3088.00	3088.00	3088.00	3088.00	3088.00	3088.00	3088.00	3088.00	3088.00	3088.00	3087.50	3087.00	3087.00	3087.00	3087.00	3086.50	3086.00	3086.00	3086.00	3086.00	3086.00	3086.00	3085.00	3085.00	3085.00	3085.00	3085.00	3085.00	3085.00	3084.00	3084.00	3084.00	3084.00	3084.00	3084.00	3084.50	3085.00	3085.00	3085.00	3085.00	3086.00	3086.00	3086.50	3087.00	3087.50	3088.00	3089.00	3089.00	3089.50	3090.00	3091.00	3091.50	3092.00	3093.50	3094.00	3094.50	3095.50	3096.00	3097.00	3098.00	3098.50	3099.00	3100.00	3100.50	3101.00	3101.00	3102.00	3103.00	3103.00	3104.00	3104.50	3105.50	3106.50	3107.50	3108.00	3109.00	3110.00	3111.00	3112.50	3113.00	3113.50	3115.00	3116.50	3117.00	3118.00	3119.00	3119.50	3121.00	3121.50	3122.50	3124.00	3125.00	3125.50	3127.00	3127.50	3128.50	3129.00	3130.00	3131.00	3132.00	3132.50	3133.00	3133.50	3135.00	3135.50	3136.00	3137.00	3137.00	3137.50	3138.50	3139.00	3139.50	3140.00	3140.00	3141.00	3141.00	3141.50	3142.00	3142.00	3142.00	3142.00	3143.00	3143.00	3143.00	3143.00	3143.50	3144.00	3144.00	3144.00	3144.00	3145.00	3145.00	3145.00	3145.00	3145.50	3146.00	3146.00	3147.00	3147.00	3147.50	3148.00	3148.00	3148.00	3147.50	3147.00	3147.00	3147.00	3146.00	3146.00	3146.00	3146.00	3146.50	3147.00	3147.00	3147.50	3148.00	3148.50	3149.00	3149.00	3150.00	3150.00	3151.00	3151.00	3151.50	3152.00	3152.50	3153.50	3154.00	3155.00	3156.00	3156.50	3157.00	3158.00	3158.50	3159.00	3160.00	3161.00	3162.00	3162.00	3162.00	3162.50	3163.00	3163.50	3164.00	3165.00	3165.00	3165.00	3165.00	3165.00	3165.00	3165.00	3165.00	3166.00	3166.00	3166.00	3166.00	3166.00	3166.00	3166.00	3166.00	3166.00	3166.00	3166.00	3166.00	3166.00	3166.00	3166.00	3166.00	3166.00	3166.00	3166.00	3166.00	3165.50	3165.50	3166.00	3166.00	3166.00	3166.00	3166.00	3166.00	3166.00	3166.00	3166.00	3166.00	3166.00	3166.00	3166.00	3166.00	3166.00	3166.00	3166.00	3166.00	3166.00	3166.00	3166.00	3166.00	3166.00	3166.00	3166.00	3165.50	3165.00	3165.00
3083.00	3084.00	3084.50	3085.00	3085.00	3085.50	3086.00	3086.00	3086.50	3087.00	3087.00	3087.50	3088.00	3088.00	3088.00	3088.00	3088.00	3088.00	3088.00	3088.00	3088.00	3088.00	3088.00	3088.00	3087.50	3087.00	3087.00	3087.00	3087.00	3086.50	3086.00	3086.00	3086.00	3086.00	3086.00	3086.00	3085.00	3085.00	3085.00	3085.00	3085.00	3085.00	3085.00	3084.00	3084.00	3084.00	3084.00	3084.00	3084.00	3084.50	3085.00	3085.00	3085.00	3085.00	3086.00	3086.00	3086.50	3087.00	3087.50	3088.00	3089.00	3089.00	3089.50	3090.00	3091.00	3091.50	3092.00	3093.50	3094.00	3094.50	3095.50	3096.00	3097.00	3098.00	3098.50	3099.00	3100.00	3100.50	3101.00	3101.00	3102.00	3103.00	3103.00	3104.00	3104.50	3105.50	3106.50	3107.50	3108.00	3109.00	3110.00	3111.00	3112.50	3113.00	3113.50	3115.00	3116.50	3117.00	3118.00	3119.00	3119.50	3121.00	3121.50	3122.50	3124.00	3125.00	3125.50	3127.00	3127.50	3128.50	3129.00	3130.00	3131.00	3132.00	3132.50	3133.00	3133.50	3135.00	3135.50	3136.00	3137.00	3137.00	3137.50	3138.50	3139.00	3139.50	3140.00	3140.00	3141.00	3141.00	3141.50	3142.00	3142.00	3142.00	3142.00	3143.00	3143.00	3143.00	3143.00	3143.50	3144.00	3144.00	3144.00	3144.00	3145.00	3145.00	3145.00	3145.00	3145.50	3146.00	3146.00	3147.00	3147.00	3147.50	3148.00	3148.00	3148.00	3147.50	3147.00	3147.00	3147.00	3146.00	3146.00	3146.00	3146.00	3146.50	3147.00	3147.00	3147.50	3148.00	3148.50	3149.00	3149.00	3150.00	3150.00	3151.00	3151.00	3151.50	3152.00	3152.50	3153.50	3154.00	3155.00	3156.00	3156.50	3157.00	3158.00	3158.50	3159.00	3160.00	3161.00	3162.00	3162.00	3162.00	3162.50	3163.00	3163.50	3164.00	3165.00	3165.00	3165.00	3165.00	3165.00	3165.00	3165.00	3165.00	3166.00	3166.00	3166.00	3166.00	3166.00	3166.00	3166.00	3166.00	3166.00	3166.00	3166.00	3166.00	3166.00	3166.00	3166.00	3166.00	3166.00	3166.00	3166.00	3166.00	3165.50	3165.50	3166.00	3166.00	3166.00	3166.00	3166.00	3166.00	3166.00	3166.00	3166.00	3166.00	3166.00	3166.00	3166.00	3166.00	3166.00	3166.00	3166.00	3166.00	3166.00	3166.00	3166.00	3166.00	3166.00	3166.00	3166.00	3165.50	3165.00	3165.00
3083.00	3084.00	3084.50	3085.00	3085.00	3085.50	3086.00	3086.00	3086.50	3087.00	3087.00	3087.50	3088.00	3088.00	3088.00	3088.00	3088.00	3088.00	3088.00	3088.00	3088.00	3088.00	3088.00	3088.00	3087.50	3087.00	3087.00	3087.00	3087.00	3086.50	3086.00	3086.00	3086.00	3086.00	3086.00	3086.00	3085.00	3085.00	3085.00	3085.00	3085.00	3085.00	3085.00	3084.00	3084.00	3084.00	3084.00	3084.00	3084.00	3084.50	3085.00	3085.00	3085.00	3085.00	3086.00	3086.00	3086.50	3087.00	3087.50	3088.00	3089.00	3089.00	3089.50	3090.00	3091.00	3091.50	3092.00	3093.50	3094.00	3094.50	3095.50	3096.00	3097.00	3098.00	3098.50	3099.00	3100.00	3100.50	3101.00	3101.00	3102.00	3103.00	3103.00	3104.00	3104.50	3105.50	3106.50	3107.50	3108.00	3109.00	3110.00	3111.00	3112.50	3113.00	3113.50	3115.00	3116.50	3117.00	3118.00	3119.00	3119.50	3121.00	3121.50	3122.50	3124.00	3125.00	3125.50	3127.00	3127.50	3128.50	3129.00	3130.00	3131.00	3132.00	3132.50	3133.00	3133.50	3135.00	3135.50	3136.00	3137.00	3137.00	3137.50	3138.50	3139.00	3139.50	3140.00	3140.00	3141.00	3141.00	3141.50	3142.00	3142.00	3142.00	3142.00	3143.00	3143.00	3143.00	3143.00	3143.50	3144.00	3144.00	3144.00	3144.00	3145.00	3145.00	3145.00	3145.00	3145.50	3146.00	3146.00	3147.00	3147.00	3147.50	3148.00	3148.00	3148.00	3147.50	3147.00	3147.00	3147.00	3146.00	3146.00	3146.00	3146.00	3146.50	3147.00	3147.00	3147.50	3148.00	3148.50	3149.00	3149.00	3150.00	3150.00	3151.00	3151.00	3151.50	3152.00	3152.50	3153.50	3154.00	3155.00	3156.00	3156.50	3157.00	3158.00	3158.50	3159.00	3160.00	3161.00	3162.00	3162.00	3162.00	3162.50	3163.00	3163.50	3164.00	3165.00	3165.00	3165.00	3165.00	3165.00	3165.00	3165.00	3165.00	3166.00	3166.00	3166.00	3166.00	3166.00	3166.00	3166.00	3166.00	3166.00	3166.00	3166.00	3166.00	3166.00	3166.00	3166.00	3166.00	3166.00	3166.00	3166.00	3166.00	3165.50	3165.50	3166.00	3166.00	3166.00	3166.00	3166.00	3166.00	3166.00	3166.00	3166.00	3166.00	3166.00	3166.00	3166.00	3166.00	3166.00	3166.00	3166.00	3166.00	3166.00	3166.00	3166.00	3166.00	3166.00	3166.00	3166.00	3165.50	3165.00	3165.00
3083.00	3084.00	3084.50	3085.00	3085.00	3085.50	3086.00	3086.00	3086.50	3087.00	3087.00	3087.50	3088.00	3088.00	3088.00	3088.00	3088.00	3088.00	3088.00	3088.00	3088.00	3088.00	3088.00	3088.00	3087.50	3087.00	3087.00	3087.00	3087.00	3086.50	3086.00	3086.00	3086.00	3086.00	3086.00	3086.00	3085.00	3085.00	3085.00	3085.00	3085.00	3085.00	3085.00	3084.00	3084.00	3084.00	3084.00	3084.00	3084.00	3084.50	3085.00	3085.00	3085.00	3085.00	3086.00	3086.00	3086.50	3087.00	3087.50	3088.00	3089.00	3089.00	3089.50	3090.00	3091.00	3091.50	3092.00	3093.50	3094.00	3094.50	3095.50	3096.00	3097.00	3098.00	3098.50	3099.00	3100.00	3100.50	3101.00	3101.00	3102.00	3103.00	3103.00	3104.00	3104.50	3105.50	3106.50	3107.50	3108.00	3109.00	3110.00	3111.00	3112.50	3113.00	3113.50	3115.00	3116.50	3117.00	3118.00	3119.00	3119.50	3121.00	3121.50	3122.50	3124.00	3125.00	3125.50	3127.00	3127.50	3128.50	3129.00	3130.00	3131.00	3132.00	3132.50	3133.00	3133.50	3135.00	3135.50	3136.00	3137.00	3137.00	3137.50	3138.50	3139.00	3139.50	3140.00	3140.00	3141.00	3141.00	3141.50	3142.00	3142.00	3142.00	3142.00	3143.00	3143.00	3143.00	3143.00	3143.50	3144.00	3144.00	3144.00	3144.00	3145.00	3145.00	3145.00	3145.00	3145.50	3146.00	3146.00	3147.00	3147.00	3147.50	3148.00	3148.00	3148.00	3147.50	3147.00	3147.00	3147.00	3146.00	3146.00	3146.00	3146.00	3146.50	3147.00	3147.00	3147.50	3148.00	3148.50	3149.00	3149.00	3150.00	3150.00	3151.00	3151.00	3151.50	3152.00	3152.50	3153.50	3154.00	3155.00	3156.00	3156.50	3157.00	3158.00	3158.50	3159.00	3160.00	3161.00	3162.00	3162.00	3162.00	3162.50	3163.00	3163.50	3164.00	3165.00	3165.00	3165.00	3165.00	3165.00	3165.00	3165.00	3165.00	3166.00	3166.00	3166.00	3166.00	3166.00	3166.00	3166.00	3166.00	3166.00	3166.00	3166.00	3166.00	3166.00	3166.00	3166.00	3166.00	3166.00	3166.00	3166.00	3166.00	3165.50	3165.50	3166.00	3166.00	3166.00	3166.00	3166.00	3166.00	3166.00	3166.00	3166.00	3166.00	3166.00	3166.00	3166.00	3166.00	3166.00	3166.00	3166.00	3166.00	3166.00	3166.00	3166.00	3166.00	3166.00	3166.00	3166.00	3165.50	3165.00	3165.00
3081.75	3082.50	3083.25	3083.50	3084.00	3084.25	3084.75	3085.00	3085.25	3085.75	3086.00	3086.25	3086.50	3087.00	3087.00	3087.00	3087.00	3087.00	3087.00	3087.00	3086.50	3086.50	3086.50	3086.50	3086.25	3086.00	3085.50	3085.50	3085.50	3084.75	3084.50	3084.50	3084.50	3084.25	3084.00	3084.00	3083.50	3083.25	3083.00	3083.00	3083.00	3083.00	3083.00	3082.50	3082.50	3082.00	3082.00	3082.00	3082.00	3082.25	3082.50	3083.00	3083.00	3083.25	3084.00	3084.25	3084.75	3085.50	3086.00	3086.50	3087.50	3087.75	3088.50	3089.00	3090.00	3090.50	3091.50	3092.50	3093.25	3094.00	3095.25	3095.75	3097.00	3097.50	3098.25	3098.75	3099.75	3100.25	3100.75	3101.00	3102.00	3103.00	3103.00	3104.00	3104.50	3105.50	3106.25	3107.00	3108.00	3108.50	3109.50	3110.50	3111.75	3112.25	3112.75	3114.00	3115.50	3116.00	3117.00	3118.00	3118.50	3120.25	3120.75	3121.50	3123.00	3124.25	3124.75	3126.00	3127.00	3127.75	3128.50	3129.50	3130.25	3131.50	3132.25	3132.75	3133.25	3134.50	3135.00	3136.00	3136.50	3137.00	3137.50	3138.50	3139.00	3139.50	3140.00	3140.00	3141.00	3141.00	3141.75	3142.00	3142.00	3142.25	3142.50	3143.00	3143.00	3143.00	3143.00	3143.25	3143.50	3143.50	3144.00	3144.00	3144.50	3144.50	3144.50	3144.50	3144.75	3145.00	3145.25	3146.00	3146.00	3146.25	3146.50	3146.75	3147.00	3146.75	3146.50	3146.50	3146.00	3145.50	3145.50	3145.50	3145.50	3145.75	3146.00	3146.50	3146.75	3147.25	3147.75	3148.00	3148.25	3149.00	3149.50	3150.50	3150.50	3151.25	3151.75	3152.25	3153.25	3153.75	3155.00	3155.50	3156.25	3156.75	3158.00	3158.50	3159.25	3160.00	3161.00	3162.00	3162.00	3162.50	3162.75	3163.25	3163.75	3164.25	3165.00	3165.00	3165.25	3165.50	3165.50	3165.50	3165.50	3165.50	3166.25	3166.50	3166.50	3166.50	3166.50	3166.50	3166.50	3166.50	3166.50	3166.50	3166.50	3166.50	3166.50	3166.50	3166.50	3166.00	3166.00	3166.00	3166.00	3166.00	3165.75	3165.75	3166.00	3166.00	3166.00	3165.50	3165.50	3165.50	3165.50	3165.50	3165.50	3165.50	3165.50	3165.50	3165.50	3165.50	3165.50	3166.00	3166.00	3166.00	3166.00	3166.00	3166.00	3166.00	3166.00	3166.00	3166.00	3165.75	3165.50	3165.50
3080.50	3081.00	3082.00	3082.00	3083.00	3083.00	3083.50	3084.00	3084.00	3084.50	3085.00	3085.00	3085.00	3086.00	3086.00	3086.00	3086.00	3086.00	3086.00	3086.00	3085.00	3085.00	3085.00	3085.00	3085.00	3085.00	3084.00	3084.00	3084.00	3083.00	3083.00	3083.00	3083.00	3082.50	3082.00	3082.00	3082.00	3081.50	3081.00	3081.00	3081.00	3081.00	3081.00	3081.00	3081.00	3080.00	3080.00	3080.00	3080.00	3080.00	3080.00	3081.00	3081.00	3081.50	3082.00	3082.50	3083.00	3084.00	3084.50	3085.00	3086.00	3086.50	3087.50	3088.00	3089.00	3089.50	3091.00	3091.50	3092.50	3093.50	3095.00	3095.50	3097.00	3097.00	3098.00	3098.50	3099.50	3100.00	3100.50	3101.00	3102.00	3103.00	3103.00	3104.00	3104.50	3105.50	3106.00	3106.50	3108.00	3108.00	3109.00	3110.00	3111.00	3111.50	3112.00	3113.00	3114.50	3115.00	3116.00	3117.00	3117.50	3119.50	3120.00	3120.50	3122.00	3123.50	3124.00	3125.00	3126.50	3127.00	3128.00	3129.00	3129.50	3131.00	3132.00	3132.50	3133.00	3134.00	3134.50	3136.00	3136.00	3137.00	3137.50	3138.50	3139.00	3139.50	3140.00	3140.00	3141.00	3141.00	3142.00	3142.00	3142.00	3142.50	3143.00	3143.00	3143.00	3143.00	3143.00	3143.00	3143.00	3143.00	3144.00	3144.00	3144.00	3144.00	3144.00	3144.00	3144.00	3144.00	3144.50	3145.00	3145.00	3145.00	3145.00	3145.50	3146.00	3146.00	3146.00	3146.00	3145.00	3145.00	3145.00	3145.00	3145.00	3145.00	3145.00	3146.00	3146.00	3146.50	3147.00	3147.00	3147.50	3148.00	3149.00	3150.00	3150.00	3151.00	3151.50	3152.00	3153.00	3153.50	3155.00	3155.00	3156.00	3156.50	3158.00	3158.50	3159.50	3160.00	3161.00	3162.00	3162.00	3163.00	3163.00	3163.50	3164.00	3164.50	3165.00	3165.00	3165.50	3166.00	3166.00	3166.00	3166.00	3166.00	3166.50	3167.00	3167.00	3167.00	3167.00	3167.00	3167.00	3167.00	3167.00	3167.00	3167.00	3167.00	3167.00	3167.00	3167.00	3166.00	3166.00	3166.00	3166.00	3166.00	3166.00	3166.00	3166.00	3166.00	3166.00	3165.00	3165.00	3165.00	3165.00	3165.00	3165.00	3165.00	3165.00	3165.00	3165.00	3165.00	3165.00	3166.00	3166.00	3166.00	3166.00	3166.00	3166.00	3166.00	3166.00	3166.00	3166.00	3166.00	3166.00	3166.00
3080.50	3081.00	3082.00	3082.00	3083.00	3083.00	3083.50	3084.00	3084.00	3084.50	3085.00	3085.00	3085.00	3086.00	3086.00	3086.00	3086.00	3086.00	3086.00	3086.00	3085.00	3085.00	3085.00	3085.00	3085.00	3085.00	3084.00	3084.00	3084.00	3083.00	3083.00	3083.00	3083.00	3082.50	3082.00	3082.00	3082.00	3081.50	3081.00	3081.00	3081.00	3081.00	3081.00	3081.00	3081.00	3080.00	3080.00	3080.00	3080.00	3080.00	3080.00	3081.00	3081.00	3081.50	3082.00	3082.50	3083.00	3084.00	3084.50	3085.00	3086.00	3086.50	3087.50	3088.00	3089.00	3089.50	3091.00	3091.50	3092.50	3093.50	3095.00	3095.50	3097.00	3097.00	3098.00	3098.50	3099.50	3100.00	3100.50	3101.00	3102.00	3103.00	3103.00	3104.00	3104.50	3105.50	3106.00	3106.50	3108.00	3108.00	3109.00	3110.00	3111.00	3111.50	3112.00	3113.00	3114.50	3115.00	3116.00	3117.00	3117.50	3119.50	3120.00	3120.50	3122.00	3123.50	3124.00	3125.00	3126.50	3127.00	3128.00	3129.00	3129.50	3131.00	3132.00	3132.50	3133.00	3134.00	3134.50	3136.00	3136.00	3137.00	3137.50	3138.50	3139.00	3139.50	3140.00	3140.00	3141.00	3141.00	3142.00	3142.00	3142.00	3142.50	3143.00	3143.00	3143.00	3143.00	3143.00	3143.00	3143.00	3143.00	3144.00	3144.00	3144.00	3144.00	3144.00	3144.00	3144.00	3144.00	3144.50	3145.00	3145.00	3145.00	3145.00	3145.50	3146.00	3146.00	3146.00	3146.00	3145.00	3145.00	3145.00	3145.00	3145.00	3145.00	3145.00	3146.00	3146.00	3146.50	3147.00	3147.00	3147.50	3148.00	3149.00	3150.00	3150.00	3151.00	3151.50	3152.00	3153.00	3153.50	3155.00	3155.00	3156.00	3156.50	3158.00	3158.50	3159.50	3160.00	3161.00	3162.00	3162.00	3163.00	3163.00	3163.50	3164.00	3164.50	3165.00	3165.00	3165.50	3166.00	3166.00	3166.00	3166.00	3166.00	3166.50	3167.00	3167.00	3167.00	3167.00	3167.00	3167.00	3167.00	3167.00	3167.00	3167.00	3167.00	3167.00	3167.00	3167.00	3166.00	3166.00	3166.00	3166.00	3166.00	3166.00	3166.00	3166.00	3166.00	3166.00	3165.00	3165.00	3165.00	3165.00	3165.00	3165.00	3165.00	3165.00	3165.00	3165.00	3165.00	3165.00	3166.00	3166.00	3166.00	3166.00	3166.00	3166.00	3166.00	3166.00	3166.00	3166.00	3166.00	3166.00	3166.00
3080.50	3081.00	3082.00	3082.00	3083.00	3083.00	3083.50	3084.00	3084.00	3084.50	3085.00	3085.00	3085.00	3086.00	3086.00	3086.00	3086.00	3086.00	3086.00	3086.00	3085.00	3085.00	3085.00	3085.00	3085.00	3085.00	3084.00	3084.00	3084.00	3083.00	3083.00	3083.00	3083.00	3082.50	3082.00	3082.00	3082.00	3081.50	3081.00	3081.00	3081.00	3081.00	3081.00	3081.00	3081.00	3080.00	3080.00	3080.00	3080.00	3080.00	3080.00	3081.00	3081.00	3081.50	3082.00	3082.50	3083.00	3084.00	3084.50	3085.00	3086.00	3086.50	3087.50	3088.00	3089.00	3089.50	3091.00	3091.50	3092.50	3093.50	3095.00	3095.50	3097.00	3097.00	3098.00	3098.50	3099.50	3100.00	3100.50	3101.00	3102.00	3103.00	3103.00	3104.00	3104.50	3105.50	3106.00	3106.50	3108.00	3108.00	3109.00	3110.00	3111.00	3111.50	3112.00	3113.00	3114.50	3115.00	3116.00	3117.00	3117.50	3119.50	3120.00	3120.50	3122.00	3123.50	3124.00	3125.00	3126.50	3127.00	3128.00	3129.00	3129.50	3131.00	3132.00	3132.50	3133.00	3134.00	3134.50	3136.00	3136.00	3137.00	3137.50	3138.50	3139.00	3139.50	3140.00	3140.00	3141.00	3141.00	3142.00	3142.00	3142.00	3142.50	3143.00	3143.00	3143.00	3143.00	3143.00	3143.00	3143.00	3143.00	3144.00	3144.00	3144.00	3144.00	3144.00	3144.00	3144.00	3144.00	3144.50	3145.00	3145.00	3145.00	3145.00	3145.50	3146.00	3146.00	3146.00	3146.00	3145.00	3145.00	3145.00	3145.00	3145.00	3145.00	3145.00	3146.00	3146.00	3146.50	3147.00	3147.00	3147.50	3148.00	3149.00	3150.00	3150.00	3151.00	3151.50	3152.00	3153.00	3153.50	3155.00	3155.00	3156.00	3156.50	3158.00	3158.50	3159.50	3160.00	3161.00	3162.00	3162.00	3163.00	3163.00	3163.50	3164.00	3164.50	3165.00	3165.00	3165.50	3166.00	3166.00	3166.00	3166.00	3166.00	3166.50	3167.00	3167.00	3167.00	3167.00	3167.00	3167.00	3167.00	3167.00	3167.00	3167.00	3167.00	3167.00	3167.00	3167.00	3166.00	3166.00	3166.00	3166.00	3166.00	3166.00	3166.00	3166.00	3166.00	3166.00	3165.00	3165.00	3165.00	3165.00	3165.00	3165.00	3165.00	3165.00	3165.00	3165.00	3165.00	3165.00	3166.00	3166.00	3166.00	3166.00	3166.00	3166.00	3166.00	3166.00	3166.00	3166.00	3166.00	3166.00	3166.00
3080.50	3081.00	3082.00	3082.00	3083.00	3083.00	3083.50	3084.00	3084.00	3084.50	3085.00	3085.00	3085.00	3086.00	3086.00	3086.00	3086.00	3086.00	3086.00	3086.00	3085.00	3085.00	3085.00	3085.00	3085.00	3085.00	3084.00	3084.00	3084.00	3083.00	3083.00	3083.00	3083.00	3082.50	3082.00	3082.00	3082.00	3081.50	3081.00	3081.00	3081.00	3081.00	3081.00	3081.00	3081.00	3080.00	3080.00	3080.00	3080.00	3080.00	3080.00	3081.00	3081.00	3081.50	3082.00	3082.50	3083.00	3084.00	3084.50	3085.00	3086.00	3086.50	3087.50	3088.00	3089.00	3089.50	3091.00	3091.50	3092.50	3093.50	3095.00	3095.50	3097.00	3097.00	3098.00	3098.50	3099.50	3100.00	3100.50	3101.00	3102.00	3103.00	3103.00	3104.00	3104.50	3105.50	3106.00	3106.50	3108.00	3108.00	3109.00	3110.00	3111.00	3111.50	3112.00	3113.00	3114.50	3115.00	3116.00	3117.00	3117.50	3119.50	3120.00	3120.50	3122.00	3123.50	3124.00	3125.00	3126.50	3127.00	3128.00	3129.00	3129.50	3131.00	3132.00	3132.50	3133.00	3134.00	3134.50	3136.00	3136.00	3137.00	3137.50	3138.50	3139.00	3139.50	3140.00	3140.00	3141.00	3141.00	3142.00	3142.00	3142.00	3142.50	3143.00	3143.00	3143.00	3143.00	3143.00	3143.00	3143.00	3143.00	3144.00	3144.00	3144.00	3144.00	3144.00	3144.00	3144.00	3144.00	3144.50	3145.00	3145.00	3145.00	3145.00	3145.50	3146.00	3146.00	3146.00	3146.00	3145.00	3145.00	3145.00	3145.00	3145.00	3145.00	3145.00	3146.00	3146.00	3146.50	3147.00	3147.00	3147.50	3148.00	3149.00	3150.00	3150.00	3151.00	3151.50	3152.00	3153.00	3153.50	3155.00	3155.00	3156.00	3156.50	3158.00	3158.50	3159.50	3160.00	3161.00	3162.00	3162.00	3163.00	3163.00	3163.50	3164.00	3164.50	3165.00	3165.00	3165.50	3166.00	3166.00	3166.00	3166.00	3166.00	3166.50	3167.00	3167.00	3167.00	3167.00	3167.00	3167.00	3167.00	3167.00	3167.00	3167.00	3167.00	3167.00	3167.00	3167.00	3166.00	3166.00	3166.00	3166.00	3166.00	3166.00	3166.00	3166.00	3166.00	3166.00	3165.00	3165.00	3165.00	3165.00	3165.00	3165.00	3165.00	3165.00	3165.00	3165.00	3165.00	3165.00	3166.00	3166.00	3166.00	3166.00	3166.00	3166.00	3166.00	3166.00	3166.00	3166.00	3166.00	3166.00	3166.00
3080.50	3081.00	3082.00	3082.00	3083.00	3083.00	3083.50	3084.00	3084.00	3084.50	3085.00	3085.00	3085.00	3086.00	3086.00	3086.00	3086.00	3086.00	3086.00	3086.00	3085.00	3085.00	3085.00	3085.00	3085.00	3085.00	3084.00	3084.00	3084.00	3083.00	3083.00	3083.00	3083.00	3082.50	3082.00	3082.00	3082.00	3081.50	3081.00	3081.00	3081.00	3081.00	3081.00	3081.00	3081.00	3080.00	3080.00	3080.00	3080.00	3080.00	3080.00	3081.00	3081.00	3081.50	3082.00	3082.50	3083.00	3084.00	3084.50	3085.00	3086.00	3086.50	3087.50	3088.00	3089.00	3089.50	3091.00	3091.50	3092.50	3093.50	3095.00	3095.50	3097.00	3097.00	3098.00	3098.50	3099.50	3100.00	3100.50	3101.00	3102.00	3103.00	3103.00	3104.00	3104.50	3105.50	3106.00	3106.50	3108.00	3108.00	3109.00	3110.00	3111.00	3111.50	3112.00	3113.00	3114.50	3115.00	3116.00	3117.00	3117.50	3119.50	3120.00	3120.50	3122.00	3123.50	3124.00	3125.00	3126.50	3127.00	3128.00	3129.00	3129.50	3131.00	3132.00	3132.50	3133.00	3134.00	3134.50	3136.00	3136.00	3137.00	3137.50	3138.50	3139.00	3139.50	3140.00	3140.00	3141.00	3141.00	3142.00	3142.00	3142.00	3142.50	3143.00	3143.00	3143.00	3143.00	3143.00	3143.00	3143.00	3143.00	3144.00	3144.00	3144.00	3144.00	3144.00	3144.00	3144.00	3144.00	3144.50	3145.00	3145.00	3145.00	3145.00	3145.50	3146.00	3146.00	3146.00	3146.00	3145.00	3145.00	3145.00	3145.00	3145.00	3145.00	3145.00	3146.00	3146.00	3146.50	3147.00	3147.00	3147.50	3148.00	3149.00	3150.00	3150.00	3151.00	3151.50	3152.00	3153.00	3153.50	3155.00	3155.00	3156.00	3156.50	3158.00	3158.50	3159.50	3160.00	3161.00	3162.00	3162.00	3163.00	3163.00	3163.50	3164.00	3164.50	3165.00	3165.00	3165.50	3166.00	3166.00	3166.00	3166.00	3166.00	3166.50	3167.00	3167.00	3167.00	3167.00	3167.00	3167.00	3167.00	3167.00	3167.00	3167.00	3167.00	3167.00	3167.00	3167.00	3166.00	3166.00	3166.00	3166.00	3166.00	3166.00	3166.00	3166.00	3166.00	3166.00	3165.00	3165.00	3165.00	3165.00	3165.00	3165.00	3165.00	3165.00	3165.00	3165.00	3165.00	3165.00	3166.00	3166.00	3166.00	3166.00	3166.00	3166.00	3166.00	3166.00	3166.00	3166.00	3166.00	3166.00	3166.00
3079.25	3079.50	3080.50	3080.50	3081.00	3081.50	3081.75	3082.50	3082.50	3082.75	3083.50	3083.50	3083.50	3084.00	3084.00	3084.00	3084.00	3084.00	3084.00	3084.00	3083.50	3083.50	3083.50	3083.50	3083.50	3083.00	3082.50	3082.25	3082.00	3081.50	3081.50	3081.25	3081.00	3080.75	3080.00	3080.00	3079.75	3079.25	3078.75	3078.50	3078.50	3078.50	3078.50	3078.50	3078.50	3078.00	3078.00	3078.00	3078.00	3078.00	3078.00	3078.50	3078.75	3079.25	3079.75	3080.25	3080.75	3082.00	3082.50	3083.25	3084.00	3085.00	3085.75	3086.50	3087.50	3088.25	3089.50	3090.50	3091.50	3092.50	3093.75	3094.50	3096.00	3096.50	3097.25	3098.00	3099.00	3099.50	3100.00	3100.50	3101.50	3102.50	3102.50	3103.25	3103.75	3104.50	3105.25	3105.75	3107.00	3107.50	3108.25	3109.00	3110.00	3110.50	3111.25	3112.00	3113.25	3114.00	3115.00	3116.00	3116.50	3118.25	3118.75	3119.50	3120.50	3122.00	3122.75	3123.50	3125.00	3125.50	3126.50	3127.50	3128.25	3129.50	3130.75	3131.25	3131.75	3133.25	3133.75	3135.00	3135.00	3136.25	3136.75	3138.00	3138.50	3139.00	3139.50	3139.50	3140.50	3140.50	3141.25	3141.50	3141.50	3141.75	3142.00	3142.50	3142.50	3142.50	3142.50	3142.50	3142.50	3142.50	3143.00	3143.00	3143.00	3143.00	3143.00	3143.00	3143.00	3143.25	3143.75	3144.00	3144.00	3144.00	3144.00	3144.25	3144.50	3144.50	3144.50	3144.50	3144.50	3144.50	3144.50	3144.50	3144.50	3144.50	3144.50	3145.00	3145.00	3145.25	3146.00	3146.00	3146.50	3147.00	3148.00	3149.00	3149.00	3150.25	3150.75	3151.25	3152.50	3153.00	3154.50	3154.50	3155.75	3156.50	3157.75	3158.50	3159.25	3160.00	3160.50	3162.00	3162.00	3163.00	3163.00	3163.50	3164.25	3164.75	3165.00	3165.50	3165.75	3166.00	3166.50	3166.50	3166.50	3167.00	3167.25	3167.50	3167.50	3167.50	3167.50	3167.50	3167.50	3167.50	3167.50	3167.50	3167.50	3167.00	3167.00	3167.00	3167.00	3166.50	3166.00	3166.00	3166.00	3166.00	3166.00	3166.00	3166.00	3166.00	3166.00	3165.00	3165.00	3165.00	3165.00	3165.00	3165.00	3165.00	3165.00	3165.00	3165.00	3165.00	3165.00	3165.50	3165.50	3165.50	3165.50	3166.00	3166.00	3166.00	3166.00	3166.00	3166.00	3166.00	3166.00	3166.00
3078.00	3078.00	3079.00	3079.00	3079.00	3080.00	3080.00	3081.00	3081.00	3081.00	3082.00	3082.00	3082.00	3082.00	3082.00	3082.00	3082.00	3082.00	3082.00	3082.00	3082.00	3082.00	3082.00	3082.00	3082.00	3081.00	3081.00	3080.50	3080.00	3080.00	3080.00	3079.50	3079.00	3079.00	3078.00	3078.00	3077.50	3077.00	3076.50	3076.00	3076.00	3076.00	3076.00	3076.00	3076.00	3076.00	3076.00	3076.00	3076.00	3076.00	3076.00	3076.00	3076.50	3077.00	3077.50	3078.00	3078.50	3080.00	3080.50	3081.50	3082.00	3083.50	3084.00	3085.00	3086.00	3087.00	3088.00	3089.50	3090.50	3091.50	3092.50	3093.50	3095.00	3096.00	3096.50	3097.50	3098.50	3099.00	3099.50	3100.00	3101.00	3102.00	3102.00	3102.50	3103.00	3103.50	3104.50	3105.00	3106.00	3107.00	3107.50	3108.00	3109.00	3109.50	3110.50	3111.00	3112.00	3113.00	3114.00	3115.00	3115.50	3117.00	3117.50	3118.50	3119.00	3120.50	3121.50	3122.00	3123.50	3124.00	3125.00	3126.00	3127.00	3128.00	3129.50	3130.00	3130.50	3132.50	3133.00	3134.00	3134.00	3135.50	3136.00	3137.50	3138.00	3138.50	3139.00	3139.00	3140.00	3140.00	3140.50	3141.00	3141.00	3141.00	3141.00	3142.00	3142.00	3142.00	3142.00	3142.00	3142.00	3142.00	3142.00	3142.00	3142.00	3142.00	3142.00	3142.00	3142.00	3142.50	3143.00	3143.00	3143.00	3143.00	3143.00	3143.00	3143.00	3143.00	3143.00	3143.00	3144.00	3144.00	3144.00	3144.00	3144.00	3144.00	3144.00	3144.00	3144.00	3144.00	3145.00	3145.00	3145.50	3146.00	3147.00	3148.00	3148.00	3149.50	3150.00	3150.50	3152.00	3152.50	3154.00	3154.00	3155.50	3156.50	3157.50	3158.50	3159.00	3160.00	3160.00	3162.00	3162.00	3163.00	3163.00	3163.50	3164.50	3165.00	3165.00	3166.00	3166.00	3166.00	3167.00	3167.00	3167.00	3168.00	3168.00	3168.00	3168.00	3168.00	3168.00	3168.00	3168.00	3168.00	3168.00	3168.00	3168.00	3167.00	3167.00	3167.00	3167.00	3167.00	3166.00	3166.00	3166.00	3166.00	3166.00	3166.00	3166.00	3166.00	3166.00	3165.00	3165.00	3165.00	3165.00	3165.00	3165.00	3165.00	3165.00	3165.00	3165.00	3165.00	3165.00	3165.00	3165.00	3165.00	3165.00	3166.00	3166.00	3166.00	3166.00	3166.00	3166.00	3166.00	3166.00	3166.00
3078.00	3078.00	3079.00	3079.00	3079.00	3080.00	3080.00	3081.00	3081.00	3081.00	3082.00	3082.00	3082.00	3082.00	3082.00	3082.00	3082.00	3082.00	3082.00	3082.00	3082.00	3082.00	3082.00	3082.00	3082.00	3081.00	3081.00	3080.50	3080.00	3080.00	3080.00	3079.50	3079.00	3079.00	3078.00	3078.00	3077.50	3077.00	3076.50	3076.00	3076.00	3076.00	3076.00	3076.00	3076.00	3076.00	3076.00	3076.00	3076.00	3076.00	3076.00	3076.00	3076.50	3077.00	3077.50	3078.00	3078.50	3080.00	3080.50	3081.50	3082.00	3083.50	3084.00	3085.00	3086.00	3087.00	3088.00	3089.50	3090.50	3091.50	3092.50	3093.50	3095.00	3096.00	3096.50	3097.50	3098.50	3099.00	3099.50	3100.00	3101.00	3102.00	3102.00	3102.50	3103.00	3103.50	3104.50	3105.00	3106.00	3107.00	3107.50	3108.00	3109.00	3109.50	3110.50	3111.00	3112.00	3113.00	3114.00	3115.00	3115.50	3117.00	3117.50	3118.50	3119.00	3120.50	3121.50	3122.00	3123.50	3124.00	3125.00	3126.00	3127.00	3128.00	3129.50	3130.00	3130.50	3132.50	3133.00	3134.00	3134.00	3135.50	3136.00	3137.50	3138.00	3138.50	3139.00	3139.00	3140.00	3140.00	3140.50	3141.00	3141.00	3141.00	3141.00	3142.00	3142.00	3142.00	3142.00	3142.00	3142.00	3142.00	3142.00	3142.00	3142.00	3142.00	3142.00	3142.00	3142.00	3142.50	3143.00	3143.00	3143.00	3143.00	3143.00	3143.00	3143.00	3143.00	3143.00	3143.00	3144.00	3144.00	3144.00	3144.00	3144.00	3144.00	3144.00	3144.00	3144.00	3144.00	3145.00	3145.00	3145.50	3146.00	3147.00	3148.00	3148.00	3149.50	3150.00	3150.50	3152.00	3152.50	3154.00	3154.00	3155.50	3156.50	3157.50	3158.50	3159.00	3160.00	3160.00	3162.00	3162.00	3163.00	3163.00	3163.50	3164.50	3165.00	3165.00	3166.00	3166.00	3166.00	3167.00	3167.00	3167.00	3168.00	3168.00	3168.00	3168.00	3168.00	3168.00	3168.00	3168.00	3168.00	3168.00	3168.00	3168.00	3167.00	3167.00	3167.00	3167.00	3167.00	3166.00	3166.00	3166.00	3166.00	3166.00	3166.00	3166.00	3166.00	3166.00	3165.00	3165.00	3165.00	3165.00	3165.00	3165.00	3165.00	3165.00	3165.00	3165.00	3165.00	3165.00	3165.00	3165.00	3165.00	3165.00	3166.00	3166.00	3166.00	3166.00	3166.00	3166.00	3166.00	3166.00	3166.00
3078.00	3078.00	3079.00	3079.00	3079.00	3080.00	3080.00	3081.00	3081.00	3081.00	3082.00	3082.00	3082.00	3082.00	3082.00	3082.00	3082.00	3082.00	3082.00	3082.00	3082.00	3082.00	3082.00	3082.00	3082.00	3081.00	3081.00	3080.50	3080.00	3080.00	3080.00	3079.50	3079.00	3079.00	3078.00	3078.00	3077.50	3077.00	3076.50	3076.00	3076.00	3076.00	3076.00	3076.00	3076.00	3076.00	3076.00	3076.00	3076.00	3076.00	3076.00	3076.00	3076.50	3077.00	3077.50	3078.00	3078.50	3080.00	3080.50	3081.50	3082.00	3083.50	3084.00	3085.00	3086.00	3087.00	3088.00	3089.50	3090.50	3091.50	3092.50	3093.50	3095.00	3096.00	3096.50	3097.50	3098.50	3099.00	3099.50	3100.00	3101.00	3102.00	3102.00	3102.50	3103.00	3103.50	3104.50	3105.00	3106.00	3107.00	3107.50	3108.00	3109.00	3109.50	3110.50	3111.00	3112.00	3113.00	3114.00	3115.00	3115.50	3117.00	3117.50	3118.50	3119.00	3120.50	3121.50	3122.00	3123.50	3124.00	3125.00	3126.00	3127.00	3128.00	3129.50	3130.00	3130.50	3132.50	3133.00	3134.00	3134.00	3135.50	3136.00	3137.50	3138.00	3138.50	3139.00	3139.00	3140.00	3140.00	3140.50	3141.00	3141.00	3141.00	3141.00	3142.00	3142.00	3142.00	3142.00	3142.00	3142.00	3142.00	3142.00	3142.00	3142.00	3142.00	3142.00	3142.00	3142.00	3142.50	3143.00	3143.00	3143.00	3143.00	3143.00	3143.00	3143.00	3143.00	3143.00	3143.00	3144.00	3144.00	3144.00	3144.00	3144.00	3144.00	3144.00	3144.00	3144.00	3144.00	3145.00	3145.00	3145.50	3146.00	3147.00	3148.00	3148.00	3149.50	3150.00	3150.50	3152.00	3152.50	3154.00	3154.00	3155.50	3156.50	3157.50	3158.50	3159.00	3160.00	3160.00	3162.00	3162.00	3163.00	3163.00	3163.50	3164.50	3165.00	3165.00	3166.00	3166.00	3166.00	3167.00	3167.00	3167.00	3168.00	3168.00	3168.00	3168.00	3168.00	3168.00	3168.00	3168.00	3168.00	3168.00	3168.00	3168.00	3167.00	3167.00	3167.00	3167.00	3167.00	3166.00	3166.00	3166.00	3166.00	3166.00	3166.00	3166.00	3166.00	3166.00	3165.00	3165.00	3165.00	3165.00	3165.00	3165.00	3165.00	3165.00	3165.00	3165.00	3165.00	3165.00	3165.00	3165.00	3165.00	3165.00	3166.00	3166.00	3166.00	3166.00	3166.00	3166.00	3166.00	3166.00	3166.00
3078.00	3078.00	3079.00	3079.00	3079.00	3080.00	3080.00	3081.00	3081.00	3081.00	3082.00	3082.00	3082.00	3082.00	3082.00	3082.00	3082.00	3082.00	3082.00	3082.00	3082.00	3082.00	3082.00	3082.00	3082.00	3081.00	3081.00	3080.50	3080.00	3080.00	3080.00	3079.50	3079.00	3079.00	3078.00	3078.00	3077.50	3077.00	3076.50	3076.00	3076.00	3076.00	3076.00	3076.00	3076.00	3076.00	3076.00	3076.00	3076.00	3076.00	3076.00	3076.00	3076.50	3077.00	3077.50	3078.00	3078.50	3080.00	3080.50	3081.50	3082.00	3083.50	3084.00	3085.00	3086.00	3087.00	3088.00	3089.50	3090.50	3091.50	3092.50	3093.50	3095.00	3096.00	3096.50	3097.50	3098.50	3099.00	3099.50	3100.00	3101.00	3102.00	3102.00	3102.50	3103.00	3103.50	3104.50	3105.00	3106.00	3107.00	3107.50	3108.00	3109.00	3109.50	3110.50	3111.00	3112.00	3113.00	3114.00	3115.00	3115.50	3117.00	3117.50	3118.50	3119.00	3120.50	3121.50	3122.00	3123.50	3124.00	3125.00	3126.00	3127.00	3128.00	3129.50	3130.00	3130.50	3132.50	3133.00	3134.00	3134.00	3135.50	3136.00	3137.50	3138.00	3138.50	3139.00	3139.00	3140.00	3140.00	3140.50	3141.00	3141.00	3141.00	3141.00	3142.00	3142.00	3142.00	3142.00	3142.00	3142.00	3142.00	3142.00	3142.00	3142.00	3142.00	3142.00	3142.00	3142.00	3142.50	3143.00	3143.00	3143.00	3143.00	3143.00	3143.00	3143.00	3143.00	3143.00	3143.00	3144.00	3144.00	3144.00	3144.00	3144.00	3144.00	3144.00	3144.00	3144.00	3144.00	3145.00	3145.00	3145.50	3146.00	3147.00	3148.00	3148.00	3149.50	3150.00	3150.50	3152.00	3152.50	3154.00	3154.00	3155.50	3156.50	3157.50	3158.50	3159.00	3160.00	3160.00	3162.00	3162.00	3163.00	3163.00	3163.50	3164.50	3165.00	3165.00	3166.00	3166.00	3166.00	3167.00	3167.00	3167.00	3168.00	3168.00	3168.00	3168.00	3168.00	3168.00	3168.00	3168.00	3168.00	3168.00	3168.00	3168.00	3167.00	3167.00	3167.00	3167.00	3167.00	3166.00	3166.00	3166.00	3166.00	3166.00	3166.00	3166.00	3166.00	3166.00	3165.00	3165.00	3165.00	3165.00	3165.00	3165.00	3165.00	3165.00	3165.00	3165.00	3165.00	3165.00	3165.00	3165.00	3165.00	3165.00	3166.00	3166.00	3166.00	3166.00	3166.00	3166.00	3166.00	3166.00	3166.00
3078.00	3078.00	3079.00	3079.00	3079.00	3080.00	3080.00	3081.00	3081.00	3081.00	3082.00	3082.00	3082.00	3082.00	3082.00	3082.00	3082.00	3082.00	3082.00	3082.00	3082.00	3082.00	3082.00	3082.00	3082.00	3081.00	3081.00	3080.50	3080.00	3080.00	3080.00	3079.50	3079.00	3079.00	3078.00	3078.00	3077.50	3077.00	3076.50	3076.00	3076.00	3076.00	3076.00	3076.00	3076.00	3076.00	3076.00	3076.00	3076.00	3076.00	3076.00	3076.00	3076.50	3077.00	3077.50	3078.00	3078.50	3080.00	3080.50	3081.50	3082.00	3083.50	3084.00	3085.00	3086.00	3087.00	3088.00	3089.50	3090.50	3091.50	3092.50	3093.50	3095.00	3096.00	3096.50	3097.50	3098.50	3099.00	3099.50	3100.00	3101.00	3102.00	3102.00	3102.50	3103.00	3103.50	3104.50	3105.00	3106.00	3107.00	3107.50	3108.00	3109.00	3109.50	3110.50	3111.00	3112.00	3113.00	3114.00	3115.00	3115.50	3117.00	3117.50	3118.50	3119.00	3120.50	3121.50	3122.00	3123.50	3124.00	3125.00	3126.00	3127.00	3128.00	3129.50	3130.00	3130.50	3132.50	3133.00	3134.00	3134.00	3135.50	3136.00	3137.50	3138.00	3138.50	3139.00	3139.00	3140.00	3140.00	3140.50	3141.00	3141.00	3141.00	3141.00	3142.00	3142.00	3142.00	3142.00	3142.00	3142.00	3142.00	3142.00	3142.00	3142.00	3142.00	3142.00	3142.00	3142.00	3142.50	3143.00	3143.00	3143.00	3143.00	3143.00	3143.00	3143.00	3143.00	3143.00	3143.00	3144.00	3144.00	3144.00	3144.00	3144.00	3144.00	3144.00	3144.00	3144.00	3144.00	3145.00	3145.00	3145.50	3146.00	3147.00	3148.00	3148.00	3149.50	3150.00	3150.50	3152.00	3152.50	3154.00	3154.00	3155.50	3156.50	3157.50	3158.50	3159.00	3160.00	3160.00	3162.00	3162.00	3163.00	3163.00	3163.50	3164.50	3165.00	3165.00	3166.00	3166.00	3166.00	3167.00	3167.00	3167.00	3168.00	3168.00	3168.00	3168.00	3168.00	3168.00	3168.00	3168.00	3168.00	3168.00	3168.00	3168.00	3167.00	3167.00	3167.00	3167.00	3167.00	3166.00	3166.00	3166.00	3166.00	3166.00	3166.00	3166.00	3166.00	3166.00	3165.00	3165.00	3165.00	3165.00	3165.00	3165.00	3165.00	3165.00	3165.00	3165.00	3165.00	3165.00	3165.00	3165.00	3165.00	3165.00	3166.00	3166.00	3166.00	3166.00	3166.00	3166.00	3166.00	3166.00	3166.00
3075.00	3076.00	3076.00	3076.00	3076.00	3077.00	3077.00	3077.00	3077.50	3078.00	3078.00	3078.00	3078.00	3078.00	3079.00	3079.00	3078.00	3078.00	3078.00	3078.00	3078.00	3078.00	3078.00	3077.50	3077.00	3077.00	3077.00	3076.50	3076.00	3076.00	3075.50	3075.00	3075.00	3075.00	3074.00	3074.00	3074.00	3073.50	3073.00	3072.50	3072.00	3072.00	3072.00	3072.00	3072.00	3071.50	3071.00	3071.00	3071.00	3071.00	3072.00	3072.00	3072.50	3073.00	3073.50	3074.00	3074.00	3075.00	3075.50	3076.50	3078.00	3078.50	3079.50	3081.00	3082.00	3082.50	3084.00	3085.50	3086.50	3087.50	3089.50	3090.50	3092.00	3093.00	3093.50	3094.50	3095.50	3096.50	3097.00	3098.00	3098.00	3099.00	3100.00	3100.50	3101.00	3101.50	3102.00	3102.50	3103.00	3104.00	3104.50	3105.00	3106.00	3106.50	3107.00	3108.00	3109.00	3110.00	3111.00	3111.50	3112.50	3113.50	3114.50	3115.00	3116.00	3117.00	3117.50	3119.00	3119.50	3120.50	3122.00	3122.00	3123.50	3125.00	3125.50	3126.50	3127.50	3128.50	3129.50	3131.00	3131.00	3132.50	3133.00	3134.50	3135.00	3135.50	3136.00	3137.00	3138.00	3138.00	3138.00	3138.50	3139.00	3139.00	3139.00	3139.00	3140.00	3140.00	3140.00	3140.00	3140.00	3140.00	3140.00	3141.00	3141.00	3141.00	3141.00	3141.00	3141.00	3141.00	3141.00	3141.00	3141.00	3141.00	3141.00	3141.00	3141.00	3141.00	3141.00	3142.00	3142.00	3142.00	3142.00	3142.00	3142.00	3142.50	3143.00	3143.00	3143.00	3143.00	3143.00	3143.50	3144.00	3144.00	3145.00	3146.00	3147.00	3147.50	3148.50	3149.00	3150.50	3151.50	3152.00	3153.00	3154.50	3155.00	3156.50	3157.00	3157.50	3159.00	3159.00	3160.00	3161.00	3161.50	3162.50	3163.00	3163.50	3164.00	3165.00	3165.00	3165.50	3166.00	3166.50	3167.00	3167.00	3167.00	3167.50	3168.00	3168.00	3168.00	3168.00	3168.00	3168.00	3168.00	3168.00	3167.50	3167.00	3167.00	3167.00	3167.00	3167.00	3166.00	3166.00	3166.00	3166.00	3166.00	3166.00	3166.00	3165.50	3165.00	3165.00	3165.00	3165.00	3165.00	3165.00	3165.00	3165.00	3165.00	3165.00	3165.00	3165.00	3165.00	3165.00	3165.00	3165.00	3165.00	3165.00	3166.00	3166.00	3166.00	3166.00	3166.00	3166.00	3166.00	3166.00	3167.00
3075.00	3076.00	3076.00	3076.00	3076.00	3077.00	3077.00	3077.00	3077.50	3078.00	3078.00	3078.00	3078.00	3078.00	3079.00	3079.00	3078.00	3078.00	3078.00	3078.00	3078.00	3078.00	3078.00	3077.50	3077.00	3077.00	3077.00	3076.50	3076.00	3076.00	3075.50	3075.00	3075.00	3075.00	3074.00	3074.00	3074.00	3073.50	3073.00	3072.50	3072.00	3072.00	3072.00	3072.00	3072.00	3071.50	3071.00	3071.00	3071.00	3071.00	3072.00	3072.00	3072.50	3073.00	3073.50	3074.00	3074.00	3075.00	3075.50	3076.50	3078.00	3078.50	3079.50	3081.00	3082.00	3082.50	3084.00	3085.50	3086.50	3087.50	3089.50	3090.50	3092.00	3093.00	3093.50	3094.50	3095.50	3096.50	3097.00	3098.00	3098.00	3099.00	3100.00	3100.50	3101.00	3101.50	3102.00	3102.50	3103.00	3104.00	3104.50	3105.00	3106.00	3106.50	3107.00	3108.00	3109.00	3110.00	3111.00	3111.50	3112.50	3113.50	3114.50	3115.00	3116.00	3117.00	3117.50	3119.00	3119.50	3120.50	3122.00	3122.00	3123.50	3125.00	3125.50	3126.50	3127.50	3128.50	3129.50	3131.00	3131.00	3132.50	3133.00	3134.50	3135.00	3135.50	3136.00	3137.00	3138.00	3138.00	3138.00	3138.50	3139.00	3139.00	3139.00	3139.00	3140.00	3140.00	3140.00	3140.00	3140.00	3140.00	3140.00	3141.00	3141.00	3141.00	3141.00	3141.00	3141.00	3141.00	3141.00	3141.00	3141.00	3141.00	3141.00	3141.00	3141.00	3141.00	3141.00	3142.00	3142.00	3142.00	3142.00	3142.00	3142.00	3142.50	3143.00	3143.00	3143.00	3143.00	3143.00	3143.50	3144.00	3144.00	3145.00	3146.00	3147.00	3147.50	3148.50	3149.00	3150.50	3151.50	3152.00	3153.00	3154.50	3155.00	3156.50	3157.00	3157.50	3159.00	3159.00	3160.00	3161.00	3161.50	3162.50	3163.00	3163.50	3164.00	3165.00	3165.00	3165.50	3166.00	3166.50	3167.00	3167.00	3167.00	3167.50	3168.00	3168.00	3168.00	3168.00	3168.00	3168.00	3168.00	3168.00	3167.50	3167.00	3167.00	3167.00	3167.00	3167.00	3166.00	3166.00	3166.00	3166.00	3166.00	3166.00	3166.00	3165.50	3165.00	3165.00	3165.00	3165.00	3165.00	3165.00	3165.00	3165.00	3165.00	3165.00	3165.00	3165.00	3165.00	3165.00	3165.00	3165.00	3165.00	3165.00	3166.00	3166.00	3166.00	3166.00	3166.00	3166.00	3166.00	3166.00	3167.00
3075.00	3076.00	3076.00	3076.00	3076.00	3077.00	3077.00	3077.00	3077.50	3078.00	3078.00	3078.00	3078.00	3078.00	3079.00	3079.00	3078.00	3078.00	3078.00	3078.00	3078.00	3078.00	3078.00	3077.50	3077.00	3077.00	3077.00	3076.50	3076.00	3076.00	3075.50	3075.00	3075.00	3075.00	3074.00	3074.00	3074.00	3073.50	3073.00	3072.50	3072.00	3072.00	3072.00	3072.00	3072.00	3071.50	3071.00	3071.00	3071.00	3071.00	3072.00	3072.00	3072.50	3073.00	3073.50	3074.00	3074.00	3075.00	3075.50	3076.50	3078.00	3078.50	3079.50	3081.00	3082.00	3082.50	3084.00	3085.50	3086.50	3087.50	3089.50	3090.50	3092.00	3093.00	3093.50	3094.50	3095.50	3096.50	3097.00	3098.00	3098.00	3099.00	3100.00	3100.50	3101.00	3101.50	3102.00	3102.50	3103.00	3104.00	3104.50	3105.00	3106.00	3106.50	3107.00	3108.00	3109.00	3110.00	3111.00	3111.50	3112.50	3113.50	3114.50	3115.00	3116.00	3117.00	3117.50	3119.00	3119.50	3120.50	3122.00	3122.00	3123.50	3125.00	3125.50	3126.50	3127.50	3128.50	3129.50	3131.00	3131.00	3132.50	3133.00	3134.50	3135.00	3135.50	3136.00	3137.00	3138.00	3138.00	3138.00	3138.50	3139.00	3139.00	3139.00	3139.00	3140.00	3140.00	3140.00	3140.00	3140.00	3140.00	3140.00	3141.00	3141.00	3141.00	3141.00	3141.00	3141.00	3141.00	3141.00	3141.00	3141.00	3141.00	3141.00	3141.00	3141.00	3141.00	3141.00	3142.00	3142.00	3142.00	3142.00	3142.00	3142.00	3142.50	3143.00	3143.00	3143.00	3143.00	3143.00	3143.50	3144.00	3144.00	3145.00	3146.00	3147.00	3147.50	3148.50	3149.00	3150.50	3151.50	3152.00	3153.00	3154.50	3155.00	3156.50	3157.00	3157.50	3159.00	3159.00	3160.00	3161.00	3161.50	3162.50	3163.00	3163.50	3164.00	3165.00	3165.00	3165.50	3166.00	3166.50	3167.00	3167.00	3167.00	3167.50	3168.00	3168.00	3168.00	3168.00	3168.00	3168.00	3168.00	3168.00	3167.50	3167.00	3167.00	3167.00	3167.00	3167.00	3166.00	3166.00	3166.00	3166.00	3166.00	3166.00	3166.00	3165.50	3165.00	3165.00	3165.00	3165.00	3165.00	3165.00	3165.00	3165.00	3165.00	3165.00	3165.00	3165.00	3165.00	3165.00	3165.00	3165.00	3165.00	3165.00	3166.00	3166.00	3166.00	3166.00	3166.00	3166.00	3166.00	3166.00	3167.00
3075.00	3076.00	3076.00	3076.00	3076.00	3077.00	3077.00	3077.00	3077.50	3078.00	3078.00	3078.00	3078.00	3078.00	3079.00	3079.00	3078.00	3078.00	3078.00	3078.00	3078.00	3078.00	3078.00	3077.50	3077.00	3077.00	3077.00	3076.50	3076.00	3076.00	3075.50	3075.00	3075.00	3075.00	3074.00	3074.00	3074.00	3073.50	3073.00	3072.50	3072.00	3072.00	3072.00	3072.00	3072.00	3071.50	3071.00	3071.00	3071.00	3071.00	3072.00	3072.00	3072.50	3073.00	3073.50	3074.00	3074.00	3075.00	3075.50	3076.50	3078.00	3078.50	3079.50	3081.00	3082.00	3082.50	3084.00	3085.50	3086.50	3087.50	3089.50	3090.50	3092.00	3093.00	3093.50	3094.50	3095.50	3096.50	3097.00	3098.00	3098.00	3099.00	3100.00	3100.50	3101.00	3101.50	3102.00	3102.50	3103.00	3104.00	3104.50	3105.00	3106.00	3106.50	3107.00	3108.00	3109.00	3110.00	3111.00	3111.50	3112.50	3113.50	3114.50	3115.00	3116.00	3117.00	3117.50	3119.00	3119.50	3120.50	3122.00	3122.00	3123.50	3125.00	3125.50	3126.50	3127.50	3128.50	3129.50	3131.00	3131.00	3132.50	3133.00	3134.50	3135.00	3135.50	3136.00	3137.00	3138.00	3138.00	3138.00	3138.50	3139.00	3139.00	3139.00	3139.00	3140.00	3140.00	3140.00	3140.00	3140.00	3140.00	3140.00	3141.00	3141.00	3141.00	3141.00	3141.00	3141.00	3141.00	3141.00	3141.00	3141.00	3141.00	3141.00	3141.00	3141.00	3141.00	3141.00	3142.00	3142.00	3142.00	3142.00	3142.00	3142.00	3142.50	3143.00	3143.00	3143.00	3143.00	3143.00	3143.50	3144.00	3144.00	3145.00	3146.00	3147.00	3147.50	3148.50	3149.00	3150.50	3151.50	3152.00	3153.00	3154.50	3155.00	3156.50	3157.00	3157.50	3159.00	3159.00	3160.00	3161.00	3161.50	3162.50	3163.00	3163.50	3164.00	3165.00	3165.00	3165.50	3166.00	3166.50	3167.00	3167.00	3167.00	3167.50	3168.00	3168.00	3168.00	3168.00	3168.00	3168.00	3168.00	3168.00	3167.50	3167.00	3167.00	3167.00	3167.00	3167.00	3166.00	3166.00	3166.00	3166.00	3166.00	3166.00	3166.00	3165.50	3165.00	3165.00	3165.00	3165.00	3165.00	3165.00	3165.00	3165.00	3165.00	3165.00	3165.00	3165.00	3165.00	3165.00	3165.00	3165.00	3165.00	3165.00	3166.00	3166.00	3166.00	3166.00	3166.00	3166.00	3166.00	3166.00	3167.00
3075.00	3076.00	3076.00	3076.00	3076.00	3077.00	3077.00	3077.00	3077.50	3078.00	3078.00	3078.00	3078.00	3078.00	3079.00	3079.00	3078.00	3078.00	3078.00	3078.00	3078.00	3078.00	3078.00	3077.50	3077.00	3077.00	3077.00	3076.50	3076.00	3076.00	3075.50	3075.00	3075.00	3075.00	3074.00	3074.00	3074.00	3073.50	3073.00	3072.50	3072.00	3072.00	3072.00	3072.00	3072.00	3071.50	3071.00	3071.00	3071.00	3071.00	3072.00	3072.00	3072.50	3073.00	3073.50	3074.00	3074.00	3075.00	3075.50	3076.50	3078.00	3078.50	3079.50	3081.00	3082.00	3082.50	3084.00	3085.50	3086.50	3087.50	3089.50	3090.50	3092.00	3093.00	3093.50	3094.50	3095.50	3096.50	3097.00	3098.00	3098.00	3099.00	3100.00	3100.50	3101.00	3101.50	3102.00	3102.50	3103.00	3104.00	3104.50	3105.00	3106.00	3106.50	3107.00	3108.00	3109.00	3110.00	3111.00	3111.50	3112.50	3113.50	3114.50	3115.00	3116.00	3117.00	3117.50	3119.00	3119.50	3120.50	3122.00	3122.00	3123.50	3125.00	3125.50	3126.50	3127.50	3128.50	3129.50	3131.00	3131.00	3132.50	3133.00	3134.50	3135.00	3135.50	3136.00	3137.00	3138.00	3138.00	3138.00	3138.50	3139.00	3139.00	3139.00	3139.00	3140.00	3140.00	3140.00	3140.00	3140.00	3140.00	3140.00	3141.00	3141.00	3141.00	3141.00	3141.00	3141.00	3141.00	3141.00	3141.00	3141.00	3141.00	3141.00	3141.00	3141.00	3141.00	3141.00	3142.00	3142.00	3142.00	3142.00	3142.00	3142.00	3142.50	3143.00	3143.00	3143.00	3143.00	3143.00	3143.50	3144.00	3144.00	3145.00	3146.00	3147.00	3147.50	3148.50	3149.00	3150.50	3151.50	3152.00	3153.00	3154.50	3155.00	3156.50	3157.00	3157.50	3159.00	3159.00	3160.00	3161.00	3161.50	3162.50	3163.00	3163.50	3164.00	3165.00	3165.00	3165.50	3166.00	3166.50	3167.00	3167.00	3167.00	3167.50	3168.00	3168.00	3168.00	3168.00	3168.00	3168.00	3168.00	3168.00	3167.50	3167.00	3167.00	3167.00	3167.00	3167.00	3166.00	3166.00	3166.00	3166.00	3166.00	3166.00	3166.00	3165.50	3165.00	3165.00	3165.00	3165.00	3165.00	3165.00	3165.00	3165.00	3165.00	3165.00	3165.00	3165.00	3165.00	3165.00	3165.00	3165.00	3165.00	3165.00	3166.00	3166.00	3166.00	3166.00	3166.00	3166.00	3166.00	3166.00	3167.00
3074.00	3074.50	3075.00	3075.00	3075.00	3075.50	3075.75	3076.00	3076.25	3076.50	3076.50	3076.50	3076.50	3076.50	3077.00	3077.00	3076.50	3076.50	3076.50	3076.50	3076.50	3076.25	3076.00	3075.75	3075.50	3075.00	3075.00	3074.75	3074.50	3074.00	3073.75	3073.50	3073.50	3073.00	3072.50	3072.50	3072.00	3071.50	3071.00	3070.75	3070.50	3070.00	3070.00	3070.00	3070.00	3069.50	3069.00	3069.00	3069.50	3069.50	3070.00	3070.00	3070.25	3070.75	3071.50	3072.00	3072.25	3073.00	3073.75	3074.50	3075.50	3076.50	3077.50	3078.50	3079.50	3080.50	3082.00	3083.25	3084.00	3085.00	3087.00	3088.00	3089.50	3090.50	3091.50	3092.50	3093.50	3094.25	3094.75	3096.00	3096.00	3097.00	3098.00	3098.50	3099.00	3099.50	3100.25	3100.75	3101.50	3102.00	3102.50	3103.00	3103.75	3104.25	3104.75	3105.50	3106.50	3107.50	3108.50	3109.00	3110.00	3111.25	3112.00	3112.75	3113.50	3114.75	3115.25	3116.50	3117.50	3118.25	3119.50	3120.00	3121.00	3122.50	3123.50	3124.25	3125.00	3126.50	3127.50	3128.50	3129.00	3130.25	3130.75	3132.25	3132.75	3133.50	3134.00	3134.50	3136.00	3136.00	3136.50	3137.00	3137.50	3138.00	3138.00	3138.00	3138.50	3138.50	3138.75	3139.00	3139.00	3139.25	3139.50	3140.00	3140.00	3140.00	3140.00	3140.00	3140.00	3140.00	3140.00	3140.00	3140.50	3140.50	3140.50	3140.50	3140.50	3140.50	3140.50	3141.00	3141.00	3141.00	3141.00	3141.00	3141.00	3141.50	3142.00	3142.00	3142.00	3142.00	3142.50	3142.75	3143.25	3143.50	3144.50	3145.00	3146.00	3146.75	3147.50	3148.25	3149.50	3150.50	3151.00	3152.00	3153.25	3153.75	3155.25	3155.75	3156.50	3157.50	3158.00	3159.00	3160.00	3160.50	3161.50	3162.00	3162.75	3163.25	3164.50	3164.50	3165.25	3165.50	3166.00	3166.50	3166.50	3166.50	3167.00	3167.50	3167.50	3167.50	3167.50	3167.75	3168.00	3168.00	3168.00	3167.25	3167.00	3167.00	3167.00	3167.00	3167.00	3166.50	3166.50	3166.50	3166.25	3166.00	3166.00	3166.00	3165.75	3165.50	3165.50	3165.25	3165.00	3165.00	3165.00	3165.00	3165.00	3165.00	3165.00	3165.00	3165.00	3165.00	3165.00	3165.00	3165.00	3165.50	3165.50	3166.00	3166.00	3166.25	3166.50	3166.50	3166.50	3166.50	3167.00	3167.50
3073.00	3073.00	3074.00	3074.00	3074.00	3074.00	3074.50	3075.00	3075.00	3075.00	3075.00	3075.00	3075.00	3075.00	3075.00	3075.00	3075.00	3075.00	3075.00	3075.00	3075.00	3074.50	3074.00	3074.00	3074.00	3073.00	3073.00	3073.00	3073.00	3072.00	3072.00	3072.00	3072.00	3071.00	3071.00	3071.00	3070.00	3069.50	3069.00	3069.00	3069.00	3068.00	3068.00	3068.00	3068.00	3067.50	3067.00	3067.00	3068.00	3068.00	3068.00	3068.00	3068.00	3068.50	3069.50	3070.00	3070.50	3071.00	3072.00	3072.50	3073.00	3074.50	3075.50	3076.00	3077.00	3078.50	3080.00	3081.00	3081.50	3082.50	3084.50	3085.50	3087.00	3088.00	3089.50	3090.50	3091.50	3092.00	3092.50	3094.00	3094.00	3095.00	3096.00	3096.50	3097.00	3097.50	3098.50	3099.00	3100.00	3100.00	3100.50	3101.00	3101.50	3102.00	3102.50	3103.00	3104.00	3105.00	3106.00	3106.50	3107.50	3109.00	3109.50	3110.50	3111.00	3112.50	3113.00	3114.00	3115.50	3116.00	3117.00	3118.00	3118.50	3120.00	3121.50	3122.00	3122.50	3124.50	3125.50	3126.00	3127.00	3128.00	3128.50	3130.00	3130.50	3131.50	3132.00	3132.00	3134.00	3134.00	3135.00	3135.50	3136.00	3137.00	3137.00	3137.00	3137.00	3137.00	3137.50	3138.00	3138.00	3138.50	3139.00	3139.00	3139.00	3139.00	3139.00	3139.00	3139.00	3139.00	3139.00	3139.00	3140.00	3140.00	3140.00	3140.00	3140.00	3140.00	3140.00	3140.00	3140.00	3140.00	3140.00	3140.00	3140.00	3140.50	3141.00	3141.00	3141.00	3141.00	3142.00	3142.00	3142.50	3143.00	3144.00	3144.00	3145.00	3146.00	3146.50	3147.50	3148.50	3149.50	3150.00	3151.00	3152.00	3152.50	3154.00	3154.50	3155.50	3156.00	3157.00	3158.00	3159.00	3159.50	3160.50	3161.00	3162.00	3162.50	3164.00	3164.00	3165.00	3165.00	3165.50	3166.00	3166.00	3166.00	3166.50	3167.00	3167.00	3167.00	3167.00	3167.50	3168.00	3168.00	3168.00	3167.00	3167.00	3167.00	3167.00	3167.00	3167.00	3167.00	3167.00	3167.00	3166.50	3166.00	3166.00	3166.00	3166.00	3166.00	3166.00	3165.50	3165.00	3165.00	3165.00	3165.00	3165.00	3165.00	3165.00	3165.00	3165.00	3165.00	3165.00	3165.00	3165.00	3166.00	3166.00	3166.00	3166.00	3166.50	3167.00	3167.00	3167.00	3167.00	3168.00	3168.00
3073.00	3073.00	3074.00	3074.00	3074.00	3074.00	3074.50	3075.00	3075.00	3075.00	3075.00	3075.00	3075.00	3075.00	3075.00	3075.00	3075.00	3075.00	3075.00	3075.00	3075.00	3074.50	3074.00	3074.00	3074.00	3073.00	3073.00	3073.00	3073.00	3072.00	3072.00	3072.00	3072.00	3071.00	3071.00	3071.00	3070.00	3069.50	3069.00	3069.00	3069.00	3068.00	3068.00	3068.00	3068.00	3067.50	3067.00	3067.00	3068.00	3068.00	3068.00	3068.00	3068.00	3068.50	3069.50	3070.00	3070.50	3071.00	3072.00	3072.50	3073.00	3074.50	3075.50	3076.00	3077.00	3078.50	3080.00	3081.00	3081.50	3082.50	3084.50	3085.50	3087.00	3088.00	3089.50	3090.50	3091.50	3092.00	3092.50	3094.00	3094.00	3095.00	3096.00	3096.50	3097.00	3097.50	3098.50	3099.00	3100.00	3100.00	3100.50	3101.00	3101.50	3102.00	3102.50	3103.00	3104.00	3105.00	3106.00	3106.50	3107.50	3109.00	3109.50	3110.50	3111.00	3112.50	3113.00	3114.00	3115.50	3116.00	3117.00	3118.00	3118.50	3120.00	3121.50	3122.00	3122.50	3124.50	3125.50	3126.00	3127.00	3128.00	3128.50	3130.00	3130.50	3131.50	3132.00	3132.00	3134.00	3134.00	3135.00	3135.50	3136.00	3137.00	3137.00	3137.00	3137.00	3137.00	3137.50	3138.00	3138.00	3138.50	3139.00	3139.00	3139.00	3139.00	3139.00	3139.00	3139.00	3139.00	3139.00	3139.00	3140.00	3140.00	3140.00	3140.00	3140.00	3140.00	3140.00	3140.00	3140.00	3140.00	3140.00	3140.00	3140.00	3140.50	3141.00	3141.00	3141.00	3141.00	3142.00	3142.00	3142.50	3143.00	3144.00	3144.00	3145.00	3146.00	3146.50	3147.50	3148.50	3149.50	3150.00	3151.00	3152.00	3152.50	3154.00	3154.50	3155.50	3156.00	3157.00	3158.00	3159.00	3159.50	3160.50	3161.00	3162.00	3162.50	3164.00	3164.00	3165.00	3165.00	3165.50	3166.00	3166.00	3166.00	3166.50	3167.00	3167.00	3167.00	3167.00	3167.50	3168.00	3168.00	3168.00	3167.00	3167.00	3167.00	3167.00	3167.00	3167.00	3167.00	3167.00	3167.00	3166.50	3166.00	3166.00	3166.00	3166.00	3166.00	3166.00	3165.50	3165.00	3165.00	3165.00	3165.00	3165.00	3165.00	3165.00	3165.00	3165.00	3165.00	3165.00	3165.00	3165.00	3166.00	3166.00	3166.00	3166.00	3166.50	3167.00	3167.00	3167.00	3167.00	3168.00	3168.00
3073.00	3073.00	3074.00	3074.00	3074.00	3074.00	3074.50	3075.00	3075.00	3075.00	3075.00	3075.00	3075.00	3075.00	3075.00	3075.00	3075.00	3075.00	3075.00	3075.00	3075.00	3074.50	3074.00	3074.00	3074.00	3073.00	3073.00	3073.00	3073.00	3072.00	3072.00	3072.00	3072.00	3071.00	3071.00	3071.00	3070.00	3069.50	3069.00	3069.00	3069.00	3068.00	3068.00	3068.00	3068.00	3067.50	3067.00	3067.00	3068.00	3068.00	3068.00	3068.00	3068.00	3068.50	3069.50	3070.00	3070.50	3071.00	3072.00	3072.50	3073.00	3074.50	3075.50	3076.00	3077.00	3078.50	3080.00	3081.00	3081.50	3082.50	3084.50	3085.50	3087.00	3088.00	3089.50	3090.50	3091.50	3092.00	3092.50	3094.00	3094.00	3095.00	3096.00	3096.50	3097.00	3097.50	3098.50	3099.00	3100.00	3100.00	3100.50	3101.00	3101.50	3102.00	3102.50	3103.00	3104.00	3105.00	3106.00	3106.50	3107.50	3109.00	3109.50	3110.50	3111.00	3112.50	3113.00	3114.00	3115.50	3116.00	3117.00	3118.00	3118.50	3120.00	3121.50	3122.00	3122.50	3124.50	3125.50	3126.00	3127.00	3128.00	3128.50	3130.00	3130.50	3131.50	3132.00	3132.00	3134.00	3134.00	3135.00	3135.50	3136.00	3137.00	3137.00	3137.00	3137.00	3137.00	3137.50	3138.00	3138.00	3138.50	3139.00	3139.00	3139.00	3139.00	3139.00	3139.00	3139.00	3139.00	3139.00	3139.00	3140.00	3140.00	3140.00	3140.00	3140.00	3140.00	3140.00	3140.00	3140.00	3140.00	3140.00	3140.00	3140.00	3140.50	3141.00	3141.00	3141.00	3141.00	3142.00	3142.00	3142.50	3143.00	3144.00	3144.00	3145.00	3146.00	3146.50	3147.50	3148.50	3149.50	3150.00	3151.00	3152.00	3152.50	3154.00	3154.50	3155.50	3156.00	3157.00	3158.00	3159.00	3159.50	3160.50	3161.00	3162.00	3162.50	3164.00	3164.00	3165.00	3165.00	3165.50	3166.00	3166.00	3166.00	3166.50	3167.00	3167.00	3167.00	3167.00	3167.50	3168.00	3168.00	3168.00	3167.00	3167.00	3167.00	3167.00	3167.00	3167.00	3167.00	3167.00	3167.00	3166.50	3166.00	3166.00	3166.00	3166.00	3166.00	3166.00	3165.50	3165.00	3165.00	3165.00	3165.00	3165.00	3165.00	3165.00	3165.00	3165.00	3165.00	3165.00	3165.00	3165.00	3166.00	3166.00	3166.00	3166.00	3166.50	3167.00	3167.00	3167.00	3167.00	3168.00	3168.00
3073.00	3073.00	3074.00	3074.00	3074.00	3074.00	3074.50	3075.00	3075.00	3075.00	3075.00	3075.00	3075.00	3075.00	3075.00	3075.00	3075.00	3075.00	3075.00	3075.00	3075.00	3074.50	3074.00	3074.00	3074.00	3073.00	3073.00	3073.00	3073.00	3072.00	3072.00	3072.00	3072.00	3071.00	3071.00	3071.00	3070.00	3069.50	3069.00	3069.00	3069.00	3068.00	3068.00	3068.00	3068.00	3067.50	3067.00	3067.00	3068.00	3068.00	3068.00	3068.00	3068.00	3068.50	3069.50	3070.00	3070.50	3071.00	3072.00	3072.50	3073.00	3074.50	3075.50	3076.00	3077.00	3078.50	3080.00	3081.00	3081.50	3082.50	3084.50	3085.50	3087.00	3088.00	3089.50	3090.50	3091.50	3092.00	3092.50	3094.00	3094.00	3095.00	3096.00	3096.50	3097.00	3097.50	3098.50	3099.00	3100.00	3100.00	3100.50	3101.00	3101.50	3102.00	3102.50	3103.00	3104.00	3105.00	3106.00	3106.50	3107.50	3109.00	3109.50	3110.50	3111.00	3112.50	3113.00	3114.00	3115.50	3116.00	3117.00	3118.00	3118.50	3120.00	3121.50	3122.00	3122.50	3124.50	3125.50	3126.00	3127.00	3128.00	3128.50	3130.00	3130.50	3131.50	3132.00	3132.00	3134.00	3134.00	3135.00	3135.50	3136.00	3137.00	3137.00	3137.00	3137.00	3137.00	3137.50	3138.00	3138.00	3138.50	3139.00	3139.00	3139.00	3139.00	3139.00	3139.00	3139.00	3139.00	3139.00	3139.00	3140.00	3140.00	3140.00	3140.00	3140.00	3140.00	3140.00	3140.00	3140.00	3140.00	3140.00	3140.00	3140.00	3140.50	3141.00	3141.00	3141.00	3141.00	3142.00	3142.00	3142.50	3143.00	3144.00	3144.00	3145.00	3146.00	3146.50	3147.50	3148.50	3149.50	3150.00	3151.00	3152.00	3152.50	3154.00	3154.50	3155.50	3156.00	3157.00	3158.00	3159.00	3159.50	3160.50	3161.00	3162.00	3162.50	3164.00	3164.00	3165.00	3165.00	3165.50	3166.00	3166.00	3166.00	3166.50	3167.00	3167.00	3167.00	3167.00	3167.50	3168.00	3168.00	3168.00	3167.00	3167.00	3167.00	3167.00	3167.00	3167.00	3167.00	3167.00	3167.00	3166.50	3166.00	3166.00	3166.00	3166.00	3166.00	3166.00	3165.50	3165.00	3165.00	3165.00	3165.00	3165.00	3165.00	3165.00	3165.00	3165.00	3165.00	3165.00	3165.00	3165.00	3166.00	3166.00	3166.00	3166.00	3166.50	3167.00	3167.00	3167.00	3167.00	3168.00	3168.00
3073.00	3073.00	3074.00	3074.00	3074.00	3074.00	3074.50	3075.00	3075.00	3075.00	3075.00	3075.00	3075.00	3075.00	3075.00	3075.00	3075.00	3075.00	3075.00	3075.00	3075.00	3074.50	3074.00	3074.00	3074.00	3073.00	3073.00	3073.00	3073.00	3072.00	3072.00	3072.00	3072.00	3071.00	3071.00	3071.00	3070.00	3069.50	3069.00	3069.00	3069.00	3068.00	3068.00	3068.00	3068.00	3067.50	3067.00	3067.00	3068.00	3068.00	3068.00	3068.00	3068.00	3068.50	3069.50	3070.00	3070.50	3071.00	3072.00	3072.50	3073.00	3074.50	3075.50	3076.00	3077.00	3078.50	3080.00	3081.00	3081.50	3082.50	3084.50	3085.50	3087.00	3088.00	3089.50	3090.50	3091.50	3092.00	3092.50	3094.00	3094.00	3095.00	3096.00	3096.50	3097.00	3097.50	3098.50	3099.00	3100.00	3100.00	3100.50	3101.00	3101.50	3102.00	3102.50	3103.00	3104.00	3105.00	3106.00	3106.50	3107.50	3109.00	3109.50	3110.50	3111.00	3112.50	3113.00	3114.00	3115.50	3116.00	3117.00	3118.00	3118.50	3120.00	3121.50	3122.00	3122.50	3124.50	3125.50	3126.00	3127.00	3128.00	3128.50	3130.00	3130.50	3131.50	3132.00	3132.00	3134.00	3134.00	3135.00	3135.50	3136.00	3137.00	3137.00	3137.00	3137.00	3137.00	3137.50	3138.00	3138.00	3138.50	3139.00	3139.00	3139.00	3139.00	3139.00	3139.00	3139.00	3139.00	3139.00	3139.00	3140.00	3140.00	3140.00	3140.00	3140.00	3140.00	3140.00	3140.00	3140.00	3140.00	3140.00	3140.00	3140.00	3140.50	3141.00	3141.00	3141.00	3141.00	3142.00	3142.00	3142.50	3143.00	3144.00	3144.00	3145.00	3146.00	3146.50	3147.50	3148.50	3149.50	3150.00	3151.00	3152.00	3152.50	3154.00	3154.50	3155.50	3156.00	3157.00	3158.00	3159.00	3159.50	3160.50	3161.00	3162.00	3162.50	3164.00	3164.00	3165.00	3165.00	3165.50	3166.00	3166.00	3166.00	3166.50	3167.00	3167.00	3167.00	3167.00	3167.50	3168.00	3168.00	3168.00	3167.00	3167.00	3167.00	3167.00	3167.00	3167.00	3167.00	3167.00	3167.00	3166.50	3166.00	3166.00	3166.00	3166.00	3166.00	3166.00	3165.50	3165.00	3165.00	3165.00	3165.00	3165.00	3165.00	3165.00	3165.00	3165.00	3165.00	3165.00	3165.00	3165.00	3166.00	3166.00	3166.00	3166.00	3166.50	3167.00	3167.00	3167.00	3167.00	3168.00	3168.00
3072.00	3072.50	3073.00	3073.00	3073.50	3073.50	3073.75	3074.00	3074.00	3074.00	3074.00	3074.00	3074.00	3074.00	3074.00	3074.00	3074.00	3074.00	3074.00	3074.00	3073.75	3073.25	3073.00	3073.00	3072.75	3072.00	3072.00	3071.75	3071.50	3071.00	3071.00	3070.75	3070.50	3070.00	3070.00	3069.50	3069.00	3068.50	3068.00	3068.00	3067.75	3067.00	3067.00	3066.75	3066.50	3066.25	3066.00	3066.00	3066.50	3066.50	3066.50	3066.50	3066.50	3067.00	3067.75	3068.25	3068.75	3069.50	3070.25	3071.00	3071.50	3072.75	3073.50	3074.50	3075.00	3076.50	3078.00	3079.25	3080.00	3081.00	3082.75	3083.50	3085.00	3086.00	3087.50	3088.25	3089.50	3090.00	3090.50	3091.50	3092.00	3093.00	3093.50	3094.25	3094.75	3095.50	3096.25	3096.75	3097.50	3097.50	3098.25	3098.50	3099.25	3099.75	3100.25	3101.00	3101.75	3102.50	3103.50	3104.00	3104.75	3106.25	3106.75	3107.50	3108.50	3109.50	3110.00	3111.00	3112.50	3113.00	3114.00	3115.00	3115.75	3117.00	3118.25	3118.75	3119.50	3121.00	3122.00	3123.00	3124.00	3124.75	3125.50	3126.75	3127.50	3128.25	3129.00	3129.00	3131.00	3131.50	3132.25	3132.75	3133.25	3134.25	3134.50	3135.00	3135.00	3135.50	3135.75	3136.25	3136.50	3136.75	3137.50	3137.50	3137.50	3137.50	3138.00	3138.00	3138.00	3138.25	3138.50	3138.50	3139.00	3139.00	3139.50	3139.50	3139.50	3139.50	3139.50	3139.50	3139.50	3139.50	3140.00	3140.00	3140.00	3140.25	3140.50	3140.50	3140.50	3140.75	3141.50	3141.50	3141.75	3142.50	3143.00	3143.50	3144.50	3145.25	3145.75	3146.50	3147.50	3148.25	3149.00	3150.00	3150.75	3151.50	3152.75	3153.25	3154.00	3154.50	3155.50	3156.50	3157.50	3158.25	3159.00	3159.50	3160.75	3161.25	3162.50	3162.50	3163.50	3164.00	3164.25	3164.75	3165.00	3165.00	3165.50	3166.00	3166.00	3166.50	3166.50	3166.75	3167.00	3167.25	3167.50	3167.00	3167.00	3167.00	3167.00	3167.00	3167.00	3167.00	3167.00	3167.00	3166.75	3166.50	3166.50	3166.25	3166.00	3166.00	3166.00	3165.75	3165.50	3165.50	3165.50	3165.50	3165.50	3165.50	3165.50	3165.50	3165.50	3165.50	3165.50	3165.75	3166.00	3166.50	3166.50	3166.50	3166.50	3167.25	3167.50	3167.50	3167.50	3168.00	3168.50	3168.50
3071.00	3072.00	3072.00	3072.00	3073.00	3073.00	3073.00	3073.00	3073.00	3073.00	3073.00	3073.00	3073.00	3073.00	3073.00	3073.00	3073.00	3073.00	3073.00	3073.00	3072.50	3072.00	3072.00	3072.00	3071.50	3071.00	3071.00	3070.50	3070.00	3070.00	3070.00	3069.50	3069.00	3069.00	3069.00	3068.00	3068.00	3067.50	3067.00	3067.00	3066.50	3066.00	3066.00	3065.50	3065.00	3065.00	3065.00	3065.00	3065.00	3065.00	3065.00	3065.00	3065.00	3065.50	3066.00	3066.50	3067.00	3068.00	3068.50	3069.50	3070.00	3071.00	3071.50	3073.00	3073.00	3074.50	3076.00	3077.50	3078.50	3079.50	3081.00	3081.50	3083.00	3084.00	3085.50	3086.00	3087.50	3088.00	3088.50	3089.00	3090.00	3091.00	3091.00	3092.00	3092.50	3093.50	3094.00	3094.50	3095.00	3095.00	3096.00	3096.00	3097.00	3097.50	3098.00	3099.00	3099.50	3100.00	3101.00	3101.50	3102.00	3103.50	3104.00	3104.50	3106.00	3106.50	3107.00	3108.00	3109.50	3110.00	3111.00	3112.00	3113.00	3114.00	3115.00	3115.50	3116.50	3117.50	3118.50	3120.00	3121.00	3121.50	3122.50	3123.50	3124.50	3125.00	3126.00	3126.00	3128.00	3129.00	3129.50	3130.00	3130.50	3131.50	3132.00	3133.00	3133.00	3134.00	3134.00	3134.50	3135.00	3135.00	3136.00	3136.00	3136.00	3136.00	3137.00	3137.00	3137.00	3137.50	3138.00	3138.00	3138.00	3138.00	3139.00	3139.00	3139.00	3139.00	3139.00	3139.00	3139.00	3139.00	3140.00	3140.00	3140.00	3140.00	3140.00	3140.00	3140.00	3140.50	3141.00	3141.00	3141.00	3142.00	3142.00	3143.00	3144.00	3144.50	3145.00	3145.50	3146.50	3147.00	3148.00	3149.00	3149.50	3150.50	3151.50	3152.00	3152.50	3153.00	3154.00	3155.00	3156.00	3157.00	3157.50	3158.00	3159.50	3160.00	3161.00	3161.00	3162.00	3163.00	3163.00	3163.50	3164.00	3164.00	3164.50	3165.00	3165.00	3166.00	3166.00	3166.00	3166.00	3166.50	3167.00	3167.00	3167.00	3167.00	3167.00	3167.00	3167.00	3167.00	3167.00	3167.00	3167.00	3167.00	3167.00	3166.50	3166.00	3166.00	3166.00	3166.00	3166.00	3166.00	3166.00	3166.00	3166.00	3166.00	3166.00	3166.00	3166.00	3166.00	3166.00	3166.50	3167.00	3167.00	3167.00	3167.00	3167.00	3168.00	3168.00	3168.00	3168.00	3169.00	3169.00	3169.00
3071.00	3072.00	3072.00	3072.00	3073.00	3073.00	3073.00	3073.00	3073.00	3073.00	3073.00	3073.00	3073.00	3073.00	3073.00	3073.00	3073.00	3073.00	3073.00	3073.00	3072.50	3072.00	3072.00	3072.00	3071.50	3071.00	3071.00	3070.50	3070.00	3070.00	3070.00	3069.50	3069.00	3069.00	3069.00	3068.00	3068.00	3067.50	3067.00	3067.00	3066.50	3066.00	3066.00	3065.50	3065.00	3065.00	3065.00	3065.00	3065.00	3065.00	3065.00	3065.00	3065.00	3065.50	3066.00	3066.50	3067.00	3068.00	3068.50	3069.50	3070.00	3071.00	3071.50	3073.00	3073.00	3074.50	3076.00	3077.50	3078.50	3079.50	3081.00	3081.50	3083.00	3084.00	3085.50	3086.00	3087.50	3088.00	3088.50	3089.00	3090.00	3091.00	3091.00	3092.00	3092.50	3093.50	3094.00	3094.50	3095.00	3095.00	3096.00	3096.00	3097.00	3097.50	3098.00	3099.00	3099.50	3100.00	3101.00	3101.50	3102.00	3103.50	3104.00	3104.50	3106.00	3106.50	3107.00	3108.00	3109.50	3110.00	3111.00	3112.00	3113.00	3114.00	3115.00	3115.50	3116.50	3117.50	3118.50	3120.00	3121.00	3121.50	3122.50	3123.50	3124.50	3125.00	3126.00	3126.00	3128.00	3129.00	3129.50	3130.00	3130.50	3131.50	3132.00	3133.00	3133.00	3134.00	3134.00	3134.50	3135.00	3135.00	3136.00	3136.00	3136.00	3136.00	3137.00	3137.00	3137.00	3137.50	3138.00	3138.00	3138.00	3138.00	3139.00	3139.00	3139.00	3139.00	3139.00	3139.00	3139.00	3139.00	3140.00	3140.00	3140.00	3140.00	3140.00	3140.00	3140.00	3140.50	3141.00	3141.00	3141.00	3142.00	3142.00	3143.00	3144.00	3144.50	3145.00	3145.50	3146.50	3147.00	3148.00	3149.00	3149.50	3150.50	3151.50	3152.00	3152.50	3153.00	3154.00	3155.00	3156.00	3157.00	3157.50	3158.00	3159.50	3160.00	3161.00	3161.00	3162.00	3163.00	3163.00	3163.50	3164.00	3164.00	3164.50	3165.00	3165.00	3166.00	3166.00	3166.00	3166.00	3166.50	3167.00	3167.00	3167.00	3167.00	3167.00	3167.00	3167.00	3167.00	3167.00	3167.00	3167.00	3167.00	3167.00	3166.50	3166.00	3166.00	3166.00	3166.00	3166.00	3166.00	3166.00	3166.00	3166.00	3166.00	3166.00	3166.00	3166.00	3166.00	3166.00	3166.50	3167.00	3167.00	3167.00	3167.00	3167.00	3168.00	3168.00	3168.00	3168.00	3169.00	3169.00	3169.00
3071.00	3072.00	3072.00	3072.00	3073.00	3073.00	3073.00	3073.00	3073.00	3073.00	3073.00	3073.00	3073.00	3073.00	3073.00	3073.00	3073.00	3073.00	3073.00	3073.00	3072.50	3072.00	3072.00	3072.00	3071.50	3071.00	3071.00	3070.50	3070.00	3070.00	3070.00	3069.50	3069.00	3069.00	3069.00	3068.00	3068.00	3067.50	3067.00	3067.00	3066.50	3066.00	3066.00	3065.50	3065.00	3065.00	3065.00	3065.00	3065.00	3065.00	3065.00	3065.00	3065.00	3065.50	3066.00	3066.50	3067.00	3068.00	3068.50	3069.50	3070.00	3071.00	3071.50	3073.00	3073.00	3074.50	3076.00	3077.50	3078.50	3079.50	3081.00	3081.50	3083.00	3084.00	3085.50	3086.00	3087.50	3088.00	3088.50	3089.00	3090.00	3091.00	3091.00	3092.00	3092.50	3093.50	3094.00	3094.50	3095.00	3095.00	3096.00	3096.00	3097.00	3097.50	3098.00	3099.00	3099.50	3100.00	3101.00	3101.50	3102.00	3103.50	3104.00	3104.50	3106.00	3106.50	3107.00	3108.00	3109.50	3110.00	3111.00	3112.00	3113.00	3114.00	3115.00	3115.50	3116.50	3117.50	3118.50	3120.00	3121.00	3121.50	3122.50	3123.50	3124.50	3125.00	3126.00	3126.00	3128.00	3129.00	3129.50	3130.00	3130.50	3131.50	3132.00	3133.00	3133.00	3134.00	3134.00	3134.50	3135.00	3135.00	3136.00	3136.00	3136.00	3136.00	3137.00	3137.00	3137.00	3137.50	3138.00	3138.00	3138.00	3138.00	3139.00	3139.00	3139.00	3139.00	3139.00	3139.00	3139.00	3139.00	3140.00	3140.00	3140.00	3140.00	3140.00	3140.00	3140.00	3140.50	3141.00	3141.00	3141.00	3142.00	3142.00	3143.00	3144.00	3144.50	3145.00	3145.50	3146.50	3147.00	3148.00	3149.00	3149.50	3150.50	3151.50	3152.00	3152.50	3153.00	3154.00	3155.00	3156.00	3157.00	3157.50	3158.00	3159.50	3160.00	3161.00	3161.00	3162.00	3163.00	3163.00	3163.50	3164.00	3164.00	3164.50	3165.00	3165.00	3166.00	3166.00	3166.00	3166.00	3166.50	3167.00	3167.00	3167.00	3167.00	3167.00	3167.00	3167.00	3167.00	3167.00	3167.00	3167.00	3167.00	3167.00	3166.50	3166.00	3166.00	3166.00	3166.00	3166.00	3166.00	3166.00	3166.00	3166.00	3166.00	3166.00	3166.00	3166.00	3166.00	3166.00	3166.50	3167.00	3167.00	3167.00	3167.00	3167.00	3168.00	3168.00	3168.00	3168.00	3169.00	3169.00	3169.00
3071.00	3072.00	3072.00	3072.00	3073.00	3073.00	3073.00	3073.00	3073.00	3073.00	3073.00	3073.00	3073.00	3073.00	3073.00	3073.00	3073.00	3073.00	3073.00	3073.00	3072.50	3072.00	3072.00	3072.00	3071.50	3071.00	3071.00	3070.50	3070.00	3070.00	3070.00	3069.50	3069.00	3069.00	3069.00	3068.00	3068.00	3067.50	3067.00	3067.00	3066.50	3066.00	3066.00	3065.50	3065.00	3065.00	3065.00	3065.00	3065.00	3065.00	3065.00	3065.00	3065.00	3065.50	3066.00	3066.50	3067.00	3068.00	3068.50	3069.50	3070.00	3071.00	3071.50	3073.00	3073.00	3074.50	3076.00	3077.50	3078.50	3079.50	3081.00	3081.50	3083.00	3084.00	3085.50	3086.00	3087.50	3088.00	3088.50	3089.00	3090.00	3091.00	3091.00	3092.00	3092.50	3093.50	3094.00	3094.50	3095.00	3095.00	3096.00	3096.00	3097.00	3097.50	3098.00	3099.00	3099.50	3100.00	3101.00	3101.50	3102.00	3103.50	3104.00	3104.50	3106.00	3106.50	3107.00	3108.00	3109.50	3110.00	3111.00	3112.00	3113.00	3114.00	3115.00	3115.50	3116.50	3117.50	3118.50	3120.00	3121.00	3121.50	3122.50	3123.50	3124.50	3125.00	3126.00	3126.00	3128.00	3129.00	3129.50	3130.00	3130.50	3131.50	3132.00	3133.00	3133.00	3134.00	3134.00	3134.50	3135.00	3135.00	3136.00	3136.00	3136.00	3136.00	3137.00	3137.00	3137.00	3137.50	3138.00	3138.00	3138.00	3138.00	3139.00	3139.00	3139.00	3139.00	3139.00	3139.00	3139.00	3139.00	3140.00	3140.00	3140.00	3140.00	3140.00	3140.00	3140.00	3140.50	3141.00	3141.00	3141.00	3142.00	3142.00	3143.00	3144.00	3144.50	3145.00	3145.50	3146.50	3147.00	3148.00	3149.00	3149.50	3150.50	3151.50	3152.00	3152.50	3153.00	3154.00	3155.00	3156.00	3157.00	3157.50	3158.00	3159.50	3160.00	3161.00	3161.00	3162.00	3163.00	3163.00	3163.50	3164.00	3164.00	3164.50	3165.00	3165.00	3166.00	3166.00	3166.00	3166.00	3166.50	3167.00	3167.00	3167.00	3167.00	3167.00	3167.00	3167.00	3167.00	3167.00	3167.00	3167.00	3167.00	3167.00	3166.50	3166.00	3166.00	3166.00	3166.00	3166.00	3166.00	3166.00	3166.00	3166.00	3166.00	3166.00	3166.00	3166.00	3166.00	3166.00	3166.50	3167.00	3167.00	3167.00	3167.00	3167.00	3168.00	3168.00	3168.00	3168.00	3169.00	3169.00	3169.00
3070.75	3071.50	3071.50	3071.50	3072.00	3072.25	3072.50	3072.50	3072.50	3072.50	3072.50	3072.50	3072.50	3072.50	3072.50	3072.50	3072.50	3072.00	3072.00	3072.00	3071.75	3071.50	3071.50	3071.00	3070.75	3070.50	3070.50	3069.75	3069.50	3069.25	3069.00	3068.75	3068.50	3068.25	3068.00	3067.50	3067.25	3066.75	3066.50	3066.25	3065.75	3065.50	3065.00	3064.75	3064.00	3064.00	3064.00	3064.00	3064.00	3064.25	3064.50	3064.50	3064.50	3064.75	3065.50	3065.75	3066.25	3067.00	3067.50	3068.25	3068.50	3069.75	3070.25	3071.50	3072.00	3073.25	3074.50	3076.00	3077.00	3078.00	3079.25	3080.00	3081.50	3082.00	3083.50	3084.00	3085.25	3085.75	3086.25	3087.00	3088.00	3089.00	3089.00	3090.00	3090.50	3091.50	3092.00	3092.50	3093.00	3093.00	3094.00	3094.50	3095.00	3095.50	3096.00	3096.50	3097.00	3097.50	3098.50	3099.00	3099.50	3100.50	3101.00	3101.50	3102.50	3103.50	3104.00	3105.00	3106.00	3106.50	3107.50	3108.00	3109.25	3110.00	3111.25	3111.75	3112.50	3113.75	3114.50	3116.00	3117.00	3117.50	3118.50	3119.50	3120.50	3121.00	3122.00	3122.50	3124.50	3125.00	3126.00	3126.75	3127.25	3128.25	3128.75	3130.00	3130.00	3131.00	3131.25	3132.50	3133.00	3133.00	3134.00	3134.00	3134.50	3134.50	3135.50	3135.50	3135.75	3136.25	3136.75	3137.00	3137.00	3137.50	3138.00	3138.50	3138.50	3138.50	3138.50	3138.50	3139.00	3139.00	3139.50	3139.50	3139.50	3139.50	3139.50	3139.50	3139.50	3139.75	3140.50	3140.50	3140.75	3141.50	3141.50	3142.50	3143.00	3143.75	3144.25	3144.75	3145.75	3146.25	3147.00	3148.00	3148.50	3149.25	3150.25	3150.75	3151.25	3152.00	3152.50	3153.50	3154.50	3155.50	3156.00	3156.50	3157.75	3158.25	3159.50	3159.50	3160.25	3161.00	3161.50	3162.00	3162.50	3163.00	3163.25	3164.00	3164.00	3164.75	3165.00	3165.25	3165.50	3165.75	3166.00	3166.50	3166.50	3166.50	3166.75	3167.00	3167.00	3167.00	3167.00	3167.00	3167.00	3167.00	3167.00	3166.75	3166.50	3166.50	3166.50	3166.50	3166.50	3166.50	3166.50	3166.50	3166.50	3166.50	3166.50	3166.50	3166.50	3166.75	3167.00	3167.25	3167.50	3167.50	3168.00	3168.00	3168.25	3169.00	3169.00	3169.25	3169.50	3170.00	3170.50	3170.50
3070.50	3071.00	3071.00	3071.00	3071.00	3071.50	3072.00	3072.00	3072.00	3072.00	3072.00	3072.00	3072.00	3072.00	3072.00	3072.00	3072.00	3071.00	3071.00	3071.00	3071.00	3071.00	3071.00	3070.00	3070.00	3070.00	3070.00	3069.00	3069.00	3068.50	3068.00	3068.00	3068.00	3067.50	3067.00	3067.00	3066.50	3066.00	3066.00	3065.50	3065.00	3065.00	3064.00	3064.00	3063.00	3063.00	3063.00	3063.00	3063.00	3063.50	3064.00	3064.00	3064.00	3064.00	3065.00	3065.00	3065.50	3066.00	3066.50	3067.00	3067.00	3068.50	3069.00	3070.00	3071.00	3072.00	3073.00	3074.50	3075.50	3076.50	3077.50	3078.50	3080.00	3080.00	3081.50	3082.00	3083.00	3083.50	3084.00	3085.00	3086.00	3087.00	3087.00	3088.00	3088.50	3089.50	3090.00	3090.50	3091.00	3091.00	3092.00	3093.00	3093.00	3093.50	3094.00	3094.00	3094.50	3095.00	3096.00	3096.50	3097.00	3097.50	3098.00	3098.50	3099.00	3100.50	3101.00	3102.00	3102.50	3103.00	3104.00	3104.00	3105.50	3106.00	3107.50	3108.00	3108.50	3110.00	3110.50	3112.00	3113.00	3113.50	3114.50	3115.50	3116.50	3117.00	3118.00	3119.00	3121.00	3121.00	3122.50	3123.50	3124.00	3125.00	3125.50	3127.00	3127.00	3128.00	3128.50	3130.50	3131.00	3131.00	3132.00	3132.00	3133.00	3133.00	3134.00	3134.00	3134.50	3135.00	3135.50	3136.00	3136.00	3137.00	3137.00	3138.00	3138.00	3138.00	3138.00	3138.00	3139.00	3139.00	3139.00	3139.00	3139.00	3139.00	3139.00	3139.00	3139.00	3139.00	3140.00	3140.00	3140.50	3141.00	3141.00	3142.00	3142.00	3143.00	3143.50	3144.00	3145.00	3145.50	3146.00	3147.00	3147.50	3148.00	3149.00	3149.50	3150.00	3151.00	3151.00	3152.00	3153.00	3154.00	3154.50	3155.00	3156.00	3156.50	3158.00	3158.00	3158.50	3159.00	3160.00	3160.50	3161.00	3162.00	3162.00	3163.00	3163.00	3163.50	3164.00	3164.50	3165.00	3165.00	3165.00	3166.00	3166.00	3166.00	3166.50	3167.00	3167.00	3167.00	3167.00	3167.00	3167.00	3167.00	3167.00	3167.00	3167.00	3167.00	3167.00	3167.00	3167.00	3167.00	3167.00	3167.00	3167.00	3167.00	3167.00	3167.00	3167.00	3167.50	3168.00	3168.00	3168.00	3168.00	3169.00	3169.00	3169.50	3170.00	3170.00	3170.50	3171.00	3171.00	3172.00	3172.00
3070.50	3071.00	3071.00	3071.00	3071.00	3071.50	3072.00	3072.00	3072.00	3072.00	3072.00	3072.00	3072.00	3072.00	3072.00	3072.00	3072.00	3071.00	3071.00	3071.00	3071.00	3071.00	3071.00	3070.00	3070.00	3070.00	3070.00	3069.00	3069.00	3068.50	3068.00	3068.00	3068.00	3067.50	3067.00	3067.00	3066.50	3066.00	3066.00	3065.50	3065.00	3065.00	3064.00	3064.00	3063.00	3063.00	3063.00	3063.00	3063.00	3063.50	3064.00	3064.00	3064.00	3064.00	3065.00	3065.00	3065.50	3066.00	3066.50	3067.00	3067.00	3068.50	3069.00	3070.00	3071.00	3072.00	3073.00	3074.50	3075.50	3076.50	3077.50	3078.50	3080.00	3080.00	3081.50	3082.00	3083.00	3083.50	3084.00	3085.00	3086.00	3087.00	3087.00	3088.00	3088.50	3089.50	3090.00	3090.50	3091.00	3091.00	3092.00	3093.00	3093.00	3093.50	3094.00	3094.00	3094.50	3095.00	3096.00	3096.50	3097.00	3097.50	3098.00	3098.50	3099.00	3100.50	3101.00	3102.00	3102.50	3103.00	3104.00	3104.00	3105.50	3106.00	3107.50	3108.00	3108.50	3110.00	3110.50	3112.00	3113.00	3113.50	3114.50	3115.50	3116.50	3117.00	3118.00	3119.00	3121.00	3121.00	3122.50	3123.50	3124.00	3125.00	3125.50	3127.00	3127.00	3128.00	3128.50	3130.50	3131.00	3131.00	3132.00	3132.00	3133.00	3133.00	3134.00	3134.00	3134.50	3135.00	3135.50	3136.00	3136.00	3137.00	3137.00	3138.00	3138.00	3138.00	3138.00	3138.00	3139.00	3139.00	3139.00	3139.00	3139.00	3139.00	3139.00	3139.00	3139.00	3139.00	3140.00	3140.00	3140.50	3141.00	3141.00	3142.00	3142.00	3143.00	3143.50	3144.00	3145.00	3145.50	3146.00	3147.00	3147.50	3148.00	3149.00	3149.50	3150.00	3151.00	3151.00	3152.00	3153.00	3154.00	3154.50	3155.00	3156.00	3156.50	3158.00	3158.00	3158.50	3159.00	3160.00	3160.50	3161.00	3162.00	3162.00	3163.00	3163.00	3163.50	3164.00	3164.50	3165.00	3165.00	3165.00	3166.00	3166.00	3166.00	3166.50	3167.00	3167.00	3167.00	3167.00	3167.00	3167.00	3167.00	3167.00	3167.00	3167.00	3167.00	3167.00	3167.00	3167.00	3167.00	3167.00	3167.00	3167.00	3167.00	3167.00	3167.00	3167.00	3167.50	3168.00	3168.00	3168.00	3168.00	3169.00	3169.00	3169.50	3170.00	3170.00	3170.50	3171.00	3171.00	3172.00	3172.00
3070.50	3071.00	3071.00	3071.00	3071.00	3071.50	3072.00	3072.00	3072.00	3072.00	3072.00	3072.00	3072.00	3072.00	3072.00	3072.00	3072.00	3071.00	3071.00	3071.00	3071.00	3071.00	3071.00	3070.00	3070.00	3070.00	3070.00	3069.00	3069.00	3068.50	3068.00	3068.00	3068.00	3067.50	3067.00	3067.00	3066.50	3066.00	3066.00	3065.50	3065.00	3065.00	3064.00	3064.00	3063.00	3063.00	3063.00	3063.00	3063.00	3063.50	3064.00	3064.00	3064.00	3064.00	3065.00	3065.00	3065.50	3066.00	3066.50	3067.00	3067.00	3068.50	3069.00	3070.00	3071.00	3072.00	3073.00	3074.50	3075.50	3076.50	3077.50	3078.50	3080.00	3080.00	3081.50	3082.00	3083.00	3083.50	3084.00	3085.00	3086.00	3087.00	3087.00	3088.00	3088.50	3089.50	3090.00	3090.50	3091.00	3091.00	3092.00	3093.00	3093.00	3093.50	3094.00	3094.00	3094.50	3095.00	3096.00	3096.50	3097.00	3097.50	3098.00	3098.50	3099.00	3100.50	3101.00	3102.00	3102.50	3103.00	3104.00	3104.00	3105.50	3106.00	3107.50	3108.00	3108.50	3110.00	3110.50	3112.00	3113.00	3113.50	3114.50	3115.50	3116.50	3117.00	3118.00	3119.00	3121.00	3121.00	3122.50	3123.50	3124.00	3125.00	3125.50	3127.00	3127.00	3128.00	3128.50	3130.50	3131.00	3131.00	3132.00	3132.00	3133.00	3133.00	3134.00	3134.00	3134.50	3135.00	3135.50	3136.00	3136.00	3137.00	3137.00	3138.00	3138.00	3138.00	3138.00	3138.00	3139.00	3139.00	3139.00	3139.00	3139.00	3139.00	3139.00	3139.00	3139.00	3139.00	3140.00	3140.00	3140.50	3141.00	3141.00	3142.00	3142.00	3143.00	3143.50	3144.00	3145.00	3145.50	3146.00	3147.00	3147.50	3148.00	3149.00	3149.50	3150.00	3151.00	3151.00	3152.00	3153.00	3154.00	3154.50	3155.00	3156.00	3156.50	3158.00	3158.00	3158.50	3159.00	3160.00	3160.50	3161.00	3162.00	3162.00	3163.00	3163.00	3163.50	3164.00	3164.50	3165.00	3165.00	3165.00	3166.00	3166.00	3166.00	3166.50	3167.00	3167.00	3167.00	3167.00	3167.00	3167.00	3167.00	3167.00	3167.00	3167.00	3167.00	3167.00	3167.00	3167.00	3167.00	3167.00	3167.00	3167.00	3167.00	3167.00	3167.00	3167.00	3167.50	3168.00	3168.00	3168.00	3168.00	3169.00	3169.00	3169.50	3170.00	3170.00	3170.50	3171.00	3171.00	3172.00	3172.00
3070.50	3071.00	3071.00	3071.00	3071.00	3071.50	3072.00	3072.00	3072.00	3072.00	3072.00	3072.00	3072.00	3072.00	3072.00	3072.00	3072.00	3071.00	3071.00	3071.00	3071.00	3071.00	3071.00	3070.00	3070.00	3070.00	3070.00	3069.00	3069.00	3068.50	3068.00	3068.00	3068.00	3067.50	3067.00	3067.00	3066.50	3066.00	3066.00	3065.50	3065.00	3065.00	3064.00	3064.00	3063.00	3063.00	3063.00	3063.00	3063.00	3063.50	3064.00	3064.00	3064.00	3064.00	3065.00	3065.00	3065.50	3066.00	3066.50	3067.00	3067.00	3068.50	3069.00	3070.00	3071.00	3072.00	3073.00	3074.50	3075.50	3076.50	3077.50	3078.50	3080.00	3080.00	3081.50	3082.00	3083.00	3083.50	3084.00	3085.00	3086.00	3087.00	3087.00	3088.00	3088.50	3089.50	3090.00	3090.50	3091.00	3091.00	3092.00	3093.00	3093.00	3093.50	3094.00	3094.00	3094.50	3095.00	3096.00	3096.50	3097.00	3097.50	3098.00	3098.50	3099.00	3100.50	3101.00	3102.00	3102.50	3103.00	3104.00	3104.00	3105.50	3106.00	3107.50	3108.00	3108.50	3110.00	3110.50	3112.00	3113.00	3113.50	3114.50	3115.50	3116.50	3117.00	3118.00	3119.00	3121.00	3121.00	3122.50	3123.50	3124.00	3125.00	3125.50	3127.00	3127.00	3128.00	3128.50	3130.50	3131.00	3131.00	3132.00	3132.00	3133.00	3133.00	3134.00	3134.00	3134.50	3135.00	3135.50	3136.00	3136.00	3137.00	3137.00	3138.00	3138.00	3138.00	3138.00	3138.00	3139.00	3139.00	3139.00	3139.00	3139.00	3139.00	3139.00	3139.00	3139.00	3139.00	3140.00	3140.00	3140.50	3141.00	3141.00	3142.00	3142.00	3143.00	3143.50	3144.00	3145.00	3145.50	3146.00	3147.00	3147.50	3148.00	3149.00	3149.50	3150.00	3151.00	3151.00	3152.00	3153.00	3154.00	3154.50	3155.00	3156.00	3156.50	3158.00	3158.00	3158.50	3159.00	3160.00	3160.50	3161.00	3162.00	3162.00	3163.00	3163.00	3163.50	3164.00	3164.50	3165.00	3165.00	3165.00	3166.00	3166.00	3166.00	3166.50	3167.00	3167.00	3167.00	3167.00	3167.00	3167.00	3167.00	3167.00	3167.00	3167.00	3167.00	3167.00	3167.00	3167.00	3167.00	3167.00	3167.00	3167.00	3167.00	3167.00	3167.00	3167.00	3167.50	3168.00	3168.00	3168.00	3168.00	3169.00	3169.00	3169.50	3170.00	3170.00	3170.50	3171.00	3171.00	3172.00	3172.00
3070.50	3071.00	3071.00	3071.00	3071.00	3071.50	3072.00	3072.00	3072.00	3072.00	3072.00	3072.00	3072.00	3072.00	3072.00	3072.00	3072.00	3071.00	3071.00	3071.00	3071.00	3071.00	3071.00	3070.00	3070.00	3070.00	3070.00	3069.00	3069.00	3068.50	3068.00	3068.00	3068.00	3067.50	3067.00	3067.00	3066.50	3066.00	3066.00	3065.50	3065.00	3065.00	3064.00	3064.00	3063.00	3063.00	3063.00	3063.00	3063.00	3063.50	3064.00	3064.00	3064.00	3064.00	3065.00	3065.00	3065.50	3066.00	3066.50	3067.00	3067.00	3068.50	3069.00	3070.00	3071.00	3072.00	3073.00	3074.50	3075.50	3076.50	3077.50	3078.50	3080.00	3080.00	3081.50	3082.00	3083.00	3083.50	3084.00	3085.00	3086.00	3087.00	3087.00	3088.00	3088.50	3089.50	3090.00	3090.50	3091.00	3091.00	3092.00	3093.00	3093.00	3093.50	3094.00	3094.00	3094.50	3095.00	3096.00	3096.50	3097.00	3097.50	3098.00	3098.50	3099.00	3100.50	3101.00	3102.00	3102.50	3103.00	3104.00	3104.00	3105.50	3106.00	3107.50	3108.00	3108.50	3110.00	3110.50	3112.00	3113.00	3113.50	3114.50	3115.50	3116.50	3117.00	3118.00	3119.00	3121.00	3121.00	3122.50	3123.50	3124.00	3125.00	3125.50	3127.00	3127.00	3128.00	3128.50	3130.50	3131.00	3131.00	3132.00	3132.00	3133.00	3133.00	3134.00	3134.00	3134.50	3135.00	3135.50	3136.00	3136.00	3137.00	3137.00	3138.00	3138.00	3138.00	3138.00	3138.00	3139.00	3139.00	3139.00	3139.00	3139.00	3139.00	3139.00	3139.00	3139.00	3139.00	3140.00	3140.00	3140.50	3141.00	3141.00	3142.00	3142.00	3143.00	3143.50	3144.00	3145.00	3145.50	3146.00	3147.00	3147.50	3148.00	3149.00	3149.50	3150.00	3151.00	3151.00	3152.00	3153.00	3154.00	3154.50	3155.00	3156.00	3156.50	3158.00	3158.00	3158.50	3159.00	3160.00	3160.50	3161.00	3162.00	3162.00	3163.00	3163.00	3163.50	3164.00	3164.50	3165.00	3165.00	3165.00	3166.00	3166.00	3166.00	3166.50	3167.00	3167.00	3167.00	3167.00	3167.00	3167.00	3167.00	3167.00	3167.00	3167.00	3167.00	3167.00	3167.00	3167.00	3167.00	3167.00	3167.00	3167.00	3167.00	3167.00	3167.00	3167.00	3167.50	3168.00	3168.00	3168.00	3168.00	3169.00	3169.00	3169.50	3170.00	3170.00	3170.50	3171.00	3171.00	3172.00	3172.00
3070.25	3070.50	3070.50	3070.50	3070.50	3070.75	3071.00	3071.25	3071.50	3071.50	3071.50	3071.50	3071.50	3071.50	3071.50	3071.25	3071.00	3070.50	3070.50	3070.50	3070.00	3070.00	3070.00	3069.50	3069.50	3069.50	3069.00	3068.50	3068.50	3068.00	3067.50	3067.50	3067.50	3066.75	3066.50	3066.50	3066.00	3065.50	3065.50	3065.25	3065.00	3064.50	3064.00	3064.00	3063.50	3063.25	3063.00	3063.00	3063.00	3063.25	3064.00	3064.00	3064.00	3064.00	3064.75	3065.00	3065.25	3065.50	3066.25	3066.50	3067.00	3067.75	3068.25	3069.00	3070.00	3071.25	3072.00	3073.50	3074.25	3075.00	3076.25	3077.00	3078.50	3078.50	3080.00	3080.50	3081.50	3082.00	3082.50	3083.50	3084.50	3085.50	3085.50	3086.50	3087.00	3088.00	3088.50	3088.75	3089.50	3089.50	3090.25	3091.00	3091.00	3091.50	3092.00	3092.00	3092.75	3093.00	3093.50	3094.25	3094.50	3095.25	3095.75	3096.25	3096.50	3097.75	3098.00	3099.00	3099.50	3100.00	3101.00	3101.00	3102.00	3102.50	3103.75	3104.25	3105.00	3106.25	3107.00	3108.00	3109.00	3109.50	3110.50	3111.50	3112.50	3113.25	3114.50	3115.50	3117.00	3117.50	3119.00	3120.00	3120.50	3121.75	3122.50	3124.00	3124.50	3125.25	3126.00	3127.50	3128.25	3128.75	3129.50	3130.25	3131.00	3131.50	3132.25	3132.75	3133.50	3134.00	3134.50	3135.00	3135.50	3136.00	3136.50	3137.00	3137.25	3137.50	3138.00	3138.00	3138.50	3138.50	3139.00	3139.00	3139.00	3139.00	3139.00	3139.00	3139.00	3139.00	3139.75	3140.00	3140.25	3140.50	3141.00	3141.50	3142.00	3142.50	3142.75	3143.25	3144.00	3144.50	3145.00	3146.00	3146.50	3147.00	3147.75	3148.25	3148.75	3149.50	3150.00	3151.00	3151.50	3152.50	3153.00	3153.50	3154.50	3155.00	3156.00	3156.50	3157.25	3158.00	3158.50	3159.00	3159.50	3160.50	3160.75	3161.50	3161.50	3162.25	3162.75	3163.25	3163.75	3164.00	3164.50	3165.00	3165.25	3165.50	3166.00	3166.50	3166.50	3166.50	3167.00	3167.00	3167.25	3167.50	3167.50	3167.50	3167.50	3167.50	3167.50	3167.50	3167.50	3167.50	3167.50	3167.50	3167.50	3167.50	3168.00	3168.00	3168.00	3168.25	3168.50	3169.00	3169.00	3169.00	3170.00	3170.00	3170.50	3171.00	3171.25	3171.75	3172.00	3172.25	3173.00	3173.50
3070.00	3070.00	3070.00	3070.00	3070.00	3070.00	3070.00	3070.50	3071.00	3071.00	3071.00	3071.00	3071.00	3071.00	3071.00	3070.50	3070.00	3070.00	3070.00	3070.00	3069.00	3069.00	3069.00	3069.00	3069.00	3069.00	3068.00	3068.00	3068.00	3067.50	3067.00	3067.00	3067.00	3066.00	3066.00	3066.00	3065.50	3065.00	3065.00	3065.00	3065.00	3064.00	3064.00	3064.00	3064.00	3063.50	3063.00	3063.00	3063.00	3063.00	3064.00	3064.00	3064.00	3064.00	3064.50	3065.00	3065.00	3065.00	3066.00	3066.00	3067.00	3067.00	3067.50	3068.00	3069.00	3070.50	3071.00	3072.50	3073.00	3073.50	3075.00	3075.50	3077.00	3077.00	3078.50	3079.00	3080.00	3080.50	3081.00	3082.00	3083.00	3084.00	3084.00	3085.00	3085.50	3086.50	3087.00	3087.00	3088.00	3088.00	3088.50	3089.00	3089.00	3089.50	3090.00	3090.00	3091.00	3091.00	3091.00	3092.00	3092.00	3093.00	3093.50	3094.00	3094.00	3095.00	3095.00	3096.00	3096.50	3097.00	3098.00	3098.00	3098.50	3099.00	3100.00	3100.50	3101.50	3102.50	3103.50	3104.00	3105.00	3105.50	3106.50	3107.50	3108.50	3109.50	3111.00	3112.00	3113.00	3114.00	3115.50	3116.50	3117.00	3118.50	3119.50	3121.00	3122.00	3122.50	3123.50	3124.50	3125.50	3126.50	3127.00	3128.50	3129.00	3130.00	3130.50	3131.50	3132.50	3133.00	3133.50	3134.00	3135.00	3135.00	3136.00	3136.00	3136.50	3137.00	3138.00	3138.00	3138.00	3138.00	3139.00	3139.00	3139.00	3139.00	3139.00	3139.00	3139.00	3139.00	3139.50	3140.00	3140.00	3140.00	3141.00	3141.00	3142.00	3142.00	3142.00	3142.50	3143.00	3143.50	3144.00	3145.00	3145.50	3146.00	3146.50	3147.00	3147.50	3148.00	3149.00	3150.00	3150.00	3151.00	3151.50	3152.00	3153.00	3153.50	3154.00	3155.00	3156.00	3157.00	3157.00	3157.50	3158.00	3159.00	3159.50	3160.00	3160.00	3161.00	3161.50	3162.00	3162.50	3163.00	3164.00	3164.00	3164.50	3165.00	3165.50	3166.00	3166.00	3166.00	3167.00	3167.00	3167.50	3168.00	3168.00	3168.00	3168.00	3168.00	3168.00	3168.00	3168.00	3168.00	3168.00	3168.00	3168.00	3168.00	3169.00	3169.00	3169.00	3169.00	3169.00	3170.00	3170.00	3170.00	3171.00	3171.00	3171.50	3172.00	3172.50	3173.00	3173.00	3173.50	3174.00	3175.00
3070.00	3070.00	3070.00	3070.00	3070.00	3070.00	3070.00	3070.50	3071.00	3071.00	3071.00	3071.00	3071.00	3071.00	3071.00	3070.50	3070.00	3070.00	3070.00	3070.00	3069.00	3069.00	3069.00	3069.00	3069.00	3069.00	3068.00	3068.00	3068.00	3067.50	3067.00	3067.00	3067.00	3066.00	3066.00	3066.00	3065.50	3065.00	3065.00	3065.00	3065.00	3064.00	3064.00	3064.00	3064.00	3063.50	3063.00	3063.00	3063.00	3063.00	3064.00	3064.00	3064.00	3064.00	3064.50	3065.00	3065.00	3065.00	3066.00	3066.00	3067.00	3067.00	3067.50	3068.00	3069.00	3070.50	3071.00	3072.50	3073.00	3073.50	3075.00	3075.50	3077.00	3077.00	3078.50	3079.00	3080.00	3080.50	3081.00	3082.00	3083.00	3084.00	3084.00	3085.00	3085.50	3086.50	3087.00	3087.00	3088.00	3088.00	3088.50	3089.00	3089.00	3089.50	3090.00	3090.00	3091.00	3091.00	3091.00	3092.00	3092.00	3093.00	3093.50	3094.00	3094.00	3095.00	3095.00	3096.00	3096.50	3097.00	3098.00	3098.00	3098.50	3099.00	3100.00	3100.50	3101.50	3102.50	3103.50	3104.00	3105.00	3105.50	3106.50	3107.50	3108.50	3109.50	3111.00	3112.00	3113.00	3114.00	3115.50	3116.50	3117.00	3118.50	3119.50	3121.00	3122.00	3122.50	3123.50	3124.50	3125.50	3126.50	3127.00	3128.50	3129.00	3130.00	3130.50	3131.50	3132.50	3133.00	3133.50	3134.00	3135.00	3135.00	3136.00	3136.00	3136.50	3137.00	3138.00	3138.00	3138.00	3138.00	3139.00	3139.00	3139.00	3139.00	3139.00	3139.00	3139.00	3139.00	3139.50	3140.00	3140.00	3140.00	3141.00	3141.00	3142.00	3142.00	3142.00	3142.50	3143.00	3143.50	3144.00	3145.00	3145.50	3146.00	3146.50	3147.00	3147.50	3148.00	3149.00	3150.00	3150.00	3151.00	3151.50	3152.00	3153.00	3153.50	3154.00	3155.00	3156.00	3157.00	3157.00	3157.50	3158.00	3159.00	3159.50	3160.00	3160.00	3161.00	3161.50	3162.00	3162.50	3163.00	3164.00	3164.00	3164.50	3165.00	3165.50	3166.00	3166.00	3166.00	3167.00	3167.00	3167.50	3168.00	3168.00	3168.00	3168.00	3168.00	3168.00	3168.00	3168.00	3168.00	3168.00	3168.00	3168.00	3168.00	3169.00	3169.00	3169.00	3169.00	3169.00	3170.00	3170.00	3170.00	3171.00	3171.00	3171.50	3172.00	3172.50	3173.00	3173.00	3173.50	3174.00	3175.00
3070.00	3070.00	3070.00	3070.00	3070.00	3070.00	3070.00	3070.50	3071.00	3071.00	3071.00	3071.00	3071.00	3071.00	3071.00	3070.50	3070.00	3070.00	3070.00	3070.00	3069.00	3069.00	3069.00	3069.00	3069.00	3069.00	3068.00	3068.00	3068.00	3067.50	3067.00	3067.00	3067.00	3066.00	3066.00	3066.00	3065.50	3065.00	3065.00	3065.00	3065.00	3064.00	3064.00	3064.00	3064.00	3063.50	3063.00	3063.00	3063.00	3063.00	3064.00	3064.00	3064.00	3064.00	3064.50	3065.00	3065.00	3065.00	3066.00	3066.00	3067.00	3067.00	3067.50	3068.00	3069.00	3070.50	3071.00	3072.50	3073.00	3073.50	3075.00	3075.50	3077.00	3077.00	3078.50	3079.00	3080.00	3080.50	3081.00	3082.00	3083.00	3084.00	3084.00	3085.00	3085.50	3086.50	3087.00	3087.00	3088.00	3088.00	3088.50	3089.00	3089.00	3089.50	3090.00	3090.00	3091.00	3091.00	3091.00	3092.00	3092.00	3093.00	3093.50	3094.00	3094.00	3095.00	3095.00	3096.00	3096.50	3097.00	3098.00	3098.00	3098.50	3099.00	3100.00	3100.50	3101.50	3102.50	3103.50	3104.00	3105.00	3105.50	3106.50	3107.50	3108.50	3109.50	3111.00	3112.00	3113.00	3114.00	3115.50	3116.50	3117.00	3118.50	3119.50	3121.00	3122.00	3122.50	3123.50	3124.50	3125.50	3126.50	3127.00	3128.50	3129.00	3130.00	3130.50	3131.50	3132.50	3133.00	3133.50	3134.00	3135.00	3135.00	3136.00	3136.00	3136.50	3137.00	3138.00	3138.00	3138.00	3138.00	3139.00	3139.00	3139.00	3139.00	3139.00	3139.00	3139.00	3139.00	3139.50	3140.00	3140.00	3140.00	3141.00	3141.00	3142.00	3142.00	3142.00	3142.50	3143.00	3143.50	3144.00	3145.00	3145.50	3146.00	3146.50	3147.00	3147.50	3148.00	3149.00	3150.00	3150.00	3151.00	3151.50	3152.00	3153.00	3153.50	3154.00	3155.00	3156.00	3157.00	3157.00	3157.50	3158.00	3159.00	3159.50	3160.00	3160.00	3161.00	3161.50	3162.00	3162.50	3163.00	3164.00	3164.00	3164.50	3165.00	3165.50	3166.00	3166.00	3166.00	3167.00	3167.00	3167.50	3168.00	3168.00	3168.00	3168.00	3168.00	3168.00	3168.00	3168.00	3168.00	3168.00	3168.00	3168.00	3168.00	3169.00	3169.00	3169.00	3169.00	3169.00	3170.00	3170.00	3170.00	3171.00	3171.00	3171.50	3172.00	3172.50	3173.00	3173.00	3173.50	3174.00	3175.00
3070.00	3070.00	3070.00	3070.00	3070.00	3070.00	3070.00	3070.50	3071.00	3071.00	3071.00	3071.00	3071.00	3071.00	3071.00	3070.50	3070.00	3070.00	3070.00	3070.00	3069.00	3069.00	3069.00	3069.00	3069.00	3069.00	3068.00	3068.00	3068.00	3067.50	3067.00	3067.00	3067.00	3066.00	3066.00	3066.00	3065.50	3065.00	3065.00	3065.00	3065.00	3064.00	3064.00	3064.00	3064.00	3063.50	3063.00	3063.00	3063.00	3063.00	3064.00	3064.00	3064.00	3064.00	3064.50	3065.00	3065.00	3065.00	3066.00	3066.00	3067.00	3067.00	3067.50	3068.00	3069.00	3070.50	3071.00	3072.50	3073.00	3073.50	3075.00	3075.50	3077.00	3077.00	3078.50	3079.00	3080.00	3080.50	3081.00	3082.00	3083.00	3084.00	3084.00	3085.00	3085.50	3086.50	3087.00	3087.00	3088.00	3088.00	3088.50	3089.00	3089.00	3089.50	3090.00	3090.00	3091.00	3091.00	3091.00	3092.00	3092.00	3093.00	3093.50	3094.00	3094.00	3095.00	3095.00	3096.00	3096.50	3097.00	3098.00	3098.00	3098.50	3099.00	3100.00	3100.50	3101.50	3102.50	3103.50	3104.00	3105.00	3105.50	3106.50	3107.50	3108.50	3109.50	3111.00	3112.00	3113.00	3114.00	3115.50	3116.50	3117.00	3118.50	3119.50	3121.00	3122.00	3122.50	3123.50	3124.50	3125.50	3126.50	3127.00	3128.50	3129.00	3130.00	3130.50	3131.50	3132.50	3133.00	3133.50	3134.00	3135.00	3135.00	3136.00	3136.00	3136.50	3137.00	3138.00	3138.00	3138.00	3138.00	3139.00	3139.00	3139.00	3139.00	3139.00	3139.00	3139.00	3139.00	3139.50	3140.00	3140.00	3140.00	3141.00	3141.00	3142.00	3142.00	3142.00	3142.50	3143.00	3143.50	3144.00	3145.00	3145.50	3146.00	3146.50	3147.00	3147.50	3148.00	3149.00	3150.00	3150.00	3151.00	3151.50	3152.00	3153.00	3153.50	3154.00	3155.00	3156.00	3157.00	3157.00	3157.50	3158.00	3159.00	3159.50	3160.00	3160.00	3161.00	3161.50	3162.00	3162.50	3163.00	3164.00	3164.00	3164.50	3165.00	3165.50	3166.00	3166.00	3166.00	3167.00	3167.00	3167.50	3168.00	3168.00	3168.00	3168.00	3168.00	3168.00	3168.00	3168.00	3168.00	3168.00	3168.00	3168.00	3168.00	3169.00	3169.00	3169.00	3169.00	3169.00	3170.00	3170.00	3170.00	3171.00	3171.00	3171.50	3172.00	3172.50	3173.00	3173.00	3173.50	3174.00	3175.00
3070.00	3070.00	3070.00	3070.00	3070.00	3070.00	3070.00	3070.50	3071.00	3071.00	3071.00	3071.00	3071.00	3071.00	3071.00	3070.50	3070.00	3070.00	3070.00	3070.00	3069.00	3069.00	3069.00	3069.00	3069.00	3069.00	3068.00	3068.00	3068.00	3067.50	3067.00	3067.00	3067.00	3066.00	3066.00	3066.00	3065.50	3065.00	3065.00	3065.00	3065.00	3064.00	3064.00	3064.00	3064.00	3063.50	3063.00	3063.00	3063.00	3063.00	3064.00	3064.00	3064.00	3064.00	3064.50	3065.00	3065.00	3065.00	3066.00	3066.00	3067.00	3067.00	3067.50	3068.00	3069.00	3070.50	3071.00	3072.50	3073.00	3073.50	3075.00	3075.50	3077.00	3077.00	3078.50	3079.00	3080.00	3080.50	3081.00	3082.00	3083.00	3084.00	3084.00	3085.00	3085.50	3086.50	3087.00	3087.00	3088.00	3088.00	3088.50	3089.00	3089.00	3089.50	3090.00	3090.00	3091.00	3091.00	3091.00	3092.00	3092.00	3093.00	3093.50	3094.00	3094.00	3095.00	3095.00	3096.00	3096.50	3097.00	3098.00	3098.00	3098.50	3099.00	3100.00	3100.50	3101.50	3102.50	3103.50	3104.00	3105.00	3105.50	3106.50	3107.50	3108.50	3109.50	3111.00	3112.00	3113.00	3114.00	3115.50	3116.50	3117.00	3118.50	3119.50	3121.00	3122.00	3122.50	3123.50	3124.50	3125.50	3126.50	3127.00	3128.50	3129.00	3130.00	3130.50	3131.50	3132.50	3133.00	3133.50	3134.00	3135.00	3135.00	3136.00	3136.00	3136.50	3137.00	3138.00	3138.00	3138.00	3138.00	3139.00	3139.00	3139.00	3139.00	3139.00	3139.00	3139.00	3139.00	3139.50	3140.00	3140.00	3140.00	3141.00	3141.00	3142.00	3142.00	3142.00	3142.50	3143.00	3143.50	3144.00	3145.00	3145.50	3146.00	3146.50	3147.00	3147.50	3148.00	3149.00	3150.00	3150.00	3151.00	3151.50	3152.00	3153.00	3153.50	3154.00	3155.00	3156.00	3157.00	3157.00	3157.50	3158.00	3159.00	3159.50	3160.00	3160.00	3161.00	3161.50	3162.00	3162.50	3163.00	3164.00	3164.00	3164.50	3165.00	3165.50	3166.00	3166.00	3166.00	3167.00	3167.00	3167.50	3168.00	3168.00	3168.00	3168.00	3168.00	3168.00	3168.00	3168.00	3168.00	3168.00	3168.00	3168.00	3168.00	3169.00	3169.00	3169.00	3169.00	3169.00	3170.00	3170.00	3170.00	3171.00	3171.00	3171.50	3172.00	3172.50	3173.00	3173.00	3173.50	3174.00	3175.00
3069.00	3069.00	3069.00	3069.00	3069.00	3069.00	3069.00	3070.00	3070.00	3070.00	3070.00	3070.00	3070.00	3070.00	3070.00	3070.00	3069.00	3069.00	3069.00	3069.00	3068.50	3068.00	3068.00	3068.00	3068.00	3068.00	3067.00	3067.00	3067.00	3067.00	3067.00	3066.50	3066.00	3066.00	3066.00	3066.00	3065.00	3065.00	3065.00	3065.00	3064.50	3064.00	3064.00	3064.00	3063.00	3063.00	3063.00	3063.00	3063.00	3064.00	3064.00	3064.00	3064.00	3064.50	3065.00	3065.00	3065.50	3066.00	3066.00	3066.50	3067.00	3068.00	3068.50	3069.00	3069.00	3070.00	3071.00	3071.50	3072.50	3073.00	3074.50	3075.00	3076.00	3076.00	3077.50	3078.00	3078.50	3079.00	3079.50	3080.00	3081.00	3082.00	3082.00	3083.00	3083.50	3084.50	3085.00	3085.50	3086.00	3086.00	3086.50	3087.00	3087.00	3087.50	3088.00	3088.00	3088.00	3089.00	3089.00	3089.00	3089.50	3090.00	3090.00	3090.50	3091.00	3091.00	3091.50	3092.00	3092.00	3092.00	3092.00	3093.00	3093.00	3093.00	3094.00	3094.00	3094.00	3094.50	3095.00	3096.00	3097.00	3098.50	3099.00	3100.50	3101.50	3102.50	3103.00	3104.00	3106.00	3107.00	3108.50	3109.50	3110.50	3112.50	3113.50	3115.00	3115.00	3116.50	3117.50	3119.50	3120.00	3120.50	3122.00	3123.50	3125.00	3126.00	3127.50	3128.00	3129.00	3130.00	3130.50	3132.00	3132.00	3133.00	3134.00	3134.50	3135.00	3135.50	3136.00	3137.00	3137.00	3138.00	3138.00	3138.00	3138.00	3138.50	3139.00	3139.00	3139.00	3139.00	3139.00	3139.00	3139.00	3140.00	3140.00	3140.00	3140.00	3140.50	3141.00	3141.00	3142.00	3142.00	3143.00	3143.00	3143.50	3144.00	3144.50	3145.00	3145.50	3146.00	3146.00	3147.00	3148.00	3148.50	3149.00	3149.50	3150.50	3151.00	3152.00	3153.00	3153.50	3154.00	3155.00	3155.50	3156.00	3157.00	3157.50	3158.00	3158.00	3159.00	3159.50	3160.50	3161.00	3161.50	3162.00	3162.50	3163.00	3164.00	3164.50	3165.00	3166.00	3166.00	3166.50	3167.00	3167.50	3168.00	3168.00	3168.50	3169.00	3169.00	3169.00	3169.00	3169.00	3169.00	3169.00	3169.00	3169.00	3169.00	3170.00	3170.00	3170.00	3170.00	3170.50	3171.00	3171.50	3172.00	3173.00	3173.50	3174.00	3175.00	3175.50	3176.00	3176.00	3177.00	3177.00	3178.00
3069.00	3069.00	3069.00	3069.00	3069.00	3069.00	3069.00	3070.00	3070.00	3070.00	3070.00	3070.00	3070.00	3070.00	3070.00	3070.00	3069.00	3069.00	3069.00	3069.00	3068.50	3068.00	3068.00	3068.00	3068.00	3068.00	3067.00	3067.00	3067.00	3067.00	3067.00	3066.50	3066.00	3066.00	3066.00	3066.00	3065.00	3065.00	3065.00	3065.00	3064.50	3064.00	3064.00	3064.00	3063.00	3063.00	3063.00	3063.00	3063.00	3064.00	3064.00	3064.00	3064.00	3064.50	3065.00	3065.00	3065.50	3066.00	3066.00	3066.50	3067.00	3068.00	3068.50	3069.00	3069.00	3070.00	3071.00	3071.50	3072.50	3073.00	3074.50	3075.00	3076.00	3076.00	3077.50	3078.00	3078.50	3079.00	3079.50	3080.00	3081.00	3082.00	3082.00	3083.00	3083.50	3084.50	3085.00	3085.50	3086.00	3086.00	3086.50	3087.00	3087.00	3087.50	3088.00	3088.00	3088.00	3089.00	3089.00	3089.00	3089.50	3090.00	3090.00	3090.50	3091.00	3091.00	3091.50	3092.00	3092.00	3092.00	3092.00	3093.00	3093.00	3093.00	3094.00	3094.00	3094.00	3094.50	3095.00	3096.00	3097.00	3098.50	3099.00	3100.50	3101.50	3102.50	3103.00	3104.00	3106.00	3107.00	3108.50	3109.50	3110.50	3112.50	3113.50	3115.00	3115.00	3116.50	3117.50	3119.50	3120.00	3120.50	3122.00	3123.50	3125.00	3126.00	3127.50	3128.00	3129.00	3130.00	3130.50	3132.00	3132.00	3133.00	3134.00	3134.50	3135.00	3135.50	3136.00	3137.00	3137.00	3138.00	3138.00	3138.00	3138.00	3138.50	3139.00	3139.00	3139.00	3139.00	3139.00	3139.00	3139.00	3140.00	3140.00	3140.00	3140.00	3140.50	3141.00	3141.00	3142.00	3142.00	3143.00	3143.00	3143.50	3144.00	3144.50	3145.00	3145.50	3146.00	3146.00	3147.00	3148.00	3148.50	3149.00	3149.50	3150.50	3151.00	3152.00	3153.00	3153.50	3154.00	3155.00	3155.50	3156.00	3157.00	3157.50	3158.00	3158.00	3159.00	3159.50	3160.50	3161.00	3161.50	3162.00	3162.50	3163.00	3164.00	3164.50	3165.00	3166.00	3166.00	3166.50	3167.00	3167.50	3168.00	3168.00	3168.50	3169.00	3169.00	3169.00	3169.00	3169.00	3169.00	3169.00	3169.00	3169.00	3169.00	3170.00	3170.00	3170.00	3170.00	3170.50	3171.00	3171.50	3172.00	3173.00	3173.50	3174.00	3175.00	3175.50	3176.00	3176.00	3177.00	3177.00	3178.00
3069.00	3069.00	3069.00	3069.00	3069.00	3069.00	3069.00	3070.00	3070.00	3070.00	3070.00	3070.00	3070.00	3070.00	3070.00	3070.00	3069.00	3069.00	3069.00	3069.00	3068.50	3068.00	3068.00	3068.00	3068.00	3068.00	3067.00	3067.00	3067.00	3067.00	3067.00	3066.50	3066.00	3066.00	3066.00	3066.00	3065.00	3065.00	3065.00	3065.00	3064.50	3064.00	3064.00	3064.00	3063.00	3063.00	3063.00	3063.00	3063.00	3064.00	3064.00	3064.00	3064.00	3064.50	3065.00	3065.00	3065.50	3066.00	3066.00	3066.50	3067.00	3068.00	3068.50	3069.00	3069.00	3070.00	3071.00	3071.50	3072.50	3073.00	3074.50	3075.00	3076.00	3076.00	3077.50	3078.00	3078.50	3079.00	3079.50	3080.00	3081.00	3082.00	3082.00	3083.00	3083.50	3084.50	3085.00	3085.50	3086.00	3086.00	3086.50	3087.00	3087.00	3087.50	3088.00	3088.00	3088.00	3089.00	3089.00	3089.00	3089.50	3090.00	3090.00	3090.50	3091.00	3091.00	3091.50	3092.00	3092.00	3092.00	3092.00	3093.00	3093.00	3093.00	3094.00	3094.00	3094.00	3094.50	3095.00	3096.00	3097.00	3098.50	3099.00	3100.50	3101.50	3102.50	3103.00	3104.00	3106.00	3107.00	3108.50	3109.50	3110.50	3112.50	3113.50	3115.00	3115.00	3116.50	3117.50	3119.50	3120.00	3120.50	3122.00	3123.50	3125.00	3126.00	3127.50	3128.00	3129.00	3130.00	3130.50	3132.00	3132.00	3133.00	3134.00	3134.50	3135.00	3135.50	3136.00	3137.00	3137.00	3138.00	3138.00	3138.00	3138.00	3138.50	3139.00	3139.00	3139.00	3139.00	3139.00	3139.00	3139.00	3140.00	3140.00	3140.00	3140.00	3140.50	3141.00	3141.00	3142.00	3142.00	3143.00	3143.00	3143.50	3144.00	3144.50	3145.00	3145.50	3146.00	3146.00	3147.00	3148.00	3148.50	3149.00	3149.50	3150.50	3151.00	3152.00	3153.00	3153.50	3154.00	3155.00	3155.50	3156.00	3157.00	3157.50	3158.00	3158.00	3159.00	3159.50	3160.50	3161.00	3161.50	3162.00	3162.50	3163.00	3164.00	3164.50	3165.00	3166.00	3166.00	3166.50	3167.00	3167.50	3168.00	3168.00	3168.50	3169.00	3169.00	3169.00	3169.00	3169.00	3169.00	3169.00	3169.00	3169.00	3169.00	3170.00	3170.00	3170.00	3170.00	3170.50	3171.00	3171.50	3172.00	3173.00	3173.50	3174.00	3175.00	3175.50	3176.00	3176.00	3177.00	3177.00	3178.00
3069.00	3069.00	3069.00	3069.00	3069.00	3069.00	3069.00	3070.00	3070.00	3070.00	3070.00	3070.00	3070.00	3070.00	3070.00	3070.00	3069.00	3069.00	3069.00	3069.00	3068.50	3068.00	3068.00	3068.00	3068.00	3068.00	3067.00	3067.00	3067.00	3067.00	3067.00	3066.50	3066.00	3066.00	3066.00	3066.00	3065.00	3065.00	3065.00	3065.00	3064.50	3064.00	3064.00	3064.00	3063.00	3063.00	3063.00	3063.00	3063.00	3064.00	3064.00	3064.00	3064.00	3064.50	3065.00	3065.00	3065.50	3066.00	3066.00	3066.50	3067.00	3068.00	3068.50	3069.00	3069.00	3070.00	3071.00	3071.50	3072.50	3073.00	3074.50	3075.00	3076.00	3076.00	3077.50	3078.00	3078.50	3079.00	3079.50	3080.00	3081.00	3082.00	3082.00	3083.00	3083.50	3084.50	3085.00	3085.50	3086.00	3086.00	3086.50	3087.00	3087.00	3087.50	3088.00	3088.00	3088.00	3089.00	3089.00	3089.00	3089.50	3090.00	3090.00	3090.50	3091.00	3091.00	3091.50	3092.00	3092.00	3092.00	3092.00	3093.00	3093.00	3093.00	3094.00	3094.00	3094.00	3094.50	3095.00	3096.00	3097.00	3098.50	3099.00	3100.50	3101.50	3102.50	3103.00	3104.00	3106.00	3107.00	3108.50	3109.50	3110.50	3112.50	3113.50	3115.00	3115.00	3116.50	3117.50	3119.50	3120.00	3120.50	3122.00	3123.50	3125.00	3126.00	3127.50	3128.00	3129.00	3130.00	3130.50	3132.00	3132.00	3133.00	3134.00	3134.50	3135.00	3135.50	3136.00	3137.00	3137.00	3138.00	3138.00	3138.00	3138.00	3138.50	3139.00	3139.00	3139.00	3139.00	3139.00	3139.00	3139.00	3140.00	3140.00	3140.00	3140.00	3140.50	3141.00	3141.00	3142.00	3142.00	3143.00	3143.00	3143.50	3144.00	3144.50	3145.00	3145.50	3146.00	3146.00	3147.00	3148.00	3148.50	3149.00	3149.50	3150.50	3151.00	3152.00	3153.00	3153.50	3154.00	3155.00	3155.50	3156.00	3157.00	3157.50	3158.00	3158.00	3159.00	3159.50	3160.50	3161.00	3161.50	3162.00	3162.50	3163.00	3164.00	3164.50	3165.00	3166.00	3166.00	3166.50	3167.00	3167.50	3168.00	3168.00	3168.50	3169.00	3169.00	3169.00	3169.00	3169.00	3169.00	3169.00	3169.00	3169.00	3169.00	3170.00	3170.00	3170.00	3170.00	3170.50	3171.00	3171.50	3172.00	3173.00	3173.50	3174.00	3175.00	3175.50	3176.00	3176.00	3177.00	3177.00	3178.00
3069.00	3069.00	3069.00	3069.00	3069.00	3069.00	3069.00	3070.00	3070.00	3070.00	3070.00	3070.00	3070.00	3070.00	3070.00	3070.00	3069.00	3069.00	3069.00	3069.00	3068.50	3068.00	3068.00	3068.00	3068.00	3068.00	3067.00	3067.00	3067.00	3067.00	3067.00	3066.50	3066.00	3066.00	3066.00	3066.00	3065.00	3065.00	3065.00	3065.00	3064.50	3064.00	3064.00	3064.00	3063.00	3063.00	3063.00	3063.00	3063.00	3064.00	3064.00	3064.00	3064.00	3064.50	3065.00	3065.00	3065.50	3066.00	3066.00	3066.50	3067.00	3068.00	3068.50	3069.00	3069.00	3070.00	3071.00	3071.50	3072.50	3073.00	3074.50	3075.00	3076.00	3076.00	3077.50	3078.00	3078.50	3079.00	3079.50	3080.00	3081.00	3082.00	3082.00	3083.00	3083.50	3084.50	3085.00	3085.50	3086.00	3086.00	3086.50	3087.00	3087.00	3087.50	3088.00	3088.00	3088.00	3089.00	3089.00	3089.00	3089.50	3090.00	3090.00	3090.50	3091.00	3091.00	3091.50	3092.00	3092.00	3092.00	3092.00	3093.00	3093.00	3093.00	3094.00	3094.00	3094.00	3094.50	3095.00	3096.00	3097.00	3098.50	3099.00	3100.50	3101.50	3102.50	3103.00	3104.00	3106.00	3107.00	3108.50	3109.50	3110.50	3112.50	3113.50	3115.00	3115.00	3116.50	3117.50	3119.50	3120.00	3120.50	3122.00	3123.50	3125.00	3126.00	3127.50	3128.00	3129.00	3130.00	3130.50	3132.00	3132.00	3133.00	3134.00	3134.50	3135.00	3135.50	3136.00	3137.00	3137.00	3138.00	3138.00	3138.00	3138.00	3138.50	3139.00	3139.00	3139.00	3139.00	3139.00	3139.00	3139.00	3140.00	3140.00	3140.00	3140.00	3140.50	3141.00	3141.00	3142.00	3142.00	3143.00	3143.00	3143.50	3144.00	3144.50	3145.00	3145.50	3146.00	3146.00	3147.00	3148.00	3148.50	3149.00	3149.50	3150.50	3151.00	3152.00	3153.00	3153.50	3154.00	3155.00	3155.50	3156.00	3157.00	3157.50	3158.00	3158.00	3159.00	3159.50	3160.50	3161.00	3161.50	3162.00	3162.50	3163.00	3164.00	3164.50	3165.00	3166.00	3166.00	3166.50	3167.00	3167.50	3168.00	3168.00	3168.50	3169.00	3169.00	3169.00	3169.00	3169.00	3169.00	3169.00	3169.00	3169.00	3169.00	3170.00	3170.00	3170.00	3170.00	3170.50	3171.00	3171.50	3172.00	3173.00	3173.50	3174.00	3175.00	3175.50	3176.00	3176.00	3177.00	3177.00	3178.00
3068.50	3068.50	3068.50	3068.50	3068.50	3068.50	3068.50	3069.00	3069.00	3069.00	3069.00	3069.00	3069.00	3069.00	3069.00	3068.75	3068.00	3068.00	3068.00	3068.00	3067.75	3067.50	3067.50	3067.50	3067.50	3067.00	3066.50	3066.50	3066.50	3066.50	3066.50	3066.25	3066.00	3065.75	3065.50	3065.50	3065.00	3065.00	3064.75	3064.50	3064.25	3064.00	3064.00	3064.00	3063.50	3063.50	3063.50	3063.50	3063.50	3064.00	3064.00	3064.00	3064.50	3064.75	3065.00	3065.25	3065.75	3066.00	3066.50	3066.75	3067.50	3068.00	3068.50	3069.00	3069.50	3070.25	3071.00	3071.75	3072.50	3073.00	3074.25	3074.75	3075.50	3076.00	3077.00	3077.50	3078.25	3078.75	3079.25	3080.00	3080.50	3082.00	3082.00	3083.00	3083.25	3084.00	3084.75	3085.25	3085.50	3086.00	3086.25	3087.00	3087.00	3087.25	3087.75	3088.00	3088.00	3088.50	3088.50	3088.50	3088.75	3089.00	3089.25	3089.75	3090.00	3090.00	3090.25	3090.50	3090.50	3090.50	3090.50	3091.00	3091.00	3091.00	3091.75	3092.00	3092.00	3092.75	3093.25	3094.00	3094.50	3095.75	3096.25	3098.00	3098.75	3099.50	3100.50	3101.00	3103.00	3104.00	3105.50	3106.50	3107.50	3109.50	3110.50	3112.00	3112.50	3114.00	3115.00	3116.50	3117.25	3118.00	3119.50	3121.00	3122.50	3123.50	3125.00	3125.75	3127.00	3128.25	3128.75	3130.00	3130.50	3131.25	3132.50	3133.00	3133.75	3134.50	3135.00	3136.00	3136.00	3137.00	3137.25	3137.50	3137.75	3138.25	3138.50	3138.50	3138.75	3139.00	3139.00	3139.00	3139.00	3140.00	3140.00	3140.00	3140.00	3140.50	3141.00	3141.00	3141.50	3141.75	3142.50	3142.50	3143.00	3143.50	3144.00	3144.50	3144.75	3145.50	3145.50	3146.50	3147.00	3147.75	3148.00	3148.50	3149.50	3150.00	3151.00	3151.50	3152.25	3153.00	3153.75	3154.25	3154.75	3155.50	3156.50	3157.00	3157.50	3158.25	3158.75	3159.75	3160.25	3160.75	3161.50	3162.00	3162.75	3163.50	3164.25	3164.50	3165.50	3165.50	3166.25	3167.00	3167.25	3167.75	3168.00	3168.25	3168.75	3169.00	3169.00	3169.25	3169.50	3169.50	3169.50	3169.50	3169.50	3169.50	3170.50	3170.50	3170.75	3171.00	3171.50	3172.25	3172.75	3173.50	3174.50	3174.75	3175.25	3176.00	3176.25	3176.75	3177.00	3177.75	3178.00	3178.50
3068.00	3068.00	3068.00	3068.00	3068.00	3068.00	3068.00	3068.00	3068.00	3068.00	3068.00	3068.00	3068.00	3068.00	3068.00	3067.50	3067.00	3067.00	3067.00	3067.00	3067.00	3067.00	3067.00	3067.00	3067.00	3066.00	3066.00	3066.00	3066.00	3066.00	3066.00	3066.00	3066.00	3065.50	3065.00	3065.00	3065.00	3065.00	3064.50	3064.00	3064.00	3064.00	3064.00	3064.00	3064.00	3064.00	3064.00	3064.00	3064.00	3064.00	3064.00	3064.00	3065.00	3065.00	3065.00	3065.50	3066.00	3066.00	3067.00	3067.00	3068.00	3068.00	3068.50	3069.00	3070.00	3070.50	3071.00	3072.00	3072.50	3073.00	3074.00	3074.50	3075.00	3076.00	3076.50	3077.00	3078.00	3078.50	3079.00	3080.00	3080.00	3082.00	3082.00	3083.00	3083.00	3083.50	3084.50	3085.00	3085.00	3086.00	3086.00	3087.00	3087.00	3087.00	3087.50	3088.00	3088.00	3088.00	3088.00	3088.00	3088.00	3088.00	3088.50	3089.00	3089.00	3089.00	3089.00	3089.00	3089.00	3089.00	3089.00	3089.00	3089.00	3089.00	3089.50	3090.00	3090.00	3091.00	3091.50	3092.00	3092.00	3093.00	3093.50	3095.50	3096.00	3096.50	3098.00	3098.00	3100.00	3101.00	3102.50	3103.50	3104.50	3106.50	3107.50	3109.00	3110.00	3111.50	3112.50	3113.50	3114.50	3115.50	3117.00	3118.50	3120.00	3121.00	3122.50	3123.50	3125.00	3126.50	3127.00	3128.00	3129.00	3129.50	3131.00	3131.50	3132.50	3133.50	3134.00	3135.00	3135.00	3136.00	3136.50	3137.00	3137.50	3138.00	3138.00	3138.00	3138.50	3139.00	3139.00	3139.00	3139.00	3140.00	3140.00	3140.00	3140.00	3140.50	3141.00	3141.00	3141.00	3141.50	3142.00	3142.00	3142.50	3143.00	3143.50	3144.00	3144.00	3145.00	3145.00	3146.00	3146.00	3147.00	3147.00	3147.50	3148.50	3149.00	3150.00	3150.00	3151.00	3152.00	3152.50	3153.00	3153.50	3154.00	3155.50	3156.00	3157.00	3157.50	3158.00	3159.00	3159.50	3160.00	3161.00	3161.50	3162.50	3163.00	3164.00	3164.00	3165.00	3165.00	3166.00	3167.00	3167.00	3167.50	3168.00	3168.00	3168.50	3169.00	3169.00	3169.50	3170.00	3170.00	3170.00	3170.00	3170.00	3170.00	3171.00	3171.00	3171.50	3172.00	3172.50	3173.50	3174.00	3175.00	3176.00	3176.00	3176.50	3177.00	3177.00	3177.50	3178.00	3178.50	3179.00	3179.00
3068.00	3068.00	3068.00	3068.00	3068.00	3068.00	3068.00	3068.00	3068.00	3068.00	3068.00	3068.00	3068.00	3068.00	3068.00	3067.50	3067.00	3067.00	3067.00	3067.00	3067.00	3067.00	3067.00	3067.00	3067.00	3066.00	3066.00	3066.00	3066.00	3066.00	3066.00	3066.00	3066.00	3065.50	3065.00	3065.00	3065.00	3065.00	3064.50	3064.00	3064.00	3064.00	3064.00	3064.00	3064.00	3064.00	3064.00	3064.00	3064.00	3064.00	3064.00	3064.00	3065.00	3065.00	3065.00	3065.50	3066.00	3066.00	3067.00	3067.00	3068.00	3068.00	3068.50	3069.00	3070.00	3070.50	3071.00	3072.00	3072.50	3073.00	3074.00	3074.50	3075.00	3076.00	3076.50	3077.00	3078.00	3078.50	3079.00	3080.00	3080.00	3082.00	3082.00	3083.00	3083.00	3083.50	3084.50	3085.00	3085.00	3086.00	3086.00	3087.00	3087.00	3087.00	3087.50	3088.00	3088.00	3088.00	3088.00	3088.00	3088.00	3088.00	3088.50	3089.00	3089.00	3089.00	3089.00	3089.00	3089.00	3089.00	3089.00	3089.00	3089.00	3089.00	3089.50	3090.00	3090.00	3091.00	3091.50	3092.00	3092.00	3093.00	3093.50	3095.50	3096.00	3096.50	3098.00	3098.00	3100.00	3101.00	3102.50	3103.50	3104.50	3106.50	3107.50	3109.00	3110.00	3111.50	3112.50	3113.50	3114.50	3115.50	3117.00	3118.50	3120.00	3121.00	3122.50	3123.50	3125.00	3126.50	3127.00	3128.00	3129.00	3129.50	3131.00	3131.50	3132.50	3133.50	3134.00	3135.00	3135.00	3136.00	3136.50	3137.00	3137.50	3138.00	3138.00	3138.00	3138.50	3139.00	3139.00	3139.00	3139.00	3140.00	3140.00	3140.00	3140.00	3140.50	3141.00	3141.00	3141.00	3141.50	3142.00	3142.00	3142.50	3143.00	3143.50	3144.00	3144.00	3145.00	3145.00	3146.00	3146.00	3147.00	3147.00	3147.50	3148.50	3149.00	3150.00	3150.00	3151.00	3152.00	3152.50	3153.00	3153.50	3154.00	3155.50	3156.00	3157.00	3157.50	3158.00	3159.00	3159.50	3160.00	3161.00	3161.50	3162.50	3163.00	3164.00	3164.00	3165.00	3165.00	3166.00	3167.00	3167.00	3167.50	3168.00	3168.00	3168.50	3169.00	3169.00	3169.50	3170.00	3170.00	3170.00	3170.00	3170.00	3170.00	3171.00	3171.00	3171.50	3172.00	3172.50	3173.50	3174.00	3175.00	3176.00	3176.00	3176.50	3177.00	3177.00	3177.50	3178.00	3178.50	3179.00	3179.00
3068.00	3068.00	3068.00	3068.00	3068.00	3068.00	3068.00	3068.00	3068.00	3068.00	3068.00	3068.00	3068.00	3068.00	3068.00	3067.50	3067.00	3067.00	3067.00	3067.00	3067.00	3067.00	3067.00	3067.00	3067.00	3066.00	3066.00	3066.00	3066.00	3066.00	3066.00	3066.00	3066.00	3065.50	3065.00	3065.00	3065.00	3065.00	3064.50	3064.00	3064.00	3064.00	3064.00	3064.00	3064.00	3064.00	3064.00	3064.00	3064.00	3064.00	3064.00	3064.00	3065.00	3065.00	3065.00	3065.50	3066.00	3066.00	3067.00	3067.00	3068.00	3068.00	3068.50	3069.00	3070.00	3070.50	3071.00	3072.00	3072.50	3073.00	3074.00	3074.50	3075.00	3076.00	3076.50	3077.00	3078.00	3078.50	3079.00	3080.00	3080.00	3082.00	3082.00	3083.00	3083.00	3083.50	3084.50	3085.00	3085.00	3086.00	3086.00	3087.00	3087.00	3087.00	3087.50	3088.00	3088.00	3088.00	3088.00	3088.00	3088.00	3088.00	3088.50	3089.00	3089.00	3089.00	3089.00	3089.00	3089.00	3089.00	3089.00	3089.00	3089.00	3089.00	3089.50	3090.00	3090.00	3091.00	3091.50	3092.00	3092.00	3093.00	3093.50	3095.50	3096.00	3096.50	3098.00	3098.00	3100.00	3101.00	3102.50	3103.50	3104.50	3106.50	3107.50	3109.00	3110.00	3111.50	3112.50	3113.50	3114.50	3115.50	3117.00	3118.50	3120.00	3121.00	3122.50	3123.50	3125.00	3126.50	3127.00	3128.00	3129.00	3129.50	3131.00	3131.50	3132.50	3133.50	3134.00	3135.00	3135.00	3136.00	3136.50	3137.00	3137.50	3138.00	3138.00	3138.00	3138.50	3139.00	3139.00	3139.00	3139.00	3140.00	3140.00	3140.00	3140.00	3140.50	3141.00	3141.00	3141.00	3141.50	3142.00	3142.00	3142.50	3143.00	3143.50	3144.00	3144.00	3145.00	3145.00	3146.00	3146.00	3147.00	3147.00	3147.50	3148.50	3149.00	3150.00	3150.00	3151.00	3152.00	3152.50	3153.00	3153.50	3154.00	3155.50	3156.00	3157.00	3157.50	3158.00	3159.00	3159.50	3160.00	3161.00	3161.50	3162.50	3163.00	3164.00	3164.00	3165.00	3165.00	3166.00	3167.00	3167.00	3167.50	3168.00	3168.00	3168.50	3169.00	3169.00	3169.50	3170.00	3170.00	3170.00	3170.00	3170.00	3170.00	3171.00	3171.00	3171.50	3172.00	3172.50	3173.50	3174.00	3175.00	3176.00	3176.00	3176.50	3177.00	3177.00	3177.50	3178.00	3178.50	3179.00	3179.00
3068.00	3068.00	3068.00	3068.00	3068.00	3068.00	3068.00	3068.00	3068.00	3068.00	3068.00	3068.00	3068.00	3068.00	3068.00	3067.50	3067.00	3067.00	3067.00	3067.00	3067.00	3067.00	3067.00	3067.00	3067.00	3066.00	3066.00	3066.00	3066.00	3066.00	3066.00	3066.00	3066.00	3065.50	3065.00	3065.00	3065.00	3065.00	3064.50	3064.00	3064.00	3064.00	3064.00	3064.00	3064.00	3064.00	3064.00	3064.00	3064.00	3064.00	3064.00	3064.00	3065.00	3065.00	3065.00	3065.50	3066.00	3066.00	3067.00	3067.00	3068.00	3068.00	3068.50	3069.00	3070.00	3070.50	3071.00	3072.00	3072.50	3073.00	3074.00	3074.50	3075.00	3076.00	3076.50	3077.00	3078.00	3078.50	3079.00	3080.00	3080.00	3082.00	3082.00	3083.00	3083.00	3083.50	3084.50	3085.00	3085.00	3086.00	3086.00	3087.00	3087.00	3087.00	3087.50	3088.00	3088.00	3088.00	3088.00	3088.00	3088.00	3088.00	3088.50	3089.00	3089.00	3089.00	3089.00	3089.00	3089.00	3089.00	3089.00	3089.00	3089.00	3089.00	3089.50	3090.00	3090.00	3091.00	3091.50	3092.00	3092.00	3093.00	3093.50	3095.50	3096.00	3096.50	3098.00	3098.00	3100.00	3101.00	3102.50	3103.50	3104.50	3106.50	3107.50	3109.00	3110.00	3111.50	3112.50	3113.50	3114.50	3115.50	3117.00	3118.50	3120.00	3121.00	3122.50	3123.50	3125.00	3126.50	3127.00	3128.00	3129.00	3129.50	3131.00	3131.50	3132.50	3133.50	3134.00	3135.00	3135.00	3136.00	3136.50	3137.00	3137.50	3138.00	3138.00	3138.00	3138.50	3139.00	3139.00	3139.00	3139.00	3140.00	3140.00	3140.00	3140.00	3140.50	3141.00	3141.00	3141.00	3141.50	3142.00	3142.00	3142.50	3143.00	3143.50	3144.00	3144.00	3145.00	3145.00	3146.00	3146.00	3147.00	3147.00	3147.50	3148.50	3149.00	3150.00	3150.00	3151.00	3152.00	3152.50	3153.00	3153.50	3154.00	3155.50	3156.00	3157.00	3157.50	3158.00	3159.00	3159.50	3160.00	3161.00	3161.50	3162.50	3163.00	3164.00	3164.00	3165.00	3165.00	3166.00	3167.00	3167.00	3167.50	3168.00	3168.00	3168.50	3169.00	3169.00	3169.50	3170.00	3170.00	3170.00	3170.00	3170.00	3170.00	3171.00	3171.00	3171.50	3172.00	3172.50	3173.50	3174.00	3175.00	3176.00	3176.00	3176.50	3177.00	3177.00	3177.50	3178.00	3178.50	3179.00	3179.00
3068.00	3068.00	3068.00	3068.00	3068.00	3068.00	3068.00	3068.00	3068.00	3068.00	3068.00	3068.00	3068.00	3068.00	3068.00	3067.50	3067.00	3067.00	3067.00	3067.00	3067.00	3067.00	3067.00	3067.00	3067.00	3066.00	3066.00	3066.00	3066.00	3066.00	3066.00	3066.00	3066.00	3065.50	3065.00	3065.00	3065.00	3065.00	3064.50	3064.00	3064.00	3064.00	3064.00	3064.00	3064.00	3064.00	3064.00	3064.00	3064.00	3064.00	3064.00	3064.00	3065.00	3065.00	3065.00	3065.50	3066.00	3066.00	3067.00	3067.00	3068.00	3068.00	3068.50	3069.00	3070.00	3070.50	3071.00	3072.00	3072.50	3073.00	3074.00	3074.50	3075.00	3076.00	3076.50	3077.00	3078.00	3078.50	3079.00	3080.00	3080.00	3082.00	3082.00	3083.00	3083.00	3083.50	3084.50	3085.00	3085.00	3086.00	3086.00	3087.00	3087.00	3087.00	3087.50	3088.00	3088.00	3088.00	3088.00	3088.00	3088.00	3088.00	3088.50	3089.00	3089.00	3089.00	3089.00	3089.00	3089.00	3089.00	3089.00	3089.00	3089.00	3089.00	3089.50	3090.00	3090.00	3091.00	3091.50	3092.00	3092.00	3093.00	3093.50	3095.50	3096.00	3096.50	3098.00	3098.00	3100.00	3101.00	3102.50	3103.50	3104.50	3106.50	3107.50	3109.00	3110.00	3111.50	3112.50	3113.50	3114.50	3115.50	3117.00	3118.50	3120.00	3121.00	3122.50	3123.50	3125.00	3126.50	3127.00	3128.00	3129.00	3129.50	3131.00	3131.50	3132.50	3133.50	3134.00	3135.00	3135.00	3136.00	3136.50	3137.00	3137.50	3138.00	3138.00	3138.00	3138.50	3139.00	3139.00	3139.00	3139.00	3140.00	3140.00	3140.00	3140.00	3140.50	3141.00	3141.00	3141.00	3141.50	3142.00	3142.00	3142.50	3143.00	3143.50	3144.00	3144.00	3145.00	3145.00	3146.00	3146.00	3147.00	3147.00	3147.50	3148.50	3149.00	3150.00	3150.00	3151.00	3152.00	3152.50	3153.00	3153.50	3154.00	3155.50	3156.00	3157.00	3157.50	3158.00	3159.00	3159.50	3160.00	3161.00	3161.50	3162.50	3163.00	3164.00	3164.00	3165.00	3165.00	3166.00	3167.00	3167.00	3167.50	3168.00	3168.00	3168.50	3169.00	3169.00	3169.50	3170.00	3170.00	3170.00	3170.00	3170.00	3170.00	3171.00	3171.00	3171.50	3172.00	3172.50	3173.50	3174.00	3175.00	3176.00	3176.00	3176.50	3177.00	3177.00	3177.50	3178.00	3178.50	3179.00	3179.00
3066.00	3066.00	3066.00	3066.00	3066.00	3066.00	3066.00	3066.00	3065.50	3065.00	3065.00	3065.00	3065.00	3065.00	3065.00	3065.00	3065.00	3065.00	3065.00	3065.00	3065.00	3065.00	3065.00	3065.00	3065.00	3065.00	3065.00	3065.00	3065.00	3065.00	3065.00	3065.00	3065.00	3065.00	3065.00	3065.00	3065.00	3065.00	3065.00	3065.00	3065.00	3064.00	3064.00	3064.00	3064.00	3064.50	3065.00	3065.00	3065.00	3065.00	3065.00	3065.00	3066.00	3066.00	3066.50	3067.00	3067.00	3068.00	3068.00	3068.00	3069.00	3069.50	3070.00	3070.00	3071.00	3071.50	3072.00	3073.00	3073.50	3074.00	3075.00	3075.50	3076.00	3077.00	3077.50	3078.00	3079.00	3079.50	3080.00	3081.00	3081.00	3082.00	3083.00	3083.00	3083.50	3084.50	3085.00	3085.00	3086.00	3086.00	3086.50	3087.00	3087.50	3088.00	3088.00	3088.00	3089.00	3089.00	3088.00	3088.00	3088.00	3088.00	3088.00	3088.00	3088.00	3088.00	3088.00	3088.00	3088.00	3088.00	3088.00	3088.00	3088.00	3088.00	3088.00	3088.00	3088.00	3088.50	3089.00	3090.00	3090.00	3090.50	3091.00	3091.50	3092.00	3092.50	3094.00	3095.00	3096.00	3097.00	3098.00	3098.50	3099.50	3101.50	3102.50	3104.00	3105.00	3106.50	3107.50	3109.50	3110.00	3110.50	3112.00	3113.50	3115.00	3116.00	3117.50	3118.50	3120.00	3121.50	3122.50	3124.00	3125.00	3125.50	3127.00	3128.50	3129.00	3129.50	3131.00	3132.00	3133.00	3134.00	3134.50	3135.00	3135.50	3136.00	3136.50	3137.00	3138.00	3138.00	3138.50	3139.00	3139.00	3139.00	3139.00	3140.00	3140.00	3140.00	3140.00	3140.00	3141.00	3141.00	3141.00	3141.00	3141.00	3141.50	3142.00	3142.50	3143.00	3143.00	3144.00	3144.00	3145.00	3145.50	3146.00	3146.50	3147.50	3148.00	3148.00	3149.00	3149.50	3150.00	3151.00	3151.50	3152.00	3153.00	3153.50	3155.00	3155.00	3156.50	3157.00	3158.50	3159.00	3159.50	3160.00	3161.00	3161.50	3163.00	3163.50	3164.00	3165.00	3165.00	3166.00	3166.00	3167.00	3167.00	3167.50	3168.00	3168.00	3169.00	3169.00	3169.00	3169.50	3170.00	3170.50	3171.00	3171.00	3171.00	3172.00	3172.00	3172.00	3172.50	3173.00	3174.00	3174.00	3175.00	3175.00	3176.00	3176.00	3177.00	3177.00	3177.50	3178.00	3179.00	3179.00	3180.00
3066.00	3066.00	3066.00	3066.00	3066.00	3066.00	3066.00	3066.00	3065.50	3065.00	3065.00	3065.00	3065.00	3065.00	3065.00	3065.00	3065.00	3065.00	3065.00	3065.00	3065.00	3065.00	3065.00	3065.00	3065.00	3065.00	3065.00	3065.00	3065.00	3065.00	3065.00	3065.00	3065.00	3065.00	3065.00	3065.00	3065.00	3065.00	3065.00	3065.00	3065.00	3064.00	3064.00	3064.00	3064.00	3064.50	3065.00	3065.00	3065.00	3065.00	3065.00	3065.00	3066.00	3066.00	3066.50	3067.00	3067.00	3068.00	3068.00	3068.00	3069.00	3069.50	3070.00	3070.00	3071.00	3071.50	3072.00	3073.00	3073.50	3074.00	3075.00	3075.50	3076.00	3077.00	3077.50	3078.00	3079.00	3079.50	3080.00	3081.00	3081.00	3082.00	3083.00	3083.00	3083.50	3084.50	3085.00	3085.00	3086.00	3086.00	3086.50	3087.00	3087.50	3088.00	3088.00	3088.00	3089.00	3089.00	3088.00	3088.00	3088.00	3088.00	3088.00	3088.00	3088.00	3088.00	3088.00	3088.00	3088.00	3088.00	3088.00	3088.00	3088.00	3088.00	3088.00	3088.00	3088.00	3088.50	3089.00	3090.00	3090.00	3090.50	3091.00	3091.50	3092.00	3092.50	3094.00	3095.00	3096.00	3097.00	3098.00	3098.50	3099.50	3101.50	3102.50	3104.00	3105.00	3106.50	3107.50	3109.50	3110.00	3110.50	3112.00	3113.50	3115.00	3116.00	3117.50	3118.50	3120.00	3121.50	3122.50	3124.00	3125.00	3125.50	3127.00	3128.50	3129.00	3129.50	3131.00	3132.00	3133.00	3134.00	3134.50	3135.00	3135.50	3136.00	3136.50	3137.00	3138.00	3138.00	3138.50	3139.00	3139.00	3139.00	3139.00	3140.00	3140.00	3140.00	3140.00	3140.00	3141.00	3141.00	3141.00	3141.00	3141.00	3141.50	3142.00	3142.50	3143.00	3143.00	3144.00	3144.00	3145.00	3145.50	3146.00	3146.50	3147.50	3148.00	3148.00	3149.00	3149.50	3150.00	3151.00	3151.50	3152.00	3153.00	3153.50	3155.00	3155.00	3156.50	3157.00	3158.50	3159.00	3159.50	3160.00	3161.00	3161.50	3163.00	3163.50	3164.00	3165.00	3165.00	3166.00	3166.00	3167.00	3167.00	3167.50	3168.00	3168.00	3169.00	3169.00	3169.00	3169.50	3170.00	3170.50	3171.00	3171.00	3171.00	3172.00	3172.00	3172.00	3172.50	3173.00	3174.00	3174.00	3175.00	3175.00	3176.00	3176.00	3177.00	3177.00	3177.50	3178.00	3179.00	3179.00	3180.00
3066.00	3066.00	3066.00	3066.00	3066.00	3066.00	3066.00	3066.00	3065.50	3065.00	3065.00	3065.00	3065.00	3065.00	3065.00	3065.00	3065.00	3065.00	3065.00	3065.00	3065.00	3065.00	3065.00	3065.00	3065.00	3065.00	3065.00	3065.00	3065.00	3065.00	3065.00	3065.00	3065.00	3065.00	3065.00	3065.00	3065.00	3065.00	3065.00	3065.00	3065.00	3064.00	3064.00	3064.00	3064.00	3064.50	3065.00	3065.00	3065.00	3065.00	3065.00	3065.00	3066.00	3066.00	3066.50	3067.00	3067.00	3068.00	3068.00	3068.00	3069.00	3069.50	3070.00	3070.00	3071.00	3071.50	3072.00	3073.00	3073.50	3074.00	3075.00	3075.50	3076.00	3077.00	3077.50	3078.00	3079.00	3079.50	3080.00	3081.00	3081.00	3082.00	3083.00	3083.00	3083.50	3084.50	3085.00	3085.00	3086.00	3086.00	3086.50	3087.00	3087.50	3088.00	3088.00	3088.00	3089.00	3089.00	3088.00	3088.00	3088.00	3088.00	3088.00	3088.00	3088.00	3088.00	3088.00	3088.00	3088.00	3088.00	3088.00	3088.00	3088.00	3088.00	3088.00	3088.00	3088.00	3088.50	3089.00	3090.00	3090.00	3090.50	3091.00	3091.50	3092.00	3092.50	3094.00	3095.00	3096.00	3097.00	3098.00	3098.50	3099.50	3101.50	3102.50	3104.00	3105.00	3106.50	3107.50	3109.50	3110.00	3110.50	3112.00	3113.50	3115.00	3116.00	3117.50	3118.50	3120.00	3121.50	3122.50	3124.00	3125.00	3125.50	3127.00	3128.50	3129.00	3129.50	3131.00	3132.00	3133.00	3134.00	3134.50	3135.00	3135.50	3136.00	3136.50	3137.00	3138.00	3138.00	3138.50	3139.00	3139.00	3139.00	3139.00	3140.00	3140.00	3140.00	3140.00	3140.00	3141.00	3141.00	3141.00	3141.00	3141.00	3141.50	3142.00	3142.50	3143.00	3143.00	3144.00	3144.00	3145.00	3145.50	3146.00	3146.50	3147.50	3148.00	3148.00	3149.00	3149.50	3150.00	3151.00	3151.50	3152.00	3153.00	3153.50	3155.00	3155.00	3156.50	3157.00	3158.50	3159.00	3159.50	3160.00	3161.00	3161.50	3163.00	3163.50	3164.00	3165.00	3165.00	3166.00	3166.00	3167.00	3167.00	3167.50	3168.00	3168.00	3169.00	3169.00	3169.00	3169.50	3170.00	3170.50	3171.00	3171.00	3171.00	3172.00	3172.00	3172.00	3172.50	3173.00	3174.00	3174.00	3175.00	3175.00	3176.00	3176.00	3177.00	3177.00	3177.50	3178.00	3179.00	3179.00	3180.00
3066.00	3066.00	3066.00	3066.00	3066.00	3066.00	3066.00	3066.00	3065.50	3065.00	3065.00	3065.00	3065.00	3065.00	3065.00	3065.00	3065.00	3065.00	3065.00	3065.00	3065.00	3065.00	3065.00	3065.00	3065.00	3065.00	3065.00	3065.00	3065.00	3065.00	3065.00	3065.00	3065.00	3065.00	3065.00	3065.00	3065.00	3065.00	3065.00	3065.00	3065.00	3064.00	3064.00	3064.00	3064.00	3064.50	3065.00	3065.00	3065.00	3065.00	3065.00	3065.00	3066.00	3066.00	3066.50	3067.00	3067.00	3068.00	3068.00	3068.00	3069.00	3069.50	3070.00	3070.00	3071.00	3071.50	3072.00	3073.00	3073.50	3074.00	3075.00	3075.50	3076.00	3077.00	3077.50	3078.00	3079.00	3079.50	3080.00	3081.00	3081.00	3082.00	3083.00	3083.00	3083.50	3084.50	3085.00	3085.00	3086.00	3086.00	3086.50	3087.00	3087.50	3088.00	3088.00	3088.00	3089.00	3089.00	3088.00	3088.00	3088.00	3088.00	3088.00	3088.00	3088.00	3088.00	3088.00	3088.00	3088.00	3088.00	3088.00	3088.00	3088.00	3088.00	3088.00	3088.00	3088.00	3088.50	3089.00	3090.00	3090.00	3090.50	3091.00	3091.50	3092.00	3092.50	3094.00	3095.00	3096.00	3097.00	3098.00	3098.50	3099.50	3101.50	3102.50	3104.00	3105.00	3106.50	3107.50	3109.50	3110.00	3110.50	3112.00	3113.50	3115.00	3116.00	3117.50	3118.50	3120.00	3121.50	3122.50	3124.00	3125.00	3125.50	3127.00	3128.50	3129.00	3129.50	3131.00	3132.00	3133.00	3134.00	3134.50	3135.00	3135.50	3136.00	3136.50	3137.00	3138.00	3138.00	3138.50	3139.00	3139.00	3139.00	3139.00	3140.00	3140.00	3140.00	3140.00	3140.00	3141.00	3141.00	3141.00	3141.00	3141.00	3141.50	3142.00	3142.50	3143.00	3143.00	3144.00	3144.00	3145.00	3145.50	3146.00	3146.50	3147.50	3148.00	3148.00	3149.00	3149.50	3150.00	3151.00	3151.50	3152.00	3153.00	3153.50	3155.00	3155.00	3156.50	3157.00	3158.50	3159.00	3159.50	3160.00	3161.00	3161.50	3163.00	3163.50	3164.00	3165.00	3165.00	3166.00	3166.00	3167.00	3167.00	3167.50	3168.00	3168.00	3169.00	3169.00	3169.00	3169.50	3170.00	3170.50	3171.00	3171.00	3171.00	3172.00	3172.00	3172.00	3172.50	3173.00	3174.00	3174.00	3175.00	3175.00	3176.00	3176.00	3177.00	3177.00	3177.50	3178.00	3179.00	3179.00	3180.00
3066.00	3066.00	3066.00	3066.00	3066.00	3066.00	3066.00	3066.00	3065.50	3065.00	3065.00	3065.00	3065.00	3065.00	3065.00	3065.00	3065.00	3065.00	3065.00	3065.00	3065.00	3065.00	3065.00	3065.00	3065.00	3065.00	3065.00	3065.00	3065.00	3065.00	3065.00	3065.00	3065.00	3065.00	3065.00	3065.00	3065.00	3065.00	3065.00	3065.00	3065.00	3064.00	3064.00	3064.00	3064.00	3064.50	3065.00	3065.00	3065.00	3065.00	3065.00	3065.00	3066.00	3066.00	3066.50	3067.00	3067.00	3068.00	3068.00	3068.00	3069.00	3069.50	3070.00	3070.00	3071.00	3071.50	3072.00	3073.00	3073.50	3074.00	3075.00	3075.50	3076.00	3077.00	3077.50	3078.00	3079.00	3079.50	3080.00	3081.00	3081.00	3082.00	3083.00	3083.00	3083.50	3084.50	3085.00	3085.00	3086.00	3086.00	3086.50	3087.00	3087.50	3088.00	3088.00	3088.00	3089.00	3089.00	3088.00	3088.00	3088.00	3088.00	3088.00	3088.00	3088.00	3088.00	3088.00	3088.00	3088.00	3088.00	3088.00	3088.00	3088.00	3088.00	3088.00	3088.00	3088.00	3088.50	3089.00	3090.00	3090.00	3090.50	3091.00	3091.50	3092.00	3092.50	3094.00	3095.00	3096.00	3097.00	3098.00	3098.50	3099.50	3101.50	3102.50	3104.00	3105.00	3106.50	3107.50	3109.50	3110.00	3110.50	3112.00	3113.50	3115.00	3116.00	3117.50	3118.50	3120.00	3121.50	3122.50	3124.00	3125.00	3125.50	3127.00	3128.50	3129.00	3129.50	3131.00	3132.00	3133.00	3134.00	3134.50	3135.00	3135.50	3136.00	3136.50	3137.00	3138.00	3138.00	3138.50	3139.00	3139.00	3139.00	3139.00	3140.00	3140.00	3140.00	3140.00	3140.00	3141.00	3141.00	3141.00	3141.00	3141.00	3141.50	3142.00	3142.50	3143.00	3143.00	3144.00	3144.00	3145.00	3145.50	3146.00	3146.50	3147.50	3148.00	3148.00	3149.00	3149.50	3150.00	3151.00	3151.50	3152.00	3153.00	3153.50	3155.00	3155.00	3156.50	3157.00	3158.50	3159.00	3159.50	3160.00	3161.00	3161.50	3163.00	3163.50	3164.00	3165.00	3165.00	3166.00	3166.00	3167.00	3167.00	3167.50	3168.00	3168.00	3169.00	3169.00	3169.00	3169.50	3170.00	3170.50	3171.00	3171.00	3171.00	3172.00	3172.00	3172.00	3172.50	3173.00	3174.00	3174.00	3175.00	3175.00	3176.00	3176.00	3177.00	3177.00	3177.50	3178.00	3179.00	3179.00	3180.00
3065.00	3065.00	3064.50	3064.50	3064.50	3064.00	3064.00	3064.00	3063.75	3063.50	3063.50	3063.50	3063.50	3063.50	3063.00	3063.00	3063.00	3063.00	3063.00	3063.00	3063.50	3063.50	3063.50	3063.50	3063.50	3063.50	3063.50	3063.50	3063.50	3064.00	3064.00	3064.00	3064.00	3064.50	3064.50	3064.50	3065.00	3065.00	3065.00	3065.00	3065.25	3065.00	3065.00	3065.00	3065.00	3065.25	3065.50	3065.75	3066.00	3066.00	3066.00	3066.50	3067.00	3067.00	3067.50	3068.00	3068.00	3068.50	3069.00	3069.00	3070.00	3070.50	3071.00	3071.00	3072.00	3072.50	3073.00	3074.00	3074.50	3075.00	3076.00	3076.25	3077.00	3077.50	3078.25	3078.75	3079.75	3080.25	3080.75	3081.50	3082.00	3082.50	3083.50	3083.75	3084.25	3085.00	3085.50	3085.50	3086.50	3086.50	3087.00	3087.50	3087.75	3088.00	3088.25	3088.50	3089.00	3089.00	3088.50	3089.00	3089.00	3088.50	3088.50	3088.50	3088.50	3088.50	3088.50	3088.50	3088.50	3088.50	3088.50	3088.50	3088.50	3088.50	3088.50	3088.50	3088.50	3088.75	3089.25	3090.00	3090.00	3090.25	3090.75	3091.50	3092.00	3092.50	3093.50	3094.00	3095.00	3096.00	3097.25	3097.75	3098.50	3100.25	3101.00	3102.00	3103.00	3104.50	3105.50	3107.50	3108.25	3109.00	3110.00	3111.50	3113.00	3114.00	3115.50	3116.50	3118.00	3119.50	3120.50	3122.00	3123.00	3123.50	3125.00	3126.50	3127.25	3128.00	3129.00	3130.25	3131.50	3132.00	3133.00	3133.50	3134.50	3135.00	3135.25	3136.00	3136.50	3136.75	3137.25	3137.75	3138.00	3138.00	3138.50	3139.00	3139.00	3139.50	3139.50	3139.50	3140.25	3140.50	3140.50	3140.50	3140.50	3140.75	3141.50	3141.75	3142.25	3142.50	3143.00	3143.50	3144.50	3144.75	3145.25	3145.75	3146.75	3147.25	3147.50	3148.50	3149.00	3150.00	3150.75	3151.25	3151.75	3152.50	3153.25	3154.50	3155.00	3156.00	3156.75	3158.00	3158.75	3159.25	3160.00	3160.75	3161.50	3162.50	3163.25	3163.75	3164.50	3165.00	3165.75	3166.00	3166.75	3167.00	3167.25	3168.00	3168.00	3168.50	3169.00	3169.00	3169.25	3170.00	3170.25	3170.75	3171.00	3171.00	3172.00	3172.00	3172.25	3172.75	3173.00	3174.00	3174.25	3175.00	3175.00	3176.00	3176.00	3177.00	3177.25	3177.75	3178.00	3179.00	3179.00	3179.50
3064.00	3064.00	3063.00	3063.00	3063.00	3062.00	3062.00	3062.00	3062.00	3062.00	3062.00	3062.00	3062.00	3062.00	3061.00	3061.00	3061.00	3061.00	3061.00	3061.00	3062.00	3062.00	3062.00	3062.00	3062.00	3062.00	3062.00	3062.00	3062.00	3063.00	3063.00	3063.00	3063.00	3064.00	3064.00	3064.00	3065.00	3065.00	3065.00	3065.00	3065.50	3066.00	3066.00	3066.00	3066.00	3066.00	3066.00	3066.50	3067.00	3067.00	3067.00	3068.00	3068.00	3068.00	3068.50	3069.00	3069.00	3069.00	3070.00	3070.00	3071.00	3071.50	3072.00	3072.00	3073.00	3073.50	3074.00	3075.00	3075.50	3076.00	3077.00	3077.00	3078.00	3078.00	3079.00	3079.50	3080.50	3081.00	3081.50	3082.00	3083.00	3083.00	3084.00	3084.50	3085.00	3085.50	3086.00	3086.00	3087.00	3087.00	3087.50	3088.00	3088.00	3088.00	3088.50	3089.00	3089.00	3089.00	3089.00	3090.00	3090.00	3089.00	3089.00	3089.00	3089.00	3089.00	3089.00	3089.00	3089.00	3089.00	3089.00	3089.00	3089.00	3089.00	3089.00	3089.00	3089.00	3089.00	3089.50	3090.00	3090.00	3090.00	3090.50	3091.50	3092.00	3092.50	3093.00	3093.00	3094.00	3095.00	3096.50	3097.00	3097.50	3099.00	3099.50	3100.00	3101.00	3102.50	3103.50	3105.50	3106.50	3107.50	3108.00	3109.50	3111.00	3112.00	3113.50	3114.50	3116.00	3117.50	3118.50	3120.00	3121.00	3121.50	3123.00	3124.50	3125.50	3126.50	3127.00	3128.50	3130.00	3130.00	3131.50	3132.00	3133.50	3134.00	3134.00	3135.00	3135.00	3135.50	3136.00	3136.50	3137.00	3137.00	3138.00	3138.00	3138.00	3139.00	3139.00	3139.00	3139.50	3140.00	3140.00	3140.00	3140.00	3140.00	3141.00	3141.00	3141.50	3142.00	3142.00	3143.00	3144.00	3144.00	3144.50	3145.00	3146.00	3146.50	3147.00	3148.00	3148.50	3150.00	3150.50	3151.00	3151.50	3152.00	3153.00	3154.00	3155.00	3155.50	3156.50	3157.50	3158.50	3159.00	3160.00	3160.50	3161.50	3162.00	3163.00	3163.50	3164.00	3165.00	3165.50	3166.00	3166.50	3167.00	3167.00	3168.00	3168.00	3168.00	3169.00	3169.00	3169.00	3170.00	3170.00	3170.50	3171.00	3171.00	3172.00	3172.00	3172.50	3173.00	3173.00	3174.00	3174.50	3175.00	3175.00	3176.00	3176.00	3177.00	3177.50	3178.00	3178.00	3179.00	3179.00	3179.00
3064.00	3064.00	3063.00	3063.00	3063.00	3062.00	3062.00	3062.00	3062.00	3062.00	3062.00	3062.00	3062.00	3062.00	3061.00	3061.00	3061.00	3061.00	3061.00	3061.00	3062.00	3062.00	3062.00	3062.00	3062.00	3062.00	3062.00	3062.00	3062.00	3063.00	3063.00	3063.00	3063.00	3064.00	3064.00	3064.00	3065.00	3065.00	3065.00	3065.00	3065.50	3066.00	3066.00	3066.00	3066.00	3066.00	3066.00	3066.50	3067.00	3067.00	3067.00	3068.00	3068.00	3068.00	3068.50	3069.00	3069.00	3069.00	3070.00	3070.00	3071.00	3071.50	3072.00	3072.00	3073.00	3073.50	3074.00	3075.00	3075.50	3076.00	3077.00	3077.00	3078.00	3078.00	3079.00	3079.50	3080.50	3081.00	3081.50	3082.00	3083.00	3083.00	3084.00	3084.50	3085.00	3085.50	3086.00	3086.00	3087.00	3087.00	3087.50	3088.00	3088.00	3088.00	3088.50	3089.00	3089.00	3089.00	3089.00	3090.00	3090.00	3089.00	3089.00	3089.00	3089.00	3089.00	3089.00	3089.00	3089.00	3089.00	3089.00	3089.00	3089.00	3089.00	3089.00	3089.00	3089.00	3089.00	3089.50	3090.00	3090.00	3090.00	3090.50	3091.50	3092.00	3092.50	3093.00	3093.00	3094.00	3095.00	3096.50	3097.00	3097.50	3099.00	3099.50	3100.00	3101.00	3102.50	3103.50	3105.50	3106.50	3107.50	3108.00	3109.50	3111.00	3112.00	3113.50	3114.50	3116.00	3117.50	3118.50	3120.00	3121.00	3121.50	3123.00	3124.50	3125.50	3126.50	3127.00	3128.50	3130.00	3130.00	3131.50	3132.00	3133.50	3134.00	3134.00	3135.00	3135.00	3135.50	3136.00	3136.50	3137.00	3137.00	3138.00	3138.00	3138.00	3139.00	3139.00	3139.00	3139.50	3140.00	3140.00	3140.00	3140.00	3140.00	3141.00	3141.00	3141.50	3142.00	3142.00	3143.00	3144.00	3144.00	3144.50	3145.00	3146.00	3146.50	3147.00	3148.00	3148.50	3150.00	3150.50	3151.00	3151.50	3152.00	3153.00	3154.00	3155.00	3155.50	3156.50	3157.50	3158.50	3159.00	3160.00	3160.50	3161.50	3162.00	3163.00	3163.50	3164.00	3165.00	3165.50	3166.00	3166.50	3167.00	3167.00	3168.00	3168.00	3168.00	3169.00	3169.00	3169.00	3170.00	3170.00	3170.50	3171.00	3171.00	3172.00	3172.00	3172.50	3173.00	3173.00	3174.00	3174.50	3175.00	3175.00	3176.00	3176.00	3177.00	3177.50	3178.00	3178.00	3179.00	3179.00	3179.00
3064.00	3064.00	3063.00	3063.00	3063.00	3062.00	3062.00	3062.00	3062.00	3062.00	3062.00	3062.00	3062.00	3062.00	3061.00	3061.00	3061.00	3061.00	3061.00	3061.00	3062.00	3062.00	3062.00	3062.00	3062.00	3062.00	3062.00	3062.00	3062.00	3063.00	3063.00	3063.00	3063.00	3064.00	3064.00	3064.00	3065.00	3065.00	3065.00	3065.00	3065.50	3066.00	3066.00	3066.00	3066.00	3066.00	3066.00	3066.50	3067.00	3067.00	3067.00	3068.00	3068.00	3068.00	3068.50	3069.00	3069.00	3069.00	3070.00	3070.00	3071.00	3071.50	3072.00	3072.00	3073.00	3073.50	3074.00	3075.00	3075.50	3076.00	3077.00	3077.00	3078.00	3078.00	3079.00	3079.50	3080.50	3081.00	3081.50	3082.00	3083.00	3083.00	3084.00	3084.50	3085.00	3085.50	3086.00	3086.00	3087.00	3087.00	3087.50	3088.00	3088.00	3088.00	3088.50	3089.00	3089.00	3089.00	3089.00	3090.00	3090.00	3089.00	3089.00	3089.00	3089.00	3089.00	3089.00	3089.00	3089.00	3089.00	3089.00	3089.00	3089.00	3089.00	3089.00	3089.00	3089.00	3089.00	3089.50	3090.00	3090.00	3090.00	3090.50	3091.50	3092.00	3092.50	3093.00	3093.00	3094.00	3095.00	3096.50	3097.00	3097.50	3099.00	3099.50	3100.00	3101.00	3102.50	3103.50	3105.50	3106.50	3107.50	3108.00	3109.50	3111.00	3112.00	3113.50	3114.50	3116.00	3117.50	3118.50	3120.00	3121.00	3121.50	3123.00	3124.50	3125.50	3126.50	3127.00	3128.50	3130.00	3130.00	3131.50	3132.00	3133.50	3134.00	3134.00	3135.00	3135.00	3135.50	3136.00	3136.50	3137.00	3137.00	3138.00	3138.00	3138.00	3139.00	3139.00	3139.00	3139.50	3140.00	3140.00	3140.00	3140.00	3140.00	3141.00	3141.00	3141.50	3142.00	3142.00	3143.00	3144.00	3144.00	3144.50	3145.00	3146.00	3146.50	3147.00	3148.00	3148.50	3150.00	3150.50	3151.00	3151.50	3152.00	3153.00	3154.00	3155.00	3155.50	3156.50	3157.50	3158.50	3159.00	3160.00	3160.50	3161.50	3162.00	3163.00	3163.50	3164.00	3165.00	3165.50	3166.00	3166.50	3167.00	3167.00	3168.00	3168.00	3168.00	3169.00	3169.00	3169.00	3170.00	3170.00	3170.50	3171.00	3171.00	3172.00	3172.00	3172.50	3173.00	3173.00	3174.00	3174.50	3175.00	3175.00	3176.00	3176.00	3177.00	3177.50	3178.00	3178.00	3179.00	3179.00	3179.00
3064.00	3064.00	3063.00	3063.00	3063.00	3062.00	3062.00	3062.00	3062.00	3062.00	3062.00	3062.00	3062.00	3062.00	3061.00	3061.00	3061.00	3061.00	3061.00	3061.00	3062.00	3062.00	3062.00	3062.00	3062.00	3062.00	3062.00	3062.00	3062.00	3063.00	3063.00	3063.00	3063.00	3064.00	3064.00	3064.00	3065.00	3065.00	3065.00	3065.00	3065.50	3066.00	3066.00	3066.00	3066.00	3066.00	3066.00	3066.50	3067.00	3067.00	3067.00	3068.00	3068.00	3068.00	3068.50	3069.00	3069.00	3069.00	3070.00	3070.00	3071.00	3071.50	3072.00	3072.00	3073.00	3073.50	3074.00	3075.00	3075.50	3076.00	3077.00	3077.00	3078.00	3078.00	3079.00	3079.50	3080.50	3081.00	3081.50	3082.00	3083.00	3083.00	3084.00	3084.50	3085.00	3085.50	3086.00	3086.00	3087.00	3087.00	3087.50	3088.00	3088.00	3088.00	3088.50	3089.00	3089.00	3089.00	3089.00	3090.00	3090.00	3089.00	3089.00	3089.00	3089.00	3089.00	3089.00	3089.00	3089.00	3089.00	3089.00	3089.00	3089.00	3089.00	3089.00	3089.00	3089.00	3089.00	3089.50	3090.00	3090.00	3090.00	3090.50	3091.50	3092.00	3092.50	3093.00	3093.00	3094.00	3095.00	3096.50	3097.00	3097.50	3099.00	3099.50	3100.00	3101.00	3102.50	3103.50	3105.50	3106.50	3107.50	3108.00	3109.50	3111.00	3112.00	3113.50	3114.50	3116.00	3117.50	3118.50	3120.00	3121.00	3121.50	3123.00	3124.50	3125.50	3126.50	3127.00	3128.50	3130.00	3130.00	3131.50	3132.00	3133.50	3134.00	3134.00	3135.00	3135.00	3135.50	3136.00	3136.50	3137.00	3137.00	3138.00	3138.00	3138.00	3139.00	3139.00	3139.00	3139.50	3140.00	3140.00	3140.00	3140.00	3140.00	3141.00	3141.00	3141.50	3142.00	3142.00	3143.00	3144.00	3144.00	3144.50	3145.00	3146.00	3146.50	3147.00	3148.00	3148.50	3150.00	3150.50	3151.00	3151.50	3152.00	3153.00	3154.00	3155.00	3155.50	3156.50	3157.50	3158.50	3159.00	3160.00	3160.50	3161.50	3162.00	3163.00	3163.50	3164.00	3165.00	3165.50	3166.00	3166.50	3167.00	3167.00	3168.00	3168.00	3168.00	3169.00	3169.00	3169.00	3170.00	3170.00	3170.50	3171.00	3171.00	3172.00	3172.00	3172.50	3173.00	3173.00	3174.00	3174.50	3175.00	3175.00	3176.00	3176.00	3177.00	3177.50	3178.00	3178.00	3179.00	3179.00	3179.00
3064.00	3064.00	3063.00	3063.00	3063.00	3062.00	3062.00	3062.00	3062.00	3062.00	3062.00	3062.00	3062.00	3062.00	3061.00	3061.00	3061.00	3061.00	3061.00	3061.00	3062.00	3062.00	3062.00	3062.00	3062.00	3062.00	3062.00	3062.00	3062.00	3063.00	3063.00	3063.00	3063.00	3064.00	3064.00	3064.00	3065.00	3065.00	3065.00	3065.00	3065.50	3066.00	3066.00	3066.00	3066.00	3066.00	3066.00	3066.50	3067.00	3067.00	3067.00	3068.00	3068.00	3068.00	3068.50	3069.00	3069.00	3069.00	3070.00	3070.00	3071.00	3071.50	3072.00	3072.00	3073.00	3073.50	3074.00	3075.00	3075.50	3076.00	3077.00	3077.00	3078.00	3078.00	3079.00	3079.50	3080.50	3081.00	3081.50	3082.00	3083.00	3083.00	3084.00	3084.50	3085.00	3085.50	3086.00	3086.00	3087.00	3087.00	3087.50	3088.00	3088.00	3088.00	3088.50	3089.00	3089.00	3089.00	3089.00	3090.00	3090.00	3089.00	3089.00	3089.00	3089.00	3089.00	3089.00	3089.00	3089.00	3089.00	3089.00	3089.00	3089.00	3089.00	3089.00	3089.00	3089.00	3089.00	3089.50	3090.00	3090.00	3090.00	3090.50	3091.50	3092.00	3092.50	3093.00	3093.00	3094.00	3095.00	3096.50	3097.00	3097.50	3099.00	3099.50	3100.00	3101.00	3102.50	3103.50	3105.50	3106.50	3107.50	3108.00	3109.50	3111.00	3112.00	3113.50	3114.50	3116.00	3117.50	3118.50	3120.00	3121.00	3121.50	3123.00	3124.50	3125.50	3126.50	3127.00	3128.50	3130.00	3130.00	3131.50	3132.00	3133.50	3134.00	3134.00	3135.00	3135.00	3135.50	3136.00	3136.50	3137.00	3137.00	3138.00	3138.00	3138.00	3139.00	3139.00	3139.00	3139.50	3140.00	3140.00	3140.00	3140.00	3140.00	3141.00	3141.00	3141.50	3142.00	3142.00	3143.00	3144.00	3144.00	3144.50	3145.00	3146.00	3146.50	3147.00	3148.00	3148.50	3150.00	3150.50	3151.00	3151.50	3152.00	3153.00	3154.00	3155.00	3155.50	3156.50	3157.50	3158.50	3159.00	3160.00	3160.50	3161.50	3162.00	3163.00	3163.50	3164.00	3165.00	3165.50	3166.00	3166.50	3167.00	3167.00	3168.00	3168.00	3168.00	3169.00	3169.00	3169.00	3170.00	3170.00	3170.50	3171.00	3171.00	3172.00	3172.00	3172.50	3173.00	3173.00	3174.00	3174.50	3175.00	3175.00	3176.00	3176.00	3177.00	3177.50	3178.00	3178.00	3179.00	3179.00	3179.00
3062.00	3061.50	3061.00	3061.00	3061.00	3060.00	3060.00	3060.00	3059.75	3059.50	3059.50	3059.50	3059.50	3059.50	3059.00	3059.00	3059.00	3059.00	3059.00	3059.00	3060.00	3060.00	3060.00	3060.25	3060.50	3060.50	3060.50	3061.00	3061.00	3062.00	3062.00	3062.25	3062.50	3063.50	3063.50	3064.00	3064.75	3065.00	3065.25	3065.50	3065.75	3066.00	3066.50	3066.50	3066.50	3067.00	3067.00	3067.25	3068.00	3068.00	3068.00	3069.00	3069.00	3069.00	3069.50	3070.00	3070.00	3070.00	3071.00	3071.00	3072.00	3072.25	3072.75	3073.00	3074.00	3074.25	3075.00	3075.75	3076.25	3076.75	3077.75	3078.00	3079.00	3079.00	3080.00	3080.50	3081.25	3081.75	3082.25	3083.00	3083.50	3084.00	3084.50	3085.25	3085.50	3086.00	3086.50	3086.75	3087.50	3087.50	3088.00	3088.50	3088.50	3088.75	3089.25	3089.50	3089.50	3089.50	3089.50	3090.50	3090.50	3090.00	3090.00	3090.00	3090.00	3090.00	3089.75	3090.00	3090.00	3090.00	3090.00	3090.00	3090.00	3090.00	3090.00	3090.00	3090.00	3090.00	3090.25	3090.50	3090.50	3091.00	3091.25	3091.75	3092.25	3092.75	3093.50	3093.50	3094.50	3095.00	3096.25	3096.50	3097.00	3098.25	3099.00	3099.50	3100.50	3101.75	3102.50	3104.25	3105.00	3106.00	3107.00	3108.25	3109.50	3110.50	3112.00	3112.75	3114.00	3115.50	3116.50	3117.50	3118.50	3119.50	3121.00	3122.00	3123.00	3124.00	3125.00	3126.50	3127.50	3128.00	3129.25	3129.75	3131.25	3131.75	3132.25	3133.00	3133.75	3134.25	3134.75	3135.25	3135.50	3136.00	3136.50	3137.00	3137.00	3137.75	3138.00	3138.00	3138.50	3139.00	3139.00	3139.00	3139.25	3139.50	3140.00	3140.25	3140.75	3141.00	3141.50	3142.00	3143.00	3143.25	3143.75	3144.25	3145.25	3145.75	3146.50	3147.50	3148.00	3149.00	3150.00	3150.50	3151.00	3152.00	3152.75	3154.00	3154.50	3155.50	3156.25	3157.25	3158.00	3158.75	3159.50	3160.25	3161.00	3161.50	3162.75	3163.25	3164.00	3164.50	3165.25	3165.50	3166.00	3166.50	3166.50	3167.50	3167.50	3168.00	3168.50	3168.75	3169.00	3169.50	3169.75	3170.25	3170.50	3171.00	3171.50	3171.50	3172.25	3172.50	3172.75	3173.50	3174.00	3174.50	3175.00	3175.50	3175.75	3176.50	3177.00	3177.50	3177.50	3178.50	3178.50	3178.50
3060.00	3059.00	3059.00	3059.00	3059.00	3058.00	3058.00	3058.00	3057.50	3057.00	3057.00	3057.00	3057.00	3057.00	3057.00	3057.00	3057.00	3057.00	3057.00	3057.00	3058.00	3058.00	3058.00	3058.50	3059.00	3059.00	3059.00	3060.00	3060.00	3061.00	3061.00	3061.50	3062.00	3063.00	3063.00	3064.00	3064.50	3065.00	3065.50	3066.00	3066.00	3066.00	3067.00	3067.00	3067.00	3068.00	3068.00	3068.00	3069.00	3069.00	3069.00	3070.00	3070.00	3070.00	3070.50	3071.00	3071.00	3071.00	3072.00	3072.00	3073.00	3073.00	3073.50	3074.00	3075.00	3075.00	3076.00	3076.50	3077.00	3077.50	3078.50	3079.00	3080.00	3080.00	3081.00	3081.50	3082.00	3082.50	3083.00	3084.00	3084.00	3085.00	3085.00	3086.00	3086.00	3086.50	3087.00	3087.50	3088.00	3088.00	3088.50	3089.00	3089.00	3089.50	3090.00	3090.00	3090.00	3090.00	3090.00	3091.00	3091.00	3091.00	3091.00	3091.00	3091.00	3091.00	3090.50	3091.00	3091.00	3091.00	3091.00	3091.00	3091.00	3091.00	3091.00	3091.00	3091.00	3091.00	3091.00	3091.00	3091.00	3092.00	3092.00	3092.00	3092.50	3093.00	3094.00	3094.00	3095.00	3095.00	3096.00	3096.00	3096.50	3097.50	3098.50	3099.00	3100.00	3101.00	3101.50	3103.00	3103.50	3104.50	3106.00	3107.00	3108.00	3109.00	3110.50	3111.00	3112.00	3113.50	3114.50	3115.00	3116.00	3117.50	3119.00	3119.50	3120.50	3121.50	3123.00	3124.50	3125.00	3126.00	3127.00	3127.50	3129.00	3129.50	3130.50	3131.00	3132.50	3133.00	3133.50	3134.00	3134.00	3135.00	3135.00	3136.00	3136.00	3136.50	3137.00	3137.00	3137.50	3138.00	3138.00	3138.00	3138.50	3139.00	3139.00	3139.50	3140.00	3140.00	3141.00	3141.00	3142.00	3142.50	3143.00	3143.50	3144.50	3145.00	3146.00	3147.00	3147.50	3148.00	3149.50	3150.00	3150.50	3152.00	3152.50	3154.00	3154.00	3155.50	3156.00	3157.00	3157.50	3158.50	3159.00	3160.00	3160.50	3161.00	3162.50	3163.00	3164.00	3164.00	3165.00	3165.00	3165.50	3166.00	3166.00	3167.00	3167.00	3168.00	3168.00	3168.50	3169.00	3169.00	3169.50	3170.00	3170.00	3171.00	3171.00	3171.00	3172.00	3172.00	3172.50	3173.00	3173.50	3174.00	3175.00	3175.00	3175.50	3176.00	3176.50	3177.00	3177.00	3178.00	3178.00	3178.00
3060.00	3059.00	3059.00	3059.00	3059.00	3058.00	3058.00	3058.00	3057.50	3057.00	3057.00	3057.00	3057.00	3057.00	3057.00	3057.00	3057.00	3057.00	3057.00	3057.00	3058.00	3058.00	3058.00	3058.50	3059.00	3059.00	3059.00	3060.00	3060.00	3061.00	3061.00	3061.50	3062.00	3063.00	3063.00	3064.00	3064.50	3065.00	3065.50	3066.00	3066.00	3066.00	3067.00	3067.00	3067.00	3068.00	3068.00	3068.00	3069.00	3069.00	3069.00	3070.00	3070.00	3070.00	3070.50	3071.00	3071.00	3071.00	3072.00	3072.00	3073.00	3073.00	3073.50	3074.00	3075.00	3075.00	3076.00	3076.50	3077.00	3077.50	3078.50	3079.00	3080.00	3080.00	3081.00	3081.50	3082.00	3082.50	3083.00	3084.00	3084.00	3085.00	3085.00	3086.00	3086.00	3086.50	3087.00	3087.50	3088.00	3088.00	3088.50	3089.00	3089.00	3089.50	3090.00	3090.00	3090.00	3090.00	3090.00	3091.00	3091.00	3091.00	3091.00	3091.00	3091.00	3091.00	3090.50	3091.00	3091.00	3091.00	3091.00	3091.00	3091.00	3091.00	3091.00	3091.00	3091.00	3091.00	3091.00	3091.00	3091.00	3092.00	3092.00	3092.00	3092.50	3093.00	3094.00	3094.00	3095.00	3095.00	3096.00	3096.00	3096.50	3097.50	3098.50	3099.00	3100.00	3101.00	3101.50	3103.00	3103.50	3104.50	3106.00	3107.00	3108.00	3109.00	3110.50	3111.00	3112.00	3113.50	3114.50	3115.00	3116.00	3117.50	3119.00	3119.50	3120.50	3121.50	3123.00	3124.50	3125.00	3126.00	3127.00	3127.50	3129.00	3129.50	3130.50	3131.00	3132.50	3133.00	3133.50	3134.00	3134.00	3135.00	3135.00	3136.00	3136.00	3136.50	3137.00	3137.00	3137.50	3138.00	3138.00	3138.00	3138.50	3139.00	3139.00	3139.50	3140.00	3140.00	3141.00	3141.00	3142.00	3142.50	3143.00	3143.50	3144.50	3145.00	3146.00	3147.00	3147.50	3148.00	3149.50	3150.00	3150.50	3152.00	3152.50	3154.00	3154.00	3155.50	3156.00	3157.00	3157.50	3158.50	3159.00	3160.00	3160.50	3161.00	3162.50	3163.00	3164.00	3164.00	3165.00	3165.00	3165.50	3166.00	3166.00	3167.00	3167.00	3168.00	3168.00	3168.50	3169.00	3169.00	3169.50	3170.00	3170.00	3171.00	3171.00	3171.00	3172.00	3172.00	3172.50	3173.00	3173.50	3174.00	3175.00	3175.00	3175.50	3176.00	3176.50	3177.00	3177.00	3178.00	3178.00	3178.00
3060.00	3059.00	3059.00	3059.00	3059.00	3058.00	3058.00	3058.00	3057.50	3057.00	3057.00	3057.00	3057.00	3057.00	3057.00	3057.00	3057.00	3057.00	3057.00	3057.00	3058.00	3058.00	3058.00	3058.50	3059.00	3059.00	3059.00	3060.00	3060.00	3061.00	3061.00	3061.50	3062.00	3063.00	3063.00	3064.00	3064.50	3065.00	3065.50	3066.00	3066.00	3066.00	3067.00	3067.00	3067.00	3068.00	3068.00	3068.00	3069.00	3069.00	3069.00	3070.00	3070.00	3070.00	3070.50	3071.00	3071.00	3071.00	3072.00	3072.00	3073.00	3073.00	3073.50	3074.00	3075.00	3075.00	3076.00	3076.50	3077.00	3077.50	3078.50	3079.00	3080.00	3080.00	3081.00	3081.50	3082.00	3082.50	3083.00	3084.00	3084.00	3085.00	3085.00	3086.00	3086.00	3086.50	3087.00	3087.50	3088.00	3088.00	3088.50	3089.00	3089.00	3089.50	3090.00	3090.00	3090.00	3090.00	3090.00	3091.00	3091.00	3091.00	3091.00	3091.00	3091.00	3091.00	3090.50	3091.00	3091.00	3091.00	3091.00	3091.00	3091.00	3091.00	3091.00	3091.00	3091.00	3091.00	3091.00	3091.00	3091.00	3092.00	3092.00	3092.00	3092.50	3093.00	3094.00	3094.00	3095.00	3095.00	3096.00	3096.00	3096.50	3097.50	3098.50	3099.00	3100.00	3101.00	3101.50	3103.00	3103.50	3104.50	3106.00	3107.00	3108.00	3109.00	3110.50	3111.00	3112.00	3113.50	3114.50	3115.00	3116.00	3117.50	3119.00	3119.50	3120.50	3121.50	3123.00	3124.50	3125.00	3126.00	3127.00	3127.50	3129.00	3129.50	3130.50	3131.00	3132.50	3133.00	3133.50	3134.00	3134.00	3135.00	3135.00	3136.00	3136.00	3136.50	3137.00	3137.00	3137.50	3138.00	3138.00	3138.00	3138.50	3139.00	3139.00	3139.50	3140.00	3140.00	3141.00	3141.00	3142.00	3142.50	3143.00	3143.50	3144.50	3145.00	3146.00	3147.00	3147.50	3148.00	3149.50	3150.00	3150.50	3152.00	3152.50	3154.00	3154.00	3155.50	3156.00	3157.00	3157.50	3158.50	3159.00	3160.00	3160.50	3161.00	3162.50	3163.00	3164.00	3164.00	3165.00	3165.00	3165.50	3166.00	3166.00	3167.00	3167.00	3168.00	3168.00	3168.50	3169.00	3169.00	3169.50	3170.00	3170.00	3171.00	3171.00	3171.00	3172.00	3172.00	3172.50	3173.00	3173.50	3174.00	3175.00	3175.00	3175.50	3176.00	3176.50	3177.00	3177.00	3178.00	3178.00	3178.00
3060.00	3059.00	3059.00	3059.00	3059.00	3058.00	3058.00	3058.00	3057.50	3057.00	3057.00	3057.00	3057.00	3057.00	3057.00	3057.00	3057.00	3057.00	3057.00	3057.00	3058.00	3058.00	3058.00	3058.50	3059.00	3059.00	3059.00	3060.00	3060.00	3061.00	3061.00	3061.50	3062.00	3063.00	3063.00	3064.00	3064.50	3065.00	3065.50	3066.00	3066.00	3066.00	3067.00	3067.00	3067.00	3068.00	3068.00	3068.00	3069.00	3069.00	3069.00	3070.00	3070.00	3070.00	3070.50	3071.00	3071.00	3071.00	3072.00	3072.00	3073.00	3073.00	3073.50	3074.00	3075.00	3075.00	3076.00	3076.50	3077.00	3077.50	3078.50	3079.00	3080.00	3080.00	3081.00	3081.50	3082.00	3082.50	3083.00	3084.00	3084.00	3085.00	3085.00	3086.00	3086.00	3086.50	3087.00	3087.50	3088.00	3088.00	3088.50	3089.00	3089.00	3089.50	3090.00	3090.00	3090.00	3090.00	3090.00	3091.00	3091.00	3091.00	3091.00	3091.00	3091.00	3091.00	3090.50	3091.00	3091.00	3091.00	3091.00	3091.00	3091.00	3091.00	3091.00	3091.00	3091.00	3091.00	3091.00	3091.00	3091.00	3092.00	3092.00	3092.00	3092.50	3093.00	3094.00	3094.00	3095.00	3095.00	3096.00	3096.00	3096.50	3097.50	3098.50	3099.00	3100.00	3101.00	3101.50	3103.00	3103.50	3104.50	3106.00	3107.00	3108.00	3109.00	3110.50	3111.00	3112.00	3113.50	3114.50	3115.00	3116.00	3117.50	3119.00	3119.50	3120.50	3121.50	3123.00	3124.50	3125.00	3126.00	3127.00	3127.50	3129.00	3129.50	3130.50	3131.00	3132.50	3133.00	3133.50	3134.00	3134.00	3135.00	3135.00	3136.00	3136.00	3136.50	3137.00	3137.00	3137.50	3138.00	3138.00	3138.00	3138.50	3139.00	3139.00	3139.50	3140.00	3140.00	3141.00	3141.00	3142.00	3142.50	3143.00	3143.50	3144.50	3145.00	3146.00	3147.00	3147.50	3148.00	3149.50	3150.00	3150.50	3152.00	3152.50	3154.00	3154.00	3155.50	3156.00	3157.00	3157.50	3158.50	3159.00	3160.00	3160.50	3161.00	3162.50	3163.00	3164.00	3164.00	3165.00	3165.00	3165.50	3166.00	3166.00	3167.00	3167.00	3168.00	3168.00	3168.50	3169.00	3169.00	3169.50	3170.00	3170.00	3171.00	3171.00	3171.00	3172.00	3172.00	3172.50	3173.00	3173.50	3174.00	3175.00	3175.00	3175.50	3176.00	3176.50	3177.00	3177.00	3178.00	3178.00	3178.00
3060.00	3059.00	3059.00	3059.00	3059.00	3058.00	3058.00	3058.00	3057.50	3057.00	3057.00	3057.00	3057.00	3057.00	3057.00	3057.00	3057.00	3057.00	3057.00	3057.00	3058.00	3058.00	3058.00	3058.50	3059.00	3059.00	3059.00	3060.00	3060.00	3061.00	3061.00	3061.50	3062.00	3063.00	3063.00	3064.00	3064.50	3065.00	3065.50	3066.00	3066.00	3066.00	3067.00	3067.00	3067.00	3068.00	3068.00	3068.00	3069.00	3069.00	3069.00	3070.00	3070.00	3070.00	3070.50	3071.00	3071.00	3071.00	3072.00	3072.00	3073.00	3073.00	3073.50	3074.00	3075.00	3075.00	3076.00	3076.50	3077.00	3077.50	3078.50	3079.00	3080.00	3080.00	3081.00	3081.50	3082.00	3082.50	3083.00	3084.00	3084.00	3085.00	3085.00	3086.00	3086.00	3086.50	3087.00	3087.50	3088.00	3088.00	3088.50	3089.00	3089.00	3089.50	3090.00	3090.00	3090.00	3090.00	3090.00	3091.00	3091.00	3091.00	3091.00	3091.00	3091.00	3091.00	3090.50	3091.00	3091.00	3091.00	3091.00	3091.00	3091.00	3091.00	3091.00	3091.00	3091.00	3091.00	3091.00	3091.00	3091.00	3092.00	3092.00	3092.00	3092.50	3093.00	3094.00	3094.00	3095.00	3095.00	3096.00	3096.00	3096.50	3097.50	3098.50	3099.00	3100.00	3101.00	3101.50	3103.00	3103.50	3104.50	3106.00	3107.00	3108.00	3109.00	3110.50	3111.00	3112.00	3113.50	3114.50	3115.00	3116.00	3117.50	3119.00	3119.50	3120.50	3121.50	3123.00	3124.50	3125.00	3126.00	3127.00	3127.50	3129.00	3129.50	3130.50	3131.00	3132.50	3133.00	3133.50	3134.00	3134.00	3135.00	3135.00	3136.00	3136.00	3136.50	3137.00	3137.00	3137.50	3138.00	3138.00	3138.00	3138.50	3139.00	3139.00	3139.50	3140.00	3140.00	3141.00	3141.00	3142.00	3142.50	3143.00	3143.50	3144.50	3145.00	3146.00	3147.00	3147.50	3148.00	3149.50	3150.00	3150.50	3152.00	3152.50	3154.00	3154.00	3155.50	3156.00	3157.00	3157.50	3158.50	3159.00	3160.00	3160.50	3161.00	3162.50	3163.00	3164.00	3164.00	3165.00	3165.00	3165.50	3166.00	3166.00	3167.00	3167.00	3168.00	3168.00	3168.50	3169.00	3169.00	3169.50	3170.00	3170.00	3171.00	3171.00	3171.00	3172.00	3172.00	3172.50	3173.00	3173.50	3174.00	3175.00	3175.00	3175.50	3176.00	3176.50	3177.00	3177.00	3178.00	3178.00	3178.00
3055.50	3055.00	3055.00	3055.00	3055.00	3054.00	3054.00	3054.00	3054.00	3054.00	3053.00	3053.00	3053.00	3053.00	3053.00	3053.00	3053.00	3053.00	3053.50	3054.00	3054.50	3055.00	3055.00	3056.00	3056.00	3057.00	3057.00	3057.50	3058.00	3059.00	3059.50	3060.00	3061.00	3061.50	3062.00	3063.00	3063.50	3064.00	3064.50	3065.50	3066.00	3066.00	3067.00	3067.00	3068.00	3068.50	3069.00	3069.00	3070.00	3070.00	3070.00	3071.00	3071.00	3071.50	3072.00	3072.00	3072.50	3073.00	3074.00	3074.00	3075.00	3075.50	3076.00	3076.00	3077.00	3077.00	3078.00	3078.50	3079.00	3079.00	3080.00	3080.50	3081.00	3082.00	3082.50	3083.00	3083.50	3084.00	3084.50	3085.00	3085.00	3086.00	3087.00	3087.00	3087.50	3088.00	3088.50	3089.00	3089.00	3090.00	3090.00	3090.00	3091.00	3091.00	3091.00	3092.00	3092.00	3092.00	3092.00	3092.00	3092.00	3092.00	3092.00	3092.00	3092.00	3092.00	3092.50	3093.00	3093.00	3093.00	3093.00	3093.00	3093.00	3093.00	3093.00	3093.00	3093.00	3093.00	3093.00	3093.00	3093.00	3093.00	3093.50	3094.00	3094.00	3094.00	3095.00	3095.00	3095.00	3096.00	3096.00	3096.50	3097.00	3098.00	3098.00	3099.00	3099.00	3100.50	3101.00	3102.00	3102.50	3103.00	3104.00	3104.50	3106.00	3106.00	3107.50	3108.50	3109.50	3110.50	3111.50	3113.00	3113.00	3114.50	3116.00	3117.00	3117.50	3118.50	3120.00	3120.50	3122.00	3123.00	3123.50	3124.50	3125.50	3126.50	3127.00	3128.00	3129.00	3129.50	3130.50	3131.50	3132.00	3133.00	3133.00	3134.00	3134.00	3135.00	3135.00	3135.50	3136.00	3136.00	3136.00	3137.00	3137.00	3137.00	3138.00	3138.00	3138.50	3139.00	3139.00	3140.00	3140.00	3141.00	3141.00	3141.50	3143.00	3143.50	3144.00	3145.00	3145.50	3147.00	3147.50	3148.50	3149.00	3150.00	3151.00	3152.00	3153.00	3153.50	3154.50	3155.50	3156.00	3156.50	3157.00	3158.50	3159.00	3160.00	3160.50	3161.00	3162.00	3162.00	3163.00	3164.00	3164.00	3164.50	3165.00	3165.50	3166.00	3166.00	3166.00	3167.00	3167.00	3168.00	3168.00	3168.50	3169.00	3169.00	3170.00	3170.00	3171.00	3171.50	3172.00	3172.50	3173.00	3173.00	3174.00	3174.50	3175.00	3175.50	3176.00	3176.00	3177.00	3177.50	3178.00	3178.00
3055.50	3055.00	3055.00	3055.00	3055.00	3054.00	3054.00	3054.00	3054.00	3054.00	3053.00	3053.00	3053.00	3053.00	3053.00	3053.00	3053.00	3053.00	3053.50	3054.00	3054.50	3055.00	3055.00	3056.00	3056.00	3057.00	3057.00	3057.50	3058.00	3059.00	3059.50	3060.00	3061.00	3061.50	3062.00	3063.00	3063.50	3064.00	3064.50	3065.50	3066.00	3066.00	3067.00	3067.00	3068.00	3068.50	3069.00	3069.00	3070.00	3070.00	3070.00	3071.00	3071.00	3071.50	3072.00	3072.00	3072.50	3073.00	3074.00	3074.00	3075.00	3075.50	3076.00	3076.00	3077.00	3077.00	3078.00	3078.50	3079.00	3079.00	3080.00	3080.50	3081.00	3082.00	3082.50	3083.00	3083.50	3084.00	3084.50	3085.00	3085.00	3086.00	3087.00	3087.00	3087.50	3088.00	3088.50	3089.00	3089.00	3090.00	3090.00	3090.00	3091.00	3091.00	3091.00	3092.00	3092.00	3092.00	3092.00	3092.00	3092.00	3092.00	3092.00	3092.00	3092.00	3092.00	3092.50	3093.00	3093.00	3093.00	3093.00	3093.00	3093.00	3093.00	3093.00	3093.00	3093.00	3093.00	3093.00	3093.00	3093.00	3093.00	3093.50	3094.00	3094.00	3094.00	3095.00	3095.00	3095.00	3096.00	3096.00	3096.50	3097.00	3098.00	3098.00	3099.00	3099.00	3100.50	3101.00	3102.00	3102.50	3103.00	3104.00	3104.50	3106.00	3106.00	3107.50	3108.50	3109.50	3110.50	3111.50	3113.00	3113.00	3114.50	3116.00	3117.00	3117.50	3118.50	3120.00	3120.50	3122.00	3123.00	3123.50	3124.50	3125.50	3126.50	3127.00	3128.00	3129.00	3129.50	3130.50	3131.50	3132.00	3133.00	3133.00	3134.00	3134.00	3135.00	3135.00	3135.50	3136.00	3136.00	3136.00	3137.00	3137.00	3137.00	3138.00	3138.00	3138.50	3139.00	3139.00	3140.00	3140.00	3141.00	3141.00	3141.50	3143.00	3143.50	3144.00	3145.00	3145.50	3147.00	3147.50	3148.50	3149.00	3150.00	3151.00	3152.00	3153.00	3153.50	3154.50	3155.50	3156.00	3156.50	3157.00	3158.50	3159.00	3160.00	3160.50	3161.00	3162.00	3162.00	3163.00	3164.00	3164.00	3164.50	3165.00	3165.50	3166.00	3166.00	3166.00	3167.00	3167.00	3168.00	3168.00	3168.50	3169.00	3169.00	3170.00	3170.00	3171.00	3171.50	3172.00	3172.50	3173.00	3173.00	3174.00	3174.50	3175.00	3175.50	3176.00	3176.00	3177.00	3177.50	3178.00	3178.00
3055.50	3055.00	3055.00	3055.00	3055.00	3054.00	3054.00	3054.00	3054.00	3054.00	3053.00	3053.00	3053.00	3053.00	3053.00	3053.00	3053.00	3053.00	3053.50	3054.00	3054.50	3055.00	3055.00	3056.00	3056.00	3057.00	3057.00	3057.50	3058.00	3059.00	3059.50	3060.00	3061.00	3061.50	3062.00	3063.00	3063.50	3064.00	3064.50	3065.50	3066.00	3066.00	3067.00	3067.00	3068.00	3068.50	3069.00	3069.00	3070.00	3070.00	3070.00	3071.00	3071.00	3071.50	3072.00	3072.00	3072.50	3073.00	3074.00	3074.00	3075.00	3075.50	3076.00	3076.00	3077.00	3077.00	3078.00	3078.50	3079.00	3079.00	3080.00	3080.50	3081.00	3082.00	3082.50	3083.00	3083.50	3084.00	3084.50	3085.00	3085.00	3086.00	3087.00	3087.00	3087.50	3088.00	3088.50	3089.00	3089.00	3090.00	3090.00	3090.00	3091.00	3091.00	3091.00	3092.00	3092.00	3092.00	3092.00	3092.00	3092.00	3092.00	3092.00	3092.00	3092.00	3092.00	3092.50	3093.00	3093.00	3093.00	3093.00	3093.00	3093.00	3093.00	3093.00	3093.00	3093.00	3093.00	3093.00	3093.00	3093.00	3093.00	3093.50	3094.00	3094.00	3094.00	3095.00	3095.00	3095.00	3096.00	3096.00	3096.50	3097.00	3098.00	3098.00	3099.00	3099.00	3100.50	3101.00	3102.00	3102.50	3103.00	3104.00	3104.50	3106.00	3106.00	3107.50	3108.50	3109.50	3110.50	3111.50	3113.00	3113.00	3114.50	3116.00	3117.00	3117.50	3118.50	3120.00	3120.50	3122.00	3123.00	3123.50	3124.50	3125.50	3126.50	3127.00	3128.00	3129.00	3129.50	3130.50	3131.50	3132.00	3133.00	3133.00	3134.00	3134.00	3135.00	3135.00	3135.50	3136.00	3136.00	3136.00	3137.00	3137.00	3137.00	3138.00	3138.00	3138.50	3139.00	3139.00	3140.00	3140.00	3141.00	3141.00	3141.50	3143.00	3143.50	3144.00	3145.00	3145.50	3147.00	3147.50	3148.50	3149.00	3150.00	3151.00	3152.00	3153.00	3153.50	3154.50	3155.50	3156.00	3156.50	3157.00	3158.50	3159.00	3160.00	3160.50	3161.00	3162.00	3162.00	3163.00	3164.00	3164.00	3164.50	3165.00	3165.50	3166.00	3166.00	3166.00	3167.00	3167.00	3168.00	3168.00	3168.50	3169.00	3169.00	3170.00	3170.00	3171.00	3171.50	3172.00	3172.50	3173.00	3173.00	3174.00	3174.50	3175.00	3175.50	3176.00	3176.00	3177.00	3177.50	3178.00	3178.00
3055.50	3055.00	3055.00	3055.00	3055.00	3054.00	3054.00	3054.00	3054.00	3054.00	3053.00	3053.00	3053.00	3053.00	3053.00	3053.00	3053.00	3053.00	3053.50	3054.00	3054.50	3055.00	3055.00	3056.00	3056.00	3057.00	3057.00	3057.50	3058.00	3059.00	3059.50	3060.00	3061.00	3061.50	3062.00	3063.00	3063.50	3064.00	3064.50	3065.50	3066.00	3066.00	3067.00	3067.00	3068.00	3068.50	3069.00	3069.00	3070.00	3070.00	3070.00	3071.00	3071.00	3071.50	3072.00	3072.00	3072.50	3073.00	3074.00	3074.00	3075.00	3075.50	3076.00	3076.00	3077.00	3077.00	3078.00	3078.50	3079.00	3079.00	3080.00	3080.50	3081.00	3082.00	3082.50	3083.00	3083.50	3084.00	3084.50	3085.00	3085.00	3086.00	3087.00	3087.00	3087.50	3088.00	3088.50	3089.00	3089.00	3090.00	3090.00	3090.00	3091.00	3091.00	3091.00	3092.00	3092.00	3092.00	3092.00	3092.00	3092.00	3092.00	3092.00	3092.00	3092.00	3092.00	3092.50	3093.00	3093.00	3093.00	3093.00	3093.00	3093.00	3093.00	3093.00	3093.00	3093.00	3093.00	3093.00	3093.00	3093.00	3093.00	3093.50	3094.00	3094.00	3094.00	3095.00	3095.00	3095.00	3096.00	3096.00	3096.50	3097.00	3098.00	3098.00	3099.00	3099.00	3100.50	3101.00	3102.00	3102.50	3103.00	3104.00	3104.50	3106.00	3106.00	3107.50	3108.50	3109.50	3110.50	3111.50	3113.00	3113.00	3114.50	3116.00	3117.00	3117.50	3118.50	3120.00	3120.50	3122.00	3123.00	3123.50	3124.50	3125.50	3126.50	3127.00	3128.00	3129.00	3129.50	3130.50	3131.50	3132.00	3133.00	3133.00	3134.00	3134.00	3135.00	3135.00	3135.50	3136.00	3136.00	3136.00	3137.00	3137.00	3137.00	3138.00	3138.00	3138.50	3139.00	3139.00	3140.00	3140.00	3141.00	3141.00	3141.50	3143.00	3143.50	3144.00	3145.00	3145.50	3147.00	3147.50	3148.50	3149.00	3150.00	3151.00	3152.00	3153.00	3153.50	3154.50	3155.50	3156.00	3156.50	3157.00	3158.50	3159.00	3160.00	3160.50	3161.00	3162.00	3162.00	3163.00	3164.00	3164.00	3164.50	3165.00	3165.50	3166.00	3166.00	3166.00	3167.00	3167.00	3168.00	3168.00	3168.50	3169.00	3169.00	3170.00	3170.00	3171.00	3171.50	3172.00	3172.50	3173.00	3173.00	3174.00	3174.50	3175.00	3175.50	3176.00	3176.00	3177.00	3177.50	3178.00	3178.00
3055.50	3055.00	3055.00	3055.00	3055.00	3054.00	3054.00	3054.00	3054.00	3054.00	3053.00	3053.00	3053.00	3053.00	3053.00	3053.00	3053.00	3053.00	3053.50	3054.00	3054.50	3055.00	3055.00	3056.00	3056.00	3057.00	3057.00	3057.50	3058.00	3059.00	3059.50	3060.00	3061.00	3061.50	3062.00	3063.00	3063.50	3064.00	3064.50	3065.50	3066.00	3066.00	3067.00	3067.00	3068.00	3068.50	3069.00	3069.00	3070.00	3070.00	3070.00	3071.00	3071.00	3071.50	3072.00	3072.00	3072.50	3073.00	3074.00	3074.00	3075.00	3075.50	3076.00	3076.00	3077.00	3077.00	3078.00	3078.50	3079.00	3079.00	3080.00	3080.50	3081.00	3082.00	3082.50	3083.00	3083.50	3084.00	3084.50	3085.00	3085.00	3086.00	3087.00	3087.00	3087.50	3088.00	3088.50	3089.00	3089.00	3090.00	3090.00	3090.00	3091.00	3091.00	3091.00	3092.00	3092.00	3092.00	3092.00	3092.00	3092.00	3092.00	3092.00	3092.00	3092.00	3092.00	3092.50	3093.00	3093.00	3093.00	3093.00	3093.00	3093.00	3093.00	3093.00	3093.00	3093.00	3093.00	3093.00	3093.00	3093.00	3093.00	3093.50	3094.00	3094.00	3094.00	3095.00	3095.00	3095.00	3096.00	3096.00	3096.50	3097.00	3098.00	3098.00	3099.00	3099.00	3100.50	3101.00	3102.00	3102.50	3103.00	3104.00	3104.50	3106.00	3106.00	3107.50	3108.50	3109.50	3110.50	3111.50	3113.00	3113.00	3114.50	3116.00	3117.00	3117.50	3118.50	3120.00	3120.50	3122.00	3123.00	3123.50	3124.50	3125.50	3126.50	3127.00	3128.00	3129.00	3129.50	3130.50	3131.50	3132.00	3133.00	3133.00	3134.00	3134.00	3135.00	3135.00	3135.50	3136.00	3136.00	3136.00	3137.00	3137.00	3137.00	3138.00	3138.00	3138.50	3139.00	3139.00	3140.00	3140.00	3141.00	3141.00	3141.50	3143.00	3143.50	3144.00	3145.00	3145.50	3147.00	3147.50	3148.50	3149.00	3150.00	3151.00	3152.00	3153.00	3153.50	3154.50	3155.50	3156.00	3156.50	3157.00	3158.50	3159.00	3160.00	3160.50	3161.00	3162.00	3162.00	3163.00	3164.00	3164.00	3164.50	3165.00	3165.50	3166.00	3166.00	3166.00	3167.00	3167.00	3168.00	3168.00	3168.50	3169.00	3169.00	3170.00	3170.00	3171.00	3171.50	3172.00	3172.50	3173.00	3173.00	3174.00	3174.50	3175.00	3175.50	3176.00	3176.00	3177.00	3177.50	3178.00	3178.00
3053.75	3053.50	3053.50	3053.50	3053.50	3053.00	3052.75	3052.50	3052.50	3052.50	3052.00	3052.00	3052.00	3051.50	3051.50	3051.50	3052.00	3052.00	3052.25	3053.00	3053.25	3053.75	3054.00	3054.75	3055.00	3056.00	3056.00	3056.75	3057.00	3058.00	3058.50	3059.25	3060.00	3061.00	3061.50	3062.50	3063.25	3063.75	3064.50	3065.25	3065.75	3066.00	3066.50	3067.00	3068.00	3068.50	3069.00	3069.00	3070.00	3070.25	3070.50	3071.50	3071.50	3072.00	3072.50	3072.75	3073.25	3073.50	3074.50	3074.50	3075.50	3076.00	3076.50	3077.00	3077.50	3078.00	3078.50	3079.25	3079.75	3080.00	3080.75	3081.25	3082.00	3082.50	3083.25	3083.50	3084.25	3084.50	3085.00	3085.50	3085.50	3086.50	3087.50	3087.50	3088.00	3088.75	3089.25	3089.75	3090.00	3090.50	3090.75	3091.00	3091.50	3091.50	3091.50	3092.50	3092.50	3092.50	3092.50	3092.50	3092.50	3092.50	3092.50	3092.50	3092.50	3092.50	3093.00	3093.50	3093.50	3093.50	3093.50	3093.50	3093.50	3093.50	3093.50	3093.50	3093.50	3093.50	3093.75	3094.00	3094.00	3094.00	3094.25	3094.50	3094.50	3094.75	3095.50	3095.50	3095.50	3096.50	3096.50	3096.75	3097.25	3098.25	3098.50	3099.50	3099.50	3100.50	3101.00	3102.00	3102.50	3103.00	3103.50	3104.25	3105.50	3105.50	3106.75	3107.50	3108.75	3109.75	3110.50	3112.00	3112.50	3113.50	3115.00	3116.00	3116.50	3117.50	3118.50	3119.50	3121.00	3121.50	3122.50	3123.50	3124.50	3125.50	3126.00	3127.00	3127.75	3128.50	3129.50	3130.25	3130.75	3131.50	3132.00	3133.00	3133.00	3133.75	3134.00	3134.25	3135.00	3135.00	3135.00	3136.00	3136.00	3136.00	3137.00	3137.00	3137.25	3138.00	3138.00	3139.00	3139.00	3140.00	3140.25	3140.75	3142.00	3142.50	3143.50	3144.00	3144.75	3146.00	3146.50	3147.50	3148.00	3149.00	3149.75	3151.00	3151.50	3152.50	3153.50	3154.50	3155.25	3155.75	3156.50	3157.50	3158.00	3159.00	3159.50	3160.00	3161.00	3161.00	3162.00	3163.00	3163.00	3163.50	3164.00	3164.75	3165.00	3165.00	3165.50	3166.00	3166.25	3167.00	3167.25	3167.75	3168.00	3168.50	3169.50	3169.50	3170.50	3171.00	3171.50	3172.25	3172.50	3173.00	3173.50	3174.00	3174.50	3175.25	3175.50	3175.75	3176.50	3177.00	3177.50	3178.00
3052.00	3052.00	3052.00	3052.00	3052.00	3052.00	3051.50	3051.00	3051.00	3051.00	3051.00	3051.00	3051.00	3050.00	3050.00	3050.00	3051.00	3051.00	3051.00	3052.00	3052.00	3052.50	3053.00	3053.50	3054.00	3055.00	3055.00	3056.00	3056.00	3057.00	3057.50	3058.50	3059.00	3060.50	3061.00	3062.00	3063.00	3063.50	3064.50	3065.00	3065.50	3066.00	3066.00	3067.00	3068.00	3068.50	3069.00	3069.00	3070.00	3070.50	3071.00	3072.00	3072.00	3072.50	3073.00	3073.50	3074.00	3074.00	3075.00	3075.00	3076.00	3076.50	3077.00	3078.00	3078.00	3079.00	3079.00	3080.00	3080.50	3081.00	3081.50	3082.00	3083.00	3083.00	3084.00	3084.00	3085.00	3085.00	3085.50	3086.00	3086.00	3087.00	3088.00	3088.00	3088.50	3089.50	3090.00	3090.50	3091.00	3091.00	3091.50	3092.00	3092.00	3092.00	3092.00	3093.00	3093.00	3093.00	3093.00	3093.00	3093.00	3093.00	3093.00	3093.00	3093.00	3093.00	3093.50	3094.00	3094.00	3094.00	3094.00	3094.00	3094.00	3094.00	3094.00	3094.00	3094.00	3094.00	3094.50	3095.00	3095.00	3095.00	3095.00	3095.00	3095.00	3095.50	3096.00	3096.00	3096.00	3097.00	3097.00	3097.00	3097.50	3098.50	3099.00	3100.00	3100.00	3100.50	3101.00	3102.00	3102.50	3103.00	3103.00	3104.00	3105.00	3105.00	3106.00	3106.50	3108.00	3109.00	3109.50	3111.00	3112.00	3112.50	3114.00	3115.00	3115.50	3116.50	3117.00	3118.50	3120.00	3120.00	3121.50	3122.50	3123.50	3124.50	3125.00	3126.00	3126.50	3127.50	3128.50	3129.00	3129.50	3130.00	3131.00	3132.00	3132.00	3132.50	3133.00	3133.00	3134.00	3134.00	3134.00	3135.00	3135.00	3135.00	3136.00	3136.00	3136.00	3137.00	3137.00	3138.00	3138.00	3139.00	3139.50	3140.00	3141.00	3141.50	3143.00	3143.00	3144.00	3145.00	3145.50	3146.50	3147.00	3148.00	3148.50	3150.00	3150.00	3151.50	3152.50	3153.50	3154.50	3155.00	3156.00	3156.50	3157.00	3158.00	3158.50	3159.00	3160.00	3160.00	3161.00	3162.00	3162.00	3162.50	3163.00	3164.00	3164.00	3164.00	3165.00	3165.00	3165.50	3166.00	3166.50	3167.00	3167.00	3168.00	3169.00	3169.00	3170.00	3170.50	3171.00	3172.00	3172.00	3173.00	3173.00	3173.50	3174.00	3175.00	3175.00	3175.50	3176.00	3176.50	3177.00	3178.00
3052.00	3052.00	3052.00	3052.00	3052.00	3052.00	3051.50	3051.00	3051.00	3051.00	3051.00	3051.00	3051.00	3050.00	3050.00	3050.00	3051.00	3051.00	3051.00	3052.00	3052.00	3052.50	3053.00	3053.50	3054.00	3055.00	3055.00	3056.00	3056.00	3057.00	3057.50	3058.50	3059.00	3060.50	3061.00	3062.00	3063.00	3063.50	3064.50	3065.00	3065.50	3066.00	3066.00	3067.00	3068.00	3068.50	3069.00	3069.00	3070.00	3070.50	3071.00	3072.00	3072.00	3072.50	3073.00	3073.50	3074.00	3074.00	3075.00	3075.00	3076.00	3076.50	3077.00	3078.00	3078.00	3079.00	3079.00	3080.00	3080.50	3081.00	3081.50	3082.00	3083.00	3083.00	3084.00	3084.00	3085.00	3085.00	3085.50	3086.00	3086.00	3087.00	3088.00	3088.00	3088.50	3089.50	3090.00	3090.50	3091.00	3091.00	3091.50	3092.00	3092.00	3092.00	3092.00	3093.00	3093.00	3093.00	3093.00	3093.00	3093.00	3093.00	3093.00	3093.00	3093.00	3093.00	3093.50	3094.00	3094.00	3094.00	3094.00	3094.00	3094.00	3094.00	3094.00	3094.00	3094.00	3094.00	3094.50	3095.00	3095.00	3095.00	3095.00	3095.00	3095.00	3095.50	3096.00	3096.00	3096.00	3097.00	3097.00	3097.00	3097.50	3098.50	3099.00	3100.00	3100.00	3100.50	3101.00	3102.00	3102.50	3103.00	3103.00	3104.00	3105.00	3105.00	3106.00	3106.50	3108.00	3109.00	3109.50	3111.00	3112.00	3112.50	3114.00	3115.00	3115.50	3116.50	3117.00	3118.50	3120.00	3120.00	3121.50	3122.50	3123.50	3124.50	3125.00	3126.00	3126.50	3127.50	3128.50	3129.00	3129.50	3130.00	3131.00	3132.00	3132.00	3132.50	3133.00	3133.00	3134.00	3134.00	3134.00	3135.00	3135.00	3135.00	3136.00	3136.00	3136.00	3137.00	3137.00	3138.00	3138.00	3139.00	3139.50	3140.00	3141.00	3141.50	3143.00	3143.00	3144.00	3145.00	3145.50	3146.50	3147.00	3148.00	3148.50	3150.00	3150.00	3151.50	3152.50	3153.50	3154.50	3155.00	3156.00	3156.50	3157.00	3158.00	3158.50	3159.00	3160.00	3160.00	3161.00	3162.00	3162.00	3162.50	3163.00	3164.00	3164.00	3164.00	3165.00	3165.00	3165.50	3166.00	3166.50	3167.00	3167.00	3168.00	3169.00	3169.00	3170.00	3170.50	3171.00	3172.00	3172.00	3173.00	3173.00	3173.50	3174.00	3175.00	3175.00	3175.50	3176.00	3176.50	3177.00	3178.00
3052.00	3052.00	3052.00	3052.00	3052.00	3052.00	3051.50	3051.00	3051.00	3051.00	3051.00	3051.00	3051.00	3050.00	3050.00	3050.00	3051.00	3051.00	3051.00	3052.00	3052.00	3052.50	3053.00	3053.50	3054.00	3055.00	3055.00	3056.00	3056.00	3057.00	3057.50	3058.50	3059.00	3060.50	3061.00	3062.00	3063.00	3063.50	3064.50	3065.00	3065.50	3066.00	3066.00	3067.00	3068.00	3068.50	3069.00	3069.00	3070.00	3070.50	3071.00	3072.00	3072.00	3072.50	3073.00	3073.50	3074.00	3074.00	3075.00	3075.00	3076.00	3076.50	3077.00	3078.00	3078.00	3079.00	3079.00	3080.00	3080.50	3081.00	3081.50	3082.00	3083.00	3083.00	3084.00	3084.00	3085.00	3085.00	3085.50	3086.00	3086.00	3087.00	3088.00	3088.00	3088.50	3089.50	3090.00	3090.50	3091.00	3091.00	3091.50	3092.00	3092.00	3092.00	3092.00	3093.00	3093.00	3093.00	3093.00	3093.00	3093.00	3093.00	3093.00	3093.00	3093.00	3093.00	3093.50	3094.00	3094.00	3094.00	3094.00	3094.00	3094.00	3094.00	3094.00	3094.00	3094.00	3094.00	3094.50	3095.00	3095.00	3095.00	3095.00	3095.00	3095.00	3095.50	3096.00	3096.00	3096.00	3097.00	3097.00	3097.00	3097.50	3098.50	3099.00	3100.00	3100.00	3100.50	3101.00	3102.00	3102.50	3103.00	3103.00	3104.00	3105.00	3105.00	3106.00	3106.50	3108.00	3109.00	3109.50	3111.00	3112.00	3112.50	3114.00	3115.00	3115.50	3116.50	3117.00	3118.50	3120.00	3120.00	3121.50	3122.50	3123.50	3124.50	3125.00	3126.00	3126.50	3127.50	3128.50	3129.00	3129.50	3130.00	3131.00	3132.00	3132.00	3132.50	3133.00	3133.00	3134.00	3134.00	3134.00	3135.00	3135.00	3135.00	3136.00	3136.00	3136.00	3137.00	3137.00	3138.00	3138.00	3139.00	3139.50	3140.00	3141.00	3141.50	3143.00	3143.00	3144.00	3145.00	3145.50	3146.50	3147.00	3148.00	3148.50	3150.00	3150.00	3151.50	3152.50	3153.50	3154.50	3155.00	3156.00	3156.50	3157.00	3158.00	3158.50	3159.00	3160.00	3160.00	3161.00	3162.00	3162.00	3162.50	3163.00	3164.00	3164.00	3164.00	3165.00	3165.00	3165.50	3166.00	3166.50	3167.00	3167.00	3168.00	3169.00	3169.00	3170.00	3170.50	3171.00	3172.00	3172.00	3173.00	3173.00	3173.50	3174.00	3175.00	3175.00	3175.50	3176.00	3176.50	3177.00	3178.00
3052.00	3052.00	3052.00	3052.00	3052.00	3052.00	3051.50	3051.00	3051.00	3051.00	3051.00	3051.00	3051.00	3050.00	3050.00	3050.00	3051.00	3051.00	3051.00	3052.00	3052.00	3052.50	3053.00	3053.50	3054.00	3055.00	3055.00	3056.00	3056.00	3057.00	3057.50	3058.50	3059.00	3060.50	3061.00	3062.00	3063.00	3063.50	3064.50	3065.00	3065.50	3066.00	3066.00	3067.00	3068.00	3068.50	3069.00	3069.00	3070.00	3070.50	3071.00	3072.00	3072.00	3072.50	3073.00	3073.50	3074.00	3074.00	3075.00	3075.00	3076.00	3076.50	3077.00	3078.00	3078.00	3079.00	3079.00	3080.00	3080.50	3081.00	3081.50	3082.00	3083.00	3083.00	3084.00	3084.00	3085.00	3085.00	3085.50	3086.00	3086.00	3087.00	3088.00	3088.00	3088.50	3089.50	3090.00	3090.50	3091.00	3091.00	3091.50	3092.00	3092.00	3092.00	3092.00	3093.00	3093.00	3093.00	3093.00	3093.00	3093.00	3093.00	3093.00	3093.00	3093.00	3093.00	3093.50	3094.00	3094.00	3094.00	3094.00	3094.00	3094.00	3094.00	3094.00	3094.00	3094.00	3094.00	3094.50	3095.00	3095.00	3095.00	3095.00	3095.00	3095.00	3095.50	3096.00	3096.00	3096.00	3097.00	3097.00	3097.00	3097.50	3098.50	3099.00	3100.00	3100.00	3100.50	3101.00	3102.00	3102.50	3103.00	3103.00	3104.00	3105.00	3105.00	3106.00	3106.50	3108.00	3109.00	3109.50	3111.00	3112.00	3112.50	3114.00	3115.00	3115.50	3116.50	3117.00	3118.50	3120.00	3120.00	3121.50	3122.50	3123.50	3124.50	3125.00	3126.00	3126.50	3127.50	3128.50	3129.00	3129.50	3130.00	3131.00	3132.00	3132.00	3132.50	3133.00	3133.00	3134.00	3134.00	3134.00	3135.00	3135.00	3135.00	3136.00	3136.00	3136.00	3137.00	3137.00	3138.00	3138.00	3139.00	3139.50	3140.00	3141.00	3141.50	3143.00	3143.00	3144.00	3145.00	3145.50	3146.50	3147.00	3148.00	3148.50	3150.00	3150.00	3151.50	3152.50	3153.50	3154.50	3155.00	3156.00	3156.50	3157.00	3158.00	3158.50	3159.00	3160.00	3160.00	3161.00	3162.00	3162.00	3162.50	3163.00	3164.00	3164.00	3164.00	3165.00	3165.00	3165.50	3166.00	3166.50	3167.00	3167.00	3168.00	3169.00	3169.00	3170.00	3170.50	3171.00	3172.00	3172.00	3173.00	3173.00	3173.50	3174.00	3175.00	3175.00	3175.50	3176.00	3176.50	3177.00	3178.00
3052.00	3052.00	3052.00	3052.00	3052.00	3052.00	3051.50	3051.00	3051.00	3051.00	3051.00	3051.00	3051.00	3050.00	3050.00	3050.00	3051.00	3051.00	3051.00	3052.00	3052.00	3052.50	3053.00	3053.50	3054.00	3055.00	3055.00	3056.00	3056.00	3057.00	3057.50	3058.50	3059.00	3060.50	3061.00	3062.00	3063.00	3063.50	3064.50	3065.00	3065.50	3066.00	3066.00	3067.00	3068.00	3068.50	3069.00	3069.00	3070.00	3070.50	3071.00	3072.00	3072.00	3072.50	3073.00	3073.50	3074.00	3074.00	3075.00	3075.00	3076.00	3076.50	3077.00	3078.00	3078.00	3079.00	3079.00	3080.00	3080.50	3081.00	3081.50	3082.00	3083.00	3083.00	3084.00	3084.00	3085.00	3085.00	3085.50	3086.00	3086.00	3087.00	3088.00	3088.00	3088.50	3089.50	3090.00	3090.50	3091.00	3091.00	3091.50	3092.00	3092.00	3092.00	3092.00	3093.00	3093.00	3093.00	3093.00	3093.00	3093.00	3093.00	3093.00	3093.00	3093.00	3093.00	3093.50	3094.00	3094.00	3094.00	3094.00	3094.00	3094.00	3094.00	3094.00	3094.00	3094.00	3094.00	3094.50	3095.00	3095.00	3095.00	3095.00	3095.00	3095.00	3095.50	3096.00	3096.00	3096.00	3097.00	3097.00	3097.00	3097.50	3098.50	3099.00	3100.00	3100.00	3100.50	3101.00	3102.00	3102.50	3103.00	3103.00	3104.00	3105.00	3105.00	3106.00	3106.50	3108.00	3109.00	3109.50	3111.00	3112.00	3112.50	3114.00	3115.00	3115.50	3116.50	3117.00	3118.50	3120.00	3120.00	3121.50	3122.50	3123.50	3124.50	3125.00	3126.00	3126.50	3127.50	3128.50	3129.00	3129.50	3130.00	3131.00	3132.00	3132.00	3132.50	3133.00	3133.00	3134.00	3134.00	3134.00	3135.00	3135.00	3135.00	3136.00	3136.00	3136.00	3137.00	3137.00	3138.00	3138.00	3139.00	3139.50	3140.00	3141.00	3141.50	3143.00	3143.00	3144.00	3145.00	3145.50	3146.50	3147.00	3148.00	3148.50	3150.00	3150.00	3151.50	3152.50	3153.50	3154.50	3155.00	3156.00	3156.50	3157.00	3158.00	3158.50	3159.00	3160.00	3160.00	3161.00	3162.00	3162.00	3162.50	3163.00	3164.00	3164.00	3164.00	3165.00	3165.00	3165.50	3166.00	3166.50	3167.00	3167.00	3168.00	3169.00	3169.00	3170.00	3170.50	3171.00	3172.00	3172.00	3173.00	3173.00	3173.50	3174.00	3175.00	3175.00	3175.50	3176.00	3176.50	3177.00	3178.00
3050.25	3050.00	3050.00	3050.00	3050.00	3050.00	3049.75	3049.50	3049.50	3049.50	3049.50	3049.50	3049.50	3049.50	3049.50	3049.50	3050.00	3050.00	3050.00	3051.00	3051.25	3051.75	3052.25	3053.00	3053.50	3054.50	3054.50	3055.50	3056.00	3057.00	3057.50	3058.25	3059.00	3060.00	3061.00	3061.50	3062.75	3063.25	3064.25	3065.00	3065.50	3066.00	3066.50	3067.00	3068.00	3068.50	3069.00	3069.25	3070.00	3070.50	3071.00	3072.00	3072.25	3072.75	3073.50	3073.75	3074.25	3074.50	3075.25	3075.50	3076.00	3076.75	3077.00	3078.00	3078.00	3079.00	3079.50	3080.00	3080.50	3081.00	3081.75	3082.00	3083.00	3083.00	3084.00	3084.25	3085.25	3085.50	3085.75	3086.50	3086.50	3087.50	3088.00	3088.25	3088.75	3089.50	3090.00	3090.50	3091.00	3091.00	3091.50	3092.00	3092.00	3092.25	3092.50	3093.00	3093.00	3093.00	3093.50	3093.50	3093.50	3093.50	3093.50	3093.50	3093.50	3093.50	3093.75	3094.00	3094.25	3094.50	3094.50	3094.50	3094.50	3094.50	3094.50	3094.50	3094.50	3094.50	3094.75	3095.00	3095.00	3095.50	3095.50	3095.50	3095.50	3096.00	3096.50	3096.50	3096.50	3097.50	3097.50	3097.50	3097.75	3098.75	3099.00	3100.00	3100.00	3100.50	3101.00	3102.00	3102.50	3103.00	3103.50	3104.25	3105.00	3105.50	3106.25	3106.75	3107.75	3108.75	3109.50	3110.50	3111.50	3112.00	3113.50	3114.25	3115.00	3115.75	3116.50	3118.00	3119.00	3119.50	3120.75	3121.50	3122.75	3123.50	3124.25	3125.00	3125.75	3126.50	3127.50	3128.25	3128.75	3129.00	3130.00	3131.00	3131.00	3131.50	3132.00	3132.00	3133.00	3133.00	3133.00	3133.50	3134.00	3134.00	3134.75	3135.00	3135.00	3136.00	3136.00	3137.00	3137.00	3137.75	3138.25	3138.75	3139.75	3140.50	3141.50	3142.00	3143.00	3144.00	3144.75	3145.50	3146.25	3147.00	3147.75	3149.00	3149.00	3150.50	3151.25	3152.25	3153.00	3153.75	3154.50	3155.25	3155.75	3156.50	3157.25	3157.75	3158.50	3159.00	3159.75	3160.50	3160.75	3161.25	3161.50	3162.50	3162.50	3163.00	3163.50	3164.00	3164.50	3165.25	3165.75	3166.25	3166.50	3167.50	3168.50	3168.50	3169.25	3169.75	3170.25	3171.25	3171.50	3172.50	3172.50	3173.25	3173.50	3174.50	3174.75	3175.25	3175.50	3176.25	3177.00	3177.50
3048.50	3048.00	3048.00	3048.00	3048.00	3048.00	3048.00	3048.00	3048.00	3048.00	3048.00	3048.00	3048.00	3049.00	3049.00	3049.00	3049.00	3049.00	3049.00	3050.00	3050.50	3051.00	3051.50	3052.50	3053.00	3054.00	3054.00	3055.00	3056.00	3057.00	3057.50	3058.00	3059.00	3059.50	3061.00	3061.00	3062.50	3063.00	3064.00	3065.00	3065.50	3066.00	3067.00	3067.00	3068.00	3068.50	3069.00	3069.50	3070.00	3070.50	3071.00	3072.00	3072.50	3073.00	3074.00	3074.00	3074.50	3075.00	3075.50	3076.00	3076.00	3077.00	3077.00	3078.00	3078.00	3079.00	3080.00	3080.00	3080.50	3081.00	3082.00	3082.00	3083.00	3083.00	3084.00	3084.50	3085.50	3086.00	3086.00	3087.00	3087.00	3088.00	3088.00	3088.50	3089.00	3089.50	3090.00	3090.50	3091.00	3091.00	3091.50	3092.00	3092.00	3092.50	3093.00	3093.00	3093.00	3093.00	3094.00	3094.00	3094.00	3094.00	3094.00	3094.00	3094.00	3094.00	3094.00	3094.00	3094.50	3095.00	3095.00	3095.00	3095.00	3095.00	3095.00	3095.00	3095.00	3095.00	3095.00	3095.00	3095.00	3096.00	3096.00	3096.00	3096.00	3096.50	3097.00	3097.00	3097.00	3098.00	3098.00	3098.00	3098.00	3099.00	3099.00	3100.00	3100.00	3100.50	3101.00	3102.00	3102.50	3103.00	3104.00	3104.50	3105.00	3106.00	3106.50	3107.00	3107.50	3108.50	3109.50	3110.00	3111.00	3111.50	3113.00	3113.50	3114.50	3115.00	3116.00	3117.50	3118.00	3119.00	3120.00	3120.50	3122.00	3122.50	3123.50	3124.00	3125.00	3125.50	3126.50	3127.50	3128.00	3128.00	3129.00	3130.00	3130.00	3130.50	3131.00	3131.00	3132.00	3132.00	3132.00	3132.00	3133.00	3133.00	3133.50	3134.00	3134.00	3135.00	3135.00	3136.00	3136.00	3136.50	3137.00	3137.50	3138.50	3139.50	3140.00	3141.00	3142.00	3143.00	3144.00	3144.50	3145.50	3146.00	3147.00	3148.00	3148.00	3149.50	3150.00	3151.00	3151.50	3152.50	3153.00	3154.00	3154.50	3155.00	3156.00	3156.50	3157.00	3158.00	3158.50	3159.00	3159.50	3160.00	3160.00	3161.00	3161.00	3162.00	3162.00	3163.00	3163.50	3164.50	3165.00	3165.50	3166.00	3167.00	3168.00	3168.00	3168.50	3169.00	3169.50	3170.50	3171.00	3172.00	3172.00	3173.00	3173.00	3174.00	3174.50	3175.00	3175.00	3176.00	3177.00	3177.00
3048.50	3048.00	3048.00	3048.00	3048.00	3048.00	3048.00	3048.00	3048.00	3048.00	3048.00	3048.00	3048.00	3049.00	3049.00	3049.00	3049.00	3049.00	3049.00	3050.00	3050.50	3051.00	3051.50	3052.50	3053.00	3054.00	3054.00	3055.00	3056.00	3057.00	3057.50	3058.00	3059.00	3059.50	3061.00	3061.00	3062.50	3063.00	3064.00	3065.00	3065.50	3066.00	3067.00	3067.00	3068.00	3068.50	3069.00	3069.50	3070.00	3070.50	3071.00	3072.00	3072.50	3073.00	3074.00	3074.00	3074.50	3075.00	3075.50	3076.00	3076.00	3077.00	3077.00	3078.00	3078.00	3079.00	3080.00	3080.00	3080.50	3081.00	3082.00	3082.00	3083.00	3083.00	3084.00	3084.50	3085.50	3086.00	3086.00	3087.00	3087.00	3088.00	3088.00	3088.50	3089.00	3089.50	3090.00	3090.50	3091.00	3091.00	3091.50	3092.00	3092.00	3092.50	3093.00	3093.00	3093.00	3093.00	3094.00	3094.00	3094.00	3094.00	3094.00	3094.00	3094.00	3094.00	3094.00	3094.00	3094.50	3095.00	3095.00	3095.00	3095.00	3095.00	3095.00	3095.00	3095.00	3095.00	3095.00	3095.00	3095.00	3096.00	3096.00	3096.00	3096.00	3096.50	3097.00	3097.00	3097.00	3098.00	3098.00	3098.00	3098.00	3099.00	3099.00	3100.00	3100.00	3100.50	3101.00	3102.00	3102.50	3103.00	3104.00	3104.50	3105.00	3106.00	3106.50	3107.00	3107.50	3108.50	3109.50	3110.00	3111.00	3111.50	3113.00	3113.50	3114.50	3115.00	3116.00	3117.50	3118.00	3119.00	3120.00	3120.50	3122.00	3122.50	3123.50	3124.00	3125.00	3125.50	3126.50	3127.50	3128.00	3128.00	3129.00	3130.00	3130.00	3130.50	3131.00	3131.00	3132.00	3132.00	3132.00	3132.00	3133.00	3133.00	3133.50	3134.00	3134.00	3135.00	3135.00	3136.00	3136.00	3136.50	3137.00	3137.50	3138.50	3139.50	3140.00	3141.00	3142.00	3143.00	3144.00	3144.50	3145.50	3146.00	3147.00	3148.00	3148.00	3149.50	3150.00	3151.00	3151.50	3152.50	3153.00	3154.00	3154.50	3155.00	3156.00	3156.50	3157.00	3158.00	3158.50	3159.00	3159.50	3160.00	3160.00	3161.00	3161.00	3162.00	3162.00	3163.00	3163.50	3164.50	3165.00	3165.50	3166.00	3167.00	3168.00	3168.00	3168.50	3169.00	3169.50	3170.50	3171.00	3172.00	3172.00	3173.00	3173.00	3174.00	3174.50	3175.00	3175.00	3176.00	3177.00	3177.00
3048.50	3048.00	3048.00	3048.00	3048.00	3048.00	3048.00	3048.00	3048.00	3048.00	3048.00	3048.00	3048.00	3049.00	3049.00	3049.00	3049.00	3049.00	3049.00	3050.00	3050.50	3051.00	3051.50	3052.50	3053.00	3054.00	3054.00	3055.00	3056.00	3057.00	3057.50	3058.00	3059.00	3059.50	3061.00	3061.00	3062.50	3063.00	3064.00	3065.00	3065.50	3066.00	3067.00	3067.00	3068.00	3068.50	3069.00	3069.50	3070.00	3070.50	3071.00	3072.00	3072.50	3073.00	3074.00	3074.00	3074.50	3075.00	3075.50	3076.00	3076.00	3077.00	3077.00	3078.00	3078.00	3079.00	3080.00	3080.00	3080.50	3081.00	3082.00	3082.00	3083.00	3083.00	3084.00	3084.50	3085.50	3086.00	3086.00	3087.00	3087.00	3088.00	3088.00	3088.50	3089.00	3089.50	3090.00	3090.50	3091.00	3091.00	3091.50	3092.00	3092.00	3092.50	3093.00	3093.00	3093.00	3093.00	3094.00	3094.00	3094.00	3094.00	3094.00	3094.00	3094.00	3094.00	3094.00	3094.00	3094.50	3095.00	3095.00	3095.00	3095.00	3095.00	3095.00	3095.00	3095.00	3095.00	3095.00	3095.00	3095.00	3096.00	3096.00	3096.00	3096.00	3096.50	3097.00	3097.00	3097.00	3098.00	3098.00	3098.00	3098.00	3099.00	3099.00	3100.00	3100.00	3100.50	3101.00	3102.00	3102.50	3103.00	3104.00	3104.50	3105.00	3106.00	3106.50	3107.00	3107.50	3108.50	3109.50	3110.00	3111.00	3111.50	3113.00	3113.50	3114.50	3115.00	3116.00	3117.50	3118.00	3119.00	3120.00	3120.50	3122.00	3122.50	3123.50	3124.00	3125.00	3125.50	3126.50	3127.50	3128.00	3128.00	3129.00	3130.00	3130.00	3130.50	3131.00	3131.00	3132.00	3132.00	3132.00	3132.00	3133.00	3133.00	3133.50	3134.00	3134.00	3135.00	3135.00	3136.00	3136.00	3136.50	3137.00	3137.50	3138.50	3139.50	3140.00	3141.00	3142.00	3143.00	3144.00	3144.50	3145.50	3146.00	3147.00	3148.00	3148.00	3149.50	3150.00	3151.00	3151.50	3152.50	3153.00	3154.00	3154.50	3155.00	3156.00	3156.50	3157.00	3158.00	3158.50	3159.00	3159.50	3160.00	3160.00	3161.00	3161.00	3162.00	3162.00	3163.00	3163.50	3164.50	3165.00	3165.50	3166.00	3167.00	3168.00	3168.00	3168.50	3169.00	3169.50	3170.50	3171.00	3172.00	3172.00	3173.00	3173.00	3174.00	3174.50	3175.00	3175.00	3176.00	3177.00	3177.00
3048.50	3048.00	3048.00	3048.00	3048.00	3048.00	3048.00	3048.00	3048.00	3048.00	3048.00	3048.00	3048.00	3049.00	3049.00	3049.00	3049.00	3049.00	3049.00	3050.00	3050.50	3051.00	3051.50	3052.50	3053.00	3054.00	3054.00	3055.00	3056.00	3057.00	3057.50	3058.00	3059.00	3059.50	3061.00	3061.00	3062.50	3063.00	3064.00	3065.00	3065.50	3066.00	3067.00	3067.00	3068.00	3068.50	3069.00	3069.50	3070.00	3070.50	3071.00	3072.00	3072.50	3073.00	3074.00	3074.00	3074.50	3075.00	3075.50	3076.00	3076.00	3077.00	3077.00	3078.00	3078.00	3079.00	3080.00	3080.00	3080.50	3081.00	3082.00	3082.00	3083.00	3083.00	3084.00	3084.50	3085.50	3086.00	3086.00	3087.00	3087.00	3088.00	3088.00	3088.50	3089.00	3089.50	3090.00	3090.50	3091.00	3091.00	3091.50	3092.00	3092.00	3092.50	3093.00	3093.00	3093.00	3093.00	3094.00	3094.00	3094.00	3094.00	3094.00	3094.00	3094.00	3094.00	3094.00	3094.00	3094.50	3095.00	3095.00	3095.00	3095.00	3095.00	3095.00	3095.00	3095.00	3095.00	3095.00	3095.00	3095.00	3096.00	3096.00	3096.00	3096.00	3096.50	3097.00	3097.00	3097.00	3098.00	3098.00	3098.00	3098.00	3099.00	3099.00	3100.00	3100.00	3100.50	3101.00	3102.00	3102.50	3103.00	3104.00	3104.50	3105.00	3106.00	3106.50	3107.00	3107.50	3108.50	3109.50	3110.00	3111.00	3111.50	3113.00	3113.50	3114.50	3115.00	3116.00	3117.50	3118.00	3119.00	3120.00	3120.50	3122.00	3122.50	3123.50	3124.00	3125.00	3125.50	3126.50	3127.50	3128.00	3128.00	3129.00	3130.00	3130.00	3130.50	3131.00	3131.00	3132.00	3132.00	3132.00	3132.00	3133.00	3133.00	3133.50	3134.00	3134.00	3135.00	3135.00	3136.00	3136.00	3136.50	3137.00	3137.50	3138.50	3139.50	3140.00	3141.00	3142.00	3143.00	3144.00	3144.50	3145.50	3146.00	3147.00	3148.00	3148.00	3149.50	3150.00	3151.00	3151.50	3152.50	3153.00	3154.00	3154.50	3155.00	3156.00	3156.50	3157.00	3158.00	3158.50	3159.00	3159.50	3160.00	3160.00	3161.00	3161.00	3162.00	3162.00	3163.00	3163.50	3164.50	3165.00	3165.50	3166.00	3167.00	3168.00	3168.00	3168.50	3169.00	3169.50	3170.50	3171.00	3172.00	3172.00	3173.00	3173.00	3174.00	3174.50	3175.00	3175.00	3176.00	3177.00	3177.00
3048.50	3048.00	3048.00	3048.00	3048.00	3048.00	3048.00	3048.00	3048.00	3048.00	3048.00	3048.00	3048.00	3049.00	3049.00	3049.00	3049.00	3049.00	3049.00	3050.00	3050.50	3051.00	3051.50	3052.50	3053.00	3054.00	3054.00	3055.00	3056.00	3057.00	3057.50	3058.00	3059.00	3059.50	3061.00	3061.00	3062.50	3063.00	3064.00	3065.00	3065.50	3066.00	3067.00	3067.00	3068.00	3068.50	3069.00	3069.50	3070.00	3070.50	3071.00	3072.00	3072.50	3073.00	3074.00	3074.00	3074.50	3075.00	3075.50	3076.00	3076.00	3077.00	3077.00	3078.00	3078.00	3079.00	3080.00	3080.00	3080.50	3081.00	3082.00	3082.00	3083.00	3083.00	3084.00	3084.50	3085.50	3086.00	3086.00	3087.00	3087.00	3088.00	3088.00	3088.50	3089.00	3089.50	3090.00	3090.50	3091.00	3091.00	3091.50	3092.00	3092.00	3092.50	3093.00	3093.00	3093.00	3093.00	3094.00	3094.00	3094.00	3094.00	3094.00	3094.00	3094.00	3094.00	3094.00	3094.00	3094.50	3095.00	3095.00	3095.00	3095.00	3095.00	3095.00	3095.00	3095.00	3095.00	3095.00	3095.00	3095.00	3096.00	3096.00	3096.00	3096.00	3096.50	3097.00	3097.00	3097.00	3098.00	3098.00	3098.00	3098.00	3099.00	3099.00	3100.00	3100.00	3100.50	3101.00	3102.00	3102.50	3103.00	3104.00	3104.50	3105.00	3106.00	3106.50	3107.00	3107.50	3108.50	3109.50	3110.00	3111.00	3111.50	3113.00	3113.50	3114.50	3115.00	3116.00	3117.50	3118.00	3119.00	3120.00	3120.50	3122.00	3122.50	3123.50	3124.00	3125.00	3125.50	3126.50	3127.50	3128.00	3128.00	3129.00	3130.00	3130.00	3130.50	3131.00	3131.00	3132.00	3132.00	3132.00	3132.00	3133.00	3133.00	3133.50	3134.00	3134.00	3135.00	3135.00	3136.00	3136.00	3136.50	3137.00	3137.50	3138.50	3139.50	3140.00	3141.00	3142.00	3143.00	3144.00	3144.50	3145.50	3146.00	3147.00	3148.00	3148.00	3149.50	3150.00	3151.00	3151.50	3152.50	3153.00	3154.00	3154.50	3155.00	3156.00	3156.50	3157.00	3158.00	3158.50	3159.00	3159.50	3160.00	3160.00	3161.00	3161.00	3162.00	3162.00	3163.00	3163.50	3164.50	3165.00	3165.50	3166.00	3167.00	3168.00	3168.00	3168.50	3169.00	3169.50	3170.50	3171.00	3172.00	3172.00	3173.00	3173.00	3174.00	3174.50	3175.00	3175.00	3176.00	3177.00	3177.00
3045.00	3045.00	3045.00	3045.00	3045.00	3045.00	3045.00	3046.00	3046.00	3046.00	3046.00	3046.00	3046.50	3047.00	3047.00	3047.50	3048.00	3048.00	3049.00	3050.00	3050.00	3050.50	3051.00	3052.00	3052.50	3053.00	3054.00	3054.50	3056.00	3056.50	3057.00	3057.50	3059.00	3059.50	3061.00	3061.00	3062.50	3063.00	3063.50	3064.50	3065.00	3065.00	3066.00	3066.50	3067.00	3068.00	3068.50	3069.00	3070.00	3070.50	3071.00	3072.00	3072.00	3072.50	3073.00	3073.50	3074.00	3075.00	3075.00	3075.50	3076.00	3076.50	3077.00	3078.00	3078.00	3078.50	3079.00	3079.50	3080.00	3080.50	3081.00	3081.50	3082.00	3082.00	3083.00	3083.50	3084.50	3085.00	3085.50	3086.00	3087.00	3088.00	3088.00	3088.50	3089.00	3089.50	3090.00	3090.50	3091.00	3091.00	3091.50	3092.00	3092.00	3092.50	3093.00	3093.00	3093.50	3094.00	3094.00	3094.00	3094.00	3095.00	3095.00	3095.00	3095.00	3095.00	3095.00	3095.00	3095.00	3095.00	3095.00	3095.00	3095.00	3095.00	3095.00	3095.00	3095.00	3095.00	3095.00	3095.00	3096.00	3096.00	3096.00	3096.50	3097.00	3097.00	3097.00	3097.00	3098.00	3098.00	3098.00	3098.00	3098.50	3099.00	3099.00	3100.00	3100.00	3100.00	3100.50	3101.00	3101.50	3102.00	3103.00	3103.50	3104.00	3105.00	3105.50	3106.00	3106.50	3107.50	3108.50	3109.00	3110.00	3110.50	3112.00	3112.50	3113.50	3114.00	3115.00	3116.00	3117.00	3118.00	3118.50	3119.50	3120.50	3121.00	3121.50	3122.00	3123.00	3123.50	3124.00	3124.50	3125.00	3126.00	3126.00	3127.00	3127.00	3127.50	3128.00	3128.00	3129.00	3129.50	3130.00	3130.00	3130.50	3131.00	3131.00	3131.50	3132.00	3132.00	3133.00	3133.00	3134.00	3134.50	3135.00	3135.50	3136.50	3137.50	3138.00	3139.00	3140.00	3141.00	3142.00	3142.50	3143.50	3144.00	3145.50	3146.00	3147.00	3147.50	3148.50	3149.50	3150.00	3150.50	3152.00	3152.50	3153.00	3153.00	3154.00	3154.50	3155.00	3155.00	3156.00	3157.00	3157.50	3158.00	3158.50	3159.50	3160.00	3161.00	3161.00	3162.00	3162.00	3163.00	3163.50	3164.00	3165.00	3165.00	3166.00	3167.00	3167.50	3168.00	3168.50	3169.50	3170.00	3171.00	3171.00	3172.00	3172.50	3173.50	3174.00	3174.50	3175.00	3176.00	3177.00	3177.00
3045.00	3045.00	3045.00	3045.00	3045.00	3045.00	3045.00	3046.00	3046.00	3046.00	3046.00	3046.00	3046.50	3047.00	3047.00	3047.50	3048.00	3048.00	3049.00	3050.00	3050.00	3050.50	3051.00	3052.00	3052.50	3053.00	3054.00	3054.50	3056.00	3056.50	3057.00	3057.50	3059.00	3059.50	3061.00	3061.00	3062.50	3063.00	3063.50	3064.50	3065.00	3065.00	3066.00	3066.50	3067.00	3068.00	3068.50	3069.00	3070.00	3070.50	3071.00	3072.00	3072.00	3072.50	3073.00	3073.50	3074.00	3075.00	3075.00	3075.50	3076.00	3076.50	3077.00	3078.00	3078.00	3078.50	3079.00	3079.50	3080.00	3080.50	3081.00	3081.50	3082.00	3082.00	3083.00	3083.50	3084.50	3085.00	3085.50	3086.00	3087.00	3088.00	3088.00	3088.50	3089.00	3089.50	3090.00	3090.50	3091.00	3091.00	3091.50	3092.00	3092.00	3092.50	3093.00	3093.00	3093.50	3094.00	3094.00	3094.00	3094.00	3095.00	3095.00	3095.00	3095.00	3095.00	3095.00	3095.00	3095.00	3095.00	3095.00	3095.00	3095.00	3095.00	3095.00	3095.00	3095.00	3095.00	3095.00	3095.00	3096.00	3096.00	3096.00	3096.50	3097.00	3097.00	3097.00	3097.00	3098.00	3098.00	3098.00	3098.00	3098.50	3099.00	3099.00	3100.00	3100.00	3100.00	3100.50	3101.00	3101.50	3102.00	3103.00	3103.50	3104.00	3105.00	3105.50	3106.00	3106.50	3107.50	3108.50	3109.00	3110.00	3110.50	3112.00	3112.50	3113.50	3114.00	3115.00	3116.00	3117.00	3118.00	3118.50	3119.50	3120.50	3121.00	3121.50	3122.00	3123.00	3123.50	3124.00	3124.50	3125.00	3126.00	3126.00	3127.00	3127.00	3127.50	3128.00	3128.00	3129.00	3129.50	3130.00	3130.00	3130.50	3131.00	3131.00	3131.50	3132.00	3132.00	3133.00	3133.00	3134.00	3134.50	3135.00	3135.50	3136.50	3137.50	3138.00	3139.00	3140.00	3141.00	3142.00	3142.50	3143.50	3144.00	3145.50	3146.00	3147.00	3147.50	3148.50	3149.50	3150.00	3150.50	3152.00	3152.50	3153.00	3153.00	3154.00	3154.50	3155.00	3155.00	3156.00	3157.00	3157.50	3158.00	3158.50	3159.50	3160.00	3161.00	3161.00	3162.00	3162.00	3163.00	3163.50	3164.00	3165.00	3165.00	3166.00	3167.00	3167.50	3168.00	3168.50	3169.50	3170.00	3171.00	3171.00	3172.00	3172.50	3173.50	3174.00	3174.50	3175.00	3176.00	3177.00	3177.00
3045.00	3045.00	3045.00	3045.00	3045.00	3045.00	3045.00	3046.00	3046.00	3046.00	3046.00	3046.00	3046.50	3047.00	3047.00	3047.50	3048.00	3048.00	3049.00	3050.00	3050.00	3050.50	3051.00	3052.00	3052.50	3053.00	3054.00	3054.50	3056.00	3056.50	3057.00	3057.50	3059.00	3059.50	3061.00	3061.00	3062.50	3063.00	3063.50	3064.50	3065.00	3065.00	3066.00	3066.50	3067.00	3068.00	3068.50	3069.00	3070.00	3070.50	3071.00	3072.00	3072.00	3072.50	3073.00	3073.50	3074.00	3075.00	3075.00	3075.50	3076.00	3076.50	3077.00	3078.00	3078.00	3078.50	3079.00	3079.50	3080.00	3080.50	3081.00	3081.50	3082.00	3082.00	3083.00	3083.50	3084.50	3085.00	3085.50	3086.00	3087.00	3088.00	3088.00	3088.50	3089.00	3089.50	3090.00	3090.50	3091.00	3091.00	3091.50	3092.00	3092.00	3092.50	3093.00	3093.00	3093.50	3094.00	3094.00	3094.00	3094.00	3095.00	3095.00	3095.00	3095.00	3095.00	3095.00	3095.00	3095.00	3095.00	3095.00	3095.00	3095.00	3095.00	3095.00	3095.00	3095.00	3095.00	3095.00	3095.00	3096.00	3096.00	3096.00	3096.50	3097.00	3097.00	3097.00	3097.00	3098.00	3098.00	3098.00	3098.00	3098.50	3099.00	3099.00	3100.00	3100.00	3100.00	3100.50	3101.00	3101.50	3102.00	3103.00	3103.50	3104.00	3105.00	3105.50	3106.00	3106.50	3107.50	3108.50	3109.00	3110.00	3110.50	3112.00	3112.50	3113.50	3114.00	3115.00	3116.00	3117.00	3118.00	3118.50	3119.50	3120.50	3121.00	3121.50	3122.00	3123.00	3123.50	3124.00	3124.50	3125.00	3126.00	3126.00	3127.00	3127.00	3127.50	3128.00	3128.00	3129.00	3129.50	3130.00	3130.00	3130.50	3131.00	3131.00	3131.50	3132.00	3132.00	3133.00	3133.00	3134.00	3134.50	3135.00	3135.50	3136.50	3137.50	3138.00	3139.00	3140.00	3141.00	3142.00	3142.50	3143.50	3144.00	3145.50	3146.00	3147.00	3147.50	3148.50	3149.50	3150.00	3150.50	3152.00	3152.50	3153.00	3153.00	3154.00	3154.50	3155.00	3155.00	3156.00	3157.00	3157.50	3158.00	3158.50	3159.50	3160.00	3161.00	3161.00	3162.00	3162.00	3163.00	3163.50	3164.00	3165.00	3165.00	3166.00	3167.00	3167.50	3168.00	3168.50	3169.50	3170.00	3171.00	3171.00	3172.00	3172.50	3173.50	3174.00	3174.50	3175.00	3176.00	3177.00	3177.00
3045.00	3045.00	3045.00	3045.00	3045.00	3045.00	3045.00	3046.00	3046.00	3046.00	3046.00	3046.00	3046.50	3047.00	3047.00	3047.50	3048.00	3048.00	3049.00	3050.00	3050.00	3050.50	3051.00	3052.00	3052.50	3053.00	3054.00	3054.50	3056.00	3056.50	3057.00	3057.50	3059.00	3059.50	3061.00	3061.00	3062.50	3063.00	3063.50	3064.50	3065.00	3065.00	3066.00	3066.50	3067.00	3068.00	3068.50	3069.00	3070.00	3070.50	3071.00	3072.00	3072.00	3072.50	3073.00	3073.50	3074.00	3075.00	3075.00	3075.50	3076.00	3076.50	3077.00	3078.00	3078.00	3078.50	3079.00	3079.50	3080.00	3080.50	3081.00	3081.50	3082.00	3082.00	3083.00	3083.50	3084.50	3085.00	3085.50	3086.00	3087.00	3088.00	3088.00	3088.50	3089.00	3089.50	3090.00	3090.50	3091.00	3091.00	3091.50	3092.00	3092.00	3092.50	3093.00	3093.00	3093.50	3094.00	3094.00	3094.00	3094.00	3095.00	3095.00	3095.00	3095.00	3095.00	3095.00	3095.00	3095.00	3095.00	3095.00	3095.00	3095.00	3095.00	3095.00	3095.00	3095.00	3095.00	3095.00	3095.00	3096.00	3096.00	3096.00	3096.50	3097.00	3097.00	3097.00	3097.00	3098.00	3098.00	3098.00	3098.00	3098.50	3099.00	3099.00	3100.00	3100.00	3100.00	3100.50	3101.00	3101.50	3102.00	3103.00	3103.50	3104.00	3105.00	3105.50	3106.00	3106.50	3107.50	3108.50	3109.00	3110.00	3110.50	3112.00	3112.50	3113.50	3114.00	3115.00	3116.00	3117.00	3118.00	3118.50	3119.50	3120.50	3121.00	3121.50	3122.00	3123.00	3123.50	3124.00	3124.50	3125.00	3126.00	3126.00	3127.00	3127.00	3127.50	3128.00	3128.00	3129.00	3129.50	3130.00	3130.00	3130.50	3131.00	3131.00	3131.50	3132.00	3132.00	3133.00	3133.00	3134.00	3134.50	3135.00	3135.50	3136.50	3137.50	3138.00	3139.00	3140.00	3141.00	3142.00	3142.50	3143.50	3144.00	3145.50	3146.00	3147.00	3147.50	3148.50	3149.50	3150.00	3150.50	3152.00	3152.50	3153.00	3153.00	3154.00	3154.50	3155.00	3155.00	3156.00	3157.00	3157.50	3158.00	3158.50	3159.50	3160.00	3161.00	3161.00	3162.00	3162.00	3163.00	3163.50	3164.00	3165.00	3165.00	3166.00	3167.00	3167.50	3168.00	3168.50	3169.50	3170.00	3171.00	3171.00	3172.00	3172.50	3173.50	3174.00	3174.50	3175.00	3176.00	3177.00	3177.00
3045.00	3045.00	3045.00	3045.00	3045.00	3045.00	3045.00	3046.00	3046.00	3046.00	3046.00	3046.00	3046.50	3047.00	3047.00	3047.50	3048.00	3048.00	3049.00	3050.00	3050.00	3050.50	3051.00	3052.00	3052.50	3053.00	3054.00	3054.50	3056.00	3056.50	3057.00	3057.50	3059.00	3059.50	3061.00	3061.00	3062.50	3063.00	3063.50	3064.50	3065.00	3065.00	3066.00	3066.50	3067.00	3068.00	3068.50	3069.00	3070.00	3070.50	3071.00	3072.00	3072.00	3072.50	3073.00	3073.50	3074.00	3075.00	3075.00	3075.50	3076.00	3076.50	3077.00	3078.00	3078.00	3078.50	3079.00	3079.50	3080.00	3080.50	3081.00	3081.50	3082.00	3082.00	3083.00	3083.50	3084.50	3085.00	3085.50	3086.00	3087.00	3088.00	3088.00	3088.50	3089.00	3089.50	3090.00	3090.50	3091.00	3091.00	3091.50	3092.00	3092.00	3092.50	3093.00	3093.00	3093.50	3094.00	3094.00	3094.00	3094.00	3095.00	3095.00	3095.00	3095.00	3095.00	3095.00	3095.00	3095.00	3095.00	3095.00	3095.00	3095.00	3095.00	3095.00	3095.00	3095.00	3095.00	3095.00	3095.00	3096.00	3096.00	3096.00	3096.50	3097.00	3097.00	3097.00	3097.00	3098.00	3098.00	3098.00	3098.00	3098.50	3099.00	3099.00	3100.00	3100.00	3100.00	3100.50	3101.00	3101.50	3102.00	3103.00	3103.50	3104.00	3105.00	3105.50	3106.00	3106.50	3107.50	3108.50	3109.00	3110.00	3110.50	3112.00	3112.50	3113.50	3114.00	3115.00	3116.00	3117.00	3118.00	3118.50	3119.50	3120.50	3121.00	3121.50	3122.00	3123.00	3123.50	3124.00	3124.50	3125.00	3126.00	3126.00	3127.00	3127.00	3127.50	3128.00	3128.00	3129.00	3129.50	3130.00	3130.00	3130.50	3131.00	3131.00	3131.50	3132.00	3132.00	3133.00	3133.00	3134.00	3134.50	3135.00	3135.50	3136.50	3137.50	3138.00	3139.00	3140.00	3141.00	3142.00	3142.50	3143.50	3144.00	3145.50	3146.00	3147.00	3147.50	3148.50	3149.50	3150.00	3150.50	3152.00	3152.50	3153.00	3153.00	3154.00	3154.50	3155.00	3155.00	3156.00	3157.00	3157.50	3158.00	3158.50	3159.50	3160.00	3161.00	3161.00	3162.00	3162.00	3163.00	3163.50	3164.00	3165.00	3165.00	3166.00	3167.00	3167.50	3168.00	3168.50	3169.50	3170.00	3171.00	3171.00	3172.00	3172.50	3173.50	3174.00	3174.50	3175.00	3176.00	3177.00	3177.00
3043.00	3043.00	3043.00	3043.50	3043.50	3043.50	3043.75	3044.50	3044.50	3044.75	3045.00	3045.25	3045.75	3046.00	3046.50	3047.00	3047.50	3048.00	3048.50	3049.50	3049.50	3050.00	3050.50	3051.50	3052.00	3052.50	3053.50	3054.00	3055.50	3056.00	3056.75	3057.25	3058.50	3059.25	3060.50	3061.00	3062.00	3062.50	3063.00	3064.00	3064.50	3065.00	3065.50	3066.25	3067.00	3067.75	3068.25	3068.75	3069.50	3070.25	3070.50	3071.50	3071.75	3072.25	3072.75	3073.25	3073.50	3074.50	3074.75	3075.25	3075.50	3076.25	3076.50	3077.50	3077.50	3078.25	3078.50	3079.25	3079.50	3080.00	3080.75	3081.25	3081.50	3082.00	3082.50	3083.00	3083.75	3084.25	3084.75	3085.50	3086.00	3087.00	3087.00	3087.75	3088.00	3088.50	3089.25	3089.75	3090.50	3090.50	3091.25	3092.00	3092.00	3092.25	3092.75	3093.00	3093.50	3094.00	3094.00	3094.00	3094.00	3094.50	3094.75	3095.00	3095.00	3095.00	3095.00	3095.00	3095.00	3095.00	3095.00	3095.00	3095.00	3095.00	3095.00	3095.00	3095.00	3095.00	3095.00	3095.00	3095.50	3095.50	3095.75	3096.25	3096.50	3096.75	3097.00	3097.00	3097.50	3097.50	3098.00	3098.00	3098.25	3099.00	3099.00	3099.50	3100.00	3100.00	3100.50	3101.00	3101.50	3102.00	3103.00	3103.50	3104.00	3104.50	3105.25	3105.50	3106.00	3107.00	3107.75	3108.50	3109.00	3109.75	3111.00	3111.75	3112.50	3113.00	3114.00	3115.00	3116.00	3116.50	3117.50	3118.25	3119.25	3119.75	3120.25	3121.00	3121.75	3122.25	3122.75	3123.25	3123.75	3124.50	3124.50	3125.50	3125.50	3126.25	3126.50	3126.75	3127.50	3128.00	3128.50	3128.50	3129.25	3129.50	3130.00	3130.50	3131.00	3131.00	3132.00	3132.50	3133.00	3133.75	3134.25	3134.75	3135.75	3136.50	3137.50	3138.50	3139.25	3140.50	3141.25	3142.00	3142.75	3143.50	3145.00	3145.50	3146.50	3147.50	3148.25	3149.25	3149.75	3150.25	3151.50	3152.00	3152.50	3153.00	3153.75	3154.25	3155.00	3155.00	3156.00	3157.00	3157.25	3157.75	3158.25	3159.25	3159.50	3160.50	3160.50	3161.25	3161.50	3162.50	3163.00	3163.50	3164.50	3164.50	3165.50	3166.50	3167.00	3167.75	3168.25	3169.25	3169.75	3170.50	3171.00	3171.75	3172.25	3173.25	3173.75	3174.50	3175.00	3176.00	3177.00	3177.00
3041.00	3041.00	3041.00	3042.00	3042.00	3042.00	3042.50	3043.00	3043.00	3043.50	3044.00	3044.50	3045.00	3045.00	3046.00	3046.50	3047.00	3048.00	3048.00	3049.00	3049.00	3049.50	3050.00	3051.00	3051.50	3052.00	3053.00	3053.50	3055.00	3055.50	3056.50	3057.00	3058.00	3059.00	3060.00	3061.00	3061.50	3062.00	3062.50	3063.50	3064.00	3065.00	3065.00	3066.00	3067.00	3067.50	3068.00	3068.50	3069.00	3070.00	3070.00	3071.00	3071.50	3072.00	3072.50	3073.00	3073.00	3074.00	3074.50	3075.00	3075.00	3076.00	3076.00	3077.00	3077.00	3078.00	3078.00	3079.00	3079.00	3079.50	3080.50	3081.00	3081.00	3082.00	3082.00	3082.50	3083.00	3083.50	3084.00	3085.00	3085.00	3086.00	3086.00	3087.00	3087.00	3087.50	3088.50	3089.00	3090.00	3090.00	3091.00	3092.00	3092.00	3092.00	3092.50	3093.00	3093.50	3094.00	3094.00	3094.00	3094.00	3094.00	3094.50	3095.00	3095.00	3095.00	3095.00	3095.00	3095.00	3095.00	3095.00	3095.00	3095.00	3095.00	3095.00	3095.00	3095.00	3095.00	3095.00	3095.00	3095.00	3095.00	3095.50	3096.00	3096.00	3096.50	3097.00	3097.00	3097.00	3097.00	3098.00	3098.00	3098.00	3099.00	3099.00	3099.00	3100.00	3100.00	3100.50	3101.00	3101.50	3102.00	3103.00	3103.50	3104.00	3104.00	3105.00	3105.00	3105.50	3106.50	3107.00	3108.00	3108.00	3109.00	3110.00	3111.00	3111.50	3112.00	3113.00	3114.00	3115.00	3115.00	3116.50	3117.00	3118.00	3118.50	3119.00	3120.00	3120.50	3121.00	3121.50	3122.00	3122.50	3123.00	3123.00	3124.00	3124.00	3125.00	3125.00	3125.50	3126.00	3126.50	3127.00	3127.00	3128.00	3128.00	3129.00	3129.50	3130.00	3130.00	3131.00	3132.00	3132.00	3133.00	3133.50	3134.00	3135.00	3135.50	3137.00	3138.00	3138.50	3140.00	3140.50	3141.50	3142.00	3143.00	3144.50	3145.00	3146.00	3147.50	3148.00	3149.00	3149.50	3150.00	3151.00	3151.50	3152.00	3153.00	3153.50	3154.00	3155.00	3155.00	3156.00	3157.00	3157.00	3157.50	3158.00	3159.00	3159.00	3160.00	3160.00	3160.50	3161.00	3162.00	3162.50	3163.00	3164.00	3164.00	3165.00	3166.00	3166.50	3167.50	3168.00	3169.00	3169.50	3170.00	3171.00	3171.50	3172.00	3173.00	3173.50	3174.50	3175.00	3176.00	3177.00	3177.00
3041.00	3041.00	3041.00	3042.00	3042.00	3042.00	3042.50	3043.00	3043.00	3043.50	3044.00	3044.50	3045.00	3045.00	3046.00	3046.50	3047.00	3048.00	3048.00	3049.00	3049.00	3049.50	3050.00	3051.00	3051.50	3052.00	3053.00	3053.50	3055.00	3055.50	3056.50	3057.00	3058.00	3059.00	3060.00	3061.00	3061.50	3062.00	3062.50	3063.50	3064.00	3065.00	3065.00	3066.00	3067.00	3067.50	3068.00	3068.50	3069.00	3070.00	3070.00	3071.00	3071.50	3072.00	3072.50	3073.00	3073.00	3074.00	3074.50	3075.00	3075.00	3076.00	3076.00	3077.00	3077.00	3078.00	3078.00	3079.00	3079.00	3079.50	3080.50	3081.00	3081.00	3082.00	3082.00	3082.50	3083.00	3083.50	3084.00	3085.00	3085.00	3086.00	3086.00	3087.00	3087.00	3087.50	3088.50	3089.00	3090.00	3090.00	3091.00	3092.00	3092.00	3092.00	3092.50	3093.00	3093.50	3094.00	3094.00	3094.00	3094.00	3094.00	3094.50	3095.00	3095.00	3095.00	3095.00	3095.00	3095.00	3095.00	3095.00	3095.00	3095.00	3095.00	3095.00	3095.00	3095.00	3095.00	3095.00	3095.00	3095.00	3095.00	3095.50	3096.00	3096.00	3096.50	3097.00	3097.00	3097.00	3097.00	3098.00	3098.00	3098.00	3099.00	3099.00	3099.00	3100.00	3100.00	3100.50	3101.00	3101.50	3102.00	3103.00	3103.50	3104.00	3104.00	3105.00	3105.00	3105.50	3106.50	3107.00	3108.00	3108.00	3109.00	3110.00	3111.00	3111.50	3112.00	3113.00	3114.00	3115.00	3115.00	3116.50	3117.00	3118.00	3118.50	3119.00	3120.00	3120.50	3121.00	3121.50	3122.00	3122.50	3123.00	3123.00	3124.00	3124.00	3125.00	3125.00	3125.50	3126.00	3126.50	3127.00	3127.00	3128.00	3128.00	3129.00	3129.50	3130.00	3130.00	3131.00	3132.00	3132.00	3133.00	3133.50	3134.00	3135.00	3135.50	3137.00	3138.00	3138.50	3140.00	3140.50	3141.50	3142.00	3143.00	3144.50	3145.00	3146.00	3147.50	3148.00	3149.00	3149.50	3150.00	3151.00	3151.50	3152.00	3153.00	3153.50	3154.00	3155.00	3155.00	3156.00	3157.00	3157.00	3157.50	3158.00	3159.00	3159.00	3160.00	3160.00	3160.50	3161.00	3162.00	3162.50	3163.00	3164.00	3164.00	3165.00	3166.00	3166.50	3167.50	3168.00	3169.00	3169.50	3170.00	3171.00	3171.50	3172.00	3173.00	3173.50	3174.50	3175.00	3176.00	3177.00	3177.00
3041.00	3041.00	3041.00	3042.00	3042.00	3042.00	3042.50	3043.00	3043.00	3043.50	3044.00	3044.50	3045.00	3045.00	3046.00	3046.50	3047.00	3048.00	3048.00	3049.00	3049.00	3049.50	3050.00	3051.00	3051.50	3052.00	3053.00	3053.50	3055.00	3055.50	3056.50	3057.00	3058.00	3059.00	3060.00	3061.00	3061.50	3062.00	3062.50	3063.50	3064.00	3065.00	3065.00	3066.00	3067.00	3067.50	3068.00	3068.50	3069.00	3070.00	3070.00	3071.00	3071.50	3072.00	3072.50	3073.00	3073.00	3074.00	3074.50	3075.00	3075.00	3076.00	3076.00	3077.00	3077.00	3078.00	3078.00	3079.00	3079.00	3079.50	3080.50	3081.00	3081.00	3082.00	3082.00	3082.50	3083.00	3083.50	3084.00	3085.00	3085.00	3086.00	3086.00	3087.00	3087.00	3087.50	3088.50	3089.00	3090.00	3090.00	3091.00	3092.00	3092.00	3092.00	3092.50	3093.00	3093.50	3094.00	3094.00	3094.00	3094.00	3094.00	3094.50	3095.00	3095.00	3095.00	3095.00	3095.00	3095.00	3095.00	3095.00	3095.00	3095.00	3095.00	3095.00	3095.00	3095.00	3095.00	3095.00	3095.00	3095.00	3095.00	3095.50	3096.00	3096.00	3096.50	3097.00	3097.00	3097.00	3097.00	3098.00	3098.00	3098.00	3099.00	3099.00	3099.00	3100.00	3100.00	3100.50	3101.00	3101.50	3102.00	3103.00	3103.50	3104.00	3104.00	3105.00	3105.00	3105.50	3106.50	3107.00	3108.00	3108.00	3109.00	3110.00	3111.00	3111.50	3112.00	3113.00	3114.00	3115.00	3115.00	3116.50	3117.00	3118.00	3118.50	3119.00	3120.00	3120.50	3121.00	3121.50	3122.00	3122.50	3123.00	3123.00	3124.00	3124.00	3125.00	3125.00	3125.50	3126.00	3126.50	3127.00	3127.00	3128.00	3128.00	3129.00	3129.50	3130.00	3130.00	3131.00	3132.00	3132.00	3133.00	3133.50	3134.00	3135.00	3135.50	3137.00	3138.00	3138.50	3140.00	3140.50	3141.50	3142.00	3143.00	3144.50	3145.00	3146.00	3147.50	3148.00	3149.00	3149.50	3150.00	3151.00	3151.50	3152.00	3153.00	3153.50	3154.00	3155.00	3155.00	3156.00	3157.00	3157.00	3157.50	3158.00	3159.00	3159.00	3160.00	3160.00	3160.50	3161.00	3162.00	3162.50	3163.00	3164.00	3164.00	3165.00	3166.00	3166.50	3167.50	3168.00	3169.00	3169.50	3170.00	3171.00	3171.50	3172.00	3173.00	3173.50	3174.50	3175.00	3176.00	3177.00	3177.00
3041.00	3041.00	3041.00	3042.00	3042.00	3042.00	3042.50	3043.00	3043.00	3043.50	3044.00	3044.50	3045.00	3045.00	3046.00	3046.50	3047.00	3048.00	3048.00	3049.00	3049.00	3049.50	3050.00	3051.00	3051.50	3052.00	3053.00	3053.50	3055.00	3055.50	3056.50	3057.00	3058.00	3059.00	3060.00	3061.00	3061.50	3062.00	3062.50	3063.50	3064.00	3065.00	3065.00	3066.00	3067.00	3067.50	3068.00	3068.50	3069.00	3070.00	3070.00	3071.00	3071.50	3072.00	3072.50	3073.00	3073.00	3074.00	3074.50	3075.00	3075.00	3076.00	3076.00	3077.00	3077.00	3078.00	3078.00	3079.00	3079.00	3079.50	3080.50	3081.00	3081.00	3082.00	3082.00	3082.50	3083.00	3083.50	3084.00	3085.00	3085.00	3086.00	3086.00	3087.00	3087.00	3087.50	3088.50	3089.00	3090.00	3090.00	3091.00	3092.00	3092.00	3092.00	3092.50	3093.00	3093.50	3094.00	3094.00	3094.00	3094.00	3094.00	3094.50	3095.00	3095.00	3095.00	3095.00	3095.00	3095.00	3095.00	3095.00	3095.00	3095.00	3095.00	3095.00	3095.00	3095.00	3095.00	3095.00	3095.00	3095.00	3095.00	3095.50	3096.00	3096.00	3096.50	3097.00	3097.00	3097.00	3097.00	3098.00	3098.00	3098.00	3099.00	3099.00	3099.00	3100.00	3100.00	3100.50	3101.00	3101.50	3102.00	3103.00	3103.50	3104.00	3104.00	3105.00	3105.00	3105.50	3106.50	3107.00	3108.00	3108.00	3109.00	3110.00	3111.00	3111.50	3112.00	3113.00	3114.00	3115.00	3115.00	3116.50	3117.00	3118.00	3118.50	3119.00	3120.00	3120.50	3121.00	3121.50	3122.00	3122.50	3123.00	3123.00	3124.00	3124.00	3125.00	3125.00	3125.50	3126.00	3126.50	3127.00	3127.00	3128.00	3128.00	3129.00	3129.50	3130.00	3130.00	3131.00	3132.00	3132.00	3133.00	3133.50	3134.00	3135.00	3135.50	3137.00	3138.00	3138.50	3140.00	3140.50	3141.50	3142.00	3143.00	3144.50	3145.00	3146.00	3147.50	3148.00	3149.00	3149.50	3150.00	3151.00	3151.50	3152.00	3153.00	3153.50	3154.00	3155.00	3155.00	3156.00	3157.00	3157.00	3157.50	3158.00	3159.00	3159.00	3160.00	3160.00	3160.50	3161.00	3162.00	3162.50	3163.00	3164.00	3164.00	3165.00	3166.00	3166.50	3167.50	3168.00	3169.00	3169.50	3170.00	3171.00	3171.50	3172.00	3173.00	3173.50	3174.50	3175.00	3176.00	3177.00	3177.00
3041.00	3041.00	3041.00	3042.00	3042.00	3042.00	3042.50	3043.00	3043.00	3043.50	3044.00	3044.50	3045.00	3045.00	3046.00	3046.50	3047.00	3048.00	3048.00	3049.00	3049.00	3049.50	3050.00	3051.00	3051.50	3052.00	3053.00	3053.50	3055.00	3055.50	3056.50	3057.00	3058.00	3059.00	3060.00	3061.00	3061.50	3062.00	3062.50	3063.50	3064.00	3065.00	3065.00	3066.00	3067.00	3067.50	3068.00	3068.50	3069.00	3070.00	3070.00	3071.00	3071.50	3072.00	3072.50	3073.00	3073.00	3074.00	3074.50	3075.00	3075.00	3076.00	3076.00	3077.00	3077.00	3078.00	3078.00	3079.00	3079.00	3079.50	3080.50	3081.00	3081.00	3082.00	3082.00	3082.50	3083.00	3083.50	3084.00	3085.00	3085.00	3086.00	3086.00	3087.00	3087.00	3087.50	3088.50	3089.00	3090.00	3090.00	3091.00	3092.00	3092.00	3092.00	3092.50	3093.00	3093.50	3094.00	3094.00	3094.00	3094.00	3094.00	3094.50	3095.00	3095.00	3095.00	3095.00	3095.00	3095.00	3095.00	3095.00	3095.00	3095.00	3095.00	3095.00	3095.00	3095.00	3095.00	3095.00	3095.00	3095.00	3095.00	3095.50	3096.00	3096.00	3096.50	3097.00	3097.00	3097.00	3097.00	3098.00	3098.00	3098.00	3099.00	3099.00	3099.00	3100.00	3100.00	3100.50	3101.00	3101.50	3102.00	3103.00	3103.50	3104.00	3104.00	3105.00	3105.00	3105.50	3106.50	3107.00	3108.00	3108.00	3109.00	3110.00	3111.00	3111.50	3112.00	3113.00	3114.00	3115.00	3115.00	3116.50	3117.00	3118.00	3118.50	3119.00	3120.00	3120.50	3121.00	3121.50	3122.00	3122.50	3123.00	3123.00	3124.00	3124.00	3125.00	3125.00	3125.50	3126.00	3126.50	3127.00	3127.00	3128.00	3128.00	3129.00	3129.50	3130.00	3130.00	3131.00	3132.00	3132.00	3133.00	3133.50	3134.00	3135.00	3135.50	3137.00	3138.00	3138.50	3140.00	3140.50	3141.50	3142.00	3143.00	3144.50	3145.00	3146.00	3147.50	3148.00	3149.00	3149.50	3150.00	3151.00	3151.50	3152.00	3153.00	3153.50	3154.00	3155.00	3155.00	3156.00	3157.00	3157.00	3157.50	3158.00	3159.00	3159.00	3160.00	3160.00	3160.50	3161.00	3162.00	3162.50	3163.00	3164.00	3164.00	3165.00	3166.00	3166.50	3167.50	3168.00	3169.00	3169.50	3170.00	3171.00	3171.50	3172.00	3173.00	3173.50	3174.50	3175.00	3176.00	3177.00	3177.00
3038.00	3038.00	3038.00	3039.00	3039.00	3039.00	3039.00	3040.00	3040.50	3041.00	3042.00	3042.50	3043.00	3044.00	3045.00	3045.50	3046.00	3046.00	3046.00	3047.00	3047.00	3047.50	3048.00	3049.00	3049.50	3050.00	3051.00	3052.00	3053.00	3053.50	3054.50	3055.00	3056.00	3056.50	3058.00	3058.00	3059.50	3060.00	3060.50	3061.50	3062.00	3063.00	3063.00	3064.50	3065.00	3066.00	3066.50	3067.00	3068.00	3069.00	3070.00	3070.00	3071.00	3071.00	3072.00	3072.00	3072.50	3073.00	3074.00	3074.00	3075.00	3075.00	3075.50	3076.00	3077.00	3077.00	3077.00	3078.00	3078.00	3078.50	3079.00	3079.50	3080.00	3080.00	3081.00	3081.00	3082.00	3082.00	3082.50	3083.00	3083.00	3084.00	3085.00	3085.50	3086.00	3086.50	3087.50	3088.00	3089.00	3089.00	3090.00	3090.00	3091.00	3091.50	3092.00	3092.00	3092.50	3093.00	3093.00	3093.00	3093.50	3094.00	3094.00	3094.50	3095.00	3095.00	3095.00	3095.00	3095.00	3095.00	3095.00	3095.00	3095.00	3095.00	3095.00	3095.00	3095.00	3096.00	3096.00	3096.00	3096.00	3096.00	3096.00	3096.00	3096.00	3096.50	3097.00	3097.00	3098.00	3098.00	3098.00	3098.50	3099.00	3099.00	3099.50	3100.00	3100.00	3100.00	3100.50	3101.00	3101.50	3102.00	3102.00	3103.00	3103.00	3104.00	3104.00	3104.50	3105.00	3105.50	3106.00	3107.00	3107.00	3107.50	3108.00	3109.00	3109.50	3110.50	3111.00	3112.00	3113.00	3113.00	3114.00	3114.50	3115.50	3116.00	3116.50	3117.00	3118.00	3118.50	3119.00	3119.00	3119.50	3120.00	3120.00	3121.00	3121.00	3121.50	3122.00	3122.50	3123.00	3123.50	3124.00	3125.00	3125.00	3125.50	3126.50	3127.00	3127.50	3128.00	3129.00	3130.00	3130.00	3131.00	3131.50	3132.50	3133.50	3134.50	3135.00	3136.00	3137.50	3138.00	3139.50	3140.50	3141.00	3142.00	3143.00	3144.00	3145.00	3146.00	3146.50	3148.50	3149.00	3149.50	3150.00	3151.00	3151.50	3152.00	3153.00	3153.00	3154.00	3154.00	3155.00	3156.00	3156.50	3157.00	3157.00	3158.00	3158.50	3159.00	3159.00	3160.00	3160.00	3161.00	3161.00	3161.50	3162.00	3163.00	3164.00	3165.00	3166.00	3166.50	3167.50	3168.50	3169.00	3170.00	3170.00	3171.00	3171.50	3172.50	3173.00	3173.50	3174.00	3175.00	3175.00	3176.00