89.50	91.00	91.00	88.00	86.00	82.50	76.50	70.50	70.50	89.50	147.00	206.50	232.50	247.50	205.50	106.50	85.50	68.00	68.00	71.00	69.50	63.50	61.50	56.50	64.50	110.50	138.00	138.00	138.00	137.50	123.00	107.00	106.00	101.00	98.00	95.50	97.00	99.50	103.00	104.50	103.00	114.00	169.00	181.50	165.50	166.50	163.50	156.50	152.00	148.50	145.00	140.50	143.50	184.00	161.00	146.00	144.00	136.00	126.00	148.00	177.00	182.00	147.50	152.50	147.50	146.00	142.00	132.50	123.50	117.50	124.00	136.00	144.00	195.00	261.50	282.50	234.00	224.50	255.50	232.00	216.50	225.50	226.00	190.00	198.00	221.50	225.50	239.00	253.00	205.50	173.50	113.00	91.00	111.50	123.00	73.50	67.00	66.00	63.00	60.50	63.50	68.50	101.50	126.50	144.00	142.00	158.50	142.50	121.00	87.00	72.00	59.50	57.50	56.50	55.50	71.00	120.00	112.50	172.50	160.00	171.50	167.50	166.50	182.00	184.00	143.00	143.00	150.50	130.50	79.00	65.50	79.00	119.00	159.50	189.00	188.00	118.00	103.00	141.50	189.00	198.50	219.00	200.00	184.00	208.50	216.00	235.00	170.50	107.00	117.50	152.00	146.00	149.50	145.50	109.00	105.50	102.00	95.00	121.00	167.00	181.50	153.00	99.50	97.00	96.00	105.00	103.00	104.00	105.00	103.50	104.50	88.00	85.50	83.00	102.00	96.00	90.00	88.50	95.50	95.50	103.50	130.50	139.50	127.50	122.50	121.50	124.50	126.50	128.50	136.00	123.00	108.00	95.50	94.50	96.00	98.50	91.50	92.00	93.50	95.50	97.50	100.50	101.50	109.50	110.50	113.50	118.00	121.00	123.50	124.50	127.50	132.00	142.50	140.50	151.00	152.50	156.00	168.50	172.00	178.50	177.50	178.50	174.50	175.00	176.50	174.00	175.50	178.50	175.00	174.00	167.00	169.50	175.50	172.50	166.00	156.50	150.00	144.00	142.00	146.50	148.50	147.00	139.00	134.50	134.50	134.50	141.00	142.50	135.00	128.00	133.50	135.00	137.50	142.50	142.50	142.50
89.50	95.50	97.00	94.50	93.00	89.00	81.50	75.00	67.50	73.50	118.50	179.00	204.50	192.00	153.00	98.50	85.00	70.50	78.50	100.50	96.50	65.50	57.00	55.50	60.00	106.50	138.50	133.50	134.00	133.50	121.00	106.00	105.00	100.00	97.00	93.00	95.00	97.00	102.00	104.50	103.00	111.50	150.00	154.50	155.00	160.50	155.00	148.50	145.00	143.50	140.50	135.50	139.00	192.50	160.00	145.50	140.00	130.00	127.50	159.00	160.50	167.50	173.50	166.50	171.50	158.50	142.50	132.50	124.00	117.50	123.00	135.00	143.00	213.00	242.50	277.00	257.00	235.00	246.00	226.50	207.00	216.00	226.00	187.50	191.00	215.50	229.50	275.50	261.00	189.50	154.50	112.50	103.00	149.00	149.50	75.50	77.00	82.50	63.50	60.50	63.00	65.00	85.50	113.00	144.00	129.50	149.50	121.50	104.00	77.50	67.50	57.00	55.00	55.00	69.50	141.50	177.00	167.50	191.50	180.00	207.00	197.00	195.50	195.50	186.00	144.00	144.00	166.00	175.50	113.50	71.00	66.00	81.00	114.00	166.50	180.00	131.00	104.00	136.00	188.00	190.00	192.00	196.50	184.50	213.50	229.00	213.50	174.50	114.00	114.00	144.50	137.00	133.00	139.50	106.50	99.50	101.50	106.00	109.50	146.50	169.00	179.00	117.00	108.00	99.50	100.50	105.00	106.50	104.50	96.00	94.50	88.00	95.00	94.00	84.50	90.50	89.50	88.50	84.00	88.00	96.00	115.00	122.50	116.00	114.50	120.50	121.00	124.00	135.00	134.50	123.00	116.00	99.00	98.50	99.50	91.50	86.50	85.50	91.00	96.00	91.50	96.50	98.00	109.50	106.00	114.00	115.50	118.00	118.50	121.50	123.50	127.00	134.50	139.50	149.00	153.50	156.50	167.00	178.50	185.00	181.50	175.50	171.00	171.00	178.00	176.50	189.00	195.00	184.50	177.00	172.00	183.50	184.50	180.50	173.50	160.50	154.00	138.00	134.00	136.50	140.00	135.00	128.50	131.00	128.50	127.00	130.50	131.50	129.00	129.50	127.50	129.50	129.00	133.00	129.50	130.00
87.00	95.50	102.00	101.50	100.00	96.00	87.00	80.00	71.50	65.00	80.50	102.50	128.00	130.00	113.50	92.00	80.50	76.50	89.00	120.50	141.50	86.00	64.00	56.00	55.50	97.00	142.00	132.00	129.50	130.00	121.00	108.00	105.00	99.50	96.00	90.50	92.50	95.50	102.00	104.00	103.00	108.00	135.00	142.50	148.50	155.00	149.00	142.50	139.00	137.00	134.00	131.00	133.00	153.00	154.00	144.00	136.00	124.00	133.50	157.00	155.50	150.50	180.00	178.50	177.00	170.00	144.50	135.00	126.00	117.00	123.00	135.50	144.00	210.50	250.50	278.50	276.50	262.50	235.50	231.00	204.50	208.50	226.00	194.50	187.00	214.50	242.00	277.50	249.00	168.50	139.00	135.00	108.50	130.50	141.50	90.50	91.50	104.50	63.50	60.00	62.00	65.00	78.50	98.00	126.50	113.50	110.50	110.50	94.00	67.00	63.50	56.50	56.00	55.00	81.00	163.00	177.00	176.50	183.50	188.00	223.50	217.00	229.50	243.00	205.50	143.50	135.00	148.50	166.50	132.00	99.50	81.00	66.50	81.00	116.50	136.00	134.00	113.00	126.50	188.00	189.50	173.50	182.50	183.00	218.00	229.00	197.00	168.50	127.50	119.00	125.50	128.00	108.50	108.00	104.00	95.00	95.50	109.50	107.50	127.50	145.00	185.50	126.00	108.00	101.00	105.00	110.50	107.50	105.50	97.50	88.50	92.00	88.50	92.00	82.50	82.00	84.50	86.50	89.00	91.00	92.50	99.50	103.00	109.00	117.00	121.50	127.00	132.50	145.50	142.00	129.00	130.50	141.00	135.50	107.50	96.50	91.50	94.50	97.00	98.50	91.50	97.00	93.50	104.50	114.00	108.50	110.50	114.50	120.00	121.50	123.50	124.50	129.00	135.00	146.00	150.00	154.50	170.00	172.50	179.00	177.50	175.00	171.00	171.00	175.50	174.50	200.50	200.00	187.50	184.50	178.00	195.50	202.50	187.50	174.00	160.00	156.00	146.00	140.50	133.00	131.00	128.00	121.50	125.00	125.50	120.50	121.00	119.50	117.00	122.50	122.50	125.00	122.50	127.00	129.00	135.00
82.00	92.75	104.50	130.25	135.75	112.75	94.50	87.50	79.25	72.00	64.25	72.00	90.25	95.75	94.50	86.75	81.00	86.00	100.00	126.00	151.25	107.75	77.00	59.75	55.75	79.25	152.25	141.75	129.00	123.25	117.75	105.75	104.75	99.75	95.50	89.50	87.75	90.25	97.00	102.75	103.00	103.25	116.25	126.50	140.75	151.75	159.25	163.00	157.50	140.50	135.00	127.75	124.00	131.75	142.25	139.75	128.50	122.50	143.50	146.25	149.00	143.75	152.75	157.50	152.75	151.75	144.75	137.50	131.50	118.50	119.50	136.25	146.25	175.75	226.25	256.25	267.75	245.50	224.50	226.75	187.75	215.25	223.50	199.00	185.50	218.50	235.50	238.25	218.25	167.50	176.50	135.00	111.25	120.00	107.25	87.75	75.75	84.50	68.75	60.00	61.25	63.25	73.00	73.50	90.25	105.25	101.00	87.00	80.50	63.25	57.00	56.50	58.25	62.50	88.25	135.50	158.75	169.75	181.75	186.75	224.00	214.50	216.25	226.50	209.50	156.50	142.75	135.50	140.75	138.50	120.25	112.75	95.75	73.75	75.00	87.25	112.25	113.50	102.50	139.00	170.75	176.00	170.25	191.00	212.25	213.25	192.50	154.25	124.75	139.25	119.75	115.25	100.50	99.25	96.25	94.75	107.00	135.50	118.75	99.25	120.00	152.75	137.50	108.00	103.00	103.50	106.50	101.75	97.00	87.75	86.00	84.50	88.25	88.75	82.75	85.75	84.75	85.75	88.75	90.25	90.25	95.50	96.75	107.75	113.00	122.00	138.50	159.75	183.75	185.00	174.25	167.75	193.25	191.25	166.00	128.25	113.25	106.75	99.50	100.50	99.25	95.25	102.25	101.25	103.50	109.25	114.50	112.75	113.75	118.75	123.50	124.25	127.25	134.00	141.25	151.50	152.75	157.75	161.50	178.25	176.00	177.00	175.00	173.50	172.00	172.50	186.75	188.50	185.50	184.25	183.00	187.50	194.25	186.75	174.00	168.75	163.50	153.25	149.00	142.50	134.25	129.50	123.25	121.25	117.00	113.75	109.00	107.00	108.75	112.00	115.50	112.50	115.00	119.25	118.50	124.00
75.00	89.00	106.00	148.25	174.75	139.50	99.50	92.25	84.50	76.50	66.25	62.00	78.00	85.50	85.75	83.50	81.50	91.25	111.25	131.25	140.00	107.25	82.00	64.25	56.50	65.75	133.50	154.50	144.00	121.00	115.25	105.50	102.25	100.00	96.50	90.50	85.50	86.50	91.25	99.75	103.50	103.00	107.25	119.00	141.75	153.25	170.00	183.00	174.25	150.75	143.00	134.00	126.50	121.75	129.25	130.75	121.75	123.75	145.75	146.00	146.00	142.25	145.25	147.50	150.00	152.75	145.25	137.25	131.75	120.25	116.75	135.50	147.50	166.25	200.75	237.50	238.25	229.00	217.25	211.25	179.75	214.50	219.50	207.50	190.25	209.50	217.25	226.00	202.00	166.75	179.50	152.25	116.25	134.75	100.75	78.25	64.25	66.50	67.75	60.00	60.25	61.00	67.00	70.75	77.00	98.25	100.50	75.00	72.25	60.50	55.25	60.25	65.00	76.00	94.75	125.00	172.00	194.50	183.00	192.00	216.75	203.50	201.00	209.25	206.75	174.50	164.00	138.00	135.25	132.50	126.50	127.25	112.25	92.75	68.75	71.25	97.75	113.50	96.50	115.00	150.75	161.75	169.25	186.50	198.50	204.75	180.00	146.75	123.50	146.25	127.25	108.25	99.25	93.50	93.00	95.25	108.25	139.00	128.50	93.00	106.25	132.25	137.25	109.00	100.00	101.25	99.00	92.00	83.75	79.25	83.00	84.00	102.50	95.50	86.75	88.75	85.75	83.75	90.00	91.00	91.50	92.75	95.25	100.25	112.00	137.00	148.50	174.75	215.00	215.50	209.75	189.75	186.75	184.75	183.75	162.00	136.00	115.25	104.25	101.75	100.00	94.00	104.25	102.75	104.75	111.75	119.50	119.25	115.75	116.50	125.25	128.25	130.25	133.00	139.25	153.75	154.00	151.25	156.00	171.00	175.75	176.50	176.25	175.75	172.75	174.50	178.75	179.75	180.25	180.00	180.00	182.25	183.75	179.00	173.50	179.50	173.25	163.25	155.75	150.25	142.75	133.25	128.50	124.50	118.75	115.75	105.50	103.00	106.75	107.25	111.25	109.25	111.50	114.75	112.50	118.00
68.00	80.50	101.00	144.00	185.75	153.50	103.25	96.50	90.00	82.50	69.50	60.25	67.00	75.75	77.50	79.50	80.00	97.25	129.75	149.25	129.00	102.50	84.00	68.75	56.75	57.25	86.75	143.75	161.25	126.75	114.00	106.75	101.00	98.00	97.50	92.00	85.50	83.25	86.25	94.50	102.50	103.50	103.50	114.00	143.75	153.00	168.75	183.25	178.50	167.00	174.50	144.00	136.00	121.25	116.75	117.50	112.75	124.25	145.75	146.00	145.50	140.50	143.50	146.50	155.50	171.50	149.25	138.25	131.50	120.75	115.75	133.00	146.25	168.75	187.50	225.50	231.25	222.75	205.00	195.25	169.25	199.50	209.50	219.25	206.50	200.75	200.50	220.00	200.50	171.75	160.25	160.25	127.00	147.75	93.50	72.00	71.50	63.25	63.50	60.25	60.00	60.00	61.75	66.75	66.25	78.75	90.75	66.75	65.75	58.25	55.25	62.50	73.00	92.25	104.00	118.75	194.00	221.00	187.75	193.75	200.25	192.50	187.75	196.00	207.25	202.75	184.75	146.00	138.00	134.25	136.50	142.75	121.25	109.50	81.25	72.00	87.50	106.25	90.50	92.75	129.50	146.50	167.75	185.25	199.75	202.25	177.00	139.50	121.50	142.50	129.00	108.75	98.50	89.75	89.50	95.00	107.25	126.50	131.50	100.50	101.00	116.75	129.75	109.75	97.50	98.75	95.75	86.50	80.00	83.25	85.75	87.25	112.50	102.50	97.00	93.25	88.50	84.75	91.50	94.25	96.75	91.00	92.50	96.50	119.25	171.25	162.50	181.00	209.25	206.75	203.00	207.75	179.25	177.25	187.25	186.75	175.25	132.50	111.00	102.00	100.75	97.50	103.00	106.25	111.00	115.00	117.00	118.25	118.50	116.00	121.25	127.00	130.00	130.50	137.75	149.75	153.25	151.00	154.25	166.75	174.50	174.00	173.25	175.25	174.25	174.25	173.00	175.75	177.00	177.00	175.50	176.00	175.75	171.25	169.75	178.00	176.25	166.50	160.25	153.75	146.75	135.25	130.25	125.75	121.00	117.00	108.25	102.25	101.50	101.00	105.75	110.25	113.00	113.00	111.25	115.00
66.00	71.00	88.75	120.75	163.75	141.25	105.50	102.00	102.50	94.50	71.00	58.00	59.00	66.50	69.50	75.25	81.75	110.25	152.75	164.50	122.75	101.25	85.25	71.75	56.50	55.50	58.25	111.75	160.00	139.00	116.00	105.50	99.75	92.50	95.75	94.75	87.00	81.50	81.75	89.00	98.75	103.75	103.00	108.25	140.75	147.25	154.50	172.75	175.25	177.25	206.00	152.50	146.50	128.25	115.00	109.25	106.75	122.75	144.25	146.00	145.00	139.50	140.00	144.00	152.50	178.25	155.25	140.25	132.25	120.00	115.25	130.75	142.50	167.00	189.25	235.00	257.50	250.00	208.25	192.25	157.75	172.75	193.00	213.25	217.50	199.50	191.75	209.50	198.00	183.00	163.25	148.25	134.25	146.00	85.50	82.00	110.50	78.50	64.00	61.75	62.00	60.50	60.25	62.75	63.00	64.25	73.75	62.50	61.50	57.00	55.25	61.25	74.00	96.75	111.00	118.75	181.00	209.50	187.00	186.75	186.00	185.25	177.25	184.00	205.50	239.75	205.50	153.50	143.00	138.75	153.00	161.25	130.50	119.75	98.50	85.50	84.50	92.75	85.50	79.75	109.00	138.50	163.00	174.25	202.25	193.25	171.25	136.75	117.50	131.25	122.00	108.25	93.25	89.00	89.00	93.00	105.25	114.25	128.25	113.75	106.50	109.25	119.25	108.25	96.50	95.50	94.25	84.00	84.00	90.00	92.25	88.50	106.50	105.50	106.50	99.75	92.00	89.50	93.00	97.25	99.50	95.50	96.25	98.25	117.50	177.50	178.25	180.25	193.25	198.00	177.25	197.25	173.50	175.00	187.75	201.75	205.25	155.00	125.75	109.25	109.25	107.00	106.75	109.50	116.00	121.75	115.25	113.75	120.50	119.25	118.75	121.00	128.00	132.75	138.00	143.75	150.25	153.00	155.25	165.25	174.50	175.75	176.75	176.25	175.00	176.25	173.25	173.75	174.50	174.00	171.25	170.75	170.25	166.25	165.50	167.50	167.75	162.50	160.50	157.50	149.75	140.50	134.75	127.75	124.50	119.25	112.25	106.75	103.50	99.75	101.25	107.75	109.00	110.00	109.50	115.00
66.25	66.50	75.00	96.50	138.75	131.50	108.00	112.00	142.75	121.50	72.75	55.25	56.00	59.50	63.25	75.75	93.75	139.00	177.25	179.00	121.50	100.75	85.25	71.75	56.00	55.25	55.00	91.25	145.75	152.25	131.25	105.50	98.75	87.75	89.50	98.25	89.00	81.25	78.00	84.50	94.00	102.75	103.00	104.00	131.25	135.25	137.25	161.50	167.50	169.25	189.25	156.25	161.00	134.75	118.00	107.25	105.25	119.75	141.75	146.00	145.00	140.50	135.75	138.25	142.75	165.50	159.75	142.25	134.25	119.50	114.00	128.00	136.25	161.00	191.50	257.75	288.50	289.50	218.00	196.75	164.00	156.00	170.50	196.50	215.75	200.25	190.25	192.00	187.75	180.50	171.50	152.75	149.75	144.50	86.75	94.25	142.50	104.00	71.50	63.25	64.50	61.75	60.00	62.75	61.75	61.50	63.75	59.00	58.00	56.00	55.00	59.50	69.50	95.00	112.75	126.50	158.25	183.50	184.75	180.50	175.75	177.50	167.75	176.00	194.00	248.00	219.50	157.00	144.25	141.75	179.50	181.25	142.00	129.75	118.00	106.25	87.00	85.50	81.25	77.50	93.50	128.00	150.50	156.25	174.75	180.25	160.75	134.75	111.00	114.75	112.25	103.25	89.25	89.00	92.75	94.00	100.75	110.25	122.75	116.75	108.75	107.00	107.25	105.75	96.75	93.75	91.75	81.50	87.00	92.75	98.75	94.75	101.50	103.50	110.50	104.25	93.50	92.75	93.25	100.75	107.50	111.50	107.25	103.25	115.75	150.50	175.00	171.75	181.00	194.75	164.00	172.50	168.75	175.25	186.75	209.25	206.00	171.25	141.25	120.75	120.25	123.50	119.50	119.75	133.75	128.50	124.00	117.25	125.75	126.00	125.00	122.25	127.25	134.75	139.00	140.50	145.00	154.50	157.25	164.50	179.75	184.75	188.00	181.75	176.25	178.00	177.25	177.75	173.25	170.75	168.00	169.75	173.50	166.25	171.50	162.25	162.00	160.25	159.00	158.50	152.50	149.25	147.00	140.25	138.00	132.50	122.75	117.75	112.00	108.50	105.75	103.00	104.25	107.25	105.25	110.50
66.50	66.00	68.50	87.00	128.50	131.50	109.50	118.50	173.50	140.00	74.50	55.00	56.00	57.00	61.00	78.50	103.00	158.50	190.00	189.00	122.00	100.00	84.50	70.50	55.50	55.00	55.00	85.50	138.50	159.00	144.00	107.50	99.50	86.50	85.50	100.00	90.00	81.50	76.50	82.50	91.50	102.00	103.00	103.00	124.50	127.50	129.00	156.00	162.50	160.50	167.50	157.00	170.00	137.50	119.50	107.00	105.00	118.00	140.50	146.00	145.00	141.50	133.50	135.00	139.00	158.00	161.50	143.00	135.50	119.50	113.50	126.00	132.50	158.50	193.00	268.50	298.50	305.00	218.50	200.00	173.50	154.50	157.00	188.50	213.50	201.00	190.00	185.50	185.00	177.00	168.00	165.00	164.00	145.50	91.50	96.00	145.00	116.50	76.50	63.50	65.00	62.50	60.00	63.00	61.00	60.50	62.50	57.00	56.00	55.50	55.00	59.00	67.50	94.00	112.00	132.00	155.50	173.00	185.50	178.50	169.50	172.00	163.00	173.00	186.50	236.50	218.00	157.50	144.00	144.00	194.50	191.00	149.00	135.00	130.00	119.00	88.50	83.00	79.00	78.50	88.00	120.50	143.00	149.00	155.50	173.00	157.00	133.00	106.50	107.50	105.50	101.00	89.00	89.00	96.50	98.00	98.50	112.00	120.50	113.00	106.50	106.00	101.00	103.50	97.50	93.00	90.00	79.00	88.00	95.00	101.00	100.00	100.50	101.50	112.00	106.00	92.50	91.50	93.50	105.50	117.50	123.50	113.00	106.50	121.00	137.00	164.00	167.00	175.00	193.50	159.50	162.00	164.00	174.00	186.00	210.00	201.50	175.50	146.50	125.50	125.50	134.50	130.00	128.50	149.00	132.00	131.00	120.50	131.00	130.00	128.00	125.00	127.50	133.50	139.50	139.00	140.50	155.00	158.00	164.50	183.50	190.50	194.50	186.00	178.50	178.00	179.50	183.50	175.00	170.00	166.50	171.50	180.50	169.00	179.50	161.00	160.00	158.50	157.50	157.50	153.50	154.00	154.50	150.00	149.00	143.00	131.50	124.00	113.50	114.00	110.50	100.00	104.50	107.50	103.50	106.00
67.50	66.50	66.00	73.25	102.00	134.50	148.50	133.50	157.00	155.00	90.75	60.50	56.00	55.75	57.75	93.25	126.00	198.50	202.00	190.25	122.75	99.50	82.50	69.00	55.50	54.00	56.00	101.00	162.25	195.00	199.25	211.00	185.50	90.50	82.50	105.25	94.25	82.50	73.00	78.00	85.00	95.50	105.00	105.00	108.00	110.75	108.75	136.25	149.75	146.50	141.75	146.75	183.50	137.00	115.50	104.50	104.50	119.00	150.25	162.25	164.00	145.25	128.00	127.25	132.00	148.00	154.00	144.50	138.25	125.00	116.00	117.00	120.75	147.50	195.75	271.00	301.50	280.00	232.50	225.00	233.00	207.75	151.75	181.25	215.00	219.75	195.00	187.50	185.50	178.50	183.25	213.75	220.75	169.00	127.50	92.25	121.25	123.75	111.00	76.00	65.00	64.00	60.50	63.00	59.25	57.25	57.25	59.25	61.00	59.00	57.75	67.75	95.75	124.25	139.75	147.00	186.50	213.00	192.75	171.75	150.00	147.00	150.25	163.75	178.25	224.00	207.50	163.75	145.75	145.50	186.50	200.50	177.25	145.75	146.25	161.00	132.00	100.00	83.25	82.25	80.00	89.25	101.25	117.75	130.50	144.50	134.00	129.75	108.00	102.00	99.50	99.25	89.25	90.00	94.50	98.25	99.00	100.00	102.50	100.75	105.00	101.25	99.00	98.75	94.00	95.50	91.25	83.50	97.75	121.25	128.75	117.75	100.50	103.50	107.00	93.25	92.75	97.50	105.50	132.00	140.00	178.50	164.50	124.25	149.75	143.25	140.25	146.00	149.50	162.25	160.25	147.00	142.50	161.00	165.25	189.75	201.00	174.50	171.00	153.00	147.75	150.50	160.25	140.25	133.75	152.50	150.00	145.75	141.75	149.00	143.75	143.00	140.00	152.00	147.75	143.50	147.25	156.25	159.75	163.00	171.25	190.00	202.50	191.50	180.25	193.25	211.00	221.00	199.25	185.25	170.75	174.00	183.50	181.25	182.50	172.00	170.00	178.00	183.00	176.50	165.75	164.25	160.00	161.50	159.00	153.50	142.00	138.00	124.75	117.75	110.00	108.25	111.25	112.75	111.50	107.50
67.25	66.50	66.00	68.50	86.25	109.75	147.75	142.50	138.50	158.25	110.00	70.75	60.50	55.75	56.00	97.50	117.25	184.75	183.50	173.25	121.50	99.50	82.75	68.75	55.50	54.25	55.50	99.00	167.50	202.75	224.75	236.75	190.75	93.75	85.00	107.75	96.75	83.50	71.50	73.50	81.75	91.75	103.50	105.25	105.00	105.75	103.25	123.25	146.00	139.75	129.25	134.00	164.50	133.25	110.00	102.25	102.75	123.50	166.50	161.25	161.50	146.50	127.25	125.25	127.25	138.50	148.00	145.00	140.75	128.75	120.50	112.50	112.75	137.50	190.00	253.75	294.50	268.00	239.25	225.50	221.00	214.50	159.00	186.75	219.50	214.25	189.75	191.50	188.00	197.00	219.00	227.75	225.00	175.75	134.75	94.50	99.00	116.25	133.25	89.25	78.25	74.25	61.25	62.50	57.50	55.50	56.25	62.00	64.25	59.50	64.75	82.00	112.75	141.75	165.25	185.25	210.00	206.00	185.75	167.75	144.50	142.25	144.50	155.75	174.00	222.75	206.25	174.25	148.75	145.00	175.75	202.00	176.00	149.50	143.25	166.50	178.00	128.50	88.25	85.25	82.25	81.50	85.25	104.75	122.25	127.00	124.75	120.50	107.00	101.25	101.50	104.00	90.75	91.75	103.50	102.50	95.75	88.75	92.75	99.25	103.25	100.25	99.25	94.75	92.00	93.50	91.75	87.00	103.25	132.50	132.00	121.50	98.50	99.75	107.75	93.50	91.50	101.50	130.75	148.50	141.75	158.00	169.00	137.00	150.75	164.75	154.00	145.50	135.75	151.00	154.75	142.00	137.00	149.00	155.75	175.00	196.50	168.75	181.00	169.75	148.75	157.75	162.75	154.50	130.75	154.50	169.75	164.00	156.50	161.25	159.25	154.50	151.25	162.50	165.50	167.75	155.00	150.75	158.50	166.75	170.75	181.00	199.00	194.75	183.50	193.25	211.25	226.25	219.25	207.00	175.25	182.50	187.25	184.00	180.25	175.75	179.25	186.25	198.00	191.75	177.00	169.75	164.50	166.50	166.00	156.50	139.75	136.25	125.50	119.50	109.50	109.50	110.25	111.00	111.25	108.25
67.75	67.25	67.50	66.50	72.75	85.75	120.00	132.50	126.50	141.25	125.25	82.75	70.00	57.00	55.00	104.25	121.50	162.25	155.75	148.75	125.75	101.50	88.00	71.00	55.00	54.25	55.00	82.75	153.50	195.50	224.25	220.00	171.25	93.25	82.50	107.00	96.75	84.00	71.50	69.00	77.50	88.75	101.50	103.50	106.25	102.50	101.00	113.75	145.25	137.00	120.25	126.25	142.50	131.25	108.00	101.25	101.25	122.00	159.50	149.25	148.50	145.25	127.25	125.00	125.00	129.25	139.50	144.25	143.25	132.75	127.00	116.75	110.50	127.00	179.00	235.25	272.75	260.50	235.00	227.50	207.50	211.25	170.25	186.75	217.00	195.75	181.25	191.50	193.00	214.50	248.25	228.75	224.00	191.50	141.75	98.50	87.25	101.25	129.75	99.25	103.25	93.50	61.50	59.50	56.25	54.75	57.75	62.00	61.50	63.75	81.50	114.75	142.25	166.25	184.75	223.00	231.00	213.25	184.25	168.25	143.50	141.00	141.50	147.75	171.75	207.75	206.00	179.50	151.25	143.50	170.00	195.25	172.50	151.00	139.50	153.50	188.25	147.75	95.75	91.75	88.50	83.25	82.00	97.25	112.25	118.50	118.25	114.25	103.00	103.75	110.25	109.50	90.00	96.00	107.75	101.25	97.50	89.25	87.75	94.75	101.25	99.25	100.50	93.00	91.00	91.75	91.75	89.00	97.75	121.25	120.75	113.00	98.25	95.25	102.75	98.75	94.50	115.75	161.50	163.25	150.50	146.00	153.00	146.25	162.00	190.25	170.50	157.25	129.00	136.75	152.75	139.50	138.75	145.50	162.25	165.75	191.00	165.25	179.50	184.25	152.00	165.50	162.50	158.25	145.75	148.25	180.75	178.50	161.75	164.75	177.50	167.75	165.00	166.25	172.50	187.25	170.75	155.75	160.50	173.50	174.25	175.75	191.75	193.75	184.50	187.25	199.25	209.25	214.25	204.25	176.50	180.75	182.50	177.75	176.50	174.50	181.75	193.25	195.00	186.75	180.00	184.00	176.50	175.00	177.75	167.50	151.50	143.25	127.75	121.00	110.00	102.75	102.25	102.75	103.50	105.75
69.75	69.75	72.00	69.75	67.25	72.25	94.00	110.00	114.50	110.75	118.75	93.25	78.50	59.25	55.00	106.00	131.75	152.25	133.50	123.75	130.50	120.50	116.50	90.00	54.75	54.00	55.25	67.50	139.25	189.50	220.75	194.75	146.25	89.50	76.50	101.25	94.75	83.25	72.00	66.00	73.00	86.00	100.00	102.50	106.00	99.75	98.75	106.25	136.75	142.50	122.50	122.50	133.25	130.75	110.50	102.25	101.00	116.25	141.25	146.00	145.00	143.75	128.00	125.00	125.00	125.25	130.50	141.50	145.25	137.00	134.00	127.25	116.75	114.25	160.00	225.75	243.25	252.50	229.00	227.25	203.75	201.25	182.00	177.75	207.75	176.50	174.00	188.50	199.75	223.25	247.00	222.50	221.50	209.75	152.50	104.00	92.75	89.25	110.75	104.75	110.00	101.00	61.50	56.75	56.25	55.25	58.00	59.00	57.00	77.75	106.00	164.50	191.50	185.50	198.75	228.50	226.75	219.25	185.25	171.50	144.00	140.25	140.00	144.50	174.75	187.25	197.25	174.50	152.75	141.25	160.25	181.25	168.00	149.25	136.00	143.50	165.50	148.50	101.75	94.25	90.00	86.75	86.25	86.25	98.75	110.00	113.50	111.25	103.00	103.50	110.75	103.00	87.50	97.75	95.50	91.75	95.25	90.75	85.00	89.00	96.50	96.50	97.25	94.50	92.25	89.75	89.00	89.50	89.75	102.50	108.25	103.25	99.50	95.00	98.75	103.50	99.75	137.00	173.25	163.00	149.75	144.25	137.25	145.50	167.50	194.25	173.00	162.75	128.00	129.00	150.25	138.50	144.50	142.75	164.75	156.25	185.25	166.25	166.50	188.50	157.50	171.25	175.00	161.00	164.00	144.75	178.75	185.25	166.75	166.50	190.25	180.75	177.75	173.00	171.50	184.25	184.25	167.25	167.50	176.00	174.00	177.00	189.25	187.25	182.75	185.00	187.50	192.75	195.50	189.75	177.50	172.50	172.00	172.75	172.75	168.75	182.25	200.00	195.50	182.00	180.00	190.75	183.50	175.50	180.00	179.00	166.00	157.75	143.25	130.25	116.75	97.75	96.75	96.75	97.25	101.00
71.50	73.50	77.75	75.75	70.00	68.75	79.50	91.50	101.50	97.25	105.25	98.50	83.25	61.25	55.50	97.00	127.25	138.75	117.25	108.75	129.25	151.25	155.00	128.00	61.75	54.00	59.00	73.25	136.50	190.25	235.75	197.50	126.50	85.00	70.50	92.75	91.00	79.50	69.00	64.25	71.75	84.50	99.50	102.50	105.50	98.50	98.00	105.25	127.25	145.50	128.00	119.50	125.50	127.75	114.50	103.50	101.00	110.50	134.00	144.50	142.75	140.00	128.75	125.00	125.00	125.00	126.25	137.75	145.50	141.00	142.00	138.00	128.25	110.25	136.50	219.75	223.00	243.50	238.50	229.50	208.50	189.50	184.00	156.50	191.75	163.00	169.00	190.50	205.25	224.75	221.50	208.25	217.00	218.25	164.75	110.00	102.00	83.25	99.75	120.25	105.00	92.75	60.25	56.25	56.00	56.75	60.25	61.50	58.50	92.25	131.50	202.00	217.25	175.25	197.00	210.50	209.50	204.25	184.75	171.00	149.50	140.25	139.00	148.50	181.00	176.50	176.25	168.00	156.75	140.50	146.00	166.00	161.50	146.25	132.75	147.00	151.50	143.75	102.50	90.50	85.50	86.00	88.00	82.00	88.00	98.75	113.00	109.00	107.25	102.00	104.25	93.25	86.75	91.50	88.75	101.50	97.25	87.75	84.00	86.75	93.25	92.25	90.00	93.75	93.50	90.25	84.75	87.50	89.50	93.00	97.00	97.00	96.75	94.00	98.50	104.50	102.25	156.25	174.00	159.50	149.25	137.00	132.50	142.00	164.25	188.00	170.00	157.00	127.25	130.00	151.00	137.25	141.75	134.25	147.50	148.00	180.00	170.00	157.50	182.75	162.50	168.00	184.50	171.25	169.75	152.75	161.50	176.50	177.00	172.75	184.25	187.75	184.75	179.50	174.00	179.75	185.25	173.00	171.50	175.25	171.75	175.25	185.50	182.25	183.00	183.00	180.00	185.00	187.75	185.75	176.50	169.25	166.50	168.50	170.25	165.75	185.75	196.50	190.00	176.00	177.50	177.75	173.75	164.75	171.25	182.50	157.75	158.25	148.75	136.50	122.00	102.25	96.25	91.75	92.00	94.75
73.00	77.75	83.25	82.25	75.50	72.25	70.00	76.75	87.75	87.00	95.50	96.50	85.50	63.75	55.50	84.25	118.75	123.00	108.25	102.75	116.50	140.25	163.00	144.00	68.25	54.25	67.25	88.25	136.00	185.50	227.75	206.25	122.25	82.50	66.25	84.25	84.75	72.25	61.75	63.25	73.75	85.50	99.50	103.00	106.00	98.00	99.25	113.25	135.00	151.00	133.75	120.50	118.50	120.75	115.25	104.50	102.50	105.50	127.00	139.75	139.50	135.50	128.25	125.00	125.00	125.00	126.00	134.00	141.50	143.00	158.00	157.75	148.00	117.00	116.75	192.25	205.75	231.25	244.25	234.50	216.25	185.00	170.25	129.25	166.25	157.50	160.75	191.50	213.50	225.00	204.75	188.00	203.25	206.25	171.25	115.50	105.50	81.50	91.00	131.25	109.00	80.75	58.75	57.25	55.50	59.25	63.75	64.75	60.75	88.50	130.25	192.50	204.50	156.50	167.00	178.50	194.75	173.00	174.00	158.25	155.50	141.25	137.50	150.50	182.75	168.00	157.25	175.75	174.00	145.25	136.25	150.25	152.00	141.25	131.50	149.75	140.25	132.50	100.50	88.25	84.50	83.75	91.00	88.75	87.50	98.75	112.75	106.75	108.00	101.00	95.75	89.00	85.25	85.50	99.25	120.25	109.75	89.00	83.50	83.50	88.25	86.75	85.25	91.50	93.50	90.25	83.00	84.25	87.75	90.75	92.25	94.00	93.25	92.75	95.00	105.00	103.00	156.50	171.50	159.75	158.50	130.00	127.50	139.75	157.75	178.75	167.25	150.75	125.00	128.25	148.50	138.25	140.25	133.00	135.25	147.50	175.50	169.75	159.75	172.25	167.75	167.00	174.50	177.25	166.50	164.00	149.75	166.25	182.25	178.50	173.50	182.50	182.25	179.25	175.25	176.50	179.00	173.50	170.00	177.25	171.50	172.00	178.00	178.00	178.25	177.00	173.00	177.00	178.25	177.00	172.25	168.50	164.50	165.75	170.00	167.00	176.25	179.00	173.75	168.50	171.25	160.00	155.75	155.00	160.50	166.25	139.00	139.00	127.75	121.75	113.50	101.75	94.75	89.75	88.50	91.50
74.75	82.00	88.75	88.50	81.25	76.75	69.75	68.25	74.00	77.00	85.50	88.75	85.25	66.75	56.25	73.00	108.50	111.75	103.00	98.25	107.00	111.00	146.25	132.50	69.00	54.25	69.50	92.50	128.00	175.00	185.50	174.50	116.50	79.50	62.50	75.25	79.00	64.25	56.50	63.75	78.25	89.00	100.75	104.25	106.75	98.25	101.25	125.25	154.00	162.25	139.50	128.75	119.75	114.00	111.00	104.75	104.50	104.25	121.00	133.25	135.25	131.25	126.00	124.75	125.00	125.50	132.00	142.50	144.75	151.50	191.75	187.50	175.25	130.75	105.75	166.25	198.75	223.00	235.00	235.50	221.00	187.75	155.50	121.75	138.25	153.25	150.50	183.75	217.50	224.75	199.75	167.50	178.75	180.75	160.75	123.50	118.00	85.75	75.75	114.00	112.75	73.50	58.00	59.50	56.00	61.25	64.75	65.00	63.50	77.00	110.50	146.25	176.00	145.75	129.75	149.25	181.25	152.00	155.25	144.50	154.75	143.50	135.50	143.25	172.25	158.25	147.25	188.25	190.75	152.25	132.50	137.75	141.75	133.25	132.00	143.50	128.75	116.75	97.75	88.00	90.00	86.00	96.00	94.00	93.25	106.50	111.50	105.00	104.25	99.00	88.00	87.75	84.00	85.25	116.00	129.75	116.25	95.00	86.25	83.25	83.50	83.00	83.00	89.25	92.00	88.00	83.00	83.00	83.75	87.50	88.00	89.50	91.75	93.25	91.75	102.75	99.25	141.00	169.00	164.75	164.25	133.25	124.50	135.00	150.50	162.00	152.50	144.00	124.50	134.25	144.50	139.00	143.25	136.50	138.50	156.75	171.50	168.50	163.00	162.25	166.75	168.50	167.00	176.75	167.00	167.25	153.75	163.25	182.75	180.25	169.75	175.50	178.75	175.25	175.75	177.25	175.25	174.00	171.00	178.00	173.25	172.00	174.00	175.75	174.50	172.25	167.75	169.75	169.25	169.00	172.75	174.75	170.50	169.50	173.25	169.75	168.00	165.25	151.50	157.25	162.50	152.25	146.00	147.50	146.25	140.75	121.00	116.00	107.75	102.25	99.00	93.25	89.00	88.50	86.50	91.50
78.00	89.00	97.50	97.50	89.00	83.50	76.50	72.00	66.00	63.50	69.50	73.00	75.50	69.50	58.00	58.50	82.00	101.50	95.50	91.50	94.00	100.00	108.00	112.00	86.50	59.50	60.00	85.00	124.50	168.50	143.00	109.00	91.50	61.00	55.00	64.00	71.50	58.00	55.50	66.50	96.00	102.50	110.50	109.50	107.00	99.50	103.00	131.50	168.50	196.00	159.50	152.00	133.50	121.50	112.00	104.00	105.00	106.50	114.00	124.00	129.00	124.00	120.00	124.00	125.50	132.00	166.00	201.00	180.50	191.50	231.50	219.00	202.00	153.50	103.50	130.00	194.50	224.00	225.50	231.00	224.50	196.50	155.00	108.50	109.00	128.00	136.50	152.00	188.50	221.50	199.50	168.00	149.50	150.50	146.00	130.00	139.00	109.50	66.50	71.00	87.50	76.00	56.50	61.00	57.50	63.00	65.00	65.00	68.50	82.50	104.00	99.50	118.50	124.50	104.50	116.50	143.50	143.50	138.50	140.00	149.50	147.50	134.50	131.00	142.50	147.00	142.50	176.00	181.50	157.00	129.50	123.50	127.00	121.50	133.00	135.50	114.00	104.50	94.00	85.50	93.00	88.50	93.50	103.50	92.50	109.00	108.00	103.50	103.00	98.00	91.00	87.00	84.00	90.50	134.00	141.00	128.00	102.50	97.00	93.00	92.00	83.00	83.00	83.00	83.50	87.50	83.00	83.00	83.00	82.50	82.00	82.00	88.50	95.50	92.00	102.00	102.50	134.00	154.00	162.50	155.00	138.00	136.00	125.00	130.50	141.50	132.50	128.00	124.00	152.50	144.50	136.00	149.50	146.00	146.00	160.50	167.50	167.50	161.50	160.00	161.00	166.50	170.50	176.00	182.50	177.00	165.50	157.50	185.00	169.00	169.50	173.00	176.00	181.50	178.00	181.00	176.00	173.50	177.50	177.00	175.00	175.00	172.00	172.00	173.50	166.00	161.50	169.00	174.50	174.00	179.50	188.50	181.50	174.00	172.00	157.50	150.00	142.00	124.00	131.00	132.00	132.50	132.00	123.50	118.50	119.00	108.50	100.50	90.00	87.00	83.50	81.50	81.50	84.00	87.00	90.50
79.00	91.25	100.50	100.75	91.75	85.50	78.75	74.50	68.75	64.75	65.50	68.00	70.75	68.00	59.25	56.25	72.50	95.50	92.75	89.00	88.50	95.25	105.25	109.50	89.25	60.00	58.00	82.75	129.50	166.50	137.25	104.75	85.75	58.00	52.75	60.50	69.75	57.50	54.75	64.75	96.75	106.00	118.75	141.00	108.50	99.75	104.75	129.00	173.50	207.00	166.25	159.00	138.00	123.50	111.00	103.50	104.75	107.25	114.00	122.50	126.75	122.50	120.75	125.50	126.75	133.75	170.00	208.00	187.50	201.00	234.25	221.00	205.00	158.00	104.25	120.50	186.00	222.25	224.75	229.00	224.75	203.25	158.25	118.00	119.75	117.50	124.00	144.00	181.75	219.50	198.00	164.75	147.25	147.25	143.75	124.50	129.75	114.75	74.25	64.00	74.75	76.00	56.50	58.00	58.00	63.75	65.00	65.00	71.25	88.50	104.00	97.25	105.75	116.00	104.25	109.75	132.50	142.00	129.75	134.75	147.75	148.25	134.75	128.75	138.50	145.50	141.00	168.00	173.25	155.00	128.50	119.25	121.75	117.50	134.50	134.00	111.25	101.00	91.25	85.25	92.25	89.25	90.75	106.50	93.50	104.25	104.75	102.75	100.75	96.25	91.75	85.75	85.75	93.25	130.50	148.00	134.25	106.25	97.50	93.75	93.25	84.50	83.25	84.25	87.50	86.25	83.00	83.00	83.00	82.50	82.00	82.00	88.00	97.75	92.75	100.00	101.75	130.50	152.00	154.25	153.25	140.50	148.75	126.50	130.25	137.50	133.25	128.25	124.50	149.25	144.50	133.50	150.50	146.00	145.00	158.50	164.75	165.50	160.25	158.50	161.50	167.25	168.50	177.75	179.75	176.75	167.25	159.25	179.75	168.50	169.00	174.00	176.75	179.00	177.00	181.00	178.00	176.25	180.00	175.75	174.75	174.25	174.00	170.50	169.50	164.25	161.00	166.25	173.00	172.75	172.50	182.75	186.75	173.00	164.00	153.00	146.00	134.50	120.50	123.25	124.25	127.25	128.00	121.50	114.75	112.50	103.25	99.50	94.00	90.75	83.00	78.50	79.75	83.50	84.50	94.75
85.50	107.50	120.00	119.50	99.50	92.50	86.00	82.00	77.00	72.00	66.00	61.50	59.00	58.00	57.50	52.00	56.00	75.50	82.50	80.00	77.50	82.50	100.00	108.00	70.00	54.50	54.00	64.00	122.50	155.50	122.00	96.50	75.50	54.00	49.00	51.50	61.00	56.50	53.00	55.50	75.50	111.50	145.50	198.50	128.50	101.00	120.50	141.00	161.50	206.50	185.00	158.50	143.50	123.00	110.00	104.00	104.50	110.00	115.00	119.00	120.50	118.00	125.00	130.00	131.00	137.00	168.00	197.00	193.50	217.50	244.50	216.50	196.50	163.50	109.00	112.50	162.50	202.00	216.50	221.00	224.00	214.50	174.50	140.50	144.50	124.00	104.50	126.50	162.50	204.50	191.00	150.00	145.00	143.00	135.50	115.00	106.50	115.50	92.00	58.00	55.00	64.00	58.00	54.00	59.50	65.00	65.00	65.00	78.00	105.00	104.00	95.00	78.50	102.50	103.50	101.00	103.00	123.00	111.50	108.00	147.50	148.50	136.00	125.00	128.50	136.00	135.00	144.00	149.50	144.00	123.00	106.50	107.00	106.50	147.00	137.50	105.00	92.50	84.50	84.50	92.00	98.00	94.00	99.50	95.00	88.00	90.50	89.50	91.00	86.50	85.00	86.00	92.50	104.00	117.50	142.50	154.00	116.50	102.50	95.00	92.00	84.00	94.00	100.50	103.50	98.00	85.00	83.00	83.00	82.50	82.00	82.00	86.50	101.00	94.00	92.50	93.50	116.50	144.50	142.00	145.00	151.50	159.00	127.00	129.50	131.00	126.50	121.50	124.00	143.50	144.50	131.00	138.00	139.50	141.00	151.00	158.00	158.00	156.00	162.50	161.00	166.00	169.50	183.00	172.50	173.00	173.00	165.50	165.00	168.50	168.50	180.00	173.50	176.00	180.00	179.00	176.00	186.50	186.00	175.00	169.50	175.00	180.50	178.50	164.50	149.00	151.00	151.00	156.00	159.00	161.50	161.00	179.50	168.00	149.50	141.50	139.00	140.50	137.50	126.00	128.00	127.50	128.50	124.00	118.00	116.00	93.50	95.50	96.00	91.50	87.50	86.50	83.50	81.00	85.00	113.50
93.00	133.50	142.00	131.00	106.50	96.50	91.00	87.00	82.50	78.50	73.00	68.50	63.50	55.50	54.50	54.00	53.00	66.50	73.00	73.00	72.00	76.00	95.50	126.00	80.50	54.50	52.50	55.00	95.00	146.00	118.00	97.00	66.50	53.00	47.50	47.50	55.50	55.00	52.00	54.00	58.50	102.50	122.50	138.50	125.50	102.00	137.00	164.00	160.00	189.50	183.50	156.00	139.00	121.00	112.50	105.00	103.00	111.00	116.50	117.00	116.00	115.00	128.50	133.00	135.50	135.00	148.50	174.50	185.50	213.00	241.00	207.00	190.00	169.00	121.00	106.50	147.50	188.50	206.00	210.00	210.00	209.00	181.50	144.50	145.00	134.00	103.50	117.00	139.00	187.00	184.50	154.00	145.00	141.50	128.50	110.50	104.50	98.00	91.00	59.00	54.00	56.00	59.50	54.00	59.00	65.00	64.00	65.00	72.50	122.50	104.00	95.50	65.50	94.00	103.50	102.00	99.50	103.50	110.00	104.00	134.50	148.50	135.50	123.50	133.00	137.00	138.00	132.00	133.50	131.00	117.50	105.00	101.00	102.50	150.00	147.50	107.50	93.00	88.00	84.00	93.00	106.50	92.00	79.50	75.50	80.50	83.50	86.00	89.00	86.00	91.00	107.00	106.00	116.00	117.00	140.50	152.00	134.50	113.50	103.00	90.00	84.00	106.50	111.00	112.00	99.00	98.50	83.50	83.00	82.50	82.00	82.00	90.50	100.00	96.50	89.00	93.50	109.00	138.50	158.00	144.00	147.50	149.00	128.50	123.50	123.50	125.50	118.50	119.50	134.50	128.50	119.00	138.00	139.00	139.00	140.50	143.50	149.00	154.50	163.50	163.00	164.50	175.00	185.50	173.00	171.50	173.00	157.00	161.00	167.50	168.50	179.00	172.50	179.00	178.50	177.00	180.00	188.50	182.50	179.00	176.00	175.00	177.00	174.50	162.50	145.00	139.00	138.50	135.50	138.00	149.50	150.00	162.50	164.50	163.00	171.50	166.50	179.00	187.00	167.50	160.50	157.50	166.00	164.00	157.50	145.50	111.00	101.50	95.50	88.50	82.00	77.00	82.00	86.00	84.50	92.50
92.50	151.00	147.00	121.00	111.50	101.50	95.50	92.00	88.50	85.00	80.50	75.50	70.50	63.00	61.00	59.50	53.50	59.00	63.50	64.50	66.50	67.00	83.00	126.00	109.00	63.00	51.50	55.00	80.50	132.50	123.00	109.00	72.00	53.00	48.00	47.00	49.00	52.00	50.00	53.00	55.50	84.00	105.00	106.00	111.50	102.00	139.50	170.50	156.50	180.50	174.50	158.00	136.50	123.00	115.50	106.50	101.50	111.50	115.00	114.50	114.00	117.00	132.00	136.00	139.50	139.50	141.00	169.00	185.00	191.50	217.50	199.00	188.00	167.50	130.00	102.00	128.50	156.50	199.50	202.50	187.00	181.00	174.50	143.00	142.00	138.50	105.50	109.50	130.00	176.50	173.00	153.50	145.50	140.50	124.50	110.00	103.00	74.00	73.50	62.00	54.00	55.50	58.50	54.00	59.00	64.00	61.50	65.00	65.00	118.50	104.00	95.50	63.50	83.00	104.00	103.00	100.00	99.00	103.00	104.00	118.00	143.00	131.00	121.00	144.50	156.00	150.50	139.00	131.00	123.00	114.00	105.00	100.00	98.00	129.50	131.00	102.00	103.00	93.00	84.00	94.00	88.00	81.50	97.50	112.00	113.50	107.50	98.50	91.00	90.00	102.50	116.00	122.00	127.50	117.00	133.50	142.00	132.50	117.50	112.50	103.50	98.50	105.50	118.50	119.00	118.50	125.00	90.00	83.00	82.50	82.00	82.00	91.50	96.50	94.50	100.00	108.00	102.00	126.00	148.50	156.00	139.00	133.00	126.50	122.00	122.00	121.00	121.00	130.50	130.50	121.00	117.00	135.50	138.50	138.00	137.50	142.50	155.50	161.50	164.00	171.00	158.50	172.00	180.00	170.00	170.00	172.50	159.00	166.50	166.00	167.50	187.00	177.50	177.00	169.50	173.50	180.00	183.50	184.00	179.00	172.50	170.00	166.50	164.00	154.50	141.50	136.50	133.50	127.50	124.00	139.50	142.50	146.00	155.00	181.00	218.00	202.50	182.50	166.50	148.00	158.00	187.50	215.00	213.00	202.00	191.50	153.50	136.00	106.00	92.00	83.50	76.50	81.50	81.00	74.00	71.50
91.75	120.00	142.75	121.25	104.75	102.75	100.75	98.50	96.00	93.75	90.00	86.00	84.00	79.75	77.50	65.25	55.50	52.00	54.50	57.00	73.50	71.75	70.50	100.50	109.00	91.00	51.25	54.25	64.25	120.50	133.50	126.00	112.50	86.75	63.25	47.00	47.00	48.00	48.50	51.00	54.50	76.00	100.25	100.50	101.00	97.50	131.75	171.00	145.75	154.00	156.00	156.75	139.50	121.75	112.50	103.00	103.75	110.75	112.00	112.00	117.00	123.00	136.75	140.75	153.25	170.00	149.75	166.25	185.25	199.25	193.50	187.50	183.75	146.75	120.00	102.00	109.50	136.00	217.25	237.50	212.25	197.25	170.00	129.50	113.75	134.75	124.50	95.50	116.50	147.25	169.75	145.75	144.75	157.00	180.00	187.75	173.75	130.50	76.75	68.75	55.25	54.00	54.00	54.75	55.25	59.25	58.25	62.50	64.00	81.25	87.00	83.50	62.00	71.25	98.00	99.25	105.00	109.50	99.00	100.25	101.50	107.00	117.00	112.75	147.25	185.00	174.25	175.00	164.50	146.50	126.75	115.50	110.00	95.75	105.50	107.25	96.00	96.00	91.25	79.00	86.25	92.25	111.25	129.00	148.00	153.25	130.50	118.00	102.25	104.00	109.00	119.50	135.75	139.50	129.25	131.00	139.50	126.00	113.50	107.25	101.25	100.00	103.00	114.00	115.50	110.75	119.00	103.75	85.25	82.50	82.00	83.00	90.00	95.50	100.00	96.00	98.25	97.50	114.75	133.25	143.50	132.50	139.25	130.25	120.75	116.25	108.50	123.00	136.50	124.75	119.25	124.25	142.75	138.50	139.50	141.25	145.00	148.50	158.25	156.00	158.75	158.75	164.75	166.00	168.00	163.25	169.50	159.25	164.75	169.25	176.00	180.75	178.00	174.50	171.50	175.00	174.00	172.00	177.25	171.25	166.75	170.50	167.25	163.00	152.00	138.25	136.25	131.25	128.75	127.00	130.75	127.25	127.00	163.75	200.50	197.25	165.25	152.50	147.75	146.25	176.50	210.00	224.75	227.25	217.00	216.25	199.25	188.00	155.25	130.75	112.50	89.25	79.50	75.50	65.75	67.00
93.50	106.00	140.50	125.00	103.00	101.00	101.00	99.50	98.00	96.00	93.00	89.50	88.50	85.00	82.50	67.00	56.00	51.00	53.00	55.50	82.50	80.00	76.50	99.00	107.00	93.50	51.00	54.00	62.50	119.00	138.50	135.50	129.00	112.00	76.00	47.00	47.00	47.00	48.00	50.50	54.50	75.00	99.00	99.00	98.50	95.50	122.50	164.50	142.50	141.00	147.00	154.50	139.50	119.50	111.00	102.00	104.50	110.50	111.00	111.00	118.00	125.00	138.50	142.50	161.50	187.50	154.50	166.00	185.50	202.50	189.00	184.50	185.00	141.00	113.00	102.00	104.00	130.50	219.50	249.50	230.00	220.00	187.00	124.50	105.50	126.00	130.00	92.50	112.00	139.50	159.50	146.50	144.50	168.50	200.50	210.00	201.00	161.50	89.00	74.50	55.50	54.00	54.00	55.50	54.50	55.50	57.00	61.50	63.50	66.50	72.50	76.00	62.00	66.00	92.00	95.50	103.00	115.00	100.00	97.00	101.00	98.50	110.00	109.50	147.50	189.50	180.50	183.00	179.00	154.50	135.50	125.50	117.50	96.50	99.50	100.50	95.00	97.00	91.00	79.00	87.50	100.00	120.00	140.00	153.50	155.00	134.00	122.50	107.00	109.50	109.50	121.00	136.50	142.00	137.00	132.50	143.00	127.00	114.50	108.50	102.00	100.00	100.50	111.00	116.50	108.50	115.50	105.50	87.00	82.50	82.00	84.00	90.00	100.00	102.50	97.50	94.00	94.00	111.50	128.00	140.00	132.50	148.00	130.00	118.00	113.50	104.50	120.50	132.00	120.50	119.50	130.50	144.50	142.00	143.50	142.00	146.50	150.50	162.00	158.50	158.00	159.50	165.00	161.00	164.50	159.50	164.00	163.00	165.00	173.00	180.00	180.50	175.50	172.50	170.00	177.50	173.50	170.00	177.50	170.50	164.50	167.50	168.50	162.00	151.50	136.50	137.50	132.50	132.00	129.50	126.00	119.50	119.50	153.00	198.00	182.00	149.00	141.00	137.00	145.50	182.50	215.50	222.00	215.00	209.00	206.50	209.50	200.50	167.50	144.50	119.50	92.50	82.50	77.00	64.50	63.00
97.50	94.50	106.25	120.00	110.75	99.25	94.75	93.00	91.50	89.50	90.25	90.00	90.25	98.00	95.75	76.00	62.50	53.00	50.25	53.75	105.50	137.25	124.25	116.50	106.00	88.25	53.00	53.50	69.00	131.75	155.00	154.75	174.50	168.50	96.50	48.50	47.00	47.00	47.50	50.50	54.50	82.00	106.00	99.75	94.00	90.00	98.00	138.75	173.25	141.50	127.50	138.75	139.25	113.75	107.25	100.75	104.25	109.50	110.25	110.50	118.75	125.25	149.00	163.00	171.50	186.50	161.00	168.50	191.75	213.00	191.50	183.75	217.00	171.25	105.75	101.25	99.25	103.50	185.50	230.25	242.50	230.00	197.25	116.00	105.75	103.75	101.75	96.75	102.25	123.25	140.50	145.00	143.25	173.00	171.75	166.75	174.00	149.25	106.75	90.00	57.75	54.75	54.00	56.25	55.75	54.00	55.00	58.75	60.50	64.00	84.00	65.25	56.50	59.75	66.75	83.25	73.25	97.25	131.00	138.00	98.75	92.25	100.00	107.50	133.00	157.75	176.00	181.75	178.50	158.00	179.50	154.25	119.00	96.25	90.00	91.50	85.75	89.75	91.50	80.75	94.00	107.75	128.25	147.25	157.50	156.25	136.25	118.25	118.75	120.25	118.75	117.50	119.25	129.50	131.00	125.00	132.25	134.50	119.75	109.75	104.25	104.25	114.50	134.75	141.00	116.00	114.00	107.50	95.75	87.00	86.00	83.75	92.00	108.25	101.00	102.75	90.50	91.00	103.25	113.75	118.00	132.25	131.50	119.00	111.75	110.50	112.50	109.25	116.50	116.50	135.25	151.00	151.00	148.50	151.50	178.25	173.75	181.00	163.75	158.75	157.75	159.25	159.25	161.50	170.50	164.50	157.75	159.00	164.00	179.00	178.00	189.50	189.25	175.50	169.50	167.50	163.75	164.50	165.25	166.25	172.25	167.50	161.00	154.25	141.00	136.75	137.75	136.00	130.00	120.50	117.75	116.75	111.50	115.25	141.00	132.00	119.75	120.25	121.50	143.25	172.50	194.25	183.50	168.00	161.00	161.50	173.50	182.25	173.50	161.75	145.25	111.25	98.25	82.25	69.25	73.25
98.00	94.00	99.00	110.00	113.00	100.50	92.50	90.50	88.50	86.00	85.50	84.50	82.50	101.00	100.00	79.50	65.50	54.00	50.00	53.00	104.50	155.50	148.00	127.00	105.50	86.50	53.50	53.50	71.00	136.00	156.50	156.00	186.00	183.00	93.50	48.00	47.00	47.00	47.50	50.50	54.50	85.50	110.00	100.50	93.00	88.00	96.50	142.00	183.50	147.00	130.50	136.00	139.00	111.50	106.00	100.00	104.00	109.00	110.00	110.50	117.50	123.00	144.50	166.00	169.50	182.00	163.50	169.00	191.50	217.50	193.00	184.00	222.00	177.00	106.00	101.00	99.00	99.50	177.50	223.50	236.50	225.00	194.00	115.50	106.50	103.00	97.00	102.50	106.50	117.00	134.00	137.50	142.00	173.00	154.50	140.00	151.00	138.00	101.50	93.50	59.00	55.00	54.00	56.50	56.00	54.00	54.50	58.00	58.50	72.50	110.50	74.50	55.50	59.00	64.50	81.50	65.50	92.00	132.00	152.50	102.00	90.00	97.50	106.50	126.00	142.50	171.50	180.50	174.50	155.00	192.50	156.50	116.00	96.00	87.00	88.50	85.00	88.50	88.50	78.50	93.00	105.50	125.00	146.50	155.00	154.50	132.00	115.50	123.50	121.00	118.00	117.00	116.00	122.50	126.00	121.00	128.00	135.50	120.50	107.50	105.00	108.00	115.00	130.50	139.00	120.50	115.50	105.50	96.50	89.50	89.50	83.00	92.50	106.00	97.50	99.50	89.00	92.00	101.00	108.50	111.50	128.50	118.50	115.00	107.50	110.00	112.00	106.50	118.50	119.00	141.00	153.50	150.50	148.50	157.00	196.00	183.50	180.00	163.50	158.50	157.50	157.00	159.00	164.50	177.50	166.50	159.50	158.50	167.50	177.50	177.00	195.50	189.00	173.00	169.00	166.50	162.00	165.50	162.50	170.50	181.00	173.00	160.50	153.50	139.50	135.50	138.00	137.50	131.00	120.50	111.00	111.00	110.50	108.50	123.00	118.50	112.50	118.00	117.50	138.50	160.50	177.50	167.50	152.00	145.50	151.50	158.50	170.00	173.00	162.50	148.50	119.00	104.00	83.50	68.00	77.50
99.50	95.50	95.50	101.00	110.00	105.00	91.00	88.50	86.00	83.50	79.50	76.00	72.50	87.50	107.00	88.50	74.50	56.50	52.50	50.50	70.00	144.50	168.50	161.50	115.50	88.00	56.50	51.00	64.00	107.50	146.00	151.00	165.00	182.00	91.00	47.00	47.00	47.00	47.50	50.50	54.00	75.50	110.50	102.50	92.50	85.00	90.50	114.00	169.50	150.00	130.00	137.50	131.50	132.50	127.00	99.00	100.50	108.00	110.00	110.00	114.00	119.00	130.00	141.00	153.50	167.00	169.50	169.00	183.00	217.00	195.00	183.50	223.50	180.50	106.00	100.50	99.00	99.00	158.50	214.00	255.50	243.50	189.00	121.00	112.50	105.50	102.50	164.50	138.50	101.50	102.50	116.50	118.00	132.00	137.00	113.00	109.50	113.00	92.50	89.50	62.00	55.00	54.00	55.50	55.00	54.00	53.50	56.50	53.50	90.50	155.00	134.50	77.50	60.00	69.00	89.50	64.00	91.00	109.50	125.50	115.00	90.00	90.50	102.00	108.50	133.00	154.50	157.00	148.00	140.50	159.00	133.00	105.00	93.50	81.50	82.50	77.00	77.50	81.00	78.50	89.00	102.00	114.00	137.00	149.50	156.00	135.50	121.50	118.50	117.50	117.00	117.00	117.00	115.50	122.00	124.50	120.50	127.50	120.00	107.00	111.00	107.50	104.50	114.00	126.00	118.50	113.50	104.50	98.50	92.00	88.50	82.00	88.00	104.50	91.50	90.50	94.00	92.50	95.50	99.00	106.00	118.00	115.00	113.00	107.50	109.50	107.50	106.50	120.00	119.50	138.50	147.00	147.00	145.50	155.00	183.50	179.50	169.00	161.00	164.00	160.50	158.50	157.50	159.00	169.50	171.50	162.00	159.50	182.50	172.50	174.00	190.50	177.00	165.50	165.50	166.00	161.50	168.00	175.50	166.00	168.50	164.00	156.50	148.00	136.00	131.50	138.50	139.50	131.00	125.00	115.00	112.00	111.50	114.50	115.00	107.50	100.00	102.50	109.00	124.00	142.00	151.00	139.00	125.50	127.50	134.00	152.50	158.00	171.00	172.50	159.00	132.00	121.50	101.50	84.00	77.50
100.50	97.00	92.00	96.00	104.50	106.50	90.00	86.50	84.00	82.00	78.00	75.00	72.50	81.50	115.50	96.50	82.50	63.00	55.00	50.00	55.50	131.00	195.50	180.00	115.50	94.50	63.50	50.50	53.50	59.00	108.00	140.00	148.50	151.50	94.50	47.00	47.00	47.00	47.00	49.00	52.50	56.00	102.50	102.00	93.00	84.00	84.50	99.50	129.50	141.00	122.00	137.50	142.00	158.00	132.00	99.00	94.50	105.50	108.00	107.00	113.50	122.00	133.00	135.00	143.00	147.00	154.50	165.00	175.00	193.50	195.00	180.50	222.50	175.50	121.00	101.00	99.00	99.00	122.50	163.00	232.50	258.50	204.00	127.00	118.00	107.00	110.00	192.50	151.00	96.00	90.50	102.50	101.00	105.00	105.00	105.00	99.00	93.00	82.50	77.50	64.00	55.50	54.00	54.00	54.00	53.50	52.00	54.50	51.00	98.50	171.00	200.00	120.50	70.50	75.00	101.50	68.00	84.00	102.00	100.50	112.50	92.50	86.00	93.00	97.50	112.00	119.50	113.50	120.50	124.00	131.50	111.50	99.50	90.00	77.00	76.50	78.00	83.50	84.00	78.00	92.50	102.50	113.00	132.00	137.50	144.00	138.00	123.00	117.00	117.00	117.00	117.00	117.00	117.00	117.50	129.50	120.50	117.00	116.50	116.00	115.50	116.50	105.00	119.00	112.50	113.00	111.50	106.50	99.00	98.50	91.00	86.50	86.50	94.50	87.50	89.50	97.00	94.00	95.00	95.50	104.50	108.00	112.00	108.00	105.00	104.00	102.50	109.00	118.50	122.00	132.00	135.00	154.00	150.50	156.00	168.50	168.00	159.00	158.50	175.50	164.50	158.50	172.50	164.50	169.00	172.50	165.00	169.50	180.50	172.50	169.00	177.50	166.00	158.00	161.00	158.50	156.50	166.00	174.00	162.50	160.50	160.00	152.50	142.50	131.00	130.50	136.00	142.00	136.50	135.00	125.00	119.50	118.50	118.00	115.00	105.50	103.00	100.00	101.50	112.00	123.50	124.50	119.00	115.50	122.50	133.00	155.00	160.00	171.50	174.00	162.50	146.00	131.00	120.00	109.00	89.00
101.50	99.25	93.00	91.25	98.00	102.75	87.50	83.50	82.00	80.00	76.50	74.00	72.25	72.00	84.50	96.75	86.25	70.25	60.00	51.50	54.75	102.00	167.75	180.50	104.75	94.25	73.50	59.75	51.75	55.00	88.25	124.50	132.50	136.00	110.50	52.25	47.00	47.00	47.00	48.00	50.75	54.00	81.75	98.00	94.75	86.00	79.25	92.75	104.25	109.75	120.00	145.75	166.75	153.75	117.50	99.25	94.00	101.00	106.75	105.00	106.50	116.50	144.50	152.25	145.75	141.25	144.75	153.00	160.50	170.00	179.00	176.75	201.25	189.00	155.00	127.25	99.25	99.00	108.25	137.25	175.50	208.25	200.25	131.50	120.50	106.75	106.75	146.25	156.25	116.50	89.50	77.50	90.00	121.00	125.75	108.25	87.50	71.25	69.50	64.50	61.00	55.75	61.00	68.50	69.00	54.00	48.75	48.50	50.00	85.50	139.75	190.50	159.00	86.00	65.25	91.75	72.75	63.50	79.25	85.75	102.25	94.50	85.00	80.00	82.00	93.25	95.00	94.25	96.75	103.00	106.00	97.25	92.75	83.50	73.75	74.25	83.25	90.25	89.25	81.25	98.75	124.25	134.00	150.50	134.00	147.00	137.50	118.75	116.50	117.50	117.00	117.00	117.00	117.00	117.00	118.75	124.00	122.00	123.50	123.00	120.00	119.25	121.50	141.00	127.50	117.50	123.50	115.75	103.00	101.00	99.00	95.75	84.25	87.75	83.50	89.00	89.75	94.25	87.50	87.25	90.00	96.75	96.75	100.25	103.75	103.75	106.00	113.00	127.50	130.75	136.25	138.50	144.25	148.50	152.00	155.25	157.75	161.75	161.75	168.00	164.50	159.25	171.25	163.50	172.00	173.50	169.50	168.00	173.75	161.50	158.00	158.50	155.75	151.25	155.25	158.75	159.00	155.00	154.25	161.50	165.00	159.00	151.50	142.75	126.75	118.75	125.00	145.75	143.25	139.25	135.50	127.75	119.50	113.00	109.50	104.50	108.75	103.50	99.50	101.00	103.25	108.25	107.75	105.75	124.00	139.25	168.00	183.00	176.50	169.75	158.50	150.00	129.50	117.00	106.00	91.25
102.00	99.50	94.00	90.50	96.00	101.00	86.50	82.50	81.50	79.50	76.00	73.50	72.00	72.00	73.50	94.50	86.50	71.50	62.00	52.50	54.50	88.50	144.00	166.50	104.00	93.00	75.00	62.50	52.00	55.00	87.00	120.00	127.00	132.00	113.00	56.00	47.00	47.00	47.00	48.00	50.50	53.50	67.00	92.50	95.00	86.50	77.50	90.50	100.50	105.00	119.00	149.00	171.50	153.00	114.50	100.00	94.00	100.00	106.50	105.50	104.00	116.00	150.00	161.50	149.50	141.00	142.00	148.50	155.50	160.50	168.50	179.50	193.00	198.00	164.50	138.00	99.50	99.00	107.50	135.00	167.50	198.00	198.00	133.00	120.50	106.00	104.50	133.00	164.00	127.50	94.00	69.50	86.50	134.00	140.50	111.50	84.00	65.00	65.50	63.50	58.00	56.00	66.00	76.00	76.00	55.00	49.00	48.00	49.50	77.00	128.50	182.50	169.50	90.50	60.00	82.00	72.00	62.00	68.00	80.50	98.50	95.00	86.00	77.50	77.00	89.00	91.00	91.00	93.50	98.50	100.50	94.50	90.50	81.50	73.50	74.50	83.00	93.00	96.50	82.50	99.00	130.50	145.50	159.00	136.50	139.00	137.00	117.50	116.00	118.00	117.00	117.00	117.00	117.00	117.00	117.00	125.00	122.00	123.00	125.00	118.50	120.00	122.50	139.00	129.50	120.00	131.50	121.50	108.50	105.50	102.50	98.50	84.50	85.50	82.50	89.50	86.00	93.50	86.00	86.00	88.50	93.00	92.00	101.00	104.00	103.00	103.50	113.00	133.00	135.00	139.00	137.00	145.00	148.50	148.00	153.50	155.50	164.00	159.00	168.00	164.50	157.50	165.00	161.00	171.00	174.50	170.00	165.00	168.50	159.00	156.50	155.00	152.00	146.00	151.50	159.00	156.50	153.50	149.50	164.00	166.50	160.50	152.50	142.50	127.00	117.00	122.50	145.00	144.00	142.00	139.50	130.00	124.00	112.00	108.50	104.00	110.00	104.50	99.50	102.50	100.50	106.50	110.50	102.50	119.50	140.50	172.00	194.00	183.50	169.50	155.00	145.00	126.00	115.00	101.00	89.00
102.75	100.00	95.00	91.00	93.25	97.50	84.00	79.25	79.25	78.00	74.50	72.00	70.50	68.75	68.25	84.00	79.75	69.75	63.25	55.75	48.00	58.75	84.75	109.75	102.25	91.25	76.00	66.75	55.00	50.25	77.75	108.75	114.00	117.00	105.50	70.25	50.25	46.75	45.75	46.00	48.50	51.50	55.50	60.25	87.25	81.75	73.50	84.75	97.00	104.75	117.75	174.50	183.50	157.25	148.00	127.50	101.00	95.75	100.00	101.75	101.25	123.25	189.25	189.75	165.00	149.50	141.50	143.25	145.50	151.75	178.00	211.50	193.75	202.50	185.50	161.75	119.50	99.00	101.25	131.75	149.50	149.00	164.50	142.50	123.75	104.00	102.25	114.00	158.75	164.25	117.00	67.00	67.25	97.00	116.00	98.75	72.25	62.50	61.75	60.00	74.00	97.00	102.75	102.50	75.00	56.50	48.00	48.50	48.00	64.50	93.25	135.75	157.25	112.00	61.50	61.25	62.75	60.00	61.25	63.50	70.50	76.00	74.75	73.25	70.75	76.50	79.50	81.50	83.25	87.25	89.50	87.50	84.75	77.25	73.00	74.25	81.50	87.50	90.50	87.75	97.50	115.75	133.25	145.00	151.25	134.25	120.25	123.50	128.75	143.00	137.00	124.75	116.50	117.50	116.50	116.25	123.75	120.00	123.50	129.50	127.50	125.50	125.75	132.75	131.50	130.00	127.50	127.25	117.00	107.25	98.75	105.25	99.75	95.75	87.00	88.25	86.25	85.75	87.25	82.25	84.75	84.75	87.25	97.50	100.50	105.25	102.25	117.50	141.25	146.25	145.75	143.25	142.50	142.50	144.00	143.75	152.75	156.50	156.25	166.75	161.25	156.25	160.50	163.00	169.00	165.25	165.50	160.50	159.75	154.00	150.50	148.75	149.00	149.75	152.00	151.50	153.25	149.25	145.75	153.75	164.00	157.50	148.75	139.00	123.75	114.25	123.00	152.50	141.75	137.25	129.25	121.75	119.50	114.50	113.25	109.75	113.00	107.25	110.50	115.00	116.50	113.50	115.25	121.50	144.00	152.50	165.00	177.50	171.25	154.00	145.50	132.50	116.50	112.50	104.00	84.50
103.50	100.00	95.00	90.50	92.00	95.50	82.25	77.25	77.75	76.75	73.50	71.50	69.75	67.50	66.00	77.25	74.50	67.75	63.50	58.00	48.00	49.00	60.00	78.75	98.75	89.75	75.75	68.00	57.50	48.00	67.25	97.75	106.25	107.50	97.00	71.50	52.75	46.50	45.25	45.00	47.25	51.25	55.50	60.75	82.75	80.00	72.50	82.00	95.75	107.00	128.00	188.50	184.50	176.00	185.00	174.50	129.00	95.25	94.75	96.00	99.75	122.50	177.25	178.75	172.75	156.00	145.00	142.25	144.00	154.25	199.25	224.25	210.25	199.50	185.25	161.75	129.75	99.50	99.50	123.00	163.25	142.25	145.75	136.75	125.75	104.25	101.00	104.25	151.25	174.50	123.75	71.75	62.75	80.50	98.25	82.00	65.00	62.50	64.75	61.00	83.25	116.75	138.00	136.25	85.25	56.00	48.00	48.25	48.00	58.75	74.50	107.50	126.75	107.00	67.50	61.00	61.50	62.00	60.75	59.75	62.25	65.00	68.75	70.75	70.75	70.00	72.25	74.75	76.75	79.50	82.50	82.25	80.50	75.25	73.00	74.00	81.00	84.00	86.75	88.75	89.25	98.75	107.50	124.50	131.00	134.75	118.00	129.75	141.50	157.25	147.50	138.00	120.00	124.50	122.25	120.25	131.00	129.50	128.75	136.50	139.75	128.00	125.25	136.50	135.50	129.50	124.00	120.75	113.00	100.00	107.00	135.25	132.00	122.50	99.25	91.25	87.25	83.25	88.50	82.25	84.25	85.75	86.00	100.75	102.75	107.25	105.50	119.75	142.00	152.00	150.25	146.50	140.50	143.25	143.00	141.75	149.50	150.75	156.25	170.25	163.75	156.75	159.25	160.75	165.25	160.75	158.50	153.25	154.50	150.25	149.75	146.25	146.00	148.00	150.00	152.50	152.75	147.25	145.00	148.00	161.75	156.50	147.25	141.25	123.75	115.75	115.50	135.25	129.25	127.00	120.25	113.50	111.25	105.75	110.00	108.25	112.75	108.75	113.50	116.00	118.75	117.25	120.25	133.50	152.00	154.50	157.75	165.00	157.75	146.50	138.00	128.75	114.50	108.75	101.00	89.25
104.25	100.25	95.00	90.50	90.75	93.25	80.25	76.25	76.50	75.50	72.75	71.25	69.50	67.50	66.00	71.25	70.00	66.25	63.50	60.75	53.25	47.50	48.75	56.75	86.25	88.25	74.00	67.00	57.25	46.50	56.25	81.75	97.25	102.75	83.75	62.75	52.00	45.25	44.00	44.00	47.00	51.50	56.75	67.00	85.75	80.75	72.50	81.50	96.00	112.75	145.00	193.50	194.00	203.50	201.25	192.00	151.75	104.00	94.00	94.00	97.75	111.50	155.75	154.75	171.25	163.25	149.50	142.50	143.75	156.25	190.50	223.75	221.50	211.00	186.25	162.00	137.25	102.25	99.00	109.75	175.00	148.25	136.25	120.00	123.00	104.75	101.00	103.25	139.00	175.25	120.75	77.50	62.75	72.00	86.75	73.50	64.50	66.50	71.25	65.50	80.75	111.75	143.50	139.50	91.25	54.00	48.00	48.00	49.00	54.50	61.00	81.00	94.75	90.50	79.00	70.00	68.00	70.00	69.00	67.50	68.00	71.25	79.00	82.00	83.00	73.75	72.75	72.00	73.00	73.50	75.75	77.00	76.75	73.25	72.50	74.00	79.25	80.75	83.25	87.00	85.75	89.00	92.25	103.25	109.50	125.00	118.25	124.75	140.00	156.25	153.75	148.50	129.00	131.75	132.75	125.25	136.50	137.75	128.50	135.75	142.00	130.00	123.50	134.75	131.75	123.25	118.25	115.75	111.00	106.00	126.00	161.25	170.75	157.75	114.25	104.00	91.50	85.75	89.00	82.50	83.25	86.00	88.00	101.50	102.00	107.75	108.50	121.00	140.00	147.50	148.75	150.50	143.75	144.00	140.50	141.50	145.00	145.25	158.75	167.75	165.00	154.50	160.50	157.50	159.00	153.75	151.50	148.75	148.75	148.25	147.25	145.50	143.50	145.50	148.25	150.75	149.25	144.75	144.50	145.00	156.75	153.75	150.25	144.50	129.25	119.50	114.00	119.50	117.25	118.25	109.25	105.00	103.50	100.75	105.50	106.75	108.25	109.25	112.50	114.50	118.50	122.25	127.50	140.75	149.50	155.00	154.50	152.50	146.00	141.00	135.00	127.50	116.50	104.25	96.75	94.25
105.00	100.75	95.00	90.75	89.50	91.25	77.50	76.00	76.00	75.00	72.50	71.00	69.50	68.25	67.50	67.25	66.75	65.00	63.75	64.25	60.25	50.25	47.00	47.75	65.25	82.75	72.75	65.00	56.00	47.00	50.75	65.50	84.50	104.25	73.00	55.25	49.25	42.75	42.00	43.00	47.25	51.75	59.50	73.75	92.00	82.50	72.50	82.75	97.50	116.75	153.50	193.25	208.75	211.75	188.00	178.50	154.00	112.50	94.75	94.00	95.25	101.75	139.50	140.50	158.25	167.25	154.00	143.50	143.75	160.25	183.50	224.00	224.75	220.00	188.75	161.00	144.00	112.00	99.00	102.50	183.00	161.00	129.75	109.00	114.00	105.50	100.25	108.00	121.25	180.75	134.25	77.50	63.00	66.50	80.25	76.00	72.50	75.25	81.00	76.75	81.50	98.25	108.00	98.50	79.50	52.00	48.00	48.25	54.25	53.75	55.50	62.75	70.00	71.00	81.25	80.00	76.50	79.00	82.75	87.00	88.00	89.25	96.25	100.50	101.50	87.75	82.50	76.50	75.75	73.25	72.75	74.50	74.00	73.50	75.50	77.75	80.25	81.25	82.75	84.75	84.25	84.75	87.00	91.25	96.00	114.00	114.75	116.75	129.25	143.00	150.75	150.50	140.00	132.75	133.75	127.25	132.75	131.50	125.50	125.75	129.75	129.75	122.50	123.00	121.75	118.00	115.75	113.25	113.25	115.00	137.25	169.75	178.25	168.75	127.50	114.50	97.00	90.00	90.75	85.50	82.75	94.25	109.25	98.00	100.75	108.25	108.50	118.00	135.50	139.75	144.25	150.75	143.75	140.75	140.50	141.00	142.75	144.75	158.75	169.75	166.00	154.50	160.50	152.50	151.00	149.75	149.00	148.25	145.00	148.00	143.50	146.00	142.50	140.50	145.50	150.50	146.25	144.00	143.75	144.50	156.00	157.00	151.50	147.50	133.50	122.75	116.25	115.00	113.50	111.50	98.50	94.50	94.00	97.50	103.25	104.75	102.75	105.25	106.00	107.25	116.00	123.75	133.50	150.75	152.25	157.00	159.50	155.50	141.25	138.00	136.00	129.75	118.75	105.25	100.75	101.25
106.25	101.50	95.00	90.25	89.00	90.50	76.00	76.00	76.00	75.25	72.75	71.25	69.75	71.75	71.25	66.00	65.75	64.75	64.50	68.00	65.75	54.50	47.50	47.00	51.00	69.75	73.50	65.25	56.75	50.25	48.75	54.75	66.00	89.25	65.50	52.50	46.00	41.25	41.00	42.50	47.50	52.50	62.25	78.75	97.50	84.50	73.00	85.50	100.50	115.25	147.00	193.00	217.00	191.75	170.75	152.75	138.25	107.50	96.50	94.00	94.00	100.00	127.75	133.25	146.25	161.00	155.00	144.50	145.00	163.75	185.00	227.75	230.25	222.75	191.25	162.25	145.75	123.25	99.00	100.50	198.50	183.50	129.75	107.25	106.75	105.25	99.25	126.75	111.75	149.50	143.75	75.25	63.00	65.00	79.75	86.25	86.50	86.00	91.25	99.50	111.75	119.25	111.25	98.75	72.00	50.50	48.00	49.25	60.75	56.75	56.25	57.25	60.00	61.25	71.50	80.25	84.50	88.00	96.50	119.75	119.75	110.25	123.50	128.00	119.50	102.00	94.25	84.75	82.50	77.00	73.25	76.25	77.25	80.25	85.00	87.00	84.00	84.50	85.25	84.00	83.75	84.75	88.00	89.25	91.75	103.00	108.50	113.50	126.00	134.25	145.75	148.75	149.50	137.25	133.50	131.50	128.00	127.75	123.75	120.50	122.75	124.00	123.25	115.25	115.25	118.25	112.75	114.00	114.50	114.50	135.75	167.50	166.50	168.75	146.00	121.75	102.50	95.25	96.00	89.25	83.75	103.75	127.75	99.50	101.75	107.00	108.75	117.00	135.50	135.25	143.50	146.75	136.50	138.00	141.00	141.25	142.50	142.25	159.00	186.00	174.75	157.00	157.25	149.50	147.50	150.75	146.50	148.75	144.25	147.25	141.25	145.00	142.75	139.50	144.25	149.50	147.50	144.75	144.25	145.00	152.75	155.25	148.75	144.50	131.00	119.00	112.00	111.25	108.50	105.75	91.00	89.50	93.00	100.25	103.00	101.25	95.75	99.00	97.25	100.50	110.50	120.50	138.00	160.00	155.00	157.00	164.00	161.50	150.50	143.75	147.25	143.25	127.50	111.00	105.00	108.50
106.00	101.00	95.00	91.00	88.00	90.50	80.50	77.00	77.00	76.50	73.50	72.00	72.00	81.50	78.50	68.50	66.00	66.00	67.00	73.00	76.50	60.50	53.50	52.00	47.00	50.00	71.00	69.00	61.00	54.50	49.00	46.50	52.00	55.00	54.50	50.50	43.50	41.00	41.00	42.50	47.00	52.00	64.00	83.00	104.50	87.00	72.00	90.50	107.00	115.50	143.50	210.50	206.50	156.50	146.00	116.50	103.00	95.00	96.00	94.00	94.00	95.00	110.50	123.00	137.00	144.00	146.00	146.00	152.50	186.50	195.50	237.50	245.00	229.00	201.50	161.50	141.50	124.00	99.00	99.00	186.00	202.00	142.00	105.00	105.00	103.00	95.00	130.00	116.00	76.00	97.00	70.00	63.00	64.00	81.50	98.50	103.00	100.50	113.50	192.00	214.00	209.50	176.50	162.00	79.50	48.00	49.00	52.50	63.50	61.50	60.00	59.50	60.00	61.50	62.50	71.50	89.50	100.00	123.00	162.50	174.50	146.50	164.50	161.50	142.50	122.00	105.00	97.50	93.00	83.00	78.50	91.50	91.50	93.50	92.00	96.50	93.00	94.00	95.00	93.00	88.00	84.50	87.00	88.50	93.00	97.00	102.50	105.50	117.50	124.50	131.00	140.00	148.50	141.50	141.00	137.00	128.50	128.00	122.50	121.00	121.00	121.00	127.00	118.00	116.00	116.50	115.50	111.50	116.50	112.00	130.00	148.50	144.50	138.50	146.50	134.50	117.50	103.00	100.00	97.00	89.50	91.00	103.00	107.00	107.00	108.00	114.00	135.00	141.00	138.00	142.00	142.00	140.00	137.00	135.50	139.00	138.50	142.50	170.00	196.00	178.50	156.00	153.00	153.50	149.50	146.50	145.00	144.00	146.50	144.00	140.50	139.00	138.00	140.00	143.00	148.50	152.00	151.50	147.50	150.50	147.50	144.50	146.50	135.50	125.50	106.00	100.00	100.00	106.00	103.00	93.50	96.00	100.00	117.00	114.50	114.00	100.00	95.50	95.00	95.50	96.50	106.00	128.50	145.50	154.00	154.50	171.50	166.00	177.00	178.50	180.50	170.50	142.00	117.50	111.00	108.00
104.75	100.25	95.00	91.25	88.00	90.25	86.00	82.00	81.00	80.50	76.25	73.75	75.75	84.75	81.50	71.75	67.00	66.00	67.00	73.25	82.00	69.25	61.75	62.50	49.50	49.00	64.75	67.25	61.75	55.25	49.25	45.75	51.00	53.50	53.25	50.25	43.75	41.00	41.00	42.25	46.00	51.00	62.00	82.00	107.50	88.00	71.75	92.25	109.50	121.00	142.00	190.75	196.75	154.75	139.00	111.25	101.75	94.50	95.00	94.00	94.00	94.50	107.50	119.00	133.25	141.50	144.75	145.75	148.75	186.00	203.75	234.75	237.50	228.75	205.00	161.75	138.00	119.75	99.25	99.00	152.00	179.75	146.50	105.00	104.25	100.25	93.25	114.25	110.50	73.25	87.00	67.75	63.50	64.25	82.25	99.50	103.50	104.00	128.00	207.25	233.25	212.75	172.25	155.75	76.25	48.25	50.25	54.25	63.75	62.00	60.50	60.50	61.50	64.25	63.00	68.75	90.00	106.75	142.75	172.25	181.75	157.75	170.00	168.25	153.50	131.00	123.25	102.75	96.50	86.50	81.00	99.00	104.75	110.00	94.50	96.75	95.25	96.50	96.75	95.25	92.00	89.00	88.25	89.50	93.50	98.25	103.75	106.75	115.25	121.75	127.50	135.75	145.75	142.25	140.00	139.00	131.25	127.25	122.75	121.00	121.75	122.75	127.00	120.00	118.50	119.50	119.00	112.75	117.00	112.75	124.50	141.00	140.00	135.50	139.25	132.25	123.75	109.25	102.00	96.00	91.50	92.50	104.25	108.00	106.50	106.75	116.50	137.00	144.00	140.50	141.75	140.50	137.50	135.50	133.75	139.25	138.00	145.75	171.00	187.00	171.25	154.50	153.00	152.75	148.00	146.50	144.50	144.00	145.75	142.75	138.75	138.00	137.50	139.00	145.75	153.50	152.75	147.00	145.75	147.75	144.25	141.75	144.00	135.50	125.00	106.75	95.50	98.75	103.00	101.75	92.25	93.25	99.00	118.50	116.25	114.75	103.00	96.50	98.00	96.00	97.25	103.25	121.00	139.00	147.50	152.25	171.25	169.00	186.00	190.50	187.00	174.75	145.00	121.25	117.50	106.75
100.50	97.50	93.50	90.50	87.50	88.00	92.00	95.00	94.50	92.50	89.00	87.00	89.50	96.00	95.00	89.00	79.50	66.50	66.50	69.50	89.00	98.50	108.50	117.00	72.50	51.00	52.00	58.50	60.00	56.00	50.00	44.50	47.50	49.00	49.00	49.00	45.00	41.50	41.00	41.50	43.50	47.00	54.00	66.50	102.00	88.00	71.50	92.00	108.00	120.50	136.00	158.00	158.00	149.50	136.50	120.00	98.00	94.00	94.00	94.00	94.00	94.00	100.00	107.50	122.00	134.00	142.00	144.00	144.00	182.00	219.00	227.50	220.50	220.00	218.00	173.00	163.50	129.00	100.00	99.00	100.00	119.50	139.50	105.00	102.00	121.00	109.00	86.50	99.00	72.50	66.00	66.00	62.50	64.00	85.00	102.50	104.00	133.00	192.50	208.50	231.50	191.00	152.50	131.00	73.50	50.50	52.50	61.00	64.00	63.00	62.00	62.50	65.00	75.50	65.50	64.50	92.00	128.00	201.50	213.50	198.50	192.00	199.50	196.00	194.50	163.50	163.00	127.50	128.50	98.50	86.00	103.00	119.50	137.00	110.50	100.50	104.00	107.00	108.00	105.50	102.50	98.00	96.00	94.00	96.00	100.00	104.00	105.00	111.50	112.50	118.00	124.00	139.00	144.00	143.00	141.00	137.50	132.00	128.00	121.50	125.00	126.50	135.00	126.00	126.50	118.00	116.00	117.50	118.50	115.00	115.50	120.50	130.00	127.50	124.00	124.50	124.00	119.50	108.00	100.50	100.00	92.00	102.00	107.50	102.00	115.50	122.50	134.50	139.00	144.00	145.50	136.00	136.50	136.00	135.50	141.00	139.50	143.50	162.00	171.50	163.00	158.00	153.00	156.50	144.50	146.00	145.50	143.00	141.50	135.50	138.50	137.00	137.00	137.00	145.00	157.00	151.00	145.50	151.50	144.50	139.00	138.00	136.50	128.50	115.00	103.00	101.00	102.00	100.50	92.00	93.00	91.50	92.00	102.00	106.50	113.00	103.50	101.50	99.50	95.00	97.50	99.00	104.00	126.00	134.00	145.00	166.50	178.50	188.50	194.00	189.00	174.50	151.00	136.00	127.50	113.00
98.00	95.00	92.00	89.50	86.50	86.00	90.00	93.50	96.50	99.00	99.00	98.00	100.00	109.50	120.00	114.00	104.00	77.50	66.00	66.00	82.50	106.50	142.50	154.00	117.00	65.00	47.00	51.00	54.50	54.00	49.00	44.00	45.50	47.00	47.00	46.00	44.50	42.00	41.00	41.00	43.50	46.50	50.00	54.00	75.00	79.50	71.00	85.50	98.50	111.00	130.00	165.50	138.50	143.50	112.00	114.50	98.00	94.00	94.00	94.00	94.00	94.00	94.50	101.50	114.00	129.50	141.50	143.50	144.00	193.50	224.00	225.50	223.00	206.50	207.50	199.50	188.50	151.00	101.00	99.00	99.00	101.00	115.50	104.00	126.50	184.50	149.50	83.50	89.00	81.00	66.00	63.00	59.50	62.50	87.00	103.50	110.50	139.00	166.50	184.00	186.50	156.00	134.00	119.50	70.50	51.50	52.50	62.00	64.00	63.00	64.50	70.00	84.00	94.50	72.50	66.00	94.00	134.00	215.00	231.50	208.50	218.00	212.50	207.50	201.00	168.50	162.50	139.50	139.00	104.50	88.00	98.50	102.50	129.00	125.50	104.50	107.00	129.00	134.00	132.00	122.50	108.50	101.00	97.00	96.50	102.00	104.50	101.50	108.50	114.50	116.50	119.00	133.00	138.50	146.00	144.00	140.50	134.50	130.00	129.50	131.50	132.50	132.00	138.50	127.00	121.50	119.00	120.00	118.50	115.00	113.00	114.50	124.00	122.00	119.50	117.00	113.50	115.00	106.50	98.50	97.00	91.50	99.00	105.50	127.50	124.00	122.00	134.50	133.00	138.50	135.00	135.50	140.00	139.00	135.50	139.50	143.00	141.50	156.00	165.00	161.00	168.50	159.50	158.50	151.00	145.00	142.00	146.00	140.00	138.50	151.00	140.00	137.00	137.00	143.00	151.50	145.00	148.50	151.50	144.00	140.00	134.00	132.50	122.00	110.50	100.00	105.00	98.00	91.00	92.00	88.50	90.50	91.00	90.50	100.50	105.00	103.50	104.00	103.00	96.50	100.50	99.50	102.00	120.50	140.50	151.00	156.50	164.50	173.00	185.50	183.00	171.00	159.00	149.00	125.50	118.50
95.00	93.00	90.50	88.50	86.50	86.00	88.00	91.00	94.50	98.00	102.00	104.50	109.50	151.00	172.00	139.00	124.00	104.50	81.50	68.00	73.00	107.00	153.50	156.00	131.50	87.00	53.00	48.00	47.50	49.00	45.50	42.00	42.50	44.00	44.00	42.00	43.00	42.00	41.00	41.00	43.50	49.50	51.50	50.00	57.00	70.00	70.00	77.00	89.00	101.50	108.00	150.50	137.50	119.00	113.00	106.50	103.50	94.00	94.00	94.00	94.00	94.00	94.00	96.00	109.50	125.00	140.50	142.50	144.00	187.50	224.00	224.50	224.00	201.00	186.50	199.50	192.50	159.00	102.00	99.00	99.00	99.00	103.50	115.00	187.50	215.00	163.00	82.50	81.00	98.00	88.50	60.50	59.00	61.50	84.00	118.00	146.50	145.50	168.50	184.00	161.50	140.50	111.00	98.00	61.00	51.00	54.00	58.50	64.00	69.50	82.50	93.00	110.00	135.50	93.50	72.00	96.00	141.00	214.00	223.00	209.00	220.00	197.00	188.00	179.00	154.50	146.50	130.00	130.50	114.00	91.00	96.50	102.00	122.00	128.50	109.00	108.00	135.50	150.00	151.00	147.00	129.00	116.00	101.00	100.50	99.50	103.00	103.00	110.50	115.00	117.50	121.00	126.00	135.00	144.00	144.00	141.50	141.50	131.50	131.50	137.00	139.00	132.50	139.00	128.00	125.00	122.50	122.00	119.50	117.50	112.50	113.00	125.00	118.50	116.50	114.50	114.00	111.00	102.50	99.50	102.00	90.50	94.50	117.50	127.50	123.00	132.00	134.00	134.50	135.50	133.00	133.50	142.00	138.50	140.00	144.00	145.00	144.00	161.50	166.50	158.00	164.50	161.50	155.50	152.00	146.50	143.50	145.00	142.00	145.00	148.00	144.00	140.00	140.50	143.00	146.00	142.50	149.50	147.50	142.00	134.00	130.00	130.50	120.00	110.00	101.00	100.50	87.50	83.50	84.00	79.00	81.00	82.50	81.00	100.50	110.00	106.00	96.00	99.00	100.00	101.50	102.00	114.00	135.00	165.50	166.00	149.00	145.00	169.50	194.50	200.50	168.00	170.00	150.50	127.00	121.50
91.50	90.50	89.50	88.25	87.00	86.25	86.50	88.25	92.50	96.00	101.00	104.75	121.25	218.25	252.25	167.00	149.00	138.25	108.75	83.50	68.00	75.25	105.50	130.50	140.50	115.00	73.00	61.25	47.25	42.25	41.50	41.00	41.00	41.50	41.25	41.00	41.00	41.00	41.00	41.00	42.00	51.25	60.50	56.50	52.25	60.00	67.50	88.50	100.25	102.00	105.25	119.75	130.75	114.75	119.75	105.50	101.75	94.25	94.00	94.00	94.00	94.00	94.00	94.25	103.00	112.00	129.00	139.25	144.25	158.25	197.50	224.50	211.75	191.50	181.25	198.75	183.00	149.00	105.00	99.00	99.00	99.00	101.25	123.00	218.50	218.25	161.25	84.00	75.75	107.00	135.00	61.50	59.00	60.00	73.00	116.75	138.75	165.00	189.75	185.50	151.50	128.25	110.25	81.00	55.00	52.50	55.50	56.25	67.50	90.00	112.00	157.25	156.25	166.25	141.50	132.50	96.25	128.50	185.75	191.00	176.50	189.50	184.25	177.75	152.50	125.75	119.00	110.50	110.25	106.00	91.50	94.75	101.75	111.00	120.25	115.50	107.50	129.75	151.75	162.75	157.00	147.00	139.00	120.00	110.75	106.25	103.25	106.00	113.25	114.50	114.50	120.25	128.00	134.50	145.00	150.75	153.00	147.50	138.50	131.25	133.75	136.25	131.50	137.00	133.50	125.75	123.00	125.50	125.00	119.75	118.75	120.00	124.00	121.75	121.75	118.50	113.50	108.75	104.25	103.00	104.00	95.25	97.50	108.00	111.50	122.50	122.50	123.25	122.50	125.25	126.50	130.25	133.25	135.25	138.00	137.25	147.00	151.50	159.50	161.25	155.25	161.50	157.50	157.00	150.75	143.00	140.00	142.25	143.75	144.25	141.25	139.25	137.75	143.25	142.50	139.25	142.50	146.00	144.00	140.00	131.00	128.00	117.50	114.00	109.50	101.75	101.50	84.50	87.50	86.00	84.00	80.50	78.75	91.50	111.00	126.00	139.75	148.00	135.50	130.00	122.00	105.50	105.25	127.75	160.25	167.00	148.50	140.00	185.25	193.25	185.75	179.00	173.75	146.75	128.00	108.75
90.50	89.50	89.00	88.00	87.00	86.50	86.50	87.50	91.50	95.50	100.50	104.50	120.00	222.50	255.00	171.00	155.50	150.50	115.00	89.00	69.50	66.50	86.50	115.00	144.00	123.00	81.00	65.00	48.50	41.00	41.00	41.00	41.00	41.00	41.00	41.00	41.00	41.00	41.00	41.00	41.50	51.00	62.00	59.50	52.00	56.50	67.50	94.00	105.00	104.00	105.00	112.00	131.00	124.50	134.00	107.50	101.00	94.50	94.00	94.00	94.00	94.00	94.00	94.00	102.00	110.50	123.00	138.00	144.50	153.00	190.50	225.00	214.50	183.00	181.50	201.00	184.50	152.00	108.50	99.00	99.00	99.00	100.50	122.50	207.50	216.50	167.00	87.50	75.00	102.00	129.50	62.00	59.00	59.50	67.00	108.00	147.00	184.00	208.00	187.00	139.00	118.00	107.50	81.50	54.50	53.50	54.00	56.50	71.50	94.00	113.50	163.00	166.50	164.50	159.00	162.50	97.00	118.00	173.50	175.00	166.50	182.00	180.00	176.00	145.50	112.50	108.50	104.50	104.00	102.50	92.00	95.00	102.00	107.50	116.00	117.00	107.50	128.50	151.00	164.00	156.00	149.00	144.00	128.50	116.50	108.50	105.00	106.00	112.00	114.50	114.50	122.00	129.50	134.50	144.00	152.00	153.50	147.50	139.50	130.00	130.50	133.00	133.00	136.50	136.00	127.50	123.50	126.00	125.50	120.50	116.50	121.50	121.50	121.00	125.50	120.00	114.50	108.50	106.00	106.00	107.50	96.50	98.50	102.50	117.00	128.00	116.00	120.00	119.00	121.50	122.50	130.00	132.50	134.00	134.50	138.00	147.00	154.50	157.00	156.50	154.00	160.00	156.00	157.50	150.00	141.50	138.50	140.50	140.00	145.00	137.50	140.00	139.00	144.50	142.50	137.00	140.50	145.00	143.50	140.00	129.50	127.00	114.50	115.00	108.00	105.50	100.00	83.00	86.00	88.00	87.50	80.00	81.50	96.50	119.00	135.50	156.00	170.50	155.50	147.50	130.50	107.50	100.50	115.50	148.50	158.00	148.00	139.00	190.00	191.00	179.50	178.50	169.00	143.50	125.50	104.00
95.50	89.25	88.25	88.00	88.00	91.50	92.50	89.00	89.50	94.25	101.25	106.25	115.25	169.50	193.00	159.00	154.00	145.50	123.00	103.50	83.50	72.00	69.00	88.50	126.50	156.50	137.00	104.75	57.00	42.00	41.25	43.50	42.00	41.00	41.00	41.00	41.00	41.00	41.00	41.00	43.50	51.25	56.00	61.75	64.00	56.25	66.25	86.00	101.00	104.75	104.75	109.75	111.00	127.25	144.25	116.50	102.00	96.00	94.00	96.00	104.25	100.75	94.25	98.50	106.25	119.00	127.00	137.00	147.00	152.00	179.00	219.75	221.75	177.25	161.25	177.50	177.50	159.25	123.75	102.00	99.00	99.00	99.25	127.00	200.50	235.25	175.75	102.25	78.75	84.75	98.00	62.50	59.00	60.75	79.75	126.75	149.00	183.00	228.00	192.50	129.75	88.00	74.50	65.25	50.75	56.00	50.00	69.75	98.50	120.75	117.75	148.00	171.75	181.00	172.50	140.50	120.50	116.25	126.50	133.25	138.00	159.00	157.00	159.00	147.25	111.00	101.25	99.00	97.50	98.00	92.75	90.25	95.50	98.25	104.25	111.00	112.00	123.75	140.00	152.25	149.00	143.00	142.25	135.75	125.00	116.00	110.75	117.00	119.00	118.25	118.00	123.00	124.75	130.00	135.25	139.75	145.25	145.75	140.25	133.50	130.75	131.25	129.00	134.50	134.00	125.50	127.75	137.50	133.50	130.50	122.75	121.50	120.50	118.25	114.00	113.75	113.50	111.25	116.25	113.25	107.25	101.50	106.00	105.25	116.25	119.75	123.50	129.00	124.25	130.25	130.75	129.00	137.00	140.25	138.50	140.50	142.00	146.75	146.50	150.75	151.50	153.75	154.25	151.50	146.75	141.25	137.75	139.25	144.25	143.75	135.75	137.25	138.50	138.75	138.50	136.50	136.75	143.00	135.75	128.75	127.25	119.00	111.50	112.00	103.75	119.50	86.75	78.75	93.75	92.50	80.25	72.75	97.25	122.75	148.75	179.50	196.00	196.00	194.75	175.00	141.50	109.75	100.50	101.00	106.25	112.00	126.75	121.50	149.00	155.00	151.75	149.25	137.50	123.00	117.00	102.75
97.75	91.00	88.75	88.50	90.50	96.00	98.25	93.75	89.75	92.25	101.50	108.00	118.25	142.75	152.75	155.50	151.00	138.75	128.25	117.75	95.75	80.75	68.75	81.50	120.50	194.50	198.75	135.00	68.00	44.25	42.50	49.00	49.00	42.50	41.00	41.00	41.00	41.00	41.00	41.25	45.50	50.75	55.25	56.25	73.75	61.50	60.75	73.75	89.50	100.25	104.50	111.25	111.50	115.50	142.75	118.75	107.25	96.75	94.00	98.25	106.75	105.25	94.25	103.00	112.00	124.50	134.00	140.50	146.00	157.50	174.75	198.25	204.75	177.25	151.75	154.75	158.50	151.75	137.50	107.75	99.00	99.00	100.25	126.25	181.50	229.25	176.00	110.75	87.75	75.75	83.75	67.00	59.25	60.50	80.00	124.50	134.25	159.75	205.25	195.50	143.25	80.25	62.75	55.25	49.50	51.00	53.00	86.25	123.75	156.75	142.25	154.50	180.50	174.75	169.00	139.50	139.00	131.75	101.50	109.75	120.00	140.25	141.50	135.50	135.25	108.50	99.25	99.00	97.00	95.50	92.00	91.50	96.50	99.25	101.25	105.00	110.00	122.00	137.75	147.50	144.25	137.25	137.25	136.00	127.25	123.75	121.00	125.00	121.50	118.75	116.75	117.25	125.25	130.50	131.25	133.25	139.50	139.25	135.50	134.50	128.75	126.50	128.50	133.00	133.75	126.25	130.25	147.00	151.75	147.00	137.75	128.00	121.25	120.00	116.50	117.50	113.75	113.00	116.75	113.50	110.75	106.75	112.75	109.75	116.25	123.00	121.75	128.25	130.75	131.50	129.50	126.25	136.75	144.00	146.25	153.75	151.50	145.50	143.75	147.25	147.50	148.75	151.50	148.00	144.50	141.50	140.00	140.75	143.00	142.25	139.00	138.75	136.50	138.50	138.00	136.50	136.25	134.75	132.00	127.00	120.25	111.75	107.50	105.50	104.75	109.00	78.50	78.75	90.50	92.75	74.25	80.25	109.25	138.00	167.25	197.75	201.25	190.50	198.50	194.00	153.75	113.75	101.00	99.25	99.00	97.00	104.75	108.00	132.00	138.25	136.50	129.25	117.75	114.75	111.00	103.25
101.50	95.75	90.25	89.25	93.75	99.75	103.75	100.00	93.00	89.75	99.00	105.25	113.00	129.75	137.25	151.50	149.00	137.75	138.50	141.25	131.00	98.75	75.25	79.00	119.50	223.75	217.25	127.25	72.75	44.00	50.25	74.75	80.25	52.75	42.00	41.00	41.00	41.00	41.00	41.75	47.50	52.50	55.50	55.50	75.00	70.25	58.50	64.50	74.75	91.25	106.00	135.50	128.75	119.25	143.00	129.75	126.25	97.75	94.00	96.75	106.75	107.25	94.00	103.25	112.25	125.25	138.00	145.75	147.50	159.50	168.00	174.00	177.25	177.25	151.50	143.00	143.50	145.50	143.00	110.50	99.00	99.00	101.00	117.75	162.50	208.00	180.75	123.75	99.00	80.00	70.25	68.25	59.75	59.50	72.25	105.50	113.75	133.25	170.75	160.25	123.25	80.00	60.75	51.50	52.00	49.25	60.25	106.25	145.25	200.75	188.00	166.75	178.25	166.25	164.75	141.75	139.00	134.25	96.50	93.00	101.50	116.50	124.75	119.75	120.50	102.25	97.00	100.00	98.25	94.75	91.25	95.00	101.00	103.75	103.75	103.00	106.50	118.50	135.00	145.00	140.50	134.50	133.25	134.25	129.00	128.50	131.75	128.75	123.50	117.50	112.75	112.25	120.75	126.75	129.50	130.00	135.00	135.25	132.50	131.75	127.75	124.25	126.50	130.75	135.25	129.25	136.25	156.75	172.25	163.00	150.00	134.75	124.75	124.25	122.25	122.25	117.00	114.25	115.00	117.25	116.00	111.75	115.25	113.50	120.00	129.25	121.00	127.75	134.00	129.25	126.75	129.50	137.50	146.00	155.25	164.75	161.25	149.00	142.25	147.25	146.50	148.25	154.25	147.75	141.75	142.50	146.50	144.00	139.75	142.00	142.00	139.50	136.00	135.25	136.00	135.50	132.50	129.25	129.00	126.00	114.00	106.75	105.00	101.25	109.25	97.75	72.75	78.50	82.25	84.25	75.00	91.00	122.75	158.50	187.50	206.75	197.50	181.25	186.75	189.50	155.75	118.75	105.25	102.00	99.50	94.75	89.50	96.00	120.50	127.50	125.25	118.00	111.00	112.00	105.25	98.75
104.00	99.00	91.50	89.50	95.50	101.50	106.00	103.50	95.50	89.00	97.00	102.50	107.00	124.00	132.50	148.00	148.00	137.50	143.50	154.50	159.00	111.50	80.00	77.50	118.00	230.50	207.50	114.50	73.50	42.50	57.00	97.00	105.50	61.50	43.00	41.00	41.00	41.00	41.00	42.00	48.50	54.50	56.00	55.50	73.00	73.50	58.50	61.50	68.00	86.50	107.50	158.50	144.50	125.00	143.50	140.00	141.00	98.50	94.00	95.00	106.50	107.50	94.00	103.00	110.50	123.50	138.50	148.50	150.50	158.00	163.50	166.00	167.50	176.50	151.50	140.00	142.50	148.00	143.00	110.00	99.00	99.00	100.50	110.00	151.50	191.50	181.50	128.50	103.50	88.00	64.50	67.00	60.00	59.00	66.00	91.00	102.00	124.50	155.00	134.00	105.50	76.50	60.00	51.00	54.00	50.00	64.00	116.50	152.00	222.50	218.00	176.50	174.50	162.00	164.00	143.50	137.50	130.00	96.50	86.50	92.50	103.50	114.50	112.00	113.50	99.00	96.00	100.50	99.00	95.00	91.00	97.00	102.00	105.00	106.00	103.00	105.00	116.50	132.50	144.00	138.50	135.00	132.00	132.00	129.00	129.50	134.50	128.00	124.00	117.50	112.00	112.00	115.00	122.00	129.00	128.50	132.50	136.50	133.00	130.00	127.00	124.00	124.50	129.50	135.50	130.50	142.50	160.50	181.50	168.00	151.50	136.50	127.00	125.50	123.50	123.00	119.50	115.50	114.50	120.00	118.50	113.00	115.50	116.50	119.00	130.50	124.00	129.50	133.50	130.00	126.00	132.50	141.00	145.50	160.00	165.00	163.00	152.00	143.00	148.00	147.00	151.50	160.00	149.50	139.00	143.50	153.00	146.00	138.50	143.00	142.50	138.50	137.00	132.50	134.50	134.50	131.00	129.50	129.00	125.00	113.50	106.00	105.00	100.50	111.50	93.00	71.50	77.50	78.00	79.00	80.00	95.00	129.00	168.50	197.50	211.00	195.50	179.50	181.50	178.50	152.50	123.00	109.50	105.00	101.00	93.00	86.50	92.50	113.00	120.00	121.50	115.00	111.50	110.50	102.50	96.50
112.50	107.00	99.25	93.25	98.75	104.75	115.75	124.50	106.50	94.25	92.00	96.50	100.75	109.75	119.00	136.25	141.25	138.25	152.00	170.75	201.50	166.50	103.75	79.25	105.00	171.50	150.75	95.00	62.25	41.00	62.50	115.50	162.25	111.25	55.75	41.25	41.00	41.00	41.00	43.00	50.75	61.50	74.75	74.00	84.00	77.75	66.00	59.25	64.75	81.25	102.00	159.00	171.75	175.25	185.50	151.50	144.75	98.50	94.00	94.25	100.50	104.75	98.75	105.50	118.25	125.00	133.00	146.50	160.50	156.50	154.50	154.00	154.50	164.75	148.00	147.75	158.50	159.25	147.50	133.75	110.00	107.50	103.25	105.75	147.75	130.00	131.25	113.50	98.75	101.50	91.00	63.00	61.50	59.00	59.50	69.50	83.25	99.00	116.00	114.75	124.50	88.50	60.25	51.00	52.75	51.50	74.25	128.75	150.25	187.25	187.75	168.50	150.25	147.00	149.25	145.75	129.75	112.50	98.00	83.75	69.00	71.75	86.00	92.00	95.00	89.00	93.00	101.50	100.25	96.25	92.00	98.25	102.00	105.75	112.25	106.25	105.00	112.00	125.50	137.75	142.00	139.75	135.50	139.00	136.50	129.00	125.00	117.00	115.00	118.25	119.25	117.25	112.00	117.00	124.75	123.00	126.75	131.25	131.75	130.50	129.25	124.50	124.00	127.25	132.25	129.25	142.50	143.75	150.00	157.50	156.00	147.25	136.75	132.50	128.75	126.00	125.00	125.25	133.75	132.75	123.75	116.75	116.25	116.25	114.75	120.25	124.75	123.25	125.75	127.50	128.75	137.25	152.75	156.00	156.75	155.00	147.25	143.50	140.75	141.00	146.25	146.00	150.75	148.75	139.25	142.00	143.00	141.00	136.00	143.75	145.50	138.25	136.25	132.75	134.00	136.50	136.00	127.50	123.50	122.25	116.25	109.25	100.25	101.50	109.25	88.00	77.75	81.75	72.00	67.25	93.50	120.00	157.75	188.75	203.25	202.50	186.25	175.75	171.75	152.00	130.25	116.00	105.50	99.75	94.25	91.00	84.25	85.25	97.25	104.00	105.25	109.25	110.25	108.50	108.00	97.25
120.25	114.00	105.75	99.00	99.75	107.25	132.50	148.25	121.25	97.75	90.00	92.75	96.25	103.75	111.00	129.00	135.25	138.75	157.00	179.50	181.25	155.75	106.50	83.25	89.50	127.50	136.00	91.00	58.75	41.00	58.50	101.75	151.50	137.50	69.25	42.00	41.00	41.00	41.00	44.00	51.00	67.50	103.00	98.50	94.75	82.25	72.00	61.75	62.50	74.75	97.50	164.00	198.25	201.00	210.75	156.75	137.00	99.50	95.25	95.25	96.25	102.25	101.25	109.75	128.00	136.75	133.50	144.25	160.25	168.75	161.75	159.75	163.75	169.25	156.75	159.25	168.00	164.25	152.00	146.00	131.75	130.00	124.00	99.75	119.50	110.50	107.50	102.50	94.25	94.75	91.25	64.25	62.00	59.50	59.00	62.00	70.25	79.50	88.50	102.50	107.50	100.25	64.50	50.50	49.00	52.75	77.00	124.00	136.75	165.75	165.00	153.50	140.25	139.50	143.50	145.75	129.75	110.50	102.00	89.75	68.50	62.75	70.25	78.50	83.00	83.00	90.00	102.75	104.25	98.00	93.00	99.25	102.00	106.50	115.25	109.75	105.00	109.75	119.75	131.00	140.25	139.50	138.00	139.25	135.50	129.25	126.25	119.75	116.25	119.00	120.25	118.25	112.00	118.25	125.50	123.50	124.25	125.25	132.50	128.75	127.75	126.75	125.00	127.00	127.25	128.75	140.50	142.50	149.25	151.50	155.00	151.75	140.50	134.75	126.75	126.75	129.50	134.00	144.75	143.50	131.75	123.50	121.25	118.25	117.50	120.25	123.00	120.50	123.50	125.75	130.50	136.75	145.50	152.00	150.75	145.25	139.50	138.75	140.25	143.00	145.50	144.25	148.25	145.00	142.75	145.50	140.75	139.75	136.00	139.00	139.00	133.75	129.75	131.75	132.50	132.25	130.00	123.25	119.75	118.50	112.00	108.50	97.25	97.25	105.75	84.25	79.75	76.00	67.25	68.75	94.50	119.00	155.25	183.50	195.25	191.50	188.25	188.00	181.50	174.00	145.50	122.25	111.25	96.50	86.50	83.75	80.25	83.50	91.25	94.25	94.50	101.00	107.00	104.25	103.25	95.50
129.00	122.00	112.50	107.25	100.75	106.00	136.25	152.75	133.50	103.00	90.00	92.75	96.25	100.00	104.75	122.00	129.25	135.25	157.25	182.00	149.50	130.00	101.75	87.75	82.00	103.75	120.50	83.75	55.25	41.25	54.75	88.00	116.50	141.00	86.50	43.00	41.00	41.00	41.00	44.50	51.00	73.00	136.25	131.50	103.25	87.00	80.50	69.00	62.75	67.75	89.25	160.00	217.50	205.75	201.50	157.75	124.75	102.75	117.25	108.00	94.25	97.50	105.75	115.25	134.00	143.50	137.25	142.25	159.50	179.50	175.50	184.50	201.75	182.25	174.75	171.75	170.75	164.50	152.00	147.25	143.75	144.00	142.50	99.75	103.25	122.75	127.75	98.75	90.00	86.25	82.00	66.75	64.00	61.00	59.00	59.25	61.25	64.25	69.25	86.25	88.25	89.75	68.75	53.00	48.25	53.25	69.75	110.00	121.25	147.75	149.75	140.75	133.75	137.00	156.25	164.75	149.25	126.00	116.75	98.50	74.25	62.25	63.25	67.25	71.25	76.50	84.75	102.25	111.25	100.25	93.75	99.00	102.00	106.75	117.75	113.25	104.75	109.50	116.25	127.25	138.75	138.00	134.50	132.75	132.25	127.75	122.50	120.25	120.25	121.75	120.50	117.25	115.25	121.25	122.50	124.75	127.25	123.25	134.75	129.50	124.50	127.00	126.00	127.50	126.50	128.75	136.25	144.00	150.50	148.75	151.75	152.00	143.00	137.00	130.00	132.00	130.75	133.00	147.00	148.75	140.25	129.00	123.50	123.00	121.25	122.25	123.25	123.00	124.25	124.00	136.00	140.75	141.50	147.75	147.50	143.50	139.25	138.50	139.00	142.00	142.50	137.75	142.75	141.75	141.25	141.25	138.75	137.75	133.50	134.00	129.00	128.00	124.50	127.00	129.00	126.75	125.25	119.50	119.25	115.50	109.50	106.00	96.25	98.00	106.00	85.00	82.75	72.25	62.25	65.75	90.00	108.50	136.50	160.75	178.25	192.25	209.50	205.75	187.50	185.75	161.00	129.00	117.00	95.50	83.00	78.75	76.75	83.25	91.25	93.00	93.75	101.25	105.50	102.25	97.50	92.25
138.00	130.75	124.50	131.50	114.50	104.00	121.25	139.25	137.25	110.00	91.75	95.25	101.00	101.50	100.75	114.50	122.50	129.25	150.00	184.50	133.50	118.75	100.75	96.00	93.75	95.50	102.25	77.50	54.75	42.00	53.25	79.75	96.50	121.00	98.00	45.50	41.00	41.00	41.00	44.50	51.25	71.75	145.00	153.50	109.00	91.50	91.25	81.00	65.50	65.25	77.25	141.00	204.50	201.50	188.50	166.25	140.75	129.50	144.25	137.00	94.00	94.25	106.00	111.25	132.00	144.00	141.75	144.75	166.50	183.25	183.00	212.50	233.25	197.00	185.75	178.25	170.00	162.75	150.00	146.25	143.50	144.00	146.00	101.75	113.25	158.25	170.00	105.25	87.75	78.00	74.00	77.25	69.00	62.75	59.75	59.25	59.25	59.00	59.25	68.75	72.50	74.50	73.50	58.00	49.25	52.00	61.75	103.25	125.50	130.75	135.50	129.75	129.25	139.25	180.50	202.75	182.75	149.25	134.75	106.75	81.50	63.25	61.75	62.00	63.75	69.75	78.00	96.50	108.75	100.00	94.00	97.50	101.50	105.50	120.00	117.25	105.00	110.00	114.00	125.50	135.50	134.75	130.75	126.75	127.25	124.75	116.00	119.25	123.50	124.00	121.00	120.50	123.25	123.50	125.25	126.00	128.75	125.50	131.75	130.75	124.25	126.00	125.00	130.75	129.25	130.50	133.00	146.75	147.75	148.00	151.00	155.25	149.00	142.25	135.75	134.75	130.00	130.00	145.50	158.50	149.00	133.25	125.75	128.50	122.50	124.00	125.25	127.75	125.50	123.50	141.50	142.75	140.00	141.75	141.25	141.50	137.50	134.75	135.00	136.50	135.25	132.50	135.25	136.00	136.00	136.50	133.75	131.25	131.25	133.50	127.50	125.00	119.25	117.25	124.50	121.25	120.00	119.00	120.25	112.50	108.00	102.75	96.00	99.75	101.75	86.00	87.00	81.25	66.25	67.75	83.75	93.75	111.50	130.50	153.25	185.25	209.25	205.50	182.50	168.75	152.50	127.25	109.25	97.25	86.00	78.75	76.50	82.50	90.75	93.00	94.25	101.00	103.75	101.25	93.25	90.75
147.25	141.00	141.50	168.75	143.00	109.75	108.00	123.25	136.00	116.50	94.50	97.50	104.25	105.25	101.25	108.25	114.75	124.25	136.75	179.00	139.75	125.75	110.50	113.75	113.25	100.25	95.50	85.00	63.25	43.00	52.25	74.25	88.00	104.00	95.25	50.00	41.25	41.00	41.00	46.50	53.00	66.00	123.00	150.50	111.25	95.75	100.50	97.25	73.75	72.00	69.75	120.00	188.50	217.00	191.00	169.00	162.25	164.00	151.50	154.00	94.25	94.00	100.25	101.75	122.75	143.50	143.50	153.00	175.00	183.75	184.00	219.75	230.00	203.75	185.25	177.75	171.25	165.25	148.50	144.75	141.00	143.50	155.25	110.75	129.00	186.25	191.50	118.75	91.00	72.50	76.75	110.00	103.75	83.25	62.50	60.00	60.75	60.50	59.25	59.00	60.25	62.00	74.50	64.50	51.50	49.75	58.00	96.75	124.50	126.00	123.00	124.25	129.75	141.75	186.25	224.75	205.75	171.25	149.00	122.50	91.00	67.25	62.00	61.25	62.00	64.50	71.00	86.00	95.00	96.00	102.50	100.75	100.75	104.00	123.00	121.00	104.75	108.50	111.25	121.00	129.00	128.50	125.75	120.75	119.00	118.25	113.00	118.25	123.50	124.00	119.00	121.25	124.75	122.50	126.75	125.25	126.25	125.00	125.50	129.50	127.75	122.25	126.50	129.75	128.50	132.50	132.00	144.75	144.25	145.50	149.00	155.25	152.25	150.25	142.25	135.50	128.25	126.75	136.00	160.00	153.50	136.75	131.25	129.25	123.75	126.25	128.75	128.75	125.75	125.50	133.75	134.00	137.50	137.25	133.50	135.50	131.25	127.50	128.25	129.50	129.25	131.50	133.75	132.25	133.25	131.50	130.00	126.50	130.75	130.25	130.75	127.00	116.75	108.00	123.25	120.00	115.75	116.75	119.75	107.50	104.25	98.50	95.00	101.00	97.00	87.50	88.25	88.50	70.00	73.75	80.25	84.50	95.50	108.00	131.25	167.00	187.00	195.50	176.75	155.00	142.75	123.50	101.25	96.25	90.00	81.25	80.00	82.75	88.25	89.25	95.25	101.25	103.50	100.75	91.50	90.75
154.50	151.75	155.00	194.75	163.50	122.25	106.00	113.50	131.50	121.00	97.00	99.00	105.50	107.00	105.50	105.00	108.25	117.75	127.50	154.00	165.00	146.50	132.75	135.75	127.00	109.00	98.50	100.00	74.75	44.00	51.75	71.25	82.75	96.00	84.25	53.25	41.75	41.00	41.25	49.75	54.75	64.00	107.50	147.00	112.50	101.25	108.50	109.50	89.50	84.50	76.75	101.50	184.50	225.25	202.25	162.25	156.50	169.00	160.75	163.25	95.50	94.00	95.25	95.75	110.25	137.00	141.00	155.75	165.25	183.00	185.25	216.00	221.75	201.25	184.00	168.75	164.25	167.00	150.00	144.00	137.50	142.75	165.75	128.75	120.75	178.50	181.25	132.00	99.00	73.25	96.00	138.50	139.50	113.50	77.50	61.50	61.50	62.50	64.75	60.00	58.50	56.50	64.75	66.75	53.75	48.25	54.00	85.25	101.75	127.25	126.50	128.75	128.75	137.00	170.75	212.75	215.75	188.50	156.75	142.25	102.00	74.25	63.00	61.25	62.00	62.50	66.00	78.00	88.25	100.00	133.25	118.75	101.25	108.00	130.25	122.00	103.75	104.50	105.25	115.75	120.75	119.00	117.00	112.00	111.25	110.75	112.00	115.25	121.00	121.75	117.00	119.75	121.75	121.25	123.50	123.25	125.75	124.75	123.75	131.00	130.50	118.50	128.25	128.75	127.50	132.75	131.00	137.75	142.50	144.00	144.25	153.00	150.25	156.75	147.00	140.00	129.00	127.50	131.50	150.75	151.50	141.00	134.75	126.75	124.00	125.00	127.00	126.50	128.50	126.50	125.00	126.25	136.25	134.50	130.50	127.75	128.00	123.75	122.25	120.50	123.00	126.25	131.75	129.25	136.00	129.00	127.00	123.75	125.25	126.25	128.75	126.75	117.25	104.00	118.00	119.75	116.00	114.00	118.50	105.25	102.50	95.00	93.75	98.00	94.00	89.75	85.25	86.25	70.75	76.25	87.00	88.25	101.00	116.75	141.50	168.75	180.25	192.00	185.00	177.75	164.25	135.00	108.00	95.00	88.75	83.25	83.00	82.50	85.25	85.00	95.75	104.50	104.75	101.00	94.75	90.50
155.75	163.50	174.25	204.50	165.50	134.50	112.50	114.50	129.00	123.00	100.00	97.25	106.00	110.00	111.75	106.75	108.25	123.75	127.75	133.25	168.00	169.00	161.00	157.00	143.50	123.25	111.00	111.75	79.75	44.75	52.25	70.75	80.00	86.00	75.00	55.25	42.50	41.00	41.75	50.75	55.00	65.00	107.00	141.75	112.50	104.75	121.50	115.00	105.75	95.50	91.50	91.50	180.25	201.25	196.75	162.25	144.50	168.75	168.75	165.00	100.75	94.00	91.50	91.00	101.75	123.50	137.25	151.75	149.25	175.75	186.50	209.25	214.00	200.75	184.25	160.00	150.50	159.50	154.75	145.00	135.50	141.50	165.00	146.75	109.25	149.25	157.00	141.75	107.75	77.50	113.50	143.75	143.00	123.25	95.50	64.00	61.25	62.75	71.25	72.25	82.25	63.75	56.25	59.00	52.25	48.00	50.75	74.00	84.50	119.00	136.75	130.75	116.50	126.25	156.50	194.25	216.25	192.75	150.00	147.00	109.00	80.50	64.50	61.50	61.75	66.50	70.75	82.00	94.00	111.50	147.00	134.75	109.25	118.75	136.50	118.50	101.50	99.00	99.25	108.00	110.25	109.50	108.50	103.75	104.25	107.50	105.75	108.00	116.50	119.25	116.00	119.50	120.75	120.25	119.00	122.25	125.75	123.50	124.00	130.00	129.75	124.25	126.75	127.00	130.75	129.00	128.00	132.50	138.50	140.00	140.75	151.25	148.50	156.75	147.75	143.25	133.75	128.50	132.25	145.75	151.00	142.00	136.75	127.25	123.75	121.25	124.75	126.50	129.50	126.00	125.00	127.50	139.00	133.50	131.25	126.50	128.25	129.25	121.50	116.00	118.00	120.75	123.25	122.00	132.00	129.75	123.50	120.50	121.25	123.50	121.25	120.25	113.75	103.00	108.25	115.75	115.00	110.25	115.25	105.50	100.75	93.00	95.25	95.75	91.00	86.00	82.75	82.25	72.50	77.25	91.00	91.00	110.25	141.00	176.25	205.25	210.00	208.50	208.00	210.25	183.75	139.25	111.75	95.25	84.00	81.75	83.50	82.25	84.25	86.25	94.25	103.50	100.75	99.00	98.00	90.75
154.00	178.50	202.50	205.00	162.50	146.50	131.00	124.50	131.00	124.50	105.00	92.00	103.00	117.50	126.00	132.00	132.50	135.00	137.00	126.00	132.50	159.50	184.00	186.50	164.50	149.00	130.00	106.50	71.00	45.00	51.00	66.50	68.00	67.50	64.00	57.50	44.50	41.00	41.50	48.00	54.50	64.50	97.50	103.00	104.50	108.00	152.50	147.00	125.50	105.00	104.00	89.50	152.50	180.50	165.00	163.50	130.00	146.50	167.50	153.00	103.50	94.00	90.00	89.00	100.00	117.00	132.50	146.50	143.00	150.00	176.00	190.50	196.50	197.50	181.50	158.00	144.00	145.00	160.00	147.50	140.00	135.50	149.50	155.00	118.50	130.50	143.00	143.00	120.00	84.00	104.00	142.00	127.50	116.00	89.00	67.50	63.00	61.50	66.00	94.00	160.00	117.00	63.50	57.50	51.50	48.00	48.00	57.00	64.50	95.50	110.00	112.50	100.50	112.00	149.00	187.50	183.00	178.50	137.00	129.50	108.00	86.00	67.50	61.50	60.50	66.50	72.50	72.00	80.00	96.50	112.50	131.00	119.00	119.00	119.50	109.00	98.50	83.00	81.00	100.00	97.00	95.50	94.00	96.50	98.00	100.00	99.50	102.00	107.50	113.50	112.00	110.00	113.50	113.00	112.00	119.50	118.00	117.50	124.00	121.00	130.50	134.00	123.00	123.50	130.00	126.50	126.00	130.50	133.00	140.50	141.50	144.50	155.00	149.00	148.50	141.50	133.00	124.00	129.50	146.50	157.00	142.50	150.00	136.00	131.00	126.50	126.00	128.50	129.50	127.50	132.00	131.50	138.00	133.50	132.50	129.00	130.50	129.00	124.00	121.00	117.50	111.50	109.00	117.00	116.50	120.00	116.00	111.00	109.50	111.00	108.00	104.00	101.50	100.50	98.00	98.50	98.00	100.50	109.50	99.00	89.00	93.50	110.50	98.00	89.50	83.00	85.50	80.00	69.50	69.00	84.00	106.50	137.00	166.00	200.00	240.50	246.00	251.50	244.50	217.00	145.50	103.00	93.00	87.50	85.50	84.50	82.00	85.00	82.50	89.50	89.00	94.50	96.00	98.50	103.00	92.00
158.50	179.75	201.25	205.50	173.00	150.50	136.00	129.75	134.25	126.25	105.25	93.00	101.25	118.75	129.25	129.75	123.25	120.25	131.75	127.75	128.50	149.00	174.25	189.00	172.50	154.75	123.75	101.25	68.50	45.00	50.00	62.50	62.50	62.25	60.50	56.50	45.25	41.00	41.25	47.25	53.75	62.50	92.75	99.00	103.00	109.50	157.00	153.75	132.00	110.50	106.25	91.00	145.50	182.50	163.50	157.25	141.25	144.00	159.75	152.50	108.50	96.50	89.50	88.00	100.00	114.75	129.25	145.50	143.00	146.50	167.25	188.75	199.00	194.50	179.00	157.25	144.25	144.50	159.75	148.75	142.00	135.75	143.25	152.75	121.50	127.50	143.25	144.75	127.25	92.25	97.50	130.50	118.25	110.00	94.75	77.75	66.00	61.50	64.50	95.00	165.00	138.25	77.75	63.00	54.25	48.25	48.00	53.25	61.25	88.00	103.25	107.25	99.00	107.50	145.75	184.25	172.00	178.75	142.00	123.25	107.50	87.25	68.25	61.50	60.50	64.50	67.50	69.25	78.75	94.25	111.25	126.25	113.00	110.25	111.00	106.00	97.00	85.25	82.75	97.50	96.50	95.00	94.00	95.00	95.50	98.75	100.75	103.00	107.00	112.75	111.75	110.50	111.50	109.50	111.50	121.75	117.25	116.50	121.50	118.75	129.50	132.50	124.25	124.25	130.25	129.50	130.25	130.25	136.75	144.25	144.00	148.75	152.75	148.75	150.25	144.50	134.00	123.50	128.75	146.75	153.25	144.75	152.25	137.25	131.75	127.00	127.25	128.50	132.00	128.75	135.75	134.50	137.75	132.00	129.50	129.50	131.00	132.50	132.50	122.00	118.75	111.75	111.25	115.50	110.75	116.25	118.00	109.75	105.75	108.50	104.50	99.00	98.00	97.00	96.25	95.50	95.25	100.50	105.00	95.75	90.25	92.25	108.50	95.00	86.50	81.50	90.25	80.00	69.25	69.25	81.00	104.50	141.25	176.50	204.50	236.00	248.50	247.50	234.75	186.00	130.00	102.00	92.25	87.75	88.50	87.50	82.50	83.50	81.50	88.25	88.25	90.00	96.25	98.75	100.50	93.75
176.00	186.50	202.00	206.50	203.00	172.00	150.00	147.00	145.50	128.50	104.00	96.00	93.50	117.00	129.50	118.50	107.50	98.50	106.50	128.50	121.00	120.00	147.50	178.50	207.00	178.00	113.50	90.50	63.00	45.50	48.50	56.00	56.00	53.50	53.50	53.00	46.50	41.50	41.00	44.00	50.00	54.50	78.50	87.50	99.00	110.50	164.00	163.50	148.50	130.00	116.00	95.50	145.50	177.00	153.00	120.00	136.50	145.00	140.50	140.00	125.50	99.00	87.00	84.50	100.00	107.00	116.50	140.50	142.50	141.50	156.00	210.50	219.00	187.50	179.50	161.50	145.00	144.00	151.00	156.00	146.00	141.50	131.00	132.00	123.00	122.00	143.50	145.50	142.50	111.50	101.00	99.50	100.00	102.00	104.00	101.00	86.00	66.00	63.00	96.50	141.00	147.00	114.50	84.50	61.50	48.50	48.50	48.50	52.50	73.50	90.00	95.50	91.50	106.00	137.00	161.00	143.00	174.00	156.50	114.50	103.00	88.00	70.00	62.00	61.00	62.00	62.00	72.00	83.00	97.00	112.50	111.00	102.00	98.50	93.50	99.50	100.00	100.50	94.50	95.50	99.00	95.00	93.50	90.00	91.50	96.50	96.50	103.50	112.50	111.00	109.50	107.00	105.50	102.00	111.50	121.00	113.00	118.50	122.00	118.50	131.50	134.00	132.50	136.50	131.00	130.50	133.00	129.50	139.50	144.50	143.50	150.50	154.00	150.00	142.50	144.50	145.00	130.00	125.50	144.50	146.50	145.50	147.50	132.50	132.00	127.50	127.00	128.50	140.50	135.00	138.00	142.00	137.00	137.50	135.50	138.00	140.00	148.00	158.50	126.50	121.00	116.00	107.50	108.00	97.00	99.00	106.00	109.50	101.50	103.00	97.50	96.50	97.50	88.00	86.00	85.00	89.50	89.50	92.00	87.00	91.00	90.50	100.50	92.50	80.50	78.50	104.50	77.50	68.50	68.50	89.50	107.50	143.50	179.00	210.00	219.00	209.50	186.00	155.00	107.50	95.00	94.50	92.50	91.50	96.50	87.00	80.00	82.50	80.00	77.50	78.00	91.50	97.00	108.00	106.00	97.50
190.00	193.50	203.00	207.50	209.00	192.50	159.00	158.00	152.00	126.50	104.00	97.50	92.00	107.00	119.50	115.00	107.00	95.00	93.00	119.00	122.00	108.00	120.50	162.00	209.00	175.50	116.50	95.00	64.50	45.50	48.50	56.00	56.00	53.00	51.00	50.50	45.00	41.50	41.00	42.50	47.50	53.00	69.00	80.50	95.50	109.50	148.50	155.00	166.00	145.00	125.50	96.00	111.00	154.50	156.00	115.50	106.00	134.50	116.00	113.50	106.50	103.00	92.50	84.50	92.00	102.00	114.50	139.00	143.00	139.50	162.50	218.00	219.50	194.50	185.00	178.00	157.00	144.50	144.50	147.50	150.50	145.00	135.50	128.50	122.50	125.50	140.00	156.00	146.00	122.50	111.00	130.00	142.50	120.00	104.00	104.00	104.00	85.00	62.50	94.00	128.00	141.50	125.50	98.50	64.00	49.00	48.50	51.50	49.50	70.00	83.50	84.50	88.00	113.00	134.50	143.50	140.00	163.00	154.00	116.50	92.00	85.00	72.00	62.00	61.50	61.50	64.00	77.50	87.50	98.50	108.00	107.00	101.50	95.00	88.50	96.50	102.50	108.50	101.50	95.00	97.00	99.00	91.00	93.00	96.50	97.50	95.50	111.00	123.50	113.00	109.50	102.00	100.50	103.50	113.50	116.00	109.50	120.00	120.50	133.00	145.00	143.50	144.00	139.50	132.50	138.00	135.00	129.00	130.50	134.00	147.00	152.50	146.50	154.00	147.50	148.00	147.00	135.50	131.50	133.50	137.50	143.50	151.00	135.50	131.00	124.50	123.00	126.50	136.50	138.50	131.50	138.00	135.00	139.50	145.50	154.50	164.50	149.00	153.50	132.50	122.50	103.50	105.50	100.50	94.00	90.00	90.00	90.50	95.50	98.00	100.50	99.50	98.00	90.50	86.00	79.00	79.50	82.50	84.50	92.50	93.00	92.00	109.50	90.00	79.50	79.00	98.50	77.50	69.50	70.50	95.50	120.00	156.00	186.50	218.00	222.50	187.00	127.50	104.00	94.50	93.00	90.50	91.50	90.50	91.50	78.00	77.00	74.00	74.00	70.00	70.00	92.50	101.00	105.50	107.00	99.00
202.00	202.50	204.50	212.00	230.50	205.00	167.50	164.00	159.00	138.00	104.00	98.00	93.00	97.50	108.50	112.50	106.50	94.00	86.00	103.00	124.00	107.00	102.00	129.50	177.50	157.00	119.50	101.00	70.50	48.50	48.50	56.00	56.00	53.00	49.50	47.50	44.50	42.00	41.00	42.00	46.50	54.50	67.50	75.00	93.00	108.50	132.50	144.00	162.00	162.00	136.00	98.50	98.50	114.00	135.50	113.00	105.00	115.00	125.00	104.00	100.00	124.50	104.00	89.50	84.00	94.00	125.50	165.00	149.00	135.00	153.00	202.00	202.00	203.00	189.50	184.00	177.00	152.00	139.50	141.00	151.00	146.50	139.00	143.00	134.50	132.00	141.00	214.50	189.50	160.50	146.00	191.00	205.00	148.50	104.50	104.00	104.00	101.00	63.00	85.50	116.50	137.50	129.50	105.00	65.00	49.00	48.50	55.00	48.00	70.50	74.50	74.50	91.50	105.50	119.50	142.00	132.00	150.50	146.00	119.00	84.00	74.00	75.50	65.50	62.00	60.50	62.50	73.50	83.50	97.50	102.50	105.00	100.50	93.50	87.50	93.50	101.00	102.50	99.50	96.00	94.50	93.00	86.00	104.00	102.50	88.00	96.50	109.00	123.00	120.00	111.50	105.50	102.00	108.50	108.00	104.00	111.50	121.00	129.50	140.00	141.50	147.50	149.00	136.50	132.00	134.50	133.50	132.00	128.50	132.00	150.50	145.00	147.00	152.50	146.50	142.00	144.50	138.50	135.50	127.00	131.50	143.50	150.50	133.50	129.00	123.00	120.50	127.00	132.00	129.50	128.50	134.50	126.50	138.50	154.00	168.00	158.50	144.00	143.00	128.50	115.00	107.00	102.50	101.50	97.50	91.00	91.00	89.50	90.00	92.00	98.50	97.50	90.50	87.50	84.00	82.50	80.50	78.50	80.00	83.00	86.00	90.00	99.00	94.50	88.00	77.00	82.50	72.00	70.00	69.50	97.00	134.50	164.50	196.00	213.00	191.00	146.50	98.00	80.00	76.00	77.50	84.50	85.00	84.00	79.50	78.00	70.00	73.00	70.00	70.00	72.00	92.00	101.50	103.00	105.00	91.50
206.00	206.00	206.00	208.75	249.50	226.50	179.50	172.25	164.25	152.50	104.75	98.75	94.50	91.00	101.00	107.00	101.25	87.75	79.50	89.50	123.00	112.75	99.25	95.00	121.00	126.50	111.75	98.00	75.00	51.25	48.50	56.00	55.75	52.75	50.25	45.50	42.75	41.25	41.00	41.00	42.25	55.00	85.50	103.00	98.00	106.25	128.50	142.75	154.00	169.00	147.75	107.50	97.25	104.50	104.50	104.50	122.50	106.25	103.50	102.25	106.00	133.00	106.75	99.75	85.25	89.25	125.00	157.50	159.00	134.25	137.25	177.00	184.50	200.00	207.75	191.50	181.25	153.00	138.25	135.50	146.75	146.75	142.00	151.75	154.50	140.50	139.25	167.25	202.50	169.75	162.75	196.75	218.25	173.25	118.75	104.50	103.50	101.50	68.00	72.25	97.75	115.00	121.75	111.75	74.25	52.00	48.25	50.50	46.75	65.75	64.00	69.75	85.75	94.00	103.75	121.25	115.00	110.75	120.25	127.00	79.50	63.25	66.25	81.50	86.75	59.00	60.00	67.00	76.50	96.75	102.00	101.75	98.75	88.25	84.75	89.75	96.25	95.25	104.75	106.75	92.75	88.25	93.00	101.50	106.25	96.00	104.25	110.00	119.25	120.25	122.50	111.75	106.00	104.50	109.50	111.50	115.25	123.25	126.25	132.00	135.00	135.75	132.25	129.00	127.25	133.25	130.25	124.25	125.00	132.25	144.25	145.25	152.50	147.25	146.50	144.00	145.25	145.25	133.75	130.75	134.00	138.50	133.50	130.25	123.25	118.00	120.00	131.25	130.25	129.25	128.25	127.50	127.75	124.25	132.75	138.75	143.50	136.00	129.00	122.50	117.00	109.25	104.50	95.00	86.00	89.75	91.00	91.00	91.00	88.25	88.50	88.50	86.50	87.25	83.25	84.25	86.75	81.75	84.25	83.00	84.75	87.75	89.75	84.00	81.00	79.75	86.00	70.75	70.00	73.50	92.25	121.25	155.25	173.00	154.50	116.75	89.75	82.75	82.00	83.75	84.50	82.75	80.75	78.25	76.75	76.75	74.50	75.50	68.25	69.25	72.75	91.00	97.50	99.25	96.25	84.00
206.50	206.25	206.00	205.75	224.75	215.75	186.00	176.25	167.25	159.50	112.25	101.00	96.00	88.75	93.00	99.00	94.25	82.75	75.00	80.75	117.25	116.50	103.50	94.50	95.00	108.25	107.50	94.50	72.00	48.25	48.50	56.00	54.50	51.50	51.00	47.75	44.25	42.50	41.00	41.00	41.00	57.25	112.25	136.75	119.75	109.00	126.50	143.50	165.00	181.50	171.00	117.75	103.25	106.00	108.50	104.00	108.00	106.75	100.00	100.50	103.25	113.25	112.25	105.00	89.25	85.25	119.50	140.25	153.00	136.50	134.25	157.50	173.50	180.00	181.50	175.75	174.25	152.50	132.25	123.00	141.50	144.75	144.75	156.50	168.75	146.75	131.75	129.50	167.00	157.50	159.75	190.25	210.00	182.50	132.75	108.50	102.75	99.50	73.25	69.00	85.00	100.75	106.00	109.50	82.50	58.00	50.75	44.75	43.50	59.50	59.50	67.75	79.75	86.00	95.00	113.25	121.25	104.75	100.25	111.75	77.75	62.25	62.00	64.75	70.50	59.25	58.50	64.00	72.00	96.25	102.00	99.75	95.00	84.25	83.25	88.75	96.25	98.25	102.50	106.25	93.25	86.75	95.50	100.00	100.25	100.00	107.00	109.25	114.00	117.25	121.00	113.00	108.75	103.50	111.50	115.75	114.00	116.00	120.25	120.50	123.75	129.75	124.50	125.50	126.25	130.75	128.75	124.25	126.50	131.25	139.75	143.50	146.50	146.75	145.50	141.00	147.25	146.75	135.75	133.25	132.75	134.00	130.75	129.25	119.75	116.25	120.75	136.00	143.00	138.00	127.00	126.50	138.00	129.50	128.25	144.50	145.25	134.25	126.75	120.50	111.50	106.00	105.50	92.00	83.00	90.25	94.25	97.25	96.50	89.75	86.50	86.50	85.25	86.50	84.25	85.25	85.75	80.50	82.50	83.00	85.50	90.25	93.25	84.50	81.25	81.00	83.00	70.25	71.00	73.00	81.00	108.50	143.25	150.25	123.25	88.75	80.50	83.00	82.75	81.75	85.00	86.25	83.00	78.50	77.00	76.75	73.75	75.00	69.50	69.00	73.25	91.25	93.75	91.00	89.75	75.00
207.00	206.25	206.00	205.00	204.25	200.75	186.50	177.75	172.75	165.50	128.00	107.00	99.75	90.50	87.50	87.50	86.50	78.25	72.00	71.00	112.50	117.75	110.50	101.50	84.75	91.25	102.25	90.50	69.25	48.00	48.50	55.75	52.75	49.50	50.75	51.75	49.00	46.50	42.00	41.00	41.00	60.50	156.25	175.00	143.75	117.75	124.50	144.50	172.75	195.25	203.50	134.50	124.00	119.75	119.25	104.00	103.00	103.25	99.50	98.25	100.25	102.25	116.25	107.50	93.25	84.00	108.50	126.25	139.25	138.25	133.75	142.75	154.75	172.00	159.00	155.25	154.50	145.50	118.25	110.00	132.50	142.75	149.00	171.25	185.50	165.25	137.00	110.50	127.50	143.75	151.00	181.25	194.00	188.75	148.75	116.25	101.50	97.50	78.50	71.25	75.00	87.25	92.00	99.50	88.50	64.75	55.75	42.25	42.00	49.00	51.00	62.00	73.25	78.75	104.50	135.50	157.50	122.75	88.25	99.00	77.25	62.00	61.50	61.50	61.50	59.25	58.00	62.25	71.00	101.25	104.25	96.50	89.75	80.75	82.75	88.25	92.50	97.75	100.75	104.25	94.75	88.50	96.00	98.75	97.00	100.25	108.75	109.50	108.50	108.25	110.00	116.25	111.00	101.25	109.00	115.25	114.75	111.25	115.25	113.75	116.75	125.75	121.75	124.50	127.25	128.50	126.00	127.50	125.75	129.75	135.75	137.00	139.00	142.00	140.25	136.75	143.75	145.25	136.25	134.00	132.25	129.50	130.00	131.75	123.25	118.25	127.00	141.00	156.75	145.75	128.75	129.25	146.75	138.75	124.50	147.00	161.00	154.00	141.25	118.50	100.00	104.50	106.50	90.25	81.00	86.25	90.50	102.75	125.75	112.00	93.75	89.00	85.25	85.25	85.25	84.50	82.00	79.00	80.25	99.50	100.75	99.50	103.25	97.75	90.50	86.75	84.00	76.25	75.25	73.00	75.50	96.00	130.25	129.50	108.25	84.00	79.50	81.00	84.75	84.50	86.75	89.00	85.75	81.25	79.50	79.25	74.00	74.00	72.50	70.50	72.00	82.25	83.50	79.25	80.00	67.00
206.50	206.00	205.75	204.00	200.00	195.50	185.25	182.00	183.25	174.75	145.00	120.00	106.25	97.25	94.00	79.25	78.75	73.75	69.75	66.25	109.00	114.75	114.50	108.75	89.50	79.25	91.25	87.00	69.50	52.00	47.75	55.25	51.25	48.50	50.75	54.00	55.50	52.25	45.75	41.50	41.00	55.50	152.75	182.50	157.00	127.50	121.75	143.00	173.50	200.00	213.25	157.50	157.00	144.25	145.50	122.00	104.00	101.00	99.75	97.00	97.75	99.00	110.50	107.25	94.25	83.25	93.50	115.75	130.00	135.25	133.75	144.00	156.50	195.25	172.50	156.00	146.50	136.25	111.25	103.75	124.00	140.75	155.25	196.25	209.50	196.50	165.50	128.00	110.25	127.50	134.00	159.50	166.75	182.00	162.25	123.25	100.75	95.50	83.25	81.00	72.00	74.50	78.75	86.50	88.50	71.25	60.50	43.50	42.25	43.25	45.75	53.50	66.75	74.25	118.75	153.25	166.00	133.00	79.50	91.00	76.75	62.25	61.00	60.50	60.25	58.75	58.75	61.75	72.00	109.50	108.75	93.25	84.25	76.75	83.75	87.25	87.75	91.50	98.00	105.00	95.25	91.75	95.25	97.50	94.25	95.75	105.00	108.00	106.75	103.00	104.00	114.50	109.25	103.25	108.50	113.00	114.25	109.50	109.75	110.25	113.75	120.50	120.50	124.00	126.00	125.75	124.50	128.25	127.25	131.00	134.75	135.25	136.25	137.00	134.75	132.25	134.25	138.25	132.50	132.00	131.50	127.50	129.00	132.75	124.00	116.50	132.25	146.75	148.75	141.25	128.00	128.75	142.00	137.75	121.00	155.75	180.00	171.00	144.50	110.25	97.50	106.00	106.25	92.25	80.50	83.50	85.75	97.75	139.50	153.00	125.75	114.25	91.00	84.00	85.25	83.75	82.75	81.25	83.25	133.00	136.75	139.75	140.50	129.00	120.50	105.50	110.25	104.50	88.75	81.25	75.50	95.75	127.25	117.00	95.00	82.25	79.00	81.75	85.75	87.75	88.50	88.50	85.75	84.50	84.25	82.00	74.00	71.75	71.50	69.25	68.75	74.75	74.25	71.00	73.50	63.50
206.00	206.00	205.75	203.25	197.75	194.00	189.00	190.75	195.25	187.25	160.25	137.25	119.25	104.00	104.50	81.25	73.25	69.25	67.50	66.00	101.25	109.50	111.00	111.50	98.25	76.75	77.25	81.75	70.50	57.00	45.75	51.75	49.00	48.25	51.00	55.00	66.50	68.50	58.75	47.50	41.75	46.50	100.50	138.25	150.25	131.00	117.50	138.00	168.75	197.00	204.25	172.25	185.50	166.00	173.00	162.75	126.25	99.75	99.00	96.75	95.50	96.25	104.00	105.25	94.75	82.75	82.50	104.00	121.50	129.75	133.00	150.00	173.00	213.75	189.00	164.00	147.00	130.75	108.75	102.75	116.75	137.50	161.00	211.00	226.75	216.00	191.00	156.75	112.00	111.75	114.50	141.75	154.00	167.50	162.75	124.75	102.75	95.75	89.00	94.75	76.00	71.50	71.00	74.25	81.00	76.25	65.00	45.50	42.75	42.75	44.00	46.00	57.50	70.50	117.00	147.75	139.50	118.00	74.50	83.00	74.25	62.50	60.75	59.75	59.00	59.00	61.00	63.00	67.75	104.50	106.25	89.25	78.75	73.00	85.00	85.25	86.75	89.25	93.75	103.25	92.25	88.75	91.25	96.00	90.25	91.50	97.50	103.25	106.50	103.00	103.25	109.00	104.50	106.25	111.00	109.25	107.75	108.25	109.00	108.00	111.00	116.50	118.50	119.75	120.25	123.25	124.00	126.75	128.25	129.00	133.50	136.25	134.00	134.25	132.00	130.25	128.75	132.25	131.00	132.25	131.00	127.75	125.25	127.75	120.75	112.00	131.25	142.00	134.00	135.50	133.00	134.50	141.75	132.25	125.75	172.00	181.75	156.75	129.00	103.50	105.00	107.75	99.75	93.25	79.25	81.75	83.75	87.75	115.75	148.50	145.50	134.25	100.75	88.75	89.75	86.00	83.25	80.25	85.75	135.25	148.75	170.75	179.75	163.50	156.75	137.00	143.00	142.50	112.50	94.25	76.75	97.25	123.50	118.00	88.25	78.75	76.75	80.00	82.75	83.75	84.75	86.50	86.00	87.00	86.50	84.25	75.25	69.25	67.50	65.75	62.75	66.75	65.25	66.00	69.75	59.00
206.00	206.00	205.25	201.75	195.25	195.25	195.25	198.25	203.00	200.50	174.50	155.00	143.00	115.75	115.50	93.00	76.75	66.50	66.25	66.00	82.50	102.75	106.25	109.00	104.50	81.25	65.50	72.25	68.25	57.25	43.25	46.00	45.75	47.50	51.00	55.75	80.50	88.25	74.75	59.00	47.50	43.25	65.50	87.50	125.00	125.75	114.75	131.25	163.00	193.00	197.25	173.50	205.50	182.75	182.75	190.50	160.00	100.00	97.75	96.00	96.00	94.00	103.00	103.50	95.25	84.50	80.00	93.50	113.25	124.25	129.75	145.75	170.50	203.25	184.25	161.75	144.50	126.00	105.75	102.00	109.50	132.50	167.50	209.50	224.00	212.75	193.00	173.50	122.50	103.25	104.00	132.50	163.00	158.75	146.25	120.50	120.25	113.00	96.25	101.50	81.75	77.75	74.50	72.50	73.25	73.50	69.50	47.50	42.50	42.75	43.25	42.75	46.75	62.25	102.00	122.75	121.75	106.75	75.75	76.25	69.75	63.75	61.50	60.00	59.00	61.75	70.00	75.25	65.25	93.75	96.75	83.50	72.50	71.50	85.00	82.75	87.00	92.00	90.50	97.50	88.25	84.75	89.25	92.75	90.00	89.75	97.50	100.25	109.25	106.25	102.50	104.00	102.75	107.25	113.75	109.25	106.25	108.00	111.50	108.75	110.75	115.25	116.00	117.00	115.75	122.50	122.50	123.75	125.25	124.50	128.25	130.50	131.00	131.00	130.50	130.00	127.50	131.75	132.50	137.50	133.25	124.50	119.75	117.25	116.50	109.50	127.00	134.25	152.50	158.50	151.00	150.50	145.25	126.75	128.25	161.25	153.75	130.75	115.50	104.00	110.00	114.00	92.50	86.00	76.25	80.50	84.25	83.50	102.75	111.75	126.75	122.00	103.00	89.25	89.25	85.00	83.25	78.75	84.00	103.75	119.50	145.25	160.00	151.75	148.50	143.50	142.75	141.50	124.50	106.50	77.75	87.50	107.75	105.75	83.25	75.50	75.00	77.25	76.25	78.50	81.25	84.75	87.00	87.25	84.75	83.25	74.50	70.50	65.50	62.75	60.25	58.75	59.00	63.00	65.25	56.00
206.50	205.50	202.75	198.25	191.25	197.25	200.75	202.50	205.25	209.75	188.00	171.25	163.50	137.75	129.25	105.00	88.75	67.25	66.00	66.00	68.00	90.25	102.50	104.25	106.50	86.25	58.75	61.25	62.25	53.00	41.50	42.50	43.25	47.50	52.00	61.25	90.00	96.00	80.25	62.00	53.00	45.00	54.00	61.50	99.00	116.00	113.75	125.50	160.75	189.75	190.75	169.00	215.75	196.50	185.75	196.50	191.50	107.75	98.25	96.75	107.50	94.25	102.50	102.50	95.75	87.25	81.50	88.50	107.75	118.75	125.25	136.75	152.50	182.25	183.00	169.50	145.50	119.75	104.25	101.50	104.50	126.75	179.50	210.75	211.50	199.00	185.00	181.25	137.00	101.75	100.75	116.25	149.50	147.75	125.00	115.50	124.75	134.75	107.25	102.75	87.50	85.00	83.50	83.25	82.00	75.50	69.25	51.25	42.00	43.75	45.00	43.50	42.75	50.75	84.75	97.50	104.25	103.50	84.50	75.00	70.50	68.75	65.25	61.75	60.25	62.50	74.00	91.00	76.25	87.50	87.25	75.50	66.00	71.00	82.75	80.25	84.75	89.50	88.75	91.25	88.50	88.50	90.75	92.50	94.00	91.75	101.00	100.50	110.25	108.50	98.25	99.25	105.00	107.75	112.00	110.75	110.75	109.75	111.50	111.25	113.00	115.00	115.25	117.25	114.25	118.50	119.75	122.00	121.75	122.50	124.00	124.50	129.50	131.00	127.75	130.00	126.00	129.00	133.75	136.75	133.00	120.50	113.25	111.00	108.25	104.25	120.50	135.50	178.25	181.50	164.50	155.75	136.75	117.25	119.50	131.75	121.25	114.50	107.75	104.00	106.25	109.00	90.75	81.25	77.50	79.50	84.25	85.75	99.00	100.50	105.75	103.50	96.25	83.50	83.50	83.25	83.00	81.00	83.50	84.00	95.00	107.00	111.00	110.25	111.75	120.75	119.50	111.75	111.50	106.25	79.50	74.75	85.50	78.25	70.00	69.75	72.25	73.25	73.75	75.25	77.00	79.50	81.50	82.75	81.75	80.00	73.50	71.75	67.00	62.25	62.50	61.25	61.00	63.75	62.75	57.00
207.50	204.75	199.75	193.75	187.25	198.75	204.50	205.00	205.75	212.00	202.25	185.75	175.00	155.75	142.00	114.75	101.50	73.00	66.00	66.00	66.00	81.25	100.50	99.00	102.75	88.75	57.75	54.50	54.50	48.00	41.00	41.25	42.50	50.00	64.75	81.25	113.50	107.50	90.50	62.50	53.75	47.50	52.00	54.75	75.25	99.50	109.25	120.50	154.75	185.75	182.25	164.75	219.00	203.25	189.50	194.75	213.25	126.50	102.50	100.00	113.00	97.75	99.25	100.25	94.25	88.00	82.00	88.00	106.25	118.00	126.50	135.25	141.25	168.25	184.00	180.25	149.25	114.00	103.75	100.75	101.75	124.00	191.00	217.75	201.25	184.25	176.50	180.50	152.00	103.50	98.75	102.00	118.50	128.50	109.50	109.75	107.50	129.00	113.50	103.25	93.75	91.75	92.25	96.25	106.50	90.00	65.75	59.25	44.25	43.50	46.75	45.00	43.75	43.75	70.75	82.50	89.00	101.75	93.00	79.75	77.25	76.50	71.50	65.25	61.50	59.50	66.00	90.25	81.50	77.75	77.75	68.00	62.75	69.50	79.00	77.75	80.25	83.75	88.75	85.25	91.00	94.00	92.75	94.75	96.00	96.00	102.50	101.25	108.00	108.50	95.50	96.25	107.75	108.50	107.75	110.25	113.25	114.25	113.25	118.25	114.75	114.00	114.50	114.75	112.00	115.75	118.00	120.00	122.00	121.75	120.25	121.25	124.25	128.75	125.50	130.50	125.75	123.00	128.00	129.75	126.75	119.75	111.75	112.75	105.00	101.25	118.75	132.25	157.00	159.00	147.00	138.00	125.50	107.75	106.75	115.00	115.00	113.00	104.25	99.25	99.50	96.50	88.00	80.75	81.25	79.25	83.25	83.50	90.25	100.00	97.75	94.00	90.75	83.50	82.25	81.75	80.75	82.00	82.75	80.00	84.00	90.75	91.75	92.00	94.50	101.50	98.75	92.25	96.25	94.00	78.75	69.75	68.25	66.50	64.00	65.25	68.50	69.75	72.00	76.00	76.75	73.75	75.25	75.50	75.00	73.50	72.75	70.50	64.25	61.50	62.25	65.00	60.75	62.75	59.75	54.75
208.75	204.00	196.75	189.75	182.75	195.50	206.50	206.00	206.00	210.25	218.00	200.50	186.50	163.50	150.00	123.00	110.50	82.50	67.00	66.00	66.00	83.50	103.00	97.25	92.75	88.50	61.75	53.50	48.75	43.75	41.00	41.00	43.25	62.50	91.25	116.00	167.50	132.00	105.75	79.00	56.25	50.75	50.75	54.75	60.00	77.75	98.75	115.50	141.50	171.50	172.00	164.25	226.25	194.25	190.00	187.00	204.50	157.50	119.75	104.25	106.25	100.75	92.25	94.50	89.75	85.75	80.50	91.75	110.25	127.50	137.25	153.50	156.75	175.00	190.25	182.25	151.75	122.00	105.25	99.50	100.00	122.50	193.00	221.75	197.50	168.75	159.50	169.75	157.75	108.00	99.75	95.75	101.75	111.75	103.50	104.50	100.25	109.75	107.75	103.75	99.75	98.00	103.50	120.75	126.00	96.50	64.00	64.00	51.25	42.75	46.50	45.75	44.50	42.75	58.75	70.00	76.50	101.25	95.50	84.00	84.75	84.25	78.25	69.25	62.25	57.75	60.75	79.00	72.50	67.00	69.00	64.00	62.50	67.75	75.25	75.00	76.25	82.00	89.00	85.00	94.25	97.50	92.25	92.00	94.75	96.50	102.25	103.00	108.00	109.75	96.25	96.75	110.25	110.75	107.75	109.75	115.75	120.00	114.50	120.25	114.25	113.75	114.25	114.75	114.00	117.00	117.00	118.25	122.00	121.50	118.25	117.00	119.25	123.25	121.00	124.00	124.50	120.00	118.00	123.25	119.75	120.50	115.50	111.25	102.75	98.75	114.25	119.75	122.50	128.50	119.00	114.75	112.50	103.00	98.50	110.75	115.00	111.75	97.25	96.50	92.00	89.50	82.00	80.50	83.00	79.75	80.00	78.25	87.00	94.75	93.00	95.25	91.50	84.25	81.75	78.25	81.25	79.75	79.50	80.25	82.50	88.25	88.75	89.75	97.50	100.75	93.25	90.75	89.50	83.25	75.25	69.75	64.50	64.50	66.00	66.00	66.00	67.00	66.00	72.75	71.50	68.75	70.50	68.00	68.00	66.75	71.25	70.25	62.50	62.75	62.25	65.25	60.50	62.00	59.50	51.25
210.00	203.50	194.50	186.75	177.00	187.25	203.25	204.50	205.25	208.25	225.25	209.75	195.50	168.50	153.25	129.25	117.00	93.75	73.75	66.25	66.00	87.75	107.50	101.50	92.25	83.50	67.25	56.00	46.75	41.75	41.00	41.00	43.50	76.25	106.00	136.75	183.50	138.75	112.00	98.00	62.50	54.00	50.75	55.00	60.75	66.50	86.25	109.50	127.50	149.25	160.75	166.75	234.50	185.50	185.25	177.25	180.00	180.25	149.00	128.50	104.00	101.50	84.50	86.75	84.75	82.25	78.75	97.25	118.00	139.25	149.25	183.25	204.25	199.25	202.50	184.50	153.50	137.75	112.75	96.50	99.25	119.25	182.00	215.75	190.50	153.00	145.75	153.75	151.75	113.75	101.50	93.25	95.25	102.25	103.00	103.00	99.25	101.00	102.75	104.00	103.00	102.50	114.75	139.75	131.00	95.50	65.50	60.75	55.75	42.25	44.00	45.25	45.25	43.50	52.50	63.25	71.00	101.50	96.00	85.75	92.25	91.50	82.25	71.75	63.00	57.50	59.50	68.50	65.00	61.25	63.25	62.50	62.25	66.25	71.75	71.75	76.75	83.75	89.25	91.00	95.25	95.50	90.00	91.50	93.50	92.50	95.25	104.75	109.75	108.75	99.50	98.75	110.00	109.25	106.75	108.00	115.25	118.50	112.50	115.50	113.50	113.00	117.50	117.25	118.50	117.50	115.25	119.75	119.00	117.25	112.75	111.75	118.50	118.25	116.75	116.50	118.75	116.25	114.75	119.25	119.00	114.50	111.75	107.75	98.50	94.75	101.00	105.00	108.75	116.25	110.00	105.50	103.50	100.00	93.50	110.25	109.50	103.50	92.75	93.50	87.75	81.75	82.75	84.25	78.50	77.75	76.75	75.50	84.25	87.25	86.25	92.50	90.00	87.75	81.75	76.00	79.25	79.25	78.50	82.25	87.75	89.50	89.50	90.50	105.00	106.25	98.25	96.50	88.25	79.75	73.25	71.25	63.25	60.75	63.75	66.00	64.00	69.25	66.50	68.75	63.00	61.75	64.75	62.25	63.75	66.25	71.75	72.50	67.00	68.25	70.00	66.75	62.75	63.00	59.50	52.00
210.75	205.25	194.25	184.75	171.25	178.75	195.50	200.00	202.75	206.25	216.25	205.50	193.75	174.25	158.75	135.50	123.50	105.75	88.50	69.50	66.00	84.75	111.75	106.75	102.00	84.50	66.50	58.00	46.25	41.25	41.00	41.00	42.50	75.25	105.75	131.00	149.75	127.75	113.50	103.50	64.50	54.50	51.75	55.00	67.50	68.25	72.25	91.25	114.25	131.25	142.50	164.75	228.00	193.25	176.00	169.00	164.75	183.50	166.50	158.50	108.25	102.00	79.00	79.75	80.00	78.75	77.50	98.75	121.75	146.75	160.50	196.25	231.00	217.00	197.75	185.00	161.00	137.50	119.00	94.50	99.25	120.25	169.00	201.75	174.75	144.50	141.00	142.75	144.50	117.25	102.25	94.00	93.25	98.50	102.75	102.50	97.75	99.00	102.50	104.50	104.00	111.00	119.50	131.25	130.75	99.25	73.00	59.25	54.50	43.25	42.50	43.25	44.50	44.00	47.25	59.75	88.25	102.75	96.50	87.75	97.75	97.75	80.00	68.50	63.75	57.50	58.00	61.25	60.75	59.50	60.75	61.25	61.50	64.50	67.50	68.75	80.50	88.25	89.00	91.25	92.50	92.75	90.50	91.75	91.25	90.75	92.25	102.50	108.75	103.50	98.75	96.75	104.75	104.50	105.00	107.75	112.00	113.00	112.50	115.50	114.25	113.25	122.50	118.75	119.25	118.75	117.75	121.25	116.25	112.75	108.25	106.75	115.50	112.00	111.75	113.50	112.25	109.50	112.00	116.25	117.75	109.25	105.50	107.75	98.75	94.75	92.75	96.75	101.50	111.25	112.50	103.25	101.50	96.75	90.50	105.00	100.25	90.50	88.25	90.75	83.00	74.25	84.75	82.50	72.25	73.50	73.75	75.25	80.75	86.75	86.75	86.25	83.50	87.25	80.75	75.50	76.00	79.00	76.75	83.75	92.25	90.50	96.25	94.75	107.75	101.50	96.75	91.50	84.75	77.00	74.25	70.75	62.25	60.25	60.50	65.25	65.25	72.25	71.50	74.50	66.00	60.50	62.00	61.25	62.75	70.00	75.50	75.00	72.75	68.75	69.50	67.75	63.00	59.00	54.50	51.25
209.50	208.00	198.00	182.00	163.00	169.50	184.50	191.00	195.00	199.00	199.50	188.00	175.50	162.00	164.00	146.50	137.00	119.50	104.50	79.00	66.00	67.00	97.50	119.00	106.00	96.00	68.50	57.50	46.50	41.00	41.00	41.00	43.00	80.50	105.00	108.50	113.00	109.50	107.50	100.50	67.00	54.00	56.00	60.50	71.50	75.50	67.50	65.50	81.00	108.00	109.00	140.00	194.50	197.50	164.00	153.50	164.50	181.00	178.50	174.00	130.50	105.50	75.00	74.00	74.00	74.50	76.50	98.00	118.50	159.50	179.50	198.50	210.50	206.00	184.50	182.00	172.50	132.50	106.50	95.50	99.00	131.00	165.00	188.00	159.00	143.00	138.00	137.50	142.00	114.50	102.00	99.00	98.50	99.50	98.50	100.50	96.00	96.00	102.00	107.50	127.00	140.50	132.00	106.00	128.50	117.00	91.00	94.00	74.50	49.00	45.00	42.00	43.00	43.00	43.00	46.50	103.00	106.00	98.00	91.50	96.50	96.50	80.50	62.00	62.50	57.50	57.00	58.50	60.50	65.50	69.50	63.50	61.00	62.00	62.00	69.00	88.00	98.50	93.50	92.50	98.00	99.00	102.00	91.00	92.50	89.00	95.00	96.50	97.50	94.00	94.00	98.50	96.50	99.00	105.50	111.00	113.00	119.00	113.50	119.50	117.00	115.50	119.50	123.00	127.50	121.00	120.00	118.50	115.50	114.50	110.50	102.50	109.50	106.00	108.00	116.50	110.50	104.00	105.00	112.00	113.00	104.50	101.50	101.50	100.00	96.00	91.00	89.00	91.50	99.50	98.00	96.00	106.50	99.00	89.50	90.50	87.00	74.00	75.50	72.50	70.50	72.00	76.00	72.00	68.50	73.00	77.50	75.50	89.50	90.00	81.00	77.00	77.00	76.00	75.50	76.00	80.50	74.50	74.50	78.50	86.50	87.00	93.50	91.00	97.00	96.00	87.50	80.50	75.00	69.50	74.50	68.00	59.00	58.50	64.50	66.00	67.50	68.50	68.50	81.50	79.50	75.50	74.50	71.50	67.00	75.00	78.50	70.00	65.00	56.50	58.50	69.00	61.50	52.50	46.00	44.00
203.00	207.25	197.50	178.25	160.00	166.50	181.00	187.25	190.50	193.75	194.25	182.50	169.25	157.25	160.00	149.50	145.25	126.00	105.25	83.50	68.50	66.50	88.75	117.50	108.75	99.50	82.00	65.50	46.75	41.00	41.00	41.00	44.75	92.75	116.75	107.25	109.50	107.75	106.75	100.50	71.50	56.00	57.25	64.50	73.00	77.25	72.25	69.25	75.50	95.25	105.25	129.25	187.25	189.25	162.25	148.25	170.00	180.50	178.25	177.50	139.00	106.75	76.00	74.00	74.00	74.25	76.50	96.50	113.25	164.75	181.75	198.50	213.25	201.25	184.25	177.75	165.25	138.75	103.00	95.50	99.25	133.25	165.75	176.50	153.50	142.75	137.25	136.50	142.00	113.00	102.50	100.75	102.00	101.50	96.75	99.00	95.50	95.25	103.00	116.25	134.00	151.25	145.50	113.75	125.75	123.50	96.25	98.50	85.25	50.75	45.25	42.00	44.00	43.50	42.50	44.25	85.25	102.75	97.50	91.25	91.75	91.00	81.50	62.75	62.25	56.75	57.00	59.50	64.50	76.25	82.75	73.50	66.00	66.00	64.00	71.00	87.75	98.25	96.00	95.25	102.00	103.75	105.25	94.00	94.25	89.50	93.00	94.25	93.25	94.25	99.00	103.00	98.75	98.00	105.50	111.75	115.25	118.25	113.25	116.75	116.75	115.75	118.75	124.25	127.25	124.00	119.50	114.75	110.50	111.75	109.50	102.00	107.00	104.75	106.50	112.75	108.50	103.75	103.25	108.50	111.75	103.50	100.50	104.50	99.00	94.00	90.25	88.00	88.50	94.00	93.50	93.25	102.00	95.75	87.25	85.25	83.75	73.50	76.00	72.75	71.00	71.00	75.25	69.50	68.00	77.75	79.00	74.00	81.75	84.00	78.00	74.75	76.75	80.00	73.75	75.75	79.75	74.75	73.25	79.50	83.00	85.00	91.25	89.00	94.75	91.50	84.00	81.00	75.00	70.00	68.75	66.00	60.75	58.25	58.25	64.00	60.25	65.25	64.25	73.50	80.75	76.75	76.25	75.00	69.75	73.25	75.25	68.50	64.25	57.25	59.25	66.00	60.25	53.75	47.25	43.25
156.00	177.50	179.00	163.00	151.50	157.00	170.00	175.50	176.50	178.00	179.00	171.00	158.50	141.00	144.00	144.00	147.00	144.00	119.00	103.00	95.00	79.50	69.00	99.50	127.50	106.50	106.00	78.00	46.50	41.00	41.00	41.00	58.50	140.50	158.00	124.00	118.50	107.50	106.00	101.50	82.50	65.00	64.00	77.50	90.50	92.50	86.50	82.00	77.00	71.00	93.50	104.00	157.00	174.50	145.00	142.50	182.00	177.00	184.00	182.50	135.00	104.50	83.00	74.50	74.00	74.00	76.00	88.50	101.00	159.00	184.00	184.50	191.50	197.50	184.00	173.00	159.50	154.50	96.50	94.00	117.50	146.50	157.50	144.00	145.50	160.00	139.00	131.00	141.50	109.00	103.00	106.00	111.00	104.00	92.50	94.50	93.50	95.50	115.50	123.00	147.50	171.00	159.50	125.00	121.50	136.50	113.00	103.00	102.50	56.50	44.00	42.00	42.50	44.50	42.50	42.00	53.50	96.00	87.50	83.50	74.00	75.00	79.50	67.50	62.00	55.00	56.50	64.00	84.00	106.50	113.50	99.00	90.00	86.00	73.00	76.50	92.00	103.00	104.00	104.50	109.50	113.00	119.50	106.00	99.00	93.00	93.00	92.50	97.00	95.50	106.50	111.00	106.00	100.00	104.00	109.50	119.50	119.00	116.00	113.00	121.00	120.50	122.00	123.50	128.00	134.50	128.50	105.50	101.00	97.00	104.50	99.50	96.00	95.00	93.00	102.00	102.00	100.00	105.00	101.00	109.00	100.00	97.00	99.00	93.50	88.00	87.00	83.00	82.00	81.50	79.50	86.00	88.00	84.50	85.00	78.00	75.00	71.50	79.00	74.00	69.50	75.50	70.00	68.50	66.50	72.00	70.50	64.50	68.00	72.00	72.00	72.00	75.50	82.00	71.00	69.00	74.50	69.50	69.50	76.50	75.00	84.50	77.50	83.00	85.00	82.50	82.00	80.00	76.00	69.00	64.00	60.50	56.00	57.00	52.00	54.00	52.00	59.50	59.00	61.50	77.50	77.00	76.50	74.00	68.50	62.00	65.00	63.50	67.00	59.00	57.00	53.50	57.50	46.50	43.00	42.00
150.50	153.00	160.50	155.00	146.00	153.00	163.50	167.50	168.00	168.00	167.50	165.00	158.00	132.00	129.00	131.50	134.50	134.50	133.00	115.00	107.50	97.00	70.50	91.00	136.00	121.50	110.00	76.00	45.50	41.00	41.00	41.00	90.50	158.50	164.50	163.50	160.00	134.00	107.50	101.50	86.00	76.00	75.50	86.00	104.50	107.50	95.50	91.00	87.00	76.50	82.50	103.00	124.50	175.00	139.00	141.00	184.00	175.00	177.00	183.00	143.50	107.50	90.00	75.50	74.00	74.00	77.50	84.50	94.00	132.00	176.50	181.50	181.50	207.50	185.50	172.00	173.00	164.00	105.00	94.50	106.50	128.50	157.00	144.00	151.00	183.50	155.50	128.00	141.50	110.00	103.00	103.50	109.00	104.00	92.00	92.00	92.00	97.50	125.50	117.50	147.00	144.00	133.50	110.50	119.50	154.50	137.50	99.00	100.00	67.50	54.00	43.00	44.00	43.00	43.00	42.50	47.00	69.00	79.00	79.50	66.00	64.50	73.50	74.50	64.00	54.00	55.50	67.00	95.00	109.00	106.50	97.50	93.50	91.50	77.00	81.00	94.00	100.00	104.00	106.00	109.00	114.50	121.50	111.00	104.50	96.00	97.50	95.50	97.00	98.50	108.50	115.00	112.50	107.50	104.50	106.00	113.50	117.00	115.50	113.00	115.50	116.00	120.50	119.00	127.50	122.00	124.50	109.50	99.50	91.50	92.00	95.00	91.00	94.50	92.50	97.50	99.50	102.00	107.00	103.50	111.50	103.00	103.00	100.00	90.00	86.50	85.50	83.50	80.00	76.50	74.00	78.50	83.50	79.00	81.00	81.00	75.50	70.00	76.00	72.00	72.00	70.50	66.00	64.50	63.50	65.50	64.00	66.00	67.50	68.00	70.50	73.00	75.50	75.50	73.00	71.00	72.00	68.00	70.50	69.50	75.00	81.50	75.50	77.50	85.00	83.00	81.00	75.50	73.50	64.50	61.00	58.50	50.50	51.00	56.00	57.00	57.50	58.00	54.50	67.50	74.50	78.00	73.00	70.00	64.50	62.50	60.50	64.50	59.50	54.00	55.00	53.50	54.00	49.50	44.00	48.00
154.50	145.00	149.50	145.00	140.50	144.00	158.00	160.00	160.00	159.00	157.00	157.50	152.50	125.00	114.50	120.00	121.00	121.50	123.00	118.50	109.00	90.00	74.00	95.00	143.50	156.50	140.50	72.50	44.50	41.00	41.00	42.00	87.50	165.00	172.00	168.50	164.00	161.50	146.00	110.00	93.50	88.00	89.00	94.50	110.50	135.00	112.50	99.50	97.00	95.50	79.00	98.00	104.00	162.00	143.50	129.00	179.50	164.00	147.50	160.00	144.00	119.00	98.50	77.50	74.00	74.50	82.50	93.00	91.50	115.00	161.50	176.50	171.00	193.50	184.50	167.00	172.00	170.00	111.00	95.00	97.00	116.50	153.50	146.00	144.50	149.00	174.00	123.00	141.50	114.00	103.00	103.00	104.00	102.50	92.50	90.00	94.00	102.50	142.50	122.50	131.50	124.00	112.00	99.50	117.00	171.00	165.50	105.00	93.50	78.00	61.50	46.00	42.50	42.00	42.00	42.00	42.50	53.50	70.50	76.00	64.00	60.00	62.00	70.00	66.00	53.00	54.50	66.50	97.50	106.00	98.50	89.50	86.50	85.00	80.50	84.00	101.50	113.00	114.00	107.00	113.00	120.00	119.50	119.00	104.00	96.00	104.00	99.50	97.50	103.50	108.50	115.50	118.50	110.50	105.50	109.50	110.50	111.00	114.00	114.00	111.50	115.00	115.50	113.00	116.00	114.50	112.00	100.00	89.00	87.00	92.50	88.50	87.50	91.50	91.00	99.00	105.50	105.00	110.50	107.50	114.00	109.00	106.00	102.50	90.50	82.00	81.00	81.50	79.00	74.50	75.50	75.50	77.50	74.00	76.50	77.50	72.50	69.00	71.50	70.00	77.50	66.00	64.00	62.00	64.50	63.00	65.50	67.00	69.00	69.50	71.00	71.50	74.00	69.50	69.50	66.50	65.00	70.50	72.50	65.50	66.00	71.00	73.00	69.50	81.00	88.00	82.50	75.00	74.50	65.50	60.50	57.50	52.00	55.00	52.00	52.50	54.00	54.50	56.50	66.00	75.00	74.50	72.50	70.50	71.00	68.50	58.50	61.00	59.00	56.50	55.50	51.50	50.50	44.50	42.50	48.00
170.25	152.50	138.50	131.50	130.00	129.50	145.25	150.25	152.25	149.00	145.25	143.50	135.25	114.75	105.25	106.50	106.50	106.75	108.75	111.75	105.25	80.00	86.75	117.00	183.25	196.75	190.75	77.50	44.00	41.00	41.00	41.25	63.00	169.75	178.50	167.25	156.75	154.50	159.25	127.00	104.50	103.00	102.50	104.25	123.00	150.25	143.25	123.25	109.50	151.25	109.25	87.25	90.75	116.75	135.25	110.75	162.00	155.50	133.00	139.50	121.00	117.25	96.75	77.00	74.00	77.75	93.00	110.00	95.75	104.75	146.00	165.25	158.00	165.75	180.50	152.50	120.25	139.00	109.00	96.00	93.25	102.75	120.25	142.25	151.50	142.75	139.75	112.75	132.75	118.50	103.00	103.00	103.00	100.75	91.75	89.50	99.25	123.75	129.25	118.50	104.75	104.00	98.00	92.25	103.75	150.50	162.25	126.00	98.25	76.75	67.00	58.25	58.25	64.00	51.50	45.25	44.00	43.25	53.50	68.75	65.50	55.00	59.00	66.25	61.25	51.25	53.00	68.50	94.75	100.00	85.50	78.25	75.50	75.25	77.25	86.00	104.50	116.00	119.75	110.75	116.75	122.00	122.00	116.00	113.00	102.50	101.50	98.75	97.50	102.25	108.50	114.00	115.75	110.75	109.50	110.00	109.25	113.25	115.75	116.00	112.50	106.75	106.00	100.75	100.75	103.75	101.00	93.50	85.50	84.00	86.25	83.25	91.75	92.25	97.50	107.50	116.25	117.00	125.75	131.25	135.50	125.25	108.00	93.00	90.00	84.00	82.75	79.25	81.25	78.00	79.50	73.50	69.00	68.75	66.75	67.25	64.50	65.00	77.50	66.50	67.25	65.75	66.50	64.75	65.00	63.00	68.25	69.75	66.00	70.50	68.50	68.50	67.25	66.00	63.75	59.50	59.25	66.25	67.00	61.25	61.50	64.00	66.75	65.00	68.50	80.25	79.50	69.25	59.50	57.25	54.50	53.25	47.75	51.50	48.75	54.00	51.50	50.50	58.75	61.50	70.25	73.00	72.00	67.25	71.25	67.25	60.75	60.25	55.00	53.75	56.50	56.50	48.50	42.00	45.75	49.50
176.00	157.50	140.50	128.00	126.00	126.00	137.00	145.50	149.50	145.00	141.00	137.50	129.00	111.00	104.50	104.00	104.00	105.00	106.50	109.00	102.50	76.50	93.00	125.50	193.50	201.00	203.50	81.50	44.00	41.00	41.00	41.00	55.50	170.00	180.00	167.00	155.50	152.00	158.50	125.50	106.00	105.50	105.00	105.50	127.00	144.50	143.50	129.00	115.00	170.50	118.50	85.00	86.50	102.50	128.00	109.50	160.00	152.50	134.50	129.00	114.50	116.50	96.00	76.00	74.00	78.00	94.50	115.50	97.50	103.00	143.50	161.00	155.00	156.50	178.00	144.50	105.00	122.00	107.00	96.50	92.50	102.00	111.50	139.50	149.50	142.00	133.00	110.00	128.50	119.00	103.00	103.00	103.00	100.50	91.00	89.50	101.50	130.50	120.00	117.50	101.50	100.50	94.00	88.50	98.50	141.50	156.00	131.50	103.00	72.50	65.50	62.00	69.00	79.00	60.00	48.00	44.50	42.00	48.00	65.50	66.50	54.00	58.00	65.00	60.50	51.00	52.50	69.50	92.00	97.00	80.50	74.50	72.00	72.00	75.50	87.00	107.50	119.00	123.00	115.00	120.00	125.00	124.00	115.50	114.00	107.50	104.00	101.00	101.00	104.00	107.50	111.50	118.00	113.00	110.50	108.50	109.50	114.00	114.50	115.50	113.00	107.00	105.00	97.50	96.50	100.00	101.50	93.00	85.50	83.50	85.00	82.00	94.00	95.00	97.50	111.50	115.00	120.00	131.00	138.50	144.50	134.00	111.50	89.00	87.50	84.50	83.50	79.00	86.00	81.00	79.00	73.00	68.00	67.50	65.00	65.50	62.50	63.50	78.00	66.00	63.50	65.00	68.50	66.50	64.00	65.50	71.00	70.00	65.50	71.50	66.00	67.00	65.50	65.50	64.00	60.00	57.00	63.00	65.50	59.00	57.00	59.50	66.00	64.50	64.50	73.00	71.50	62.00	53.00	54.00	51.50	51.50	46.00	49.00	47.00	54.50	50.00	48.50	62.00	62.50	69.00	74.00	71.00	66.00	71.50	67.50	57.00	58.00	55.00	53.50	55.00	57.00	47.50	42.00	49.50	49.00
187.75	171.00	155.50	142.25	118.25	114.75	119.00	128.00	141.00	139.00	129.25	123.75	117.25	106.00	102.25	99.50	99.75	100.25	101.25	98.25	79.25	77.00	106.25	132.50	164.00	157.50	141.25	76.75	46.50	41.00	41.00	41.00	49.50	170.50	185.25	168.50	152.25	134.75	121.25	108.50	103.75	104.25	105.75	106.25	130.25	140.75	140.50	135.25	127.25	172.00	141.25	97.75	116.50	107.00	101.25	109.00	163.25	161.75	119.25	107.50	110.00	103.75	93.75	77.25	75.00	75.75	94.00	102.75	107.00	103.25	134.00	149.25	147.25	115.25	130.25	124.25	104.00	103.75	101.50	95.25	88.25	102.25	144.50	165.75	148.50	139.00	115.75	103.50	115.00	110.50	109.00	103.00	103.00	99.25	89.75	89.00	102.75	126.25	111.25	104.50	102.00	91.50	82.50	77.75	86.25	110.75	132.25	134.00	103.75	77.00	71.25	83.25	108.00	126.00	115.50	97.00	74.00	55.75	44.50	46.50	61.75	53.75	51.00	57.75	57.25	49.00	47.75	61.50	70.75	72.00	67.25	65.00	63.00	66.25	79.00	91.00	103.75	116.50	121.50	117.75	115.50	123.25	127.00	122.00	120.75	116.25	110.50	107.75	104.25	106.25	108.00	111.25	107.25	105.25	111.50	118.75	122.75	119.50	120.25	113.50	106.50	104.00	100.75	98.00	97.25	100.00	98.00	88.75	84.00	83.00	81.75	82.25	86.75	90.25	89.00	101.00	112.25	111.00	113.75	112.25	121.50	116.25	105.25	98.00	92.00	82.50	80.00	78.50	78.75	79.50	79.50	80.50	79.75	72.75	70.50	68.75	64.50	67.00	80.75	66.50	62.75	60.25	62.00	61.75	61.75	62.50	63.50	64.75	64.75	62.50	60.25	62.00	63.25	60.25	60.00	56.50	56.50	65.25	57.25	55.50	50.50	53.00	56.00	55.25	56.00	54.75	57.50	49.25	48.00	51.75	44.75	43.75	43.50	46.25	43.50	45.25	39.50	45.75	53.00	61.00	69.50	72.50	69.50	63.25	63.00	58.50	47.00	51.75	52.75	50.00	49.75	51.50	45.75	50.25	53.75	57.00
194.75	179.00	163.50	152.25	120.75	108.50	111.50	116.75	133.50	137.75	125.25	118.75	113.00	104.50	98.50	97.00	96.75	94.50	93.75	88.50	68.00	84.00	112.50	131.25	146.75	138.25	116.75	71.50	46.75	41.00	41.00	41.00	51.75	177.25	189.25	171.00	153.25	127.50	105.25	101.00	101.50	103.00	105.50	107.50	132.50	140.75	140.00	137.75	132.25	157.50	146.25	106.00	119.75	127.75	99.25	104.50	130.25	155.25	123.25	107.25	105.75	103.00	92.00	78.50	76.00	75.00	90.75	99.50	112.00	111.50	133.75	144.25	142.00	113.00	108.25	112.00	103.75	101.75	100.00	94.75	88.25	98.25	149.25	164.25	144.75	136.00	108.25	100.75	107.50	101.25	106.25	103.00	103.00	98.75	89.00	87.50	99.25	113.50	113.50	100.75	99.75	89.75	77.25	73.75	81.50	100.25	117.75	128.25	104.75	84.25	81.00	92.00	110.00	132.00	135.75	122.50	104.50	86.00	62.25	56.00	53.75	50.25	45.50	48.75	52.00	46.75	45.00	55.50	60.00	60.75	61.75	62.25	62.25	68.00	82.00	94.50	103.00	110.75	117.50	117.75	115.75	119.25	120.75	119.50	121.75	118.75	115.00	112.50	108.25	107.00	107.50	110.25	109.25	108.00	118.00	133.00	140.25	134.25	133.50	125.50	118.00	108.00	98.25	100.00	103.25	100.75	98.00	86.75	83.25	80.75	80.50	82.50	79.50	82.25	84.75	89.00	100.25	100.00	101.50	96.25	96.75	100.50	95.50	96.00	93.50	83.50	79.25	79.75	78.00	79.00	78.75	82.75	81.50	75.50	75.00	67.25	65.50	66.50	74.50	64.50	62.50	59.00	60.00	61.00	59.75	60.00	60.50	64.50	62.75	59.75	58.00	59.00	60.00	56.25	56.75	52.00	54.25	61.75	53.25	53.00	50.25	51.25	53.00	51.00	52.75	53.00	55.50	44.50	42.75	49.00	39.25	45.50	46.50	47.50	43.75	43.25	35.75	45.50	45.00	58.00	63.50	63.75	60.50	58.50	58.75	58.00	52.75	55.50	53.50	49.75	48.50	47.50	49.50	55.00	57.75	58.75
199.00	183.75	168.50	157.50	122.75	104.50	107.00	111.00	125.75	135.00	125.25	117.75	112.25	105.25	98.50	92.50	94.50	87.00	84.50	79.50	63.00	91.75	115.00	128.50	133.75	124.75	102.25	60.75	45.25	43.00	41.50	41.00	53.50	188.25	192.25	169.50	151.00	125.00	102.00	97.25	99.50	101.75	105.50	110.00	135.25	143.25	144.50	140.00	135.75	142.50	140.75	112.75	109.50	136.50	104.00	107.00	115.75	148.50	128.50	105.75	104.25	102.00	90.75	79.75	77.00	75.50	84.00	94.25	108.50	125.00	137.75	143.00	133.75	124.75	103.50	103.25	102.25	100.50	99.50	94.50	88.50	92.25	127.00	144.25	137.75	133.50	106.75	98.25	102.50	97.75	100.75	102.75	103.00	98.25	88.25	86.00	96.75	103.00	109.00	99.50	93.00	85.25	75.00	73.00	76.75	90.00	103.00	116.25	105.75	91.75	90.25	96.50	106.00	122.50	136.75	135.50	123.75	118.25	92.25	84.00	52.25	46.50	43.50	43.25	45.75	44.00	43.00	49.50	53.25	55.00	58.75	62.25	64.25	71.25	85.00	96.75	107.00	108.75	115.25	117.75	115.50	116.75	117.75	119.25	119.50	116.75	114.25	112.75	111.25	111.25	111.00	110.25	111.00	110.25	120.75	135.75	147.75	147.00	142.25	136.00	134.50	120.50	96.75	96.50	106.25	100.25	100.25	89.00	86.25	81.25	78.25	81.25	78.00	80.00	84.00	81.25	90.75	94.00	89.75	86.75	88.00	92.75	93.00	96.75	93.50	87.25	81.75	81.75	77.50	77.50	78.75	84.25	84.75	78.00	75.50	67.00	64.75	65.00	68.00	64.25	66.25	58.25	63.75	64.00	58.75	63.25	60.50	62.00	59.50	57.25	56.25	57.00	56.50	54.25	54.25	52.00	52.75	53.50	50.25	50.50	49.25	50.00	51.25	50.25	52.25	52.00	52.00	41.75	44.50	44.00	43.50	48.25	48.50	47.50	44.25	44.00	36.75	45.75	44.75	51.50	54.25	53.75	52.00	55.50	52.75	54.25	53.75	51.75	48.75	45.25	44.00	44.25	53.00	58.75	59.50	60.00
195.25	184.00	169.50	157.75	121.00	101.75	105.75	109.00	118.50	127.75	125.75	118.50	113.50	107.75	101.75	84.25	93.50	85.25	78.25	72.00	61.75	95.50	114.00	122.25	120.50	112.75	81.75	52.00	46.50	52.25	44.75	41.00	49.50	194.50	192.25	162.75	136.50	116.00	99.00	94.00	97.50	100.75	105.50	113.00	137.25	146.50	155.25	151.50	138.25	136.50	131.50	115.25	112.00	132.50	105.50	110.25	134.00	156.50	121.00	107.50	103.75	101.00	90.25	81.25	77.75	75.50	77.75	100.50	109.00	126.25	141.00	143.00	134.25	131.50	106.25	102.00	100.00	99.75	100.50	95.00	88.75	88.50	103.50	122.25	132.75	133.50	115.00	99.00	96.25	94.25	96.25	100.75	103.00	98.00	87.75	85.25	95.25	99.00	103.25	98.25	89.00	82.00	74.75	73.00	73.75	79.00	87.25	101.75	103.25	97.00	94.75	95.25	100.50	110.50	123.00	127.00	124.25	128.25	109.50	100.75	63.50	51.25	48.75	46.25	43.50	43.25	42.75	44.50	46.75	50.00	56.00	62.75	67.75	75.00	87.25	96.75	106.50	106.00	113.00	115.25	114.75	113.00	116.25	117.75	116.75	114.50	111.25	112.25	111.50	112.50	113.25	111.75	114.50	112.50	115.00	122.75	130.00	132.75	130.75	127.25	127.50	121.00	99.00	86.50	91.00	90.25	93.50	85.00	91.75	83.75	76.50	78.50	81.75	81.75	80.00	77.25	86.00	88.25	81.00	87.25	87.75	92.00	94.25	97.25	89.00	93.25	86.50	84.75	79.00	76.50	79.25	89.75	91.75	80.25	74.75	67.75	62.25	64.50	66.50	64.50	66.50	58.50	74.50	70.50	58.25	63.00	58.25	59.25	55.75	55.50	55.75	53.75	51.75	51.50	52.75	54.00	53.00	52.25	50.25	49.50	48.00	47.25	47.50	48.25	49.00	49.50	49.50	43.25	45.00	43.75	47.00	46.25	47.50	44.75	46.00	44.25	44.00	47.75	45.50	47.50	48.50	47.75	48.50	50.00	48.00	49.50	46.50	44.00	43.75	42.25	45.00	48.50	53.00	57.25	55.50	58.50
181.50	181.50	168.25	156.75	121.00	100.75	104.50	106.00	110.50	118.00	124.50	119.50	114.50	108.25	100.25	75.25	88.25	91.75	80.00	67.00	59.00	91.50	110.00	113.50	110.75	101.50	62.75	46.50	52.75	64.50	50.00	41.00	43.50	179.00	181.25	155.75	119.50	105.75	95.50	91.00	95.25	99.75	105.25	114.00	137.75	151.50	167.00	178.50	143.75	133.00	125.75	113.50	116.00	124.25	105.00	106.75	145.50	169.50	121.00	117.75	104.25	99.50	90.00	82.75	78.00	74.00	73.50	103.25	113.25	118.50	139.00	141.25	135.25	131.75	111.50	103.50	105.75	116.50	104.00	96.25	89.25	88.00	91.75	107.75	128.75	136.25	132.50	112.50	91.50	91.25	91.75	95.00	101.00	97.50	86.75	84.50	93.25	96.00	99.50	96.75	88.75	81.50	74.75	73.00	73.25	73.50	76.00	88.00	95.25	94.50	91.00	89.00	92.25	97.75	104.50	108.00	110.25	116.25	112.25	102.25	78.75	64.50	59.25	55.50	51.00	47.25	45.75	43.25	42.75	45.25	53.25	62.50	69.50	76.50	86.00	93.75	100.00	102.00	107.25	110.00	111.75	109.75	111.75	112.75	114.75	113.75	111.50	111.75	110.75	110.75	113.25	113.25	118.75	117.25	111.75	113.75	117.50	117.00	115.50	112.50	109.00	109.50	99.00	86.25	78.75	78.50	80.25	74.25	84.25	83.50	76.75	76.50	84.25	85.50	76.75	77.25	82.50	80.00	82.00	87.00	83.75	96.25	93.75	94.00	86.50	94.25	90.50	85.25	79.50	75.00	82.75	92.00	93.75	82.50	77.00	72.25	61.50	61.50	67.00	62.00	60.75	57.25	73.25	69.00	58.50	60.00	57.75	58.25	53.50	53.25	55.75	51.25	49.00	50.00	52.25	53.75	54.75	52.25	51.25	49.25	48.25	46.00	46.50	46.25	46.50	47.00	49.25	42.25	45.00	45.00	44.00	43.25	44.00	41.00	45.00	43.25	50.00	50.25	48.25	44.50	44.00	45.25	48.50	48.50	50.25	48.25	44.25	46.00	49.00	47.50	51.75	50.25	51.50	55.00	55.75	58.00
162.25	174.75	167.00	157.25	125.75	104.25	99.25	100.25	104.25	110.50	120.25	119.00	114.50	107.00	95.00	67.25	75.75	97.25	86.00	66.75	55.50	78.50	103.25	106.25	105.75	89.75	52.00	44.50	64.75	77.75	55.25	41.00	41.25	144.00	168.75	146.75	112.00	101.00	92.75	88.50	92.75	98.25	104.00	110.25	135.75	151.00	171.25	195.50	151.75	133.00	125.50	111.50	113.75	114.00	104.50	106.25	145.25	177.75	126.75	114.00	108.25	98.50	89.75	83.75	77.75	72.25	70.25	92.75	110.50	121.00	123.75	130.50	121.00	123.00	113.00	106.25	117.50	138.50	110.50	99.50	91.00	88.25	88.25	103.50	126.25	140.00	156.50	137.50	93.00	88.75	87.50	87.25	93.00	94.50	84.25	83.00	91.00	93.25	95.25	95.25	89.00	81.25	75.50	78.00	77.75	74.75	73.25	77.75	83.75	85.25	82.75	81.75	83.00	84.25	86.25	89.25	93.75	101.75	108.50	98.75	86.75	78.50	73.00	68.00	64.25	54.00	50.25	45.50	43.00	42.75	50.25	60.50	66.75	72.75	81.50	87.50	93.75	100.50	104.00	105.00	107.25	107.75	107.75	108.50	111.75	112.00	114.50	112.50	110.75	111.00	111.50	112.25	120.00	121.00	111.50	111.50	114.50	111.25	108.25	106.50	101.75	102.25	94.00	90.00	78.75	74.50	73.75	68.50	72.75	79.25	76.25	76.50	78.50	85.25	76.25	78.75	78.25	73.00	79.50	81.00	78.75	102.25	93.50	86.75	85.25	85.25	88.50	81.25	76.75	73.25	84.00	89.75	100.75	88.75	82.50	75.25	63.00	58.50	69.00	58.25	56.75	59.00	66.50	61.00	60.75	60.25	58.50	59.75	54.50	54.50	55.50	53.00	52.00	52.75	52.50	54.00	59.50	52.75	52.00	48.25	47.25	47.25	46.75	45.75	48.00	47.00	48.25	41.75	40.75	40.50	41.50	40.00	42.25	42.25	42.75	43.00	51.00	51.00	50.25	43.75	42.75	47.50	52.75	52.25	54.75	51.00	49.25	52.25	51.75	52.50	52.00	49.00	54.00	59.75	60.50	59.00
141.25	164.25	164.50	157.25	131.75	110.75	96.25	93.75	99.75	107.00	114.50	116.25	113.50	103.25	86.50	59.75	63.75	96.00	95.00	75.75	54.50	61.75	82.50	95.75	96.25	75.00	45.00	50.00	81.25	95.25	63.25	41.00	41.00	110.25	161.00	131.00	107.50	97.75	90.75	87.00	93.50	98.50	101.75	105.50	130.00	144.25	168.50	188.75	157.50	135.25	127.75	109.75	108.00	106.25	104.00	113.25	148.75	172.00	128.25	103.25	106.25	100.75	88.75	84.00	77.75	72.00	68.50	85.50	107.00	121.00	116.50	115.25	110.00	112.00	110.50	107.75	121.75	142.50	118.75	105.00	94.00	89.50	87.75	104.75	131.00	145.75	187.75	143.25	95.50	89.00	88.50	88.50	87.00	86.00	80.25	81.25	88.75	90.50	91.00	93.75	89.25	80.50	79.50	91.00	87.50	80.50	77.75	79.50	79.25	75.50	74.50	74.00	73.75	71.50	70.00	71.50	77.00	89.75	99.00	90.00	79.25	77.75	76.25	73.75	70.25	59.50	54.75	48.50	44.75	42.75	47.25	58.00	63.00	67.75	76.50	82.50	89.00	93.75	95.75	98.25	106.00	106.50	104.75	106.00	107.75	109.25	112.50	112.75	110.75	112.50	114.25	114.25	120.50	122.75	115.75	112.75	115.25	109.75	104.25	102.25	97.50	100.75	97.00	91.75	82.00	76.00	72.25	67.75	69.25	73.50	71.00	72.75	72.25	80.50	72.75	73.25	72.50	68.75	70.50	74.00	77.50	92.75	89.25	77.50	78.00	75.75	78.00	74.50	74.25	72.25	94.75	102.00	102.75	91.25	85.75	73.00	62.75	56.25	64.50	59.25	57.75	61.00	63.75	57.50	64.75	62.00	61.00	63.75	55.00	61.00	59.25	59.25	57.50	56.00	63.25	69.75	71.00	54.25	52.50	49.25	50.00	48.75	45.75	46.25	51.00	48.00	46.75	43.50	40.00	38.75	41.25	41.25	42.25	42.50	39.50	43.25	47.75	48.00	46.50	41.75	39.75	48.00	54.00	53.50	54.25	52.50	51.25	51.75	48.75	49.50	48.75	55.00	60.75	66.25	63.75	59.25
116.75	152.50	159.50	155.50	134.75	117.00	100.25	91.75	92.75	102.75	108.00	111.75	111.00	96.50	74.75	54.50	59.00	91.00	102.75	89.00	56.25	51.75	58.50	76.50	80.25	60.00	45.25	64.75	94.50	105.00	74.00	42.00	41.00	86.25	143.00	113.75	102.50	94.50	88.00	89.00	100.75	99.75	96.00	101.50	121.25	136.25	161.25	173.50	159.75	137.50	130.25	109.00	105.00	104.00	103.25	126.00	162.75	168.00	137.50	107.50	98.25	101.25	89.75	85.00	79.25	73.00	68.25	78.00	98.00	112.75	130.25	111.00	109.50	108.00	108.50	109.50	122.50	135.75	117.25	112.50	97.00	91.50	87.25	106.25	142.00	150.00	201.50	134.00	96.75	92.75	95.50	98.25	91.75	78.75	76.25	80.25	86.50	88.00	88.50	92.75	89.50	79.75	83.75	101.00	95.75	88.25	87.50	92.75	89.00	73.00	70.75	68.25	66.25	64.00	61.75	61.75	65.25	77.50	84.25	78.50	67.00	65.00	65.50	66.50	66.00	59.50	57.25	50.75	46.25	43.00	45.50	56.00	61.75	64.75	72.50	86.00	85.00	82.75	82.75	95.25	111.00	110.25	107.50	104.00	105.25	112.00	111.75	112.50	113.25	114.75	120.25	120.50	122.00	123.75	124.50	118.25	116.75	113.25	104.75	98.25	94.75	101.00	105.25	97.00	89.00	80.75	74.50	67.25	66.00	70.25	67.25	68.00	70.75	74.75	68.25	64.50	63.75	65.00	64.50	66.75	79.25	73.50	77.00	73.25	72.00	71.75	70.00	69.00	71.75	69.25	97.25	103.50	89.00	86.75	84.25	71.75	62.00	57.00	57.25	63.00	62.50	58.25	58.50	63.00	66.50	61.75	67.00	65.50	54.25	62.00	64.50	66.25	61.25	57.50	76.50	85.50	80.25	59.00	56.00	56.50	58.25	52.00	45.00	47.50	51.25	47.25	47.25	44.00	41.50	39.00	40.25	42.75	42.25	41.25	36.00	42.00	45.00	42.50	37.75	36.00	35.75	47.00	50.25	52.25	51.50	50.75	51.00	51.00	49.00	46.75	50.00	63.00	65.75	68.25	66.25	58.75
93.50	135.00	155.00	154.00	136.25	121.75	106.00	95.50	86.75	93.25	99.50	105.00	104.75	89.50	67.50	52.00	59.00	87.50	102.50	91.50	59.50	50.75	48.75	59.75	66.00	49.75	59.75	93.50	100.75	103.25	83.25	44.00	41.00	69.75	133.75	107.75	98.75	90.75	84.00	93.25	106.00	102.00	88.50	94.75	110.50	126.75	158.50	163.00	156.75	139.25	133.00	109.75	103.75	104.00	103.00	132.00	158.75	171.25	148.25	114.75	95.00	96.00	92.50	87.25	80.50	73.00	68.25	75.25	98.00	126.75	141.75	124.50	114.25	108.75	108.00	113.00	126.00	120.50	118.00	123.25	99.75	93.75	87.00	103.25	133.00	146.50	173.00	133.00	99.75	97.00	101.00	103.00	96.75	77.75	74.50	80.50	86.00	88.00	90.25	95.50	90.00	79.25	83.00	102.50	100.25	96.00	97.75	106.50	100.00	79.00	75.00	70.00	66.50	64.50	61.50	60.00	60.00	66.25	68.75	67.50	61.50	58.00	55.25	56.00	57.50	53.75	53.25	49.00	45.25	42.50	44.50	53.50	60.00	62.25	76.50	96.75	81.75	73.00	73.00	95.25	116.75	116.25	113.75	100.00	102.50	113.00	109.75	118.25	122.50	119.25	126.00	129.25	124.25	131.75	144.75	134.50	121.25	119.50	108.00	98.25	96.50	100.25	113.75	98.25	90.75	82.00	77.50	70.00	65.75	68.50	69.00	67.00	69.50	68.00	63.00	62.50	61.50	60.00	60.25	62.50	75.75	60.25	66.75	74.25	73.25	67.25	66.25	68.00	68.75	64.00	82.75	88.25	76.25	78.00	75.50	66.50	62.00	60.25	55.50	62.00	64.75	56.50	57.25	69.75	63.75	61.00	65.50	61.25	53.50	57.00	60.75	61.25	59.50	57.75	73.00	84.50	85.75	70.00	74.50	67.00	60.75	52.50	45.25	47.75	47.25	44.75	45.75	42.75	39.00	38.25	35.00	38.25	41.25	39.50	37.25	40.50	43.00	34.25	29.75	36.50	40.00	46.75	46.50	50.50	49.50	48.25	54.75	55.75	52.75	50.00	53.50	67.75	68.00	68.50	67.50	61.50
81.50	106.00	137.00	148.50	136.50	124.50	110.50	102.00	84.50	78.00	84.00	89.50	88.50	80.50	67.00	47.00	54.50	74.50	81.00	73.00	56.50	49.00	44.00	51.50	56.50	43.50	110.00	149.00	105.50	93.50	80.00	47.50	41.00	60.50	141.50	113.50	92.00	81.50	86.00	107.50	105.50	105.00	87.50	82.00	97.00	114.00	150.50	162.50	145.00	142.00	138.50	113.00	104.00	103.00	103.00	105.00	124.00	141.50	142.00	117.00	97.50	88.00	88.50	85.50	75.50	72.50	71.00	68.50	86.50	162.50	164.00	142.00	125.50	111.50	108.00	115.50	125.50	106.50	143.00	137.50	107.50	97.00	86.50	83.50	94.50	134.00	125.00	135.50	110.00	102.50	103.00	103.00	97.50	79.50	74.00	83.00	89.50	94.00	99.00	104.00	93.50	80.50	77.00	100.00	102.50	103.00	105.00	118.50	104.00	91.50	86.50	80.50	75.00	71.00	65.50	62.50	57.50	57.50	59.00	60.00	58.50	56.00	50.00	47.00	45.50	44.00	43.00	42.00	42.00	42.00	43.00	49.50	57.50	62.50	85.50	102.00	79.00	65.50	65.50	89.00	117.00	120.50	108.00	93.50	84.50	94.50	100.00	126.00	141.00	143.50	142.50	145.00	121.00	136.50	159.50	158.50	133.00	117.50	105.00	94.00	96.50	100.00	115.00	97.50	85.00	83.00	85.00	80.00	73.50	67.00	66.50	68.00	61.00	64.00	61.00	61.00	57.50	61.00	60.50	60.50	61.00	57.00	70.00	57.50	79.00	62.00	66.00	70.50	66.50	57.50	71.00	75.50	74.50	71.50	62.50	60.00	62.00	63.50	61.50	55.50	56.50	60.00	65.00	86.00	96.50	76.50	62.50	59.00	56.00	55.50	55.00	54.50	53.00	54.50	64.50	74.50	78.50	78.00	95.00	64.00	55.50	50.50	47.50	44.00	43.50	46.50	51.00	40.00	34.00	36.00	30.50	38.50	42.50	40.00	29.50	27.50	28.00	32.00	38.00	47.00	44.00	46.50	46.00	48.00	50.00	50.50	52.00	53.00	54.50	56.00	58.00	67.00	70.00	69.00	69.50	68.50
81.50	101.50	126.25	140.50	136.00	123.50	108.75	100.75	84.00	76.50	79.00	84.00	82.50	75.00	64.00	46.50	49.50	65.75	70.50	66.00	53.75	47.00	43.25	50.25	53.75	42.25	103.75	138.25	102.50	89.00	75.00	48.25	41.00	59.50	132.25	112.50	88.25	82.75	100.50	109.75	104.25	102.75	90.25	79.75	90.50	109.50	142.50	164.00	143.25	141.75	144.00	114.75	104.00	103.25	103.00	103.75	113.75	134.00	137.75	112.75	98.50	88.25	85.25	83.00	74.50	74.75	75.50	70.75	77.50	136.75	155.25	142.75	129.00	113.25	108.00	115.25	124.00	107.50	142.25	133.50	109.00	99.25	87.00	83.25	90.25	121.75	119.25	133.25	111.25	101.75	103.00	102.75	97.25	80.25	74.25	83.75	91.50	96.25	100.25	112.00	96.25	83.25	75.75	96.00	99.75	98.50	105.50	121.00	105.00	94.75	90.00	84.00	78.00	73.25	67.00	62.75	58.50	57.00	58.00	59.00	58.00	55.75	50.75	47.25	45.50	44.00	43.00	42.00	42.00	42.00	42.75	49.75	59.75	65.25	86.00	100.00	79.25	63.75	63.00	84.75	114.50	123.50	113.50	92.00	82.25	90.25	99.00	123.75	140.00	139.00	135.75	139.50	117.50	123.50	141.25	142.75	125.00	110.50	99.75	91.50	90.25	90.50	103.25	93.00	81.75	83.75	83.25	78.00	73.75	64.50	60.25	65.00	61.50	62.25	60.25	60.50	58.75	62.50	61.50	59.25	60.75	54.25	65.50	57.50	73.75	61.50	65.00	68.25	62.75	57.00	68.75	72.25	73.50	70.50	61.50	62.50	66.50	64.25	61.50	55.75	55.00	61.00	66.50	88.75	101.25	88.50	73.25	64.50	55.25	56.00	55.50	54.25	53.00	55.25	64.50	75.75	75.00	78.50	86.25	61.75	55.75	48.50	44.50	45.75	47.00	46.25	40.00	32.50	36.75	39.00	37.25	41.00	43.25	40.25	34.75	36.25	37.25	37.50	40.00	44.50	43.50	46.00	46.25	47.25	47.50	51.00	52.25	53.50	55.25	60.00	59.25	66.25	69.00	68.25	69.50	69.75
82.50	94.50	105.00	117.50	130.00	122.50	106.00	97.50	82.00	79.00	73.50	68.50	67.00	62.00	56.50	49.00	43.00	44.50	46.00	48.50	44.00	41.00	39.00	40.00	37.50	35.50	78.50	102.50	88.00	76.50	62.50	45.00	41.00	51.00	92.50	99.50	79.50	93.00	132.00	107.00	100.00	95.50	92.50	83.00	69.50	89.50	128.00	165.50	133.50	138.00	163.50	121.00	104.00	103.50	102.00	102.00	102.50	132.00	125.00	104.00	101.50	91.00	77.00	76.00	73.00	82.50	92.00	91.00	74.50	70.00	94.00	128.50	134.00	123.00	112.50	115.50	118.00	106.50	141.00	118.50	101.00	101.50	90.50	83.00	83.00	90.00	101.50	128.50	104.50	91.00	101.50	102.00	96.50	80.00	74.00	87.50	100.00	103.00	105.00	134.00	116.00	96.50	78.00	66.50	71.00	78.50	101.00	126.00	104.50	96.00	92.00	89.00	85.00	79.00	72.00	64.50	61.00	58.00	54.50	55.50	55.50	54.00	51.50	48.50	46.50	44.00	43.00	42.00	42.00	42.00	42.50	50.00	61.50	63.00	77.00	93.50	73.50	56.50	59.00	65.50	97.00	108.50	97.50	87.50	84.50	89.50	96.50	110.50	132.50	126.50	116.00	114.50	102.00	99.00	102.00	103.50	101.50	94.00	86.50	85.50	81.00	77.50	79.00	81.00	77.50	84.50	74.50	67.00	67.50	63.50	73.50	75.00	65.50	61.50	58.00	65.50	62.50	61.00	67.50	66.50	65.50	52.50	58.50	57.50	58.50	57.50	60.00	62.50	54.00	49.00	60.50	67.00	67.50	68.00	68.00	71.00	74.00	62.50	58.00	54.50	55.00	58.00	50.50	59.00	64.50	72.50	78.50	77.00	54.00	56.50	55.00	52.00	52.00	51.50	70.00	82.00	66.50	58.50	55.50	51.00	43.50	45.00	45.50	51.00	39.50	23.50	33.00	39.00	44.50	44.00	40.50	42.50	40.00	37.00	39.50	47.50	42.00	42.00	39.00	40.00	41.00	42.00	48.00	45.50	44.00	58.00	52.50	53.00	53.00	62.00	62.50	69.00	67.50	65.00	71.00	74.50
88.00	98.00	103.00	106.00	115.50	124.50	108.50	93.50	82.50	85.00	80.50	70.50	64.00	61.50	65.50	72.00	59.50	46.00	40.00	39.00	37.00	37.00	35.50	35.00	35.00	35.00	63.50	82.00	75.50	68.50	58.00	41.50	41.00	47.50	77.00	84.00	72.00	89.00	144.00	124.50	99.50	91.00	86.00	84.50	68.00	75.00	113.00	141.00	124.50	136.00	172.00	125.50	104.00	103.50	102.50	102.00	101.50	118.50	132.00	104.00	102.50	94.00	76.00	74.00	74.00	87.50	101.50	102.50	85.50	68.00	68.00	91.50	109.50	123.50	121.00	118.00	109.50	100.50	140.50	108.50	97.50	99.00	95.00	83.00	83.00	83.00	86.00	115.00	104.00	88.50	92.00	101.00	94.50	78.50	74.50	89.00	102.00	103.00	109.50	141.50	140.00	107.50	92.50	83.50	67.50	69.00	100.00	120.00	129.50	95.00	88.00	84.00	81.00	80.00	75.50	67.50	62.00	60.00	55.00	53.50	53.50	52.50	50.50	47.50	46.00	44.00	43.00	42.00	42.00	42.00	42.00	50.00	61.00	64.00	82.00	97.00	76.50	57.00	62.50	64.00	76.50	90.50	89.50	86.50	84.00	81.50	93.00	93.50	103.50	103.00	98.50	98.50	100.00	93.50	94.00	96.00	94.50	90.00	87.00	80.00	75.50	69.50	71.50	74.50	69.50	79.50	82.50	66.50	58.50	63.50	99.00	93.50	67.50	66.00	63.50	69.50	71.00	57.00	62.50	62.50	57.50	55.50	57.50	57.00	59.00	55.50	55.50	59.50	60.00	51.00	56.50	64.50	60.00	62.00	62.00	69.50	68.00	65.00	68.00	80.00	95.00	69.00	51.50	52.00	51.50	49.50	54.00	58.00	54.00	66.50	58.50	52.00	49.50	49.00	54.00	54.00	53.00	50.00	48.00	47.00	52.50	48.50	48.50	47.00	25.50	31.00	48.00	42.00	36.50	40.50	42.50	44.00	40.00	40.00	40.00	39.00	36.50	42.00	45.00	45.50	45.00	42.00	44.50	46.00	54.00	54.50	45.00	48.00	50.50	55.50	57.00	67.00	64.50	67.50	70.00	76.00
95.50	104.50	105.00	105.00	106.50	116.50	108.50	95.50	87.00	90.50	88.00	80.50	76.50	76.00	82.50	99.50	101.00	71.50	47.50	38.00	35.00	35.00	35.00	35.00	35.00	35.50	49.50	62.50	64.00	61.00	52.50	41.00	41.00	45.00	60.50	69.50	66.50	82.50	117.00	125.00	99.50	88.00	80.50	79.00	70.00	65.00	94.00	122.00	118.50	141.00	152.50	129.50	104.00	104.00	103.00	101.50	101.00	104.00	124.50	104.00	103.00	96.50	79.50	74.50	76.50	91.00	103.50	104.00	90.00	69.00	68.00	68.00	70.00	107.00	116.50	112.50	103.50	98.00	135.00	104.50	94.50	95.50	98.50	83.50	83.00	83.00	83.00	93.50	102.00	88.50	88.00	96.50	92.50	77.50	74.50	88.50	100.50	103.00	106.00	129.50	131.00	110.00	102.00	102.50	90.50	63.00	71.50	94.50	122.00	110.50	97.50	82.50	74.00	75.00	75.00	72.50	64.50	62.50	57.00	53.50	52.00	51.50	49.50	47.50	45.50	44.00	42.50	41.00	41.50	42.00	42.00	51.00	74.50	71.50	86.00	96.00	76.50	59.00	56.50	62.00	66.00	71.00	74.50	82.00	77.50	80.00	89.50	86.00	91.00	98.00	94.50	94.50	90.00	87.50	88.00	86.50	89.00	89.50	88.50	83.50	80.50	71.50	72.50	77.50	71.00	79.50	89.00	68.50	57.00	62.00	100.00	85.50	63.50	61.00	64.50	66.50	74.50	60.00	59.50	61.50	56.50	53.00	58.00	57.50	53.00	53.00	53.00	57.00	62.00	54.50	56.00	65.00	67.00	61.50	60.50	64.00	74.50	81.50	98.50	125.50	119.00	86.50	64.00	56.00	52.00	48.50	48.50	49.00	52.00	55.50	57.50	54.00	49.00	49.00	49.50	51.00	48.50	34.50	32.00	29.50	32.00	36.50	38.00	28.50	37.00	46.00	46.50	40.50	36.00	35.50	43.50	38.50	39.50	37.50	33.00	39.00	37.00	39.00	42.00	39.00	45.00	44.50	42.50	41.00	45.50	46.50	43.00	43.50	47.00	55.50	55.00	54.50	60.00	70.00	73.00	74.00
93.50	105.00	105.00	105.00	105.00	106.50	109.00	98.75	92.00	99.25	100.25	98.00	96.50	98.50	100.50	106.50	122.50	112.00	60.00	40.75	35.00	35.00	35.00	35.00	35.00	35.00	36.00	41.00	49.75	51.75	48.00	43.25	44.00	44.75	48.25	56.25	61.00	88.50	109.00	106.25	99.25	84.25	79.00	73.75	68.00	64.50	75.75	97.75	118.25	144.00	155.00	131.25	108.75	104.00	103.75	102.00	101.00	101.75	103.00	102.25	101.75	98.00	88.00	81.50	80.75	93.00	101.50	103.50	93.50	74.75	71.00	68.00	68.00	76.00	95.25	104.25	98.00	91.75	118.75	101.75	93.00	93.00	97.00	88.00	83.25	83.00	83.00	84.00	101.25	89.75	88.00	91.00	91.00	76.25	74.25	87.25	99.75	103.00	99.25	102.75	112.25	104.75	103.00	102.50	100.50	67.75	62.25	70.25	92.75	125.75	111.00	82.25	74.50	75.00	70.00	71.00	69.25	65.00	60.75	56.50	51.75	49.75	48.00	46.50	45.25	43.25	42.50	41.00	41.00	41.75	41.75	49.25	82.50	102.50	78.50	90.00	73.75	60.25	54.00	58.25	65.75	72.00	77.25	78.00	70.00	71.75	79.50	80.50	84.50	90.50	94.75	98.50	92.25	95.50	95.00	89.00	83.25	81.75	83.50	82.75	79.00	75.00	70.00	76.75	72.25	66.00	83.75	74.25	75.00	59.25	64.50	70.00	68.25	61.00	66.50	67.75	65.00	56.75	53.00	56.75	56.75	52.00	52.00	54.50	52.50	51.75	53.25	58.00	68.50	53.25	57.50	55.25	57.50	59.25	64.25	67.50	75.75	98.00	119.50	137.50	129.00	99.00	75.50	61.50	56.75	54.50	50.75	56.50	55.00	46.00	51.25	58.00	47.75	38.25	37.25	29.00	25.75	27.00	32.75	39.00	38.75	41.25	40.25	44.50	48.50	47.75	47.25	38.25	33.25	37.50	35.50	37.00	34.25	34.00	31.75	35.00	35.25	38.75	37.25	38.00	40.75	47.75	42.50	43.50	43.75	46.25	45.00	43.50	47.50	49.25	46.75	55.50	61.50	70.75	75.75	74.00
92.00	105.00	105.00	105.00	105.00	105.00	108.00	100.50	93.00	102.00	104.00	103.00	102.00	104.50	104.00	106.00	125.50	124.50	67.00	42.50	35.00	35.00	35.00	35.00	35.00	35.00	35.00	35.50	44.50	48.50	47.00	44.00	45.50	46.00	46.50	54.00	60.50	92.50	112.50	106.00	99.00	83.00	79.00	74.00	65.50	65.00	69.50	90.00	117.50	138.50	154.50	132.00	111.00	104.00	104.00	102.50	101.00	101.50	102.00	101.50	101.00	97.50	90.00	83.50	82.00	93.00	100.50	103.00	94.50	76.50	72.50	68.00	68.00	69.50	84.50	102.00	96.00	89.50	112.50	101.00	93.00	93.00	96.00	90.50	83.50	83.00	83.00	84.00	101.50	91.00	88.00	89.00	90.00	76.00	74.00	87.00	98.50	103.00	98.50	99.50	107.00	103.00	103.00	102.00	100.50	73.00	61.00	63.50	86.50	118.50	106.00	74.50	77.00	79.00	68.50	69.00	70.50	66.00	61.50	57.50	52.50	49.50	47.50	46.50	45.00	43.00	42.50	41.00	41.00	41.50	41.50	48.50	75.00	105.50	79.50	91.50	74.00	59.50	52.50	55.00	64.50	70.00	77.00	80.00	71.50	75.00	81.00	79.50	86.00	90.50	94.50	98.50	90.50	97.00	97.00	91.50	85.00	83.50	82.00	82.00	79.00	74.50	71.50	77.00	71.50	63.00	81.50	74.00	74.00	58.50	59.00	65.50	70.50	64.50	66.50	68.50	65.50	57.50	52.50	55.00	56.50	52.50	51.50	54.00	53.00	51.00	54.00	60.50	69.00	52.50	54.50	48.50	56.50	60.00	65.50	70.50	76.50	99.50	118.00	131.50	126.50	96.00	77.00	63.50	59.50	57.50	53.00	58.50	59.00	43.50	53.00	59.00	42.50	25.50	34.00	25.50	27.00	32.00	43.00	49.50	48.50	48.50	48.00	51.50	49.00	48.50	45.50	36.50	33.00	38.00	33.50	37.50	36.00	37.50	31.50	32.00	35.00	35.50	37.00	41.50	39.00	46.50	43.50	46.50	45.00	47.00	48.50	41.00	49.00	49.00	45.00	58.50	61.00	70.50	75.50	76.00
91.75	104.25	105.00	105.00	105.50	102.75	98.75	91.00	93.50	105.00	105.00	105.00	105.00	105.00	104.50	103.50	119.25	148.50	97.00	47.75	35.00	35.00	35.00	35.00	35.00	35.25	35.00	36.00	36.75	40.50	45.00	47.00	49.50	53.25	52.50	47.75	60.75	106.50	131.00	105.00	100.25	82.25	99.50	92.50	62.00	62.00	62.50	73.75	107.50	126.75	136.50	128.50	116.25	106.25	104.00	103.75	102.50	101.50	99.50	99.50	99.00	96.50	91.50	87.00	85.25	91.75	99.50	102.75	95.50	82.00	78.75	71.00	72.50	77.50	75.25	74.50	81.00	82.25	87.50	98.50	90.75	93.00	93.25	98.50	92.50	85.50	83.00	83.00	89.25	99.50	94.00	90.00	87.25	73.50	72.00	82.75	93.00	99.75	98.50	91.75	100.75	102.75	102.25	92.00	90.25	77.25	63.50	59.25	63.50	97.75	97.25	92.25	102.00	95.00	75.25	65.50	65.50	67.50	62.50	60.50	56.25	52.75	49.25	46.25	45.00	42.50	41.50	40.50	39.75	40.00	38.25	43.50	62.00	81.00	84.00	97.75	75.50	62.75	56.75	56.75	55.75	60.25	64.25	76.25	81.25	78.00	76.25	83.75	86.50	90.25	91.50	91.50	91.00	93.75	98.50	94.50	88.25	88.25	88.00	86.00	81.75	76.75	62.25	61.50	61.75	61.75	66.75	63.50	60.25	55.25	56.75	60.50	65.00	61.75	60.25	63.00	60.75	56.25	58.75	58.00	55.00	53.00	54.25	51.50	52.00	49.50	53.75	61.75	54.25	52.50	48.50	50.00	62.25	60.50	62.00	74.00	77.75	71.25	73.75	78.00	81.75	86.50	70.50	62.75	56.50	54.75	50.50	53.25	45.50	52.25	48.75	33.50	29.00	32.75	35.50	37.75	46.25	56.50	57.25	53.75	54.00	53.50	51.75	53.25	48.75	46.25	50.50	44.00	37.75	37.75	34.75	38.00	40.50	38.75	35.25	40.75	38.50	41.25	48.00	47.50	45.50	47.50	47.00	50.50	53.25	47.50	44.50	41.50	48.75	54.50	52.50	54.75	62.50	69.25	75.25	73.50
91.00	104.50	105.00	107.25	107.00	100.25	90.00	80.75	89.25	104.25	105.00	105.00	105.00	105.00	103.75	96.50	98.75	122.00	104.00	51.00	35.00	35.00	35.00	35.00	35.25	38.25	38.25	43.75	42.00	37.00	42.75	47.25	50.25	55.25	52.25	46.50	55.25	78.75	108.00	99.75	101.25	83.00	103.00	103.00	67.00	61.00	61.75	64.75	95.50	120.50	129.25	123.00	116.75	106.00	104.00	104.00	103.50	102.50	99.25	99.50	98.00	96.00	92.50	88.50	87.25	91.75	99.25	102.25	96.50	86.00	83.00	75.50	77.25	83.75	83.25	73.25	67.75	72.25	73.00	84.25	87.00	96.00	94.75	101.00	100.25	94.75	84.75	83.00	84.25	102.75	101.00	95.00	85.00	74.00	70.25	79.75	88.50	94.75	98.75	92.00	93.00	100.25	102.25	98.50	90.00	77.50	64.50	56.75	61.00	94.50	100.50	99.25	102.00	97.50	78.25	66.75	62.25	66.00	63.00	61.25	57.50	54.75	51.50	48.00	46.00	43.00	41.25	39.75	38.75	38.50	37.25	41.25	58.00	69.50	81.75	96.00	75.00	63.00	57.75	57.00	56.00	59.00	58.50	79.50	82.25	78.00	73.75	82.25	87.75	95.75	94.50	97.75	93.25	93.50	95.25	95.00	89.25	89.00	88.75	84.25	80.00	78.50	62.50	63.25	62.25	62.25	61.50	57.25	53.50	53.25	53.50	57.25	63.00	59.50	60.00	59.50	59.25	57.25	58.75	55.25	51.75	53.75	53.50	52.75	51.75	47.50	49.50	56.00	50.25	51.25	47.75	49.00	67.50	61.50	60.50	63.50	72.50	66.75	60.25	63.00	63.75	75.00	67.50	63.50	55.00	59.00	50.75	51.50	40.00	47.75	40.00	23.25	36.50	40.25	47.75	49.50	48.00	52.50	54.25	54.00	54.00	53.50	54.25	53.75	52.25	49.75	49.75	44.75	38.00	43.00	34.25	37.25	36.50	38.25	38.00	41.50	40.25	44.75	50.25	52.00	48.50	50.75	49.75	50.00	50.00	45.75	42.75	40.75	51.50	54.00	52.50	51.00	58.25	62.00	67.00	71.00
87.75	114.25	122.00	122.00	112.25	99.75	86.25	76.00	79.75	95.75	105.00	105.00	105.00	105.00	103.75	81.50	71.50	82.50	88.75	55.50	35.25	35.00	35.00	35.00	38.75	46.25	47.75	53.00	50.75	39.00	40.00	45.00	48.50	54.00	53.00	50.50	52.50	58.00	86.25	89.25	90.00	82.00	93.00	99.00	74.75	62.00	61.00	58.00	84.50	114.00	128.75	138.75	148.50	132.50	112.50	104.00	104.00	103.50	100.25	101.50	99.25	97.75	93.25	90.00	88.50	92.25	98.25	101.25	97.50	90.00	87.00	80.75	82.25	90.25	91.50	83.75	68.00	64.25	66.25	68.50	82.75	100.25	99.75	110.75	113.00	112.00	90.75	84.50	87.50	101.25	103.00	99.00	83.75	74.50	68.75	76.25	82.25	85.50	96.75	94.25	84.75	93.25	100.75	104.25	101.00	85.50	65.00	57.00	59.50	88.00	97.00	99.50	102.00	98.50	74.75	64.75	60.75	64.25	64.00	61.75	58.00	55.50	52.75	49.75	47.25	44.00	42.00	40.00	38.50	37.50	37.00	41.00	55.00	61.00	70.50	83.00	72.50	63.50	58.75	56.50	58.50	58.25	56.50	78.75	83.25	82.00	78.00	80.75	88.25	99.75	100.00	101.25	95.00	92.75	90.50	89.75	85.75	84.50	87.25	81.75	77.00	81.00	63.00	65.25	64.00	59.75	57.50	54.75	53.75	52.50	50.00	54.25	60.75	59.25	61.75	58.50	60.50	57.75	58.25	54.75	55.25	56.50	53.25	56.25	53.50	49.00	49.75	51.00	50.50	50.75	47.25	48.50	64.50	61.25	59.00	58.50	66.00	62.75	57.75	58.25	59.00	66.75	63.75	59.00	54.75	59.75	54.00	57.75	44.00	39.50	30.00	28.50	44.75	47.25	51.75	54.75	50.50	50.25	53.50	54.00	53.75	52.50	52.75	53.00	53.25	52.50	51.00	43.50	38.00	44.00	32.50	34.50	33.75	38.50	41.25	43.50	42.25	44.00	45.75	47.00	49.00	48.75	49.25	49.25	49.25	48.50	44.50	45.25	50.00	56.75	52.50	49.75	55.75	58.00	59.75	64.25
79.75	120.25	148.25	146.00	129.25	106.50	87.25	74.50	71.75	79.25	97.50	104.25	104.50	105.00	104.25	70.25	56.25	58.75	64.75	57.00	38.00	35.50	35.00	35.00	46.50	60.75	64.75	57.25	53.25	45.00	41.25	41.25	43.75	46.50	48.75	49.00	49.75	53.50	68.50	72.00	72.75	74.75	78.50	85.50	79.50	64.00	59.25	55.00	75.25	104.75	129.00	155.50	182.50	173.00	144.75	121.25	107.00	105.00	102.25	103.25	106.50	102.25	94.50	91.50	89.75	92.50	96.50	99.25	97.25	92.50	89.50	85.00	87.25	96.50	99.75	95.75	79.50	68.00	63.50	62.75	78.00	99.75	107.50	130.00	124.00	120.00	98.75	93.25	94.50	95.50	102.75	100.00	84.25	75.25	67.75	71.00	73.75	74.00	85.75	94.75	84.25	84.00	96.75	105.25	107.50	92.00	70.50	59.00	56.25	79.50	89.75	95.25	97.00	98.25	74.75	61.75	60.00	63.00	64.25	62.25	58.00	55.50	53.00	51.00	48.75	45.00	43.00	40.50	39.00	37.25	37.00	40.75	51.50	55.75	61.00	67.50	66.75	66.50	62.50	60.50	59.50	57.50	55.75	72.00	78.75	82.25	86.75	83.00	84.25	91.25	95.75	91.50	88.25	84.75	82.25	84.25	81.75	79.75	82.00	79.25	75.00	85.25	64.00	64.00	63.75	61.00	56.25	53.00	53.00	51.25	49.00	51.75	58.50	55.00	61.75	56.50	59.25	56.25	55.75	54.25	61.50	59.25	55.50	57.75	51.50	52.00	52.00	52.50	51.25	52.00	50.25	50.25	59.75	57.50	53.25	55.25	60.00	61.75	61.00	65.50	71.50	68.50	62.50	59.50	53.50	57.50	54.75	59.50	46.00	29.25	36.25	41.50	45.50	44.25	47.25	50.50	49.50	50.00	53.00	54.00	52.00	51.50	52.25	53.00	53.25	56.25	55.00	44.25	36.25	40.50	31.50	35.25	35.25	39.25	40.75	45.75	43.75	45.25	43.25	46.25	46.75	46.50	46.75	47.50	47.75	53.00	48.50	49.50	48.25	55.50	52.00	52.25	56.75	60.00	59.00	59.50
68.50	105.25	156.50	161.75	151.00	120.25	90.75	72.50	69.75	70.25	81.50	97.25	100.50	103.25	100.75	64.50	54.00	53.00	54.00	55.25	42.50	36.50	35.00	37.00	52.75	76.00	83.25	57.75	54.50	51.75	48.75	41.75	41.25	40.75	42.00	43.00	44.50	48.75	57.25	57.50	60.75	63.50	64.00	67.25	76.25	65.75	57.50	53.75	66.25	97.00	124.75	150.25	167.50	173.25	164.50	145.50	118.25	107.75	105.00	103.50	119.25	107.00	96.75	93.25	91.25	92.75	94.50	96.25	95.25	92.25	89.75	86.50	91.00	101.00	108.50	115.75	101.25	82.50	63.50	62.00	72.00	95.75	112.00	138.25	122.00	113.50	102.75	101.75	98.50	90.25	101.50	100.00	86.00	76.50	68.00	66.50	66.25	65.50	70.50	83.25	88.50	79.25	87.75	100.75	106.00	93.75	78.75	62.00	54.00	71.00	82.25	87.25	84.00	91.75	71.50	61.50	59.00	61.50	63.00	62.25	58.50	55.50	53.00	51.50	49.50	46.00	44.00	41.00	39.75	38.00	37.00	40.00	47.75	51.25	58.00	62.00	61.75	66.50	64.50	60.75	60.00	57.00	57.00	66.75	71.75	75.25	84.25	81.50	76.25	79.75	84.50	80.50	77.75	76.75	77.50	79.75	77.50	74.50	76.25	75.00	70.50	78.75	65.75	62.75	64.25	64.00	58.50	51.25	52.25	54.75	52.25	51.00	58.00	50.25	60.50	53.25	53.00	55.25	52.25	52.00	57.75	59.75	58.50	54.25	56.00	53.50	48.75	57.50	58.50	53.75	51.25	50.75	56.75	53.25	54.25	55.00	62.75	71.75	72.00	74.50	76.50	66.50	61.00	60.00	53.50	53.00	51.50	56.75	41.25	23.00	47.75	47.25	47.00	45.00	44.00	45.25	47.25	49.25	51.00	52.25	50.25	51.50	53.75	53.75	56.25	62.75	60.00	49.25	45.50	42.00	35.75	37.75	37.50	39.75	39.50	47.50	46.00	45.50	46.25	52.00	51.00	50.75	50.50	51.50	50.75	56.25	54.00	51.00	54.75	54.25	53.75	54.25	59.50	62.75	62.75	62.50
63.00	76.50	133.00	158.50	157.50	138.50	107.00	87.00	70.00	69.00	70.50	79.50	88.00	93.50	86.50	56.50	52.50	50.00	51.00	51.00	42.50	35.50	45.00	51.00	55.00	61.50	73.00	54.00	54.00	55.00	55.00	48.50	45.50	42.50	43.50	47.00	44.50	41.50	43.50	52.00	55.00	55.00	55.00	54.50	57.00	62.50	55.00	54.50	71.00	106.50	129.00	144.00	143.50	143.50	155.50	160.50	136.00	116.50	114.00	104.50	134.00	114.50	100.00	96.00	93.50	93.00	93.00	93.00	92.00	90.50	89.00	87.00	94.50	103.00	111.50	137.00	133.00	105.00	84.00	69.00	62.00	80.00	106.50	120.00	104.00	103.00	103.00	100.50	97.00	85.50	95.00	100.00	88.50	78.50	69.00	65.50	63.50	63.00	61.50	61.50	70.00	88.00	71.00	79.50	96.00	91.50	74.00	64.00	54.00	63.50	74.00	69.00	65.00	80.50	63.00	61.50	57.50	58.50	60.00	60.00	60.50	57.00	53.00	50.50	49.50	46.50	44.50	42.50	40.50	38.50	37.00	38.50	42.00	44.50	54.00	62.00	61.50	65.50	67.00	62.50	65.00	69.50	64.00	66.50	69.50	70.50	73.50	76.50	73.50	72.00	74.50	77.00	74.50	72.00	77.50	74.00	74.50	77.00	77.50	73.00	66.50	62.50	67.00	60.50	58.00	66.50	62.50	54.00	49.50	55.50	52.50	53.50	57.50	55.00	58.00	56.00	53.00	58.50	55.00	51.50	50.50	54.00	58.50	55.50	68.50	58.00	49.50	58.50	68.00	63.50	51.00	49.00	52.00	50.50	59.00	62.00	61.50	69.50	64.50	64.00	58.00	54.50	57.50	48.50	52.50	59.50	46.50	47.50	29.00	26.00	41.50	44.50	47.50	48.00	49.50	49.00	48.00	51.00	52.00	53.00	53.00	56.50	61.50	57.50	60.50	70.00	70.00	66.00	62.50	58.50	49.00	49.50	43.00	40.50	42.00	51.00	50.50	48.50	49.00	56.00	57.00	58.50	65.50	62.00	57.00	57.50	61.50	65.00	64.50	63.00	59.50	61.00	65.00	56.50	54.50	60.00
65.00	72.50	118.25	148.25	156.50	145.50	114.75	95.75	72.25	67.50	70.75	79.00	85.00	89.00	81.50	56.25	51.75	49.25	49.00	48.25	40.75	37.00	49.50	53.00	64.50	62.75	63.50	52.75	52.75	54.25	55.00	50.25	47.25	43.50	44.25	49.50	48.00	44.75	46.00	53.25	55.00	55.00	54.25	53.75	56.50	61.50	54.25	54.75	78.25	114.75	136.00	143.75	142.25	141.75	149.25	155.50	140.25	123.50	117.25	103.75	121.25	112.50	102.75	97.00	94.25	93.00	93.00	93.00	91.75	90.00	88.75	87.00	94.75	102.75	110.75	137.75	135.50	113.75	94.00	71.50	60.75	71.25	96.25	118.25	103.50	103.00	103.00	98.25	91.75	83.25	92.50	100.25	89.50	79.75	70.25	66.25	64.00	63.25	62.00	60.50	66.00	84.50	71.50	71.50	88.25	90.50	69.50	65.50	54.50	63.00	72.00	66.50	64.50	78.50	63.50	61.75	57.00	57.50	58.50	58.50	60.00	58.75	53.75	50.50	49.00	46.00	44.50	42.25	40.50	38.50	37.00	37.75	40.25	42.25	51.50	60.25	60.75	64.25	64.00	62.00	64.50	71.25	68.00	66.25	68.50	69.75	74.25	74.25	72.25	71.75	72.50	74.50	73.00	71.75	77.50	77.00	76.25	73.75	75.50	72.75	67.25	63.75	66.25	57.50	57.75	67.25	64.50	54.75	51.75	57.00	53.00	54.75	57.75	56.75	57.75	56.25	56.00	59.25	56.75	53.50	51.75	54.75	59.00	55.00	67.00	59.25	52.50	58.50	66.00	61.75	53.50	51.50	51.25	51.25	56.75	58.00	59.00	65.00	60.00	60.25	56.50	53.00	63.25	54.00	50.75	54.75	44.75	44.75	25.50	33.25	43.25	44.75	48.25	48.50	48.50	48.25	49.00	52.50	52.50	52.75	54.75	57.75	61.25	58.25	60.75	69.75	75.25	72.00	63.25	59.75	52.75	49.50	45.25	42.25	47.00	54.75	53.50	51.50	53.75	58.25	59.75	59.50	67.50	65.25	60.25	61.25	59.75	62.25	63.25	63.25	62.00	61.00	65.00	56.50	53.50	61.25
69.50	64.00	84.50	112.00	143.00	154.50	132.50	112.00	79.50	65.00	73.00	82.50	85.00	77.00	69.50	53.50	50.00	46.50	43.50	41.00	36.50	41.50	55.00	54.50	56.00	59.00	51.00	49.00	51.00	53.00	57.50	55.00	52.00	46.50	47.00	60.50	74.00	77.50	64.00	56.50	58.50	59.50	54.50	52.50	53.50	55.00	50.00	54.00	84.00	129.00	144.00	153.00	139.00	137.00	139.50	142.00	144.00	146.50	127.00	106.00	105.50	108.00	107.50	100.00	97.50	93.50	93.00	93.00	93.50	90.00	88.50	87.00	92.50	100.00	107.50	133.00	140.00	119.50	102.00	77.00	62.00	57.50	65.00	105.00	105.50	103.00	103.00	90.00	78.00	76.50	85.00	100.50	92.50	83.00	73.50	68.50	65.50	64.00	63.00	62.00	61.50	85.00	79.00	60.50	69.50	82.00	66.50	64.50	57.00	62.00	66.50	63.00	63.00	73.50	65.00	62.00	56.50	54.50	54.00	54.00	56.00	60.50	58.50	52.50	49.00	45.50	43.50	41.50	40.00	38.50	37.00	37.00	37.00	37.50	43.50	53.00	53.00	58.50	60.50	58.50	56.00	66.00	62.00	63.50	64.50	66.00	75.00	73.00	70.50	78.00	68.00	68.00	70.00	72.00	71.50	71.50	76.00	71.00	70.50	68.00	64.00	75.50	63.50	63.00	60.50	55.50	53.50	49.00	56.50	61.00	56.00	58.00	57.00	60.00	58.00	58.00	56.00	63.00	62.00	59.50	60.50	59.50	72.00	54.00	54.00	55.00	51.00	51.50	53.00	51.50	53.50	48.00	54.00	57.00	52.50	51.00	51.50	53.00	51.00	50.50	53.50	52.50	58.00	54.50	47.00	44.00	44.50	35.00	23.00	41.50	48.50	48.00	46.00	47.00	49.00	51.50	53.00	53.50	55.00	57.00	56.50	63.50	65.00	63.50	69.00	81.50	80.00	78.50	65.00	66.00	66.50	57.50	55.50	55.00	50.50	59.00	57.50	57.00	61.00	60.00	59.50	64.00	69.50	67.50	71.00	65.00	63.50	61.50	65.50	65.50	62.00	64.00	64.50	63.00	54.50	63.50
82.75	67.25	58.00	68.00	105.25	127.50	124.25	113.00	93.25	67.50	81.75	97.25	94.75	80.25	70.50	52.75	48.50	43.25	40.25	36.00	30.00	33.25	43.75	44.50	49.50	53.75	50.25	45.00	46.00	52.50	79.50	87.75	66.00	50.75	48.50	84.00	121.50	133.75	118.75	102.00	104.50	100.00	68.75	55.50	51.75	46.75	48.00	85.75	110.25	136.00	140.00	164.75	141.25	139.25	141.00	146.75	158.50	155.25	131.50	113.75	122.50	124.00	133.25	104.50	101.00	96.00	93.00	94.00	96.50	92.00	89.75	86.50	87.00	97.50	102.00	118.50	134.75	116.75	100.00	79.75	63.00	60.25	57.50	65.75	85.50	100.50	102.75	83.75	73.50	73.00	78.75	100.75	94.25	85.25	76.50	70.25	66.00	64.25	63.25	62.75	60.75	87.25	83.25	59.25	59.50	65.75	63.25	55.75	49.75	58.50	61.75	60.50	60.00	63.25	62.75	60.75	55.75	53.00	51.00	49.75	51.00	56.50	60.00	55.50	50.50	44.75	43.25	40.75	39.50	38.00	37.00	37.25	37.00	37.50	38.00	44.75	47.75	50.50	52.00	44.00	48.25	52.75	55.00	64.50	74.50	66.00	75.25	76.25	70.00	77.00	69.75	77.75	86.50	83.75	81.75	82.00	80.00	80.00	77.00	72.00	68.00	66.00	63.25	64.50	68.00	56.75	53.50	53.50	55.50	62.75	63.00	58.25	60.50	60.50	56.25	56.25	57.75	62.50	59.75	57.75	61.25	67.25	71.00	59.50	57.00	56.00	54.50	49.50	51.25	50.00	49.00	48.75	59.25	54.75	50.50	52.25	50.50	50.25	53.25	53.25	51.25	52.00	51.25	52.25	52.25	48.50	48.75	35.25	28.25	41.50	46.00	44.50	49.25	52.50	53.00	56.50	58.50	64.50	65.00	61.00	58.75	66.75	72.00	64.50	71.25	70.50	76.00	75.75	74.25	72.50	70.00	62.50	63.00	56.50	59.50	59.75	61.50	64.25	68.75	68.25	68.75	70.25	73.00	69.75	71.25	71.25	68.25	72.25	75.00	70.00	70.00	66.75	65.00	63.25	66.50	62.75
89.00	71.00	54.50	55.00	88.50	114.50	117.50	110.50	95.00	69.00	87.00	102.00	98.00	82.50	72.50	53.00	48.50	42.00	39.00	34.00	28.50	28.50	35.50	40.50	47.00	52.50	48.50	43.50	43.50	52.00	86.50	102.50	76.00	52.50	49.00	92.00	132.50	148.50	131.50	115.00	113.50	108.00	77.00	57.50	52.50	44.50	49.00	108.00	129.00	140.00	136.50	165.50	144.00	138.50	141.50	148.00	162.00	157.50	133.00	116.50	125.50	130.50	139.00	107.00	102.50	97.00	93.00	94.50	97.50	92.50	90.00	86.50	85.50	96.50	101.50	115.50	132.50	118.50	99.00	80.00	63.00	61.50	58.00	56.50	75.50	98.50	102.50	82.00	73.00	73.00	77.00	100.50	94.00	84.50	77.50	71.00	66.50	64.50	63.50	63.00	59.00	81.00	84.50	59.00	57.50	61.50	62.00	52.00	45.00	57.00	60.50	59.50	58.50	60.00	61.00	60.00	55.50	52.50	50.50	48.50	49.50	55.00	59.50	56.50	51.00	44.50	43.00	40.50	39.50	38.00	37.00	37.50	37.00	37.00	37.00	42.00	46.50	49.00	50.00	39.50	44.50	47.50	49.50	64.00	77.00	67.00	81.50	78.50	72.00	76.50	71.50	82.00	91.00	86.50	84.00	87.00	84.00	81.00	78.00	71.00	69.00	67.00	63.00	68.50	67.50	58.00	54.50	55.50	54.50	62.00	66.00	60.50	65.00	62.00	56.00	56.00	57.00	56.50	55.00	56.50	63.50	72.50	70.50	61.50	57.50	56.00	56.00	50.50	51.50	51.00	47.50	52.00	58.50	53.50	49.50	52.00	51.00	51.00	58.00	58.00	56.00	54.50	53.50	53.50	54.00	47.50	46.00	37.50	28.50	39.00	46.00	44.00	49.00	51.00	52.50	58.00	60.50	68.00	69.50	64.00	61.00	65.50	72.00	65.00	71.00	70.00	77.00	77.00	74.50	69.50	71.50	67.00	64.50	59.00	63.00	61.50	63.00	65.50	70.00	69.50	71.50	72.50	74.00	70.00	70.50	71.50	69.50	75.00	74.00	71.50	76.50	69.00	67.50	64.50	65.00	60.50
98.25	79.00	55.00	53.75	77.50	102.50	108.75	106.25	89.50	67.25	91.25	106.75	102.50	88.50	78.75	54.25	49.50	42.50	38.50	31.75	27.75	27.75	32.50	37.25	42.50	47.75	46.00	42.25	41.75	52.25	88.00	104.25	84.50	55.50	49.50	92.00	139.75	154.00	139.25	122.75	117.50	109.75	81.25	61.25	53.00	43.25	47.00	92.75	124.25	136.25	129.50	155.00	147.25	136.00	139.25	147.25	154.00	156.00	135.00	120.50	120.00	132.25	138.00	115.50	104.25	97.75	93.75	96.00	98.50	93.00	90.50	86.50	85.25	95.75	101.50	111.00	129.25	119.50	98.50	79.25	63.00	62.75	59.75	55.25	67.75	95.75	102.00	82.50	73.25	73.00	75.00	95.00	90.00	81.25	76.25	71.00	66.25	64.50	63.50	63.00	57.75	72.00	80.75	59.25	55.50	58.50	59.75	50.50	44.00	55.50	58.50	58.00	56.75	58.25	59.00	58.50	55.25	52.25	50.00	48.00	47.75	54.00	59.00	57.25	52.00	45.25	43.00	40.50	39.50	38.00	37.25	37.75	37.25	37.00	37.50	40.25	44.25	44.50	46.50	39.25	46.25	47.50	46.50	57.25	69.00	69.00	79.75	76.00	74.25	74.25	72.25	83.50	89.00	87.75	86.50	89.00	91.50	81.00	78.50	76.25	75.00	68.50	63.50	71.00	67.00	58.25	57.75	54.50	54.00	57.75	62.00	60.75	64.25	66.50	57.25	57.50	61.25	63.00	60.75	63.25	69.00	66.25	68.25	58.75	53.75	56.50	55.75	51.25	51.00	53.50	50.25	51.75	55.00	52.00	52.00	54.25	54.75	55.75	57.25	56.25	61.00	59.75	58.75	56.00	51.75	48.50	46.00	40.75	25.50	41.00	45.25	45.25	49.25	54.25	53.25	56.00	59.00	69.75	74.75	68.00	64.50	68.25	73.25	65.00	68.00	71.00	79.00	82.50	75.75	71.25	71.75	69.50	67.00	63.25	66.00	62.50	64.75	65.75	69.75	69.00	71.75	73.75	75.00	73.00	70.25	72.75	73.25	76.25	75.00	73.75	77.25	71.25	70.50	65.75	62.50	61.75
116.00	104.00	73.00	55.50	54.00	71.00	86.00	90.00	68.50	60.50	95.00	116.00	135.50	139.00	128.00	64.00	53.00	46.00	41.00	33.50	28.00	27.00	27.00	28.00	31.50	32.50	37.00	37.00	39.50	51.00	81.50	105.00	93.00	62.00	51.50	82.50	152.00	167.00	158.00	145.00	129.50	113.50	86.00	66.50	54.00	43.50	39.00	53.50	88.50	122.50	108.00	127.50	151.00	133.50	133.50	139.00	145.50	141.50	143.00	134.50	116.00	116.00	130.50	128.50	109.50	101.00	98.00	101.00	101.50	95.00	91.00	86.50	85.00	95.00	102.00	103.00	111.50	120.50	98.50	85.50	70.50	69.50	65.00	57.00	53.50	70.50	91.50	85.00	75.00	73.00	73.00	77.00	77.50	70.50	68.50	68.50	65.50	63.50	63.00	63.00	58.50	57.00	65.50	61.00	52.50	50.50	51.50	50.00	42.50	51.50	53.50	53.00	52.00	52.50	52.50	53.00	54.00	51.50	48.50	46.50	44.50	50.50	58.00	58.50	54.00	47.50	44.50	40.50	40.00	41.00	39.50	37.00	37.00	37.00	37.00	37.00	39.00	36.50	37.00	39.00	49.00	62.00	43.50	44.50	51.00	69.50	66.00	64.50	70.50	66.00	77.50	81.00	85.50	88.00	94.50	90.00	97.00	91.50	81.50	82.00	83.00	80.00	72.00	74.00	62.00	59.50	60.50	54.00	54.00	52.50	56.00	56.50	56.50	66.00	61.00	55.50	56.50	61.00	63.00	63.00	68.50	65.50	65.00	54.50	52.00	55.00	55.00	49.50	47.00	51.50	56.00	56.00	53.00	68.50	66.50	65.00	56.50	57.00	58.50	62.00	75.00	71.00	73.50	58.00	52.00	50.50	48.00	48.50	22.50	47.00	56.50	55.00	56.50	52.50	54.00	54.50	57.00	63.00	66.00	63.50	61.50	77.00	85.50	69.00	64.50	66.00	70.00	69.00	65.50	65.50	66.50	70.00	69.00	68.50	69.50	68.00	64.00	65.50	73.00	71.00	72.50	76.50	73.50	75.00	76.50	78.00	80.00	79.00	81.50	79.00	79.50	77.00	73.50	71.00	65.50	69.50
125.00	115.50	106.50	87.00	54.50	58.00	73.50	78.50	63.50	58.50	88.50	113.00	143.00	161.00	159.00	88.50	59.00	48.50	44.00	38.00	33.00	32.00	27.50	27.00	28.00	27.00	32.00	34.00	38.50	48.00	71.50	94.00	86.50	60.50	52.50	71.50	149.00	173.00	167.50	154.50	138.00	120.00	91.50	65.50	54.50	47.50	37.50	42.50	75.50	113.50	120.50	111.50	140.50	135.00	133.00	138.50	149.00	132.50	143.00	141.50	123.00	113.00	123.50	124.00	113.50	107.00	105.00	106.00	103.50	96.00	92.00	86.50	84.00	95.50	103.00	103.00	103.00	114.00	96.00	91.50	81.00	75.00	67.50	59.00	52.50	53.00	68.00	85.50	76.00	73.00	73.00	73.00	71.50	67.50	64.50	64.50	64.00	63.00	63.00	63.00	61.50	54.00	57.50	60.00	52.00	45.50	46.00	47.50	43.50	48.50	50.50	50.00	49.00	49.00	48.50	49.00	53.00	50.50	47.50	45.50	44.00	49.00	57.50	59.50	56.00	49.00	46.00	40.50	43.00	44.50	43.50	37.50	37.00	37.00	37.00	37.00	34.00	41.50	38.50	37.50	41.50	61.00	42.50	39.00	42.50	62.50	57.00	59.00	59.00	66.50	81.00	77.00	79.50	87.50	96.50	93.50	94.50	96.00	87.00	88.50	85.50	76.50	75.00	73.00	59.00	58.50	58.50	55.00	57.00	51.50	52.50	57.00	63.50	61.50	67.00	59.00	59.00	61.00	59.00	60.00	63.00	60.00	58.50	54.50	53.50	54.00	56.50	50.50	45.00	47.00	53.50	53.00	53.50	67.00	71.50	65.00	60.50	57.00	59.00	75.50	74.00	67.50	68.00	58.50	53.50	51.50	51.50	49.50	23.00	45.50	65.50	55.50	57.50	52.50	53.50	58.50	59.00	61.00	61.00	73.00	61.50	68.00	76.00	67.50	63.50	63.00	64.00	57.50	60.00	61.00	63.50	66.50	65.50	66.00	71.50	67.00	67.50	66.50	71.50	76.50	79.00	81.50	73.50	75.00	80.50	78.50	79.50	86.50	86.50	84.00	82.50	80.00	75.00	79.00	73.50	65.50
133.00	123.00	113.50	106.50	63.50	49.50	60.00	67.50	61.00	56.50	78.00	106.00	130.50	152.50	153.00	101.50	73.50	51.50	47.00	42.50	38.50	34.50	28.00	27.00	28.00	27.00	27.00	29.00	37.50	49.50	70.00	97.00	93.50	61.00	54.00	62.50	133.50	164.50	165.50	155.50	141.50	124.50	98.50	65.00	56.00	51.50	43.50	36.50	56.50	83.50	129.00	101.00	109.50	134.00	131.50	137.00	136.00	123.50	143.00	143.00	127.50	113.50	116.50	117.00	115.00	114.50	113.00	112.00	104.50	97.00	92.50	85.00	83.00	108.50	108.00	103.00	102.50	103.50	97.00	86.00	77.50	73.00	68.50	60.50	54.50	49.00	56.00	73.50	73.50	73.00	73.00	73.00	70.00	67.50	64.50	63.00	63.00	63.00	63.00	63.00	61.50	53.50	52.00	52.50	47.50	42.50	41.50	42.50	43.50	45.50	47.00	46.50	45.00	45.00	43.50	45.00	51.50	49.50	46.50	45.00	42.50	46.00	58.00	61.00	57.50	51.00	45.50	41.50	47.00	48.50	48.00	40.50	38.50	37.00	37.00	37.00	31.50	41.00	34.50	31.00	34.50	45.50	38.50	37.50	36.50	51.00	47.50	58.00	57.50	65.00	78.50	75.00	81.00	85.00	88.00	90.50	89.50	90.00	83.50	83.00	78.50	79.00	73.50	74.50	65.50	75.00	58.50	53.50	52.50	50.50	52.00	57.50	64.50	63.00	67.50	61.50	57.50	61.00	60.50	62.00	63.50	62.00	60.50	58.00	52.50	55.00	54.00	53.50	49.50	49.50	50.00	50.50	55.50	68.00	57.00	57.00	60.00	59.50	59.00	71.50	71.50	65.50	61.00	57.00	53.50	55.50	54.00	51.50	28.50	48.00	52.50	52.00	53.50	57.00	54.50	56.00	55.00	59.50	63.00	65.00	66.00	64.50	65.50	64.00	65.50	66.00	68.50	61.00	57.50	58.00	55.50	51.00	65.50	67.50	70.00	71.00	69.00	70.00	69.00	73.00	80.00	79.00	79.50	80.00	82.00	80.50	82.50	81.50	84.50	84.50	86.00	82.50	82.50	79.00	76.50	69.00
142.75	132.75	122.00	114.00	86.50	60.25	48.75	51.50	54.25	54.50	56.25	66.25	84.00	110.25	116.50	103.00	84.00	54.00	51.50	48.50	47.50	49.75	50.00	48.75	39.75	29.00	27.00	27.00	31.25	45.25	72.75	96.00	99.50	72.00	56.00	53.00	100.25	139.00	153.75	151.25	136.50	117.75	81.50	81.75	102.50	73.25	53.25	38.75	46.25	71.50	109.50	102.50	88.75	100.75	104.75	111.25	117.25	110.00	128.50	138.50	130.25	115.25	111.25	111.00	111.75	115.50	120.75	122.75	113.50	100.75	93.50	82.50	81.50	92.25	115.25	108.25	102.50	97.00	102.50	94.50	70.25	65.75	65.50	63.00	57.25	50.50	49.25	61.75	64.75	69.75	70.50	70.50	67.75	66.00	65.25	63.50	62.75	62.00	61.50	61.50	60.25	55.00	52.75	49.50	46.75	45.75	45.50	43.00	40.75	41.00	42.50	42.00	40.50	39.25	38.00	40.50	49.75	48.50	45.00	44.00	43.75	44.25	50.25	58.50	57.25	47.25	42.75	48.50	52.50	55.00	54.50	44.00	41.25	38.50	37.00	37.00	34.00	36.25	47.00	38.00	30.00	33.50	37.00	36.50	38.50	37.50	43.00	54.00	46.75	54.00	62.25	68.00	83.00	85.25	83.50	83.25	82.25	84.25	81.00	86.50	79.25	73.00	77.50	68.25	58.00	60.50	54.75	55.25	55.25	51.50	49.50	54.00	64.25	57.50	58.75	60.00	61.50	59.50	62.75	66.00	66.50	63.00	59.25	70.25	57.50	63.75	49.00	52.25	51.25	44.50	55.50	58.75	60.50	63.50	54.25	55.25	58.75	59.75	56.75	57.75	58.50	59.25	61.75	58.00	51.75	56.00	47.25	31.75	50.50	46.50	47.25	49.00	54.25	56.50	57.00	59.25	63.00	65.50	72.25	67.00	67.25	65.25	66.75	67.25	71.00	69.50	68.25	65.25	62.00	68.75	68.00	60.50	63.50	68.25	70.25	73.00	73.25	76.50	78.50	80.25	82.25	84.50	84.25	88.50	89.25	89.00	88.25	83.75	84.00	84.00	81.75	81.25	80.75	81.00	77.25	80.50
144.75	136.75	125.75	117.50	99.00	74.25	49.25	45.25	50.25	54.00	55.00	55.00	59.00	82.25	97.25	96.00	89.25	60.00	55.75	52.75	64.25	70.00	70.75	67.75	65.00	47.50	27.50	27.00	28.25	36.75	67.25	88.25	92.50	79.25	60.75	52.75	73.25	119.75	147.25	145.25	130.50	111.25	76.50	107.75	118.25	86.75	61.75	46.00	39.00	55.25	71.75	94.00	94.25	69.75	79.50	94.25	90.75	102.75	112.50	121.25	128.25	116.25	109.25	109.00	108.75	110.75	116.50	126.25	127.00	105.75	95.25	80.50	80.00	85.75	100.25	108.00	102.50	95.00	97.00	102.25	76.00	62.75	63.00	63.25	58.75	51.75	47.25	58.00	62.50	66.50	67.25	68.00	65.50	64.00	64.50	63.75	62.25	59.50	60.25	61.00	59.75	56.25	53.75	50.50	48.50	53.50	56.75	50.50	45.75	38.50	39.50	39.00	37.75	37.00	37.00	40.00	48.50	48.00	44.75	44.50	47.00	48.25	47.25	50.50	52.25	43.50	44.25	53.50	56.50	58.50	57.75	46.25	42.50	39.25	37.00	37.50	35.00	37.50	50.25	51.50	32.50	32.25	35.25	38.75	40.25	38.75	38.00	48.50	44.25	50.25	56.50	59.50	79.00	79.75	83.75	83.00	80.00	81.25	81.50	84.25	85.75	74.50	76.50	65.00	56.25	51.50	52.00	56.50	53.00	53.25	53.25	50.75	64.50	50.25	54.50	59.75	59.00	55.50	61.00	70.50	70.25	67.25	59.25	71.25	54.50	63.00	48.50	49.50	52.50	43.75	60.75	70.50	65.75	62.00	56.25	56.50	56.50	58.50	54.25	53.00	53.25	55.50	61.00	59.25	64.25	50.00	32.50	30.25	52.25	48.25	49.00	50.50	56.00	56.50	57.50	61.00	65.50	62.75	65.50	69.50	71.75	69.25	70.00	69.25	71.00	73.25	70.00	65.00	64.50	77.50	76.25	67.75	68.75	68.00	70.25	73.25	78.50	76.25	79.25	82.25	82.25	84.75	83.25	89.75	90.75	89.75	87.50	82.75	85.75	86.00	82.00	79.75	79.50	80.25	79.50	81.50
145.00	138.00	128.25	120.75	108.00	89.25	52.00	44.00	46.25	53.50	55.00	54.75	54.50	68.75	82.00	85.75	87.00	65.50	67.50	66.00	86.00	102.00	99.25	92.00	97.25	86.25	47.75	28.00	27.25	30.00	59.25	78.25	81.50	81.25	66.75	54.50	56.75	98.75	137.00	138.50	127.25	108.50	87.00	133.25	128.00	99.50	74.00	53.00	38.50	41.00	50.25	72.50	82.00	65.25	61.25	71.00	76.75	94.50	104.00	105.50	114.25	110.50	106.50	107.00	105.50	106.00	108.25	119.75	133.00	114.50	98.50	78.75	82.50	89.75	87.75	100.00	102.50	94.25	87.00	100.50	90.00	64.50	60.50	62.00	60.00	53.00	46.75	54.00	58.75	63.75	63.75	66.00	64.00	60.75	62.75	64.00	62.00	57.50	58.50	61.00	60.00	57.25	54.50	51.00	51.25	66.25	81.00	61.00	55.75	38.25	37.50	37.00	36.25	37.00	38.25	41.00	47.50	48.00	46.00	46.75	50.75	52.50	49.75	45.75	46.25	41.50	49.25	58.25	60.50	61.00	59.25	48.75	44.00	39.75	37.00	37.50	36.25	36.00	47.00	56.00	37.75	31.00	33.75	36.75	36.00	35.25	34.25	40.75	41.75	45.50	51.00	54.25	70.50	70.50	70.75	75.25	72.50	74.00	79.25	80.25	85.25	71.75	69.25	62.75	55.75	49.00	47.50	54.00	50.25	50.00	51.75	47.50	55.25	45.75	55.50	57.50	55.50	49.50	54.75	64.00	64.75	65.25	61.00	60.50	51.50	55.75	47.00	47.25	49.75	47.50	55.25	65.75	57.50	57.25	54.75	56.75	56.50	58.50	57.25	52.25	51.25	55.00	54.50	56.75	61.00	37.25	35.75	43.25	57.25	54.00	51.00	52.50	55.75	56.75	60.75	66.00	66.50	66.75	67.25	70.75	71.00	68.00	67.75	70.00	72.50	79.00	72.00	64.25	65.00	82.00	77.25	73.75	75.25	71.75	72.25	75.50	80.00	75.75	77.25	80.75	84.00	84.25	85.50	88.25	91.25	91.50	86.00	82.75	85.50	85.75	81.25	79.00	79.25	77.75	80.00	80.50
143.75	137.00	129.00	122.75	112.00	101.00	62.75	50.25	44.00	48.75	54.00	52.50	53.00	62.50	67.50	72.25	77.25	59.25	68.00	83.75	105.75	137.25	132.75	122.00	121.50	113.75	86.00	39.50	27.25	27.25	52.25	64.50	66.25	75.00	70.50	57.00	54.75	87.50	124.50	130.75	126.00	105.50	99.75	148.75	124.50	106.25	82.50	56.75	46.25	35.25	39.50	52.00	60.00	72.50	59.00	53.25	66.75	88.75	103.00	103.25	103.25	103.00	104.00	105.25	103.75	103.50	103.50	110.00	126.75	123.50	100.50	76.50	85.50	97.50	86.00	94.25	102.50	93.75	77.00	90.00	99.00	73.50	62.00	58.75	59.25	54.00	47.50	49.75	54.00	62.00	59.75	64.00	61.75	55.50	58.25	63.75	62.50	57.50	57.25	61.00	61.00	57.75	55.00	51.50	57.50	82.75	99.75	73.25	60.25	40.25	36.75	36.25	36.00	38.00	40.50	42.50	46.75	48.25	48.50	50.50	54.50	56.50	57.00	52.25	50.00	41.75	54.75	64.25	68.25	64.00	60.00	51.25	46.25	41.25	38.00	37.00	36.25	34.25	44.25	53.50	41.75	32.50	32.75	35.50	35.00	34.75	34.75	34.50	35.50	39.75	46.00	52.25	63.75	63.75	59.25	67.00	66.25	67.75	72.25	70.50	74.25	65.75	67.75	63.75	53.50	53.25	47.75	47.50	46.25	45.25	47.00	47.75	43.50	40.75	52.25	51.50	52.00	45.25	47.75	53.75	59.75	57.75	64.00	54.75	51.50	52.00	46.25	48.75	49.00	48.00	47.00	53.50	50.50	53.50	52.00	61.50	63.00	67.25	62.25	50.50	49.50	61.25	58.75	46.75	33.50	34.25	47.50	48.25	65.50	57.75	52.50	57.25	58.00	61.00	66.50	74.25	72.00	73.25	73.25	72.50	71.25	68.25	67.00	71.00	73.25	79.00	72.50	65.00	66.00	77.25	78.00	78.00	76.50	74.25	74.00	79.75	81.00	77.25	76.75	82.25	85.00	88.25	86.75	86.75	90.00	91.75	84.50	83.00	82.75	82.25	82.75	78.50	80.50	79.75	81.25	78.25
139.25	135.25	129.00	123.00	113.50	106.25	80.00	64.25	49.50	42.25	48.25	47.75	49.50	54.25	55.50	59.50	65.75	53.25	57.00	90.00	117.75	152.75	144.75	132.50	131.25	122.25	105.25	56.00	28.75	27.00	47.25	55.75	56.25	64.25	69.00	59.50	55.00	79.50	112.75	122.50	123.75	101.50	103.75	141.00	110.25	105.50	85.00	60.25	55.00	38.50	34.50	40.50	48.00	69.50	64.25	50.25	56.00	85.25	103.50	106.25	106.00	102.25	101.75	103.75	103.25	102.50	102.00	104.00	115.25	126.00	102.00	74.75	80.00	97.25	89.50	94.50	102.25	93.50	71.75	76.75	98.75	85.25	68.00	55.75	56.50	54.50	48.50	45.50	48.50	57.75	55.00	61.25	55.25	50.75	52.75	63.00	63.00	58.25	57.00	61.25	61.50	58.25	55.50	51.75	66.25	97.00	101.75	85.75	61.50	43.50	38.25	36.50	36.00	39.00	42.75	44.75	47.50	49.50	51.75	54.50	58.25	60.75	64.25	60.75	59.25	43.50	57.50	65.25	75.00	73.25	62.00	53.75	48.50	43.75	40.25	37.50	36.00	32.75	39.25	48.00	40.00	33.75	32.75	38.25	39.50	38.25	35.50	33.25	35.75	38.75	43.00	48.25	56.50	60.50	59.50	65.00	67.75	69.25	69.25	67.25	66.00	63.25	62.50	60.50	49.50	53.50	47.00	45.75	46.25	45.50	43.50	44.50	42.75	40.75	45.75	45.25	48.00	43.50	44.00	47.25	62.75	55.50	65.50	54.25	54.00	51.00	48.75	54.50	52.75	49.00	46.25	47.25	46.25	52.75	52.25	70.25	66.75	68.25	61.25	57.25	56.25	56.25	57.00	35.00	23.25	43.00	55.00	48.50	61.25	56.00	55.25	61.75	62.75	64.00	69.25	79.75	74.50	74.25	74.75	73.75	71.50	69.00	67.25	70.75	72.50	76.00	74.75	66.50	69.25	71.50	79.75	80.75	77.75	77.75	77.00	81.50	83.75	78.50	77.00	82.75	89.25	94.00	85.00	84.25	87.75	90.50	84.75	83.25	83.00	82.00	84.75	79.50	81.50	84.00	86.25	84.75
132.75	133.00	129.00	123.50	114.25	108.25	97.00	82.25	61.25	44.75	40.25	42.25	44.25	47.25	48.75	54.75	60.75	52.75	52.75	88.50	115.00	133.25	123.75	117.75	125.00	124.00	106.25	69.00	33.25	27.00	44.25	54.50	54.50	57.75	62.50	59.50	55.00	65.00	99.75	115.50	119.50	99.00	104.75	122.25	103.25	104.25	91.75	70.00	61.25	45.75	38.50	34.25	37.50	54.50	63.00	52.50	45.50	82.50	103.75	109.50	113.50	107.00	100.00	101.25	102.75	102.00	100.00	100.50	105.25	119.25	105.00	76.25	68.75	84.75	84.25	95.75	102.00	94.25	72.50	70.50	92.25	95.50	76.50	55.00	54.00	54.00	52.50	43.25	43.75	51.25	50.00	56.00	49.25	48.75	51.75	60.50	62.00	58.00	65.00	61.75	61.50	58.75	56.50	53.00	68.25	101.50	102.00	92.00	64.00	47.50	41.50	38.50	36.00	38.50	44.00	47.25	50.00	52.50	56.25	61.25	61.00	66.00	69.00	62.50	62.00	46.25	58.75	62.25	72.75	83.50	65.00	56.50	51.00	46.00	42.75	39.50	36.50	32.75	33.25	39.00	38.25	33.50	34.50	37.50	38.50	39.00	35.75	33.25	38.50	39.00	39.75	43.00	51.50	55.50	61.50	65.25	67.25	70.00	69.50	71.25	62.00	61.00	56.00	56.00	47.50	48.75	43.50	46.25	47.25	45.50	43.50	50.25	46.00	44.75	42.75	41.00	46.50	43.25	46.50	50.00	70.75	61.50	61.75	55.25	55.25	50.00	50.50	57.00	56.00	50.25	49.00	47.50	47.25	50.75	54.25	67.75	61.25	58.25	56.00	62.50	64.25	49.00	38.25	29.25	42.50	48.00	62.00	51.75	55.50	53.25	56.50	60.25	63.25	62.50	68.00	77.25	72.25	71.75	71.25	73.25	68.75	68.25	68.00	69.50	74.75	78.75	78.00	68.25	71.75	73.50	78.00	80.50	78.25	80.25	82.50	82.00	84.75	83.25	80.75	82.25	90.25	91.50	86.50	85.75	86.75	88.00	83.50	83.75	84.50	86.75	85.25	80.50	84.25	89.75	95.50	102.00
125.75	129.25	129.25	124.25	115.25	110.00	105.75	97.75	74.75	55.50	38.75	36.75	39.00	42.00	45.75	54.25	58.00	49.75	53.00	86.00	105.25	105.50	101.50	106.25	116.00	119.00	108.25	85.50	43.00	27.00	40.50	51.25	51.75	54.75	56.25	56.25	54.25	56.00	83.00	108.50	114.75	98.25	105.25	109.50	100.75	102.50	96.75	77.75	64.25	53.25	46.00	41.50	39.00	40.25	48.25	50.25	39.00	76.00	102.25	109.25	119.75	115.75	101.25	99.25	101.75	101.75	98.50	97.50	99.50	108.75	106.25	80.50	64.50	69.50	71.75	91.50	98.75	93.25	82.50	69.25	84.50	107.75	92.25	55.00	53.00	54.25	59.25	42.75	41.00	46.50	52.50	51.75	48.00	50.25	57.25	58.25	58.00	57.00	85.50	62.75	61.25	59.50	58.50	55.50	64.00	99.50	101.75	91.00	67.25	51.00	44.75	41.25	37.00	36.75	42.75	49.25	53.25	56.25	65.50	83.25	67.75	73.00	70.75	62.25	62.00	48.75	60.00	62.00	67.75	89.50	69.00	59.00	53.50	48.50	45.25	42.50	37.75	33.00	28.75	29.50	36.25	33.00	34.75	31.75	32.00	34.75	37.00	34.25	35.00	37.50	36.50	38.25	45.75	48.50	57.00	56.75	58.50	64.25	65.50	68.00	59.75	56.75	51.75	56.75	49.00	46.75	43.75	44.75	44.50	44.00	41.25	57.50	48.50	53.50	46.75	43.50	44.00	41.50	48.25	57.75	68.00	63.50	58.50	58.00	55.25	49.75	51.50	54.25	54.00	48.00	52.75	49.50	51.75	49.25	61.00	57.00	54.50	57.75	58.25	55.75	59.25	46.00	26.75	34.50	62.50	52.50	56.50	51.75	53.25	53.50	57.75	60.00	62.00	60.50	69.00	71.25	68.00	69.75	69.50	74.00	70.25	68.75	71.25	72.00	77.25	80.50	78.00	68.75	72.50	76.25	79.25	80.50	80.00	80.00	83.50	80.75	82.00	83.50	84.00	81.75	85.75	86.50	87.25	88.00	86.75	83.50	83.00	85.50	84.25	86.75	84.50	87.25	94.00	102.25	109.00	111.75
114.50	120.50	126.00	125.00	118.00	113.00	108.50	106.50	94.50	70.50	50.00	31.50	33.00	37.00	41.50	45.00	44.50	49.00	63.50	87.00	90.00	86.50	83.00	91.00	104.00	102.50	106.50	103.00	71.00	45.50	35.00	40.50	43.50	48.00	49.00	49.50	51.50	53.50	70.00	103.00	109.00	101.00	105.00	105.00	98.00	99.50	94.00	75.50	65.50	62.50	54.50	62.50	64.50	47.50	39.00	33.00	33.00	62.50	101.00	107.00	120.00	129.00	104.00	101.00	98.00	100.50	98.50	94.00	93.50	102.00	104.00	90.00	73.50	61.00	63.00	73.00	76.50	68.50	85.00	68.50	78.50	117.50	113.50	59.00	53.00	55.50	62.50	41.50	38.50	44.00	60.00	61.00	49.00	53.00	64.50	65.00	56.50	56.50	80.00	65.00	62.00	65.50	64.00	59.50	62.50	93.00	99.50	88.00	72.00	56.00	50.00	45.50	41.00	36.50	38.50	48.50	57.00	67.00	102.00	110.00	92.00	85.00	64.00	62.00	62.00	51.00	61.50	62.00	68.00	91.50	73.00	62.00	56.50	52.50	49.50	47.00	38.50	30.00	25.50	20.00	25.00	31.00	27.00	22.50	24.50	31.00	29.50	31.50	30.00	31.50	31.50	35.50	39.50	48.00	47.00	44.50	50.50	53.00	53.50	53.00	54.50	54.50	48.50	54.50	49.00	48.50	50.00	52.50	44.00	42.00	43.50	58.50	43.00	59.00	57.00	49.00	42.50	41.50	42.50	49.50	49.50	55.50	59.00	57.00	50.50	47.50	48.00	48.00	47.50	45.50	63.50	53.00	51.50	54.00	62.00	58.50	54.00	53.50	60.50	51.50	51.00	27.00	31.00	47.00	68.50	53.00	55.50	56.00	58.50	62.00	69.00	64.50	68.00	65.50	74.00	67.00	70.50	70.50	71.50	76.00	77.50	75.50	70.00	72.00	78.50	74.00	79.00	71.50	77.50	79.50	84.00	84.00	82.50	79.50	82.00	84.50	78.00	81.50	79.00	88.00	86.50	79.50	79.50	78.00	80.50	82.50	87.00	83.00	78.00	85.00	95.50	116.00	112.50	123.50	122.50	112.50
107.50	114.50	120.50	124.00	119.00	114.00	108.50	105.50	94.50	75.00	53.50	34.00	30.50	33.50	33.50	37.50	39.50	54.00	73.00	86.00	81.50	77.50	72.50	72.50	88.00	89.00	96.00	96.50	78.00	57.00	39.00	35.00	38.00	43.00	45.50	49.00	57.00	60.00	82.50	106.00	106.00	103.50	105.00	105.00	98.00	98.00	91.00	73.00	65.00	62.50	59.50	65.00	78.50	65.00	55.50	41.50	28.50	53.00	93.50	106.00	117.50	127.50	118.00	102.50	97.50	100.00	101.00	97.00	91.00	96.00	101.50	100.50	84.50	60.00	61.50	63.00	63.00	63.00	62.50	66.00	80.50	109.50	103.00	60.00	54.00	55.00	60.00	43.00	38.00	43.00	57.50	62.00	56.00	58.50	67.50	68.50	62.00	56.00	62.50	69.50	83.00	88.50	77.50	64.50	62.00	89.00	96.00	88.00	75.50	59.00	53.50	48.50	43.00	39.00	36.50	44.50	57.50	71.00	100.50	108.00	96.50	81.00	63.50	62.50	62.00	52.50	61.50	62.50	69.00	84.00	69.50	63.00	58.00	55.00	51.50	49.50	41.50	32.00	21.00	15.50	20.50	34.50	36.00	31.50	35.50	28.00	28.00	28.50	36.50	32.00	29.50	33.50	34.50	40.00	44.00	41.50	49.50	51.00	52.00	51.00	52.50	53.00	45.00	46.00	46.00	46.50	48.00	50.50	47.00	45.00	46.00	55.00	40.50	50.00	57.50	49.00	43.50	43.00	40.00	45.50	53.00	58.00	55.00	51.50	50.50	51.50	50.50	45.00	47.00	45.00	74.50	51.50	49.50	59.50	56.50	57.00	58.00	51.00	54.00	50.50	57.00	22.50	36.50	49.00	58.00	50.50	50.50	53.50	57.00	63.50	73.50	67.00	70.00	69.00	68.50	71.00	72.00	67.00	76.00	72.50	72.50	73.00	72.00	72.00	74.50	71.50	80.50	75.50	74.50	80.00	83.00	80.50	81.00	77.00	80.00	83.00	81.00	81.50	81.50	87.50	81.50	78.00	80.00	78.50	74.50	76.00	73.00	72.50	90.00	105.00	112.00	123.50	121.00	126.50	121.50	112.50
98.00	108.50	113.50	119.50	117.00	110.50	106.50	103.50	87.00	72.00	48.00	31.00	30.00	30.00	37.00	37.50	41.00	55.50	71.50	83.00	84.50	67.50	56.50	54.00	65.50	71.50	84.00	84.50	78.00	63.50	41.00	29.50	33.50	40.00	41.00	47.00	55.00	66.50	78.00	95.00	100.50	102.50	103.00	104.00	99.00	92.00	83.00	71.50	71.50	63.50	60.50	69.00	92.50	86.00	70.00	56.00	35.50	39.00	75.00	104.00	115.00	124.00	131.00	108.00	97.00	100.00	103.50	100.00	93.50	90.00	95.00	102.50	97.50	70.50	58.00	63.00	63.00	62.00	56.00	76.50	90.50	102.50	99.00	61.50	57.50	57.50	56.50	43.50	38.50	42.00	54.50	63.00	63.00	64.50	72.00	72.00	63.50	57.50	61.50	84.50	103.00	102.50	92.50	85.00	68.00	89.00	93.00	85.00	76.00	62.00	57.00	51.00	46.00	41.00	35.50	41.00	52.50	60.50	74.50	89.00	90.00	76.00	64.50	64.00	62.50	57.50	61.00	62.50	68.00	75.00	67.50	63.00	60.50	57.50	54.50	52.00	43.00	38.50	26.00	14.50	18.50	27.00	36.00	34.50	32.00	23.00	30.50	30.00	34.50	34.00	34.00	32.00	34.00	33.50	42.00	43.50	48.00	51.00	54.00	54.50	50.00	52.00	49.00	43.50	46.50	46.50	42.50	43.00	43.50	45.50	46.50	51.50	40.00	46.00	55.50	46.00	49.50	44.00	37.50	40.00	61.00	55.50	59.50	63.00	56.50	51.00	56.00	45.50	41.00	51.00	69.50	53.00	49.00	55.00	52.50	51.00	58.50	51.50	56.50	55.50	50.00	22.00	41.00	47.50	49.00	52.00	52.00	57.50	60.00	59.00	63.50	65.00	68.00	68.50	63.00	65.00	66.50	65.50	69.00	70.50	66.00	67.50	71.50	72.50	74.50	78.00	79.50	71.00	80.00	81.00	80.00	78.50	77.50	80.50	80.50	79.00	82.00	79.50	78.00	80.50	78.50	74.00	74.50	73.00	73.50	75.50	80.50	91.00	113.00	119.50	119.00	120.50	125.50	129.00	124.00	111.50
89.00	102.00	107.75	118.75	112.75	101.25	97.00	91.75	80.75	67.25	38.00	36.75	43.25	49.25	48.00	41.25	46.25	66.75	77.25	86.75	94.75	77.50	55.75	49.75	50.00	58.25	80.25	72.25	70.75	78.00	53.50	31.25	48.75	53.75	43.00	35.25	40.50	50.50	57.25	62.00	75.25	93.75	96.75	99.75	92.50	78.50	80.00	96.50	97.00	82.25	73.50	70.50	85.25	96.50	84.00	70.75	50.50	32.75	48.75	82.00	101.75	110.25	101.00	98.25	90.50	99.25	109.75	103.50	98.25	89.25	84.25	89.25	92.25	74.50	57.25	55.00	59.25	57.00	49.75	70.00	90.25	83.50	77.00	61.50	54.25	50.75	47.50	40.50	39.25	40.75	51.75	56.75	58.50	74.75	81.00	84.25	84.50	71.75	93.75	108.25	113.50	106.50	102.50	98.25	83.25	80.00	83.25	73.75	67.25	64.75	58.25	52.50	48.00	45.25	39.50	37.75	45.75	51.25	59.00	64.50	72.50	69.25	65.75	64.00	61.75	58.00	55.75	60.00	64.25	68.75	62.75	57.00	54.00	53.75	51.00	49.50	37.75	38.25	29.25	21.00	14.25	19.50	30.25	36.25	32.25	28.00	23.25	24.25	26.75	27.00	27.75	35.25	29.00	29.75	35.00	43.75	45.25	43.25	46.25	53.00	52.25	53.00	49.00	46.00	50.25	45.25	45.75	42.25	50.25	54.25	40.75	39.50	40.25	50.25	45.25	41.50	45.25	44.00	38.25	34.25	45.75	54.75	63.25	63.50	64.00	50.75	52.25	52.00	49.25	62.50	47.75	47.00	48.75	50.25	48.25	50.00	51.25	51.00	51.00	48.00	44.75	23.50	28.50	47.00	48.75	52.50	53.00	55.50	64.00	58.50	64.75	64.00	70.50	66.00	65.25	66.75	66.25	61.25	70.50	69.50	64.50	64.25	66.25	68.25	69.75	71.75	69.25	71.50	72.75	77.75	76.25	73.50	74.25	76.75	74.50	75.25	74.25	77.00	76.25	74.50	76.25	69.25	73.75	75.00	82.50	102.25	101.75	105.25	117.75	121.00	122.25	123.00	128.00	127.00	129.50	124.25
87.50	98.50	104.50	115.50	111.50	99.00	92.00	87.00	79.00	67.00	38.00	37.50	49.50	53.50	47.50	39.50	46.00	72.00	81.00	89.50	99.00	82.50	56.50	47.00	47.50	54.50	81.50	72.00	70.00	87.00	57.00	32.50	57.00	65.50	53.00	37.00	35.00	46.50	57.00	53.00	61.50	83.50	92.00	95.00	92.50	77.00	79.00	103.50	99.50	85.00	77.00	68.50	78.00	93.00	83.50	75.00	53.50	32.00	38.00	69.50	93.00	105.50	94.00	91.50	85.50	100.50	114.00	102.50	100.00	92.00	81.50	80.00	83.50	67.50	56.00	52.00	57.00	54.50	48.00	63.00	84.50	74.50	70.50	61.50	50.50	47.50	44.00	37.00	39.00	41.50	51.50	52.50	55.50	81.00	85.00	89.50	97.50	77.00	97.00	116.00	117.00	106.00	103.00	96.50	81.50	70.50	78.00	67.00	60.00	65.00	57.00	51.00	48.00	47.50	42.50	38.00	45.00	50.00	59.00	61.50	71.50	67.50	65.00	63.50	60.00	57.00	54.50	57.50	63.50	69.50	60.50	52.00	47.50	49.00	46.50	46.00	35.00	35.50	27.00	23.00	14.00	14.50	27.50	39.50	33.00	27.50	26.00	20.50	23.00	25.50	29.00	36.50	26.00	27.00	36.00	44.50	42.00	40.50	44.00	53.50	50.50	48.00	47.50	47.00	50.50	42.50	44.50	42.00	51.00	56.50	39.00	36.00	40.00	51.50	43.00	42.50	44.00	43.50	41.00	33.50	39.50	53.50	59.00	60.00	64.00	52.50	50.50	50.50	50.50	60.00	40.00	43.00	46.50	47.00	46.50	49.50	49.00	50.50	46.00	46.00	44.00	25.00	26.00	47.50	50.00	52.50	52.00	53.50	58.50	57.00	67.00	65.50	73.00	63.00	63.00	68.50	61.00	59.50	74.00	70.00	63.00	61.00	64.50	67.50	68.50	70.00	67.50	68.50	70.00	78.00	75.50	73.50	75.50	76.50	74.00	74.50	74.00	78.00	78.00	75.50	76.50	68.50	75.50	78.00	90.00	115.50	106.50	106.00	115.50	119.00	121.50	123.50	129.50	129.50	132.50	124.50
86.25	92.50	98.50	108.75	109.25	95.50	86.00	82.25	77.75	64.75	35.50	36.00	50.25	51.25	47.75	39.25	48.00	67.25	81.50	90.25	101.00	84.00	56.25	43.00	45.00	50.50	69.25	71.00	68.75	87.75	60.00	30.00	52.00	78.00	60.75	44.75	38.50	43.75	57.00	50.75	53.00	70.00	82.00	88.25	87.75	77.75	73.50	90.00	94.50	85.75	80.75	69.50	72.25	84.75	82.00	73.75	55.00	35.75	34.75	55.25	78.50	90.25	88.25	85.25	82.25	98.25	115.25	103.25	100.75	96.25	85.00	73.25	72.25	59.50	54.75	49.50	51.00	51.25	48.25	55.50	75.50	71.00	64.25	60.25	49.00	44.00	41.50	39.50	38.25	40.50	49.00	50.00	54.00	86.75	93.25	95.75	100.50	82.25	91.00	111.50	111.25	109.00	98.00	88.00	73.75	62.50	71.00	62.50	55.75	65.25	53.75	50.25	48.25	45.50	40.50	39.75	45.00	50.50	61.50	64.00	73.25	67.50	64.50	63.00	60.00	56.75	54.00	57.75	59.50	66.50	58.50	50.00	45.25	44.75	43.50	44.00	35.25	38.00	27.75	22.00	14.00	14.25	27.00	38.00	36.25	30.00	28.50	27.50	27.00	24.50	23.25	31.25	28.50	30.50	39.00	44.25	40.75	39.50	43.50	53.00	50.00	48.75	44.75	46.75	49.00	46.75	44.50	42.25	48.00	54.00	43.25	39.50	44.75	52.75	40.75	45.25	43.50	41.75	41.00	34.25	38.75	50.00	54.00	56.00	59.50	50.25	48.50	46.50	50.75	54.75	42.50	45.25	47.50	46.25	47.25	51.25	50.75	55.25	48.25	46.25	44.25	28.75	26.00	46.50	51.25	55.50	54.50	55.00	54.00	56.00	65.75	65.25	72.25	64.75	63.25	67.75	60.00	58.25	70.00	69.75	66.00	62.00	64.75	67.50	68.25	69.25	67.75	72.25	69.00	75.50	72.50	71.50	75.75	77.25	74.50	74.75	73.50	76.75	78.00	75.50	76.50	68.75	75.50	83.75	104.50	125.00	111.00	107.75	114.00	118.25	121.50	126.50	130.00	133.00	132.00	123.75
82.00	85.00	84.00	91.00	98.50	90.50	74.50	71.00	69.00	50.50	33.00	31.50	37.50	57.00	49.00	38.00	45.00	53.00	74.00	88.00	113.00	93.00	67.50	47.00	37.00	50.50	50.00	56.00	63.50	68.50	71.00	38.00	34.00	90.00	81.50	53.50	52.50	47.50	51.50	52.50	33.50	34.00	53.50	69.00	64.50	75.00	64.50	65.00	67.50	80.00	81.00	76.00	73.50	65.50	75.50	68.00	63.00	52.50	44.00	34.00	52.50	59.00	69.50	68.00	67.50	76.00	103.50	104.50	93.50	109.50	91.50	72.00	57.00	48.50	48.50	47.00	41.50	47.50	44.50	47.50	53.00	53.50	50.00	56.00	54.50	43.50	34.50	35.50	35.50	38.50	45.00	52.00	62.00	93.50	112.00	114.00	99.50	95.50	81.00	96.50	101.00	102.50	89.00	70.50	70.50	58.50	51.50	69.50	63.00	63.50	46.00	52.50	51.50	44.50	41.00	48.50	41.50	44.50	63.50	66.50	76.00	66.50	61.50	68.00	62.50	54.00	56.00	56.00	57.00	51.00	51.50	50.00	45.00	39.00	56.50	56.50	38.00	32.00	29.50	20.00	14.00	14.00	28.50	29.50	34.50	31.00	29.50	38.50	37.00	25.50	28.00	22.50	26.50	28.50	34.00	36.50	37.50	37.50	37.00	43.50	40.50	50.50	42.00	40.50	44.50	57.50	42.00	43.00	42.50	45.50	47.50	51.00	49.50	51.50	42.50	43.00	45.00	39.00	38.00	37.50	36.00	41.50	44.00	45.00	40.50	42.50	42.00	39.50	43.00	51.00	47.00	50.50	48.50	43.50	49.50	52.00	54.00	62.50	54.00	51.00	47.00	28.50	25.50	45.50	63.50	72.00	59.00	57.50	54.00	63.50	63.50	63.50	68.00	63.50	61.00	65.00	62.50	58.00	62.50	63.50	62.50	61.00	64.50	69.50	66.00	68.50	66.50	75.00	68.00	70.00	69.00	70.00	74.50	75.00	72.50	76.50	75.00	79.00	79.50	73.50	73.50	69.00	77.50	102.00	135.50	140.50	110.00	105.00	105.50	112.00	122.50	130.50	130.00	131.00	123.50	123.50
77.00	72.25	70.25	69.25	81.25	85.50	72.75	64.50	62.50	59.00	32.00	25.25	29.25	49.25	39.75	38.25	39.25	48.25	58.50	80.75	103.25	118.25	73.00	48.50	31.75	46.25	59.25	63.00	66.00	58.75	61.25	43.25	37.00	70.50	76.75	52.75	42.50	46.75	41.25	48.25	37.75	34.75	33.00	34.50	43.00	48.75	57.25	61.00	47.75	50.25	54.50	63.25	70.50	80.75	77.75	68.00	57.25	54.75	56.00	49.00	35.75	33.50	47.50	54.00	54.75	56.00	71.00	86.50	83.75	97.25	113.50	96.00	84.50	47.50	44.25	44.00	41.25	39.00	56.50	45.50	44.75	44.50	47.00	45.50	54.50	48.50	38.00	29.75	32.75	35.25	42.00	60.50	63.25	92.00	110.75	116.75	113.25	101.25	85.75	74.25	81.50	91.75	84.50	75.25	73.00	78.50	64.00	65.00	87.00	59.00	50.00	52.00	55.75	46.50	41.00	44.75	37.00	39.00	56.75	65.50	76.25	69.50	68.00	70.00	62.75	52.50	53.00	53.25	50.75	48.25	52.75	58.25	56.75	54.00	65.75	58.75	43.00	36.00	35.50	25.75	14.25	15.75	33.75	34.75	37.00	34.00	37.00	34.25	35.75	26.00	27.75	26.00	18.00	29.50	27.25	28.75	32.00	37.50	31.25	41.50	40.75	45.50	41.00	36.50	35.50	49.25	45.75	41.75	42.50	46.00	42.00	44.00	48.75	42.75	41.00	46.00	48.00	44.75	44.00	41.75	35.25	41.00	42.00	46.75	42.50	45.50	46.50	41.25	45.00	56.25	51.00	49.25	50.00	44.00	54.50	51.00	52.00	55.00	53.75	55.75	48.00	23.75	51.00	53.75	55.50	56.75	52.50	53.75	54.00	63.00	62.50	65.75	66.25	63.50	61.50	64.00	64.50	60.75	67.25	65.25	63.00	66.50	65.50	63.50	65.25	72.00	68.25	69.00	71.00	70.25	71.25	72.00	73.50	71.50	71.75	73.00	76.25	72.50	69.50	68.75	70.75	78.50	93.75	120.25	133.25	126.25	110.50	107.50	104.25	107.75	120.50	127.50	124.50	126.50	124.75	123.25
74.50	66.50	66.00	67.00	77.50	85.00	72.00	64.00	62.50	62.00	33.00	24.00	26.00	46.50	36.00	38.00	37.00	46.00	50.50	76.50	95.50	123.50	80.50	48.00	32.00	45.50	59.00	64.00	68.50	56.50	59.00	42.50	37.00	64.50	75.00	56.00	42.50	47.00	41.00	48.00	39.50	36.00	33.00	33.00	33.00	40.50	56.50	63.00	47.00	45.50	47.50	59.00	68.00	88.50	82.50	68.00	56.00	52.50	59.00	52.50	37.00	27.50	39.00	46.00	51.00	49.00	58.00	75.00	78.50	87.50	112.00	103.00	98.00	48.00	42.50	43.00	42.00	38.00	58.00	47.00	41.50	45.50	48.00	42.00	52.00	47.50	40.00	28.50	32.00	36.00	39.50	61.00	62.50	89.00	108.00	115.00	115.00	104.00	86.00	72.00	77.00	89.50	82.00	78.50	72.00	80.50	71.00	58.50	88.50	61.00	51.00	51.50	57.00	48.00	42.50	44.00	36.00	33.00	58.50	61.50	75.00	71.50	70.50	67.00	64.00	52.50	54.50	54.50	49.50	47.00	51.00	60.50	60.50	59.50	65.50	57.50	44.50	39.00	38.00	24.50	14.50	17.50	35.00	34.00	39.50	34.00	40.00	34.50	33.50	26.00	25.00	26.00	16.50	28.00	25.50	29.00	33.00	40.00	29.00	41.50	42.50	45.00	37.00	35.00	34.00	47.50	46.50	42.00	44.50	45.50	40.00	40.00	48.50	41.50	39.00	42.50	45.50	47.50	47.50	44.50	37.00	41.00	41.50	45.00	43.50	48.00	49.00	42.00	45.50	55.00	58.50	53.50	47.00	45.00	53.50	50.50	51.50	52.50	52.50	53.00	49.50	23.50	62.50	56.50	54.00	53.00	52.50	52.50	53.50	62.50	60.50	64.50	64.50	64.00	61.00	62.50	62.50	63.00	67.00	66.00	63.50	65.00	64.00	64.00	68.50	74.50	69.50	69.50	71.00	70.00	73.00	72.50	72.00	70.50	72.50	73.50	76.00	69.00	65.50	70.00	74.00	83.00	103.50	126.50	129.50	121.50	108.50	108.00	103.50	108.50	120.00	123.50	121.50	124.50	124.00	122.50
58.75	60.25	57.00	60.75	64.25	77.75	88.75	77.00	61.25	50.75	29.50	23.25	23.50	33.50	33.25	36.25	40.75	42.50	49.75	67.75	83.75	88.25	90.00	62.50	47.75	43.25	55.25	66.00	75.50	65.50	56.00	58.50	33.00	38.25	46.25	56.25	39.25	45.75	42.50	43.25	47.25	60.25	58.75	40.75	44.00	52.75	68.50	84.25	72.75	56.25	52.50	53.25	70.00	80.50	75.75	60.75	49.25	55.50	58.00	59.00	55.50	41.00	31.50	33.75	44.25	43.25	44.25	52.00	59.00	63.50	78.75	93.25	85.25	59.50	42.00	40.50	37.75	36.25	49.75	54.50	43.50	43.00	46.50	42.75	44.50	43.00	37.75	29.50	28.50	33.75	34.75	52.50	55.25	82.75	107.75	109.50	111.00	101.75	90.25	74.25	67.75	73.25	71.00	65.75	61.00	70.25	74.25	53.25	60.00	68.00	52.00	50.50	53.00	59.00	46.50	47.00	40.75	38.25	63.25	56.25	66.75	73.00	71.75	68.25	63.25	55.75	51.25	51.50	49.75	49.50	49.00	49.25	62.25	64.75	54.00	50.25	47.75	40.75	34.00	18.25	18.00	25.00	31.25	42.75	37.25	34.75	41.75	34.75	28.50	29.50	27.50	26.75	22.25	24.00	23.75	28.00	31.25	40.75	29.25	32.75	41.25	36.00	39.00	49.75	38.00	37.25	37.25	38.75	38.25	39.00	38.00	37.25	45.00	40.00	40.50	44.75	41.75	50.25	43.50	47.75	40.00	39.25	40.50	43.25	38.75	57.00	50.25	57.00	39.25	46.50	56.50	46.75	52.25	46.25	49.00	50.00	48.25	50.25	49.00	42.50	48.50	23.75	49.50	50.75	51.50	51.50	49.00	52.50	51.50	56.75	61.25	68.50	71.25	67.75	67.50	61.50	63.25	54.75	61.00	64.50	67.50	65.75	62.75	62.75	66.50	71.75	67.75	64.50	68.75	66.50	72.50	74.25	68.75	68.00	71.00	70.50	66.75	66.75	69.25	77.00	85.25	103.25	122.50	129.50	122.50	112.25	101.25	103.50	106.75	103.75	113.75	118.00	120.00	121.75	121.25	120.75
49.00	57.50	57.25	56.25	60.25	70.50	98.00	94.00	69.50	44.50	32.50	27.50	23.50	35.50	31.50	38.25	47.50	46.00	56.00	65.50	85.50	77.75	81.75	74.75	58.00	48.50	52.25	65.75	70.75	68.50	50.50	57.50	36.50	31.75	33.75	48.25	38.00	41.75	43.00	40.75	50.75	69.25	85.50	78.50	45.00	46.75	66.25	81.00	86.75	73.75	68.50	55.00	62.50	69.75	63.00	52.00	45.75	54.25	52.50	57.00	63.50	54.25	35.00	31.25	33.75	39.50	39.00	44.50	50.50	53.25	58.50	81.25	79.75	62.00	42.75	40.25	37.00	36.25	41.75	53.25	48.75	46.00	45.50	41.50	41.75	43.00	36.00	31.00	28.75	31.75	32.75	42.75	50.00	74.25	103.00	101.25	102.25	99.00	91.50	72.00	67.00	72.00	67.00	62.75	57.00	59.25	61.25	53.25	52.25	66.75	55.50	60.00	51.75	60.50	45.25	46.25	40.75	41.00	67.50	57.25	59.50	67.50	69.50	70.50	62.25	60.00	48.50	46.50	49.75	49.75	49.25	44.00	49.00	55.00	45.75	44.75	49.50	41.00	32.50	20.50	19.75	32.50	30.00	38.75	34.75	33.75	45.25	37.25	29.25	30.25	28.75	30.00	24.75	21.00	22.75	27.25	30.50	34.00	29.50	29.50	36.00	37.25	40.75	54.00	42.75	35.50	36.75	37.50	36.75	37.75	39.25	37.50	44.50	37.50	39.75	40.75	39.50	49.50	44.00	48.50	39.50	38.00	38.00	42.00	38.00	55.00	51.75	60.25	38.25	42.00	48.50	41.50	51.00	43.25	50.25	54.00	48.75	55.50	53.50	40.50	44.50	25.00	45.75	46.25	50.75	52.25	50.50	49.00	53.00	55.75	63.75	73.00	72.00	66.25	70.00	64.00	62.25	58.75	60.25	63.00	65.75	63.50	62.50	61.00	63.75	67.25	64.50	63.00	66.75	64.00	67.25	68.00	66.50	67.25	65.75	64.00	59.50	67.50	73.75	84.25	95.25	108.50	118.50	121.50	112.00	103.75	98.25	103.75	114.00	109.00	110.25	113.00	119.50	118.50	115.50	117.00
43.75	51.00	57.00	54.00	58.25	70.75	92.00	96.50	80.00	48.00	35.00	27.25	21.75	31.25	26.50	40.50	50.75	52.00	54.25	58.50	77.00	78.50	72.25	77.25	66.75	54.50	44.50	60.50	67.75	69.25	52.75	49.00	37.75	28.25	31.00	40.00	38.75	39.50	46.00	42.50	57.50	64.00	87.50	100.00	64.00	46.75	63.75	71.50	80.25	84.50	84.75	59.75	57.50	57.75	53.75	50.50	47.50	54.25	51.75	49.75	61.50	61.00	42.25	36.75	31.75	29.75	31.75	36.50	39.25	46.50	44.50	66.00	72.25	60.75	45.50	42.50	36.75	37.00	40.50	48.25	53.00	53.50	50.50	39.50	41.00	41.75	40.25	33.50	30.50	30.75	32.00	36.50	44.50	64.75	94.50	92.25	92.75	96.75	91.75	71.75	66.75	74.25	67.50	63.50	58.25	56.00	55.00	52.50	51.25	60.25	56.50	62.00	51.00	56.50	49.25	47.75	42.75	39.75	69.50	59.50	53.50	60.50	65.50	68.75	62.00	61.75	52.00	44.25	48.75	50.50	49.25	43.75	42.75	46.50	43.75	42.75	48.50	44.75	34.25	24.75	23.25	32.00	27.25	29.25	31.25	33.75	36.25	33.50	30.75	30.50	28.25	31.25	21.00	21.25	23.25	29.00	33.75	27.75	27.50	28.50	32.25	33.50	40.75	54.75	47.75	38.00	41.50	36.75	35.50	41.25	39.50	38.25	39.00	35.25	48.50	44.50	36.25	45.75	46.25	51.25	41.75	38.00	39.50	38.75	37.00	48.25	52.50	56.00	39.75	38.75	42.75	45.25	47.75	41.50	53.00	56.50	51.00	57.00	57.00	40.25	36.50	26.25	45.25	46.00	52.75	48.25	47.50	47.75	61.50	55.25	61.50	68.00	70.25	64.50	66.75	64.50	60.00	62.00	61.00	63.50	64.00	62.00	65.75	62.75	60.50	63.00	61.00	62.25	62.00	59.25	61.75	64.00	61.50	61.00	59.50	63.25	62.75	72.75	82.50	96.50	105.75	106.75	108.50	112.50	103.00	96.25	99.50	103.75	110.00	107.25	107.50	111.00	117.00	115.00	112.00	114.25
43.75	45.50	50.50	51.75	56.75	75.25	79.75	87.25	82.75	55.00	32.00	23.00	20.25	25.75	21.00	43.00	52.00	58.00	53.25	52.00	65.00	78.50	71.75	75.25	66.50	58.75	41.00	51.00	63.50	59.25	53.00	41.75	41.00	25.75	30.75	34.50	37.75	39.50	47.75	42.25	62.50	67.25	81.25	84.25	86.50	59.50	63.50	65.50	62.75	74.50	78.25	70.75	61.25	52.75	54.25	53.25	44.25	53.50	53.75	45.50	53.00	61.25	51.00	48.50	39.25	28.75	28.75	29.50	30.00	40.25	37.00	45.25	57.75	58.00	48.25	44.00	36.50	41.00	46.50	45.50	53.75	55.50	52.50	39.75	40.50	39.75	46.00	36.00	32.00	33.25	33.25	36.50	42.00	55.75	81.75	87.00	88.50	93.00	88.25	71.00	63.75	72.00	71.75	65.50	62.00	58.75	54.25	59.50	58.00	58.00	52.75	52.00	50.25	51.25	49.50	47.25	43.75	40.25	63.50	63.00	54.25	59.50	62.75	63.00	61.00	58.50	60.75	48.00	49.50	51.25	48.75	47.00	48.00	46.50	44.50	43.25	46.25	48.50	39.75	31.50	22.25	25.75	25.25	25.25	30.00	28.00	27.50	28.75	30.00	28.75	26.00	29.25	17.50	23.00	24.25	31.00	38.75	29.75	26.25	26.50	30.25	29.50	40.25	52.25	52.75	41.25	46.75	38.50	36.50	50.50	38.50	38.75	36.75	38.25	51.50	48.75	36.00	41.00	44.00	50.00	50.25	40.50	41.25	37.00	37.75	40.00	47.50	49.75	42.00	38.25	38.50	50.25	50.50	43.25	55.50	55.00	51.50	52.00	54.00	41.25	34.50	24.50	40.50	44.25	50.75	45.75	45.00	47.75	65.75	57.25	59.00	61.50	68.00	64.50	64.50	63.75	59.50	60.25	60.50	62.00	60.75	59.75	64.75	63.00	59.00	61.25	59.50	61.00	57.50	58.75	60.50	63.25	59.25	58.00	60.75	66.75	70.75	86.75	100.75	109.25	109.50	103.75	103.75	102.50	93.75	91.50	102.50	103.50	103.25	100.75	103.75	111.75	111.75	111.50	109.75	111.50
42.75	42.25	43.50	46.75	51.75	68.75	74.75	81.75	82.25	56.50	26.75	23.50	17.75	21.50	21.75	40.75	52.25	65.25	60.50	55.75	62.00	77.50	73.50	73.75	60.75	57.75	39.50	42.50	54.25	52.25	51.50	37.25	45.00	24.75	28.00	35.25	33.50	38.25	46.00	41.25	61.50	89.75	96.75	83.25	84.50	71.50	76.75	78.50	56.75	59.00	62.00	76.00	67.75	52.00	58.25	54.75	49.25	49.00	52.50	51.00	54.00	55.00	54.25	51.00	45.50	36.50	33.00	27.75	25.50	30.00	31.00	33.00	42.25	50.50	48.75	42.00	34.00	43.50	51.75	43.50	49.50	53.75	54.75	42.75	41.00	37.50	44.25	34.00	32.00	36.00	40.00	45.25	48.00	50.00	70.75	83.50	85.50	86.75	79.75	68.25	62.00	66.00	71.25	64.50	64.25	63.25	54.25	63.50	65.00	61.00	50.50	47.75	51.25	49.00	47.25	45.75	42.50	42.00	51.00	60.00	55.25	59.25	64.50	61.00	61.00	52.00	61.00	53.75	51.50	51.75	48.75	48.50	50.75	49.25	48.25	45.00	42.00	46.75	45.75	35.75	22.50	21.00	25.25	22.75	30.00	23.00	23.00	24.75	26.75	27.75	25.00	27.00	19.00	22.00	25.50	29.25	36.25	33.25	29.00	27.00	29.25	28.50	37.00	52.25	55.75	43.00	47.00	43.75	42.00	50.25	41.00	40.75	36.00	36.75	42.50	44.75	37.50	37.50	43.50	44.25	51.25	42.50	42.75	37.75	39.75	37.00	41.50	44.25	41.75	37.75	37.50	52.50	56.25	43.50	50.50	50.75	49.50	49.00	50.00	39.75	30.50	25.50	39.50	40.75	46.00	49.75	47.00	48.75	62.75	56.50	59.75	57.75	63.00	66.25	68.50	64.75	59.25	61.50	61.50	58.25	54.50	55.25	57.75	59.00	55.50	60.00	61.00	61.00	59.50	63.75	61.00	62.50	58.50	57.50	63.50	76.00	90.00	108.75	118.75	117.50	108.00	101.00	98.75	93.00	86.75	89.50	102.75	103.25	101.00	100.00	102.75	111.00	109.25	108.50	108.25	107.75
29.00	32.50	36.50	40.50	44.00	46.00	63.00	69.50	74.50	49.00	28.50	27.00	18.00	24.00	23.00	30.00	45.00	66.50	72.50	72.50	70.50	79.50	68.00	62.50	54.50	48.50	44.00	37.50	46.00	51.00	49.50	39.50	35.00	34.00	23.50	37.50	34.50	45.00	41.50	42.50	79.00	136.50	117.50	91.00	81.00	80.00	77.50	89.50	69.00	55.00	50.00	62.00	74.50	64.50	58.00	53.00	54.50	44.00	43.00	56.00	73.50	59.50	48.00	43.50	51.50	45.50	38.00	37.50	36.00	26.50	23.00	28.00	33.00	32.50	45.00	34.50	29.50	36.00	45.00	38.00	39.00	48.50	58.00	55.50	45.50	34.50	37.50	29.00	33.00	43.00	49.00	57.00	62.00	50.50	55.00	76.50	76.50	75.50	71.50	64.00	60.50	62.00	64.50	66.50	61.00	63.50	55.00	53.00	60.00	65.00	56.50	45.50	52.00	50.00	51.50	49.50	43.00	44.50	40.50	43.00	49.00	51.50	61.50	65.50	59.50	49.00	50.50	62.50	54.50	55.50	52.00	52.50	53.50	46.50	61.50	52.50	38.00	38.50	49.00	37.50	23.50	13.00	19.00	21.50	22.00	23.00	21.00	20.50	20.50	28.00	21.50	28.00	30.50	14.50	26.50	27.50	31.50	33.50	39.00	39.00	32.00	29.00	36.00	48.50	46.50	42.00	45.50	47.50	46.50	40.00	43.50	52.00	35.50	38.50	35.00	39.50	42.00	36.50	47.50	42.50	40.00	42.50	52.50	34.50	36.00	33.50	40.00	41.50	37.00	37.50	36.50	38.00	50.50	46.50	41.00	44.50	49.00	48.00	45.00	34.50	22.00	37.00	39.00	41.50	44.00	50.50	60.50	58.00	52.50	54.00	58.00	55.00	58.00	64.50	64.00	61.00	61.00	63.00	60.00	56.00	57.50	57.00	52.00	52.50	52.00	54.50	57.50	57.00	61.00	59.00	57.00	56.50	57.00	58.00	65.00	104.00	128.50	135.50	124.00	108.50	98.50	95.00	88.50	93.50	93.00	93.00	100.00	105.00	104.00	102.50	104.50	109.00	108.50	106.00	106.50	105.00
26.75	32.50	36.50	39.25	44.75	46.00	56.00	63.00	67.75	47.50	27.50	25.50	18.50	24.25	22.50	29.00	43.50	60.50	72.50	72.00	69.25	75.75	70.00	61.25	51.75	47.50	44.00	39.00	45.75	52.50	50.00	42.25	34.75	29.50	27.75	36.75	51.25	61.75	45.00	47.75	82.50	123.50	111.50	93.50	80.50	80.00	77.75	86.25	72.25	57.50	50.75	56.50	69.00	69.50	60.50	55.50	57.00	45.75	43.25	54.25	69.50	64.00	51.50	48.00	51.50	49.75	43.00	41.25	38.75	30.75	25.00	24.75	31.25	29.50	38.50	31.75	28.75	33.50	41.75	34.00	37.00	46.25	58.00	58.75	48.50	35.00	38.00	27.50	33.00	45.50	53.00	58.00	64.75	50.50	51.00	74.00	77.25	72.00	66.75	61.00	59.00	59.50	60.00	64.00	60.75	62.00	54.50	51.50	58.75	62.50	59.25	47.25	52.75	51.25	51.25	50.50	45.50	44.00	41.75	42.25	53.50	50.50	56.75	61.75	58.75	49.25	49.75	63.75	59.00	54.00	51.75	52.25	53.00	48.75	61.25	56.00	39.00	40.50	48.50	38.75	29.50	17.75	16.25	20.50	20.25	24.00	22.25	19.00	18.75	28.00	20.50	28.25	31.75	17.50	23.50	25.75	28.75	30.00	37.75	37.75	32.75	30.50	36.50	44.25	48.25	44.25	46.00	52.75	48.00	40.75	42.75	53.25	34.50	35.75	35.00	37.75	40.00	37.75	46.00	42.75	39.50	46.00	53.25	35.50	36.75	34.25	37.00	39.25	36.25	36.75	39.25	38.25	44.50	43.25	40.25	50.75	50.50	45.50	44.25	33.50	22.00	38.25	39.00	40.25	42.75	50.25	59.25	54.00	50.25	52.25	55.50	55.00	57.25	63.00	61.50	57.75	59.50	60.50	56.50	53.00	54.75	56.50	52.50	55.00	52.50	52.25	54.50	53.25	53.75	53.25	54.50	56.00	57.50	60.25	71.25	110.75	128.25	129.50	118.00	105.00	96.00	94.75	89.75	95.75	92.00	90.25	97.75	104.25	106.00	105.25	103.75	108.75	108.00	106.00	105.25	105.00
20.50	35.50	45.50	53.50	43.50	42.00	42.50	45.50	47.00	44.50	28.50	21.50	17.50	22.00	23.00	29.50	40.00	56.50	59.00	70.00	66.00	72.00	72.00	63.50	47.00	47.50	39.50	41.00	42.50	47.00	57.00	67.50	58.00	22.00	32.00	32.00	60.00	80.50	61.50	47.50	81.00	100.50	99.00	93.50	80.00	81.00	84.50	81.00	72.50	64.00	57.00	53.50	50.50	61.00	62.50	61.50	54.50	46.00	41.00	45.00	64.00	60.50	56.50	64.50	53.00	47.00	43.00	46.00	38.00	34.50	31.00	25.50	24.50	23.50	24.50	29.00	28.00	33.00	33.50	27.50	38.00	44.00	59.50	72.00	56.00	37.00	35.50	25.00	32.00	46.00	60.50	61.00	71.00	53.00	50.50	71.00	75.50	70.00	59.50	55.00	56.00	55.50	51.50	53.00	59.00	62.00	57.50	49.50	55.50	62.00	62.00	53.00	53.00	57.00	56.00	55.50	52.00	45.00	45.00	45.50	49.00	52.00	61.00	55.50	66.00	53.00	49.00	57.00	59.00	54.00	55.00	54.50	51.50	50.50	58.00	58.50	43.00	46.50	41.50	43.50	43.50	42.50	17.50	14.00	16.50	16.00	17.00	19.00	20.50	27.50	19.00	29.00	28.50	23.00	17.50	24.50	23.50	24.00	30.00	32.00	31.00	31.00	38.00	38.00	49.50	44.00	47.00	63.50	54.00	43.00	36.50	52.00	36.00	36.00	37.00	32.50	33.00	40.00	40.00	39.50	37.50	46.00	50.50	42.50	37.50	35.50	42.50	40.00	32.50	33.00	49.00	38.00	36.50	35.50	38.50	61.50	49.50	42.50	45.50	35.00	24.50	29.50	42.00	42.00	44.00	45.50	48.00	46.50	48.50	48.50	51.00	66.50	60.50	57.50	57.00	59.50	58.50	50.00	53.00	50.00	53.00	52.00	49.50	50.50	50.50	51.00	48.00	45.50	52.00	50.50	44.50	47.50	57.50	64.50	99.50	116.50	123.50	112.00	104.00	98.50	97.00	95.00	89.50	88.50	86.00	87.50	96.00	101.00	104.00	106.50	106.50	105.00	100.50	101.50	103.50	105.00
26.25	33.50	41.75	55.75	50.50	47.00	36.50	35.50	36.50	34.50	30.25	26.00	18.50	15.25	14.25	33.50	40.75	51.50	53.50	57.00	56.75	65.50	74.75	66.75	42.25	43.50	40.50	39.25	41.50	41.25	44.50	65.75	67.75	28.00	25.75	30.00	40.00	68.50	60.25	43.75	74.00	86.75	96.50	93.00	70.50	71.25	74.00	80.25	74.00	66.50	63.50	68.50	59.25	53.50	58.25	59.50	50.00	45.25	40.25	43.75	54.25	57.75	56.75	67.50	50.25	41.25	39.75	40.00	41.00	38.25	37.00	32.00	31.75	24.75	24.50	24.25	26.50	33.50	37.50	35.25	46.50	62.50	71.25	65.50	54.50	36.25	25.00	21.00	22.50	37.00	59.25	70.75	84.50	55.00	48.25	68.25	74.50	73.25	65.00	62.25	56.00	53.00	49.50	46.00	52.00	57.50	60.75	52.25	49.00	58.00	58.50	59.75	56.50	64.25	60.50	55.25	56.25	49.50	45.50	42.25	40.50	45.75	69.00	70.50	67.25	61.00	56.75	57.50	61.50	58.25	58.25	56.75	53.25	55.00	53.00	56.50	45.25	56.50	45.75	36.75	37.75	42.75	33.00	12.75	14.25	17.00	16.25	16.50	18.25	20.00	17.00	21.75	27.00	23.50	12.75	21.25	21.00	26.75	26.25	25.50	26.25	27.00	37.50	38.00	38.75	49.25	50.00	52.50	54.50	43.00	41.00	50.50	55.25	45.25	35.00	35.50	32.75	35.50	42.25	35.75	40.00	39.75	47.50	37.50	38.00	44.50	40.25	45.75	31.00	31.25	40.25	35.50	30.75	38.25	48.25	52.25	45.50	48.00	46.00	41.75	32.00	25.25	38.00	38.00	42.25	43.75	44.75	46.00	48.25	47.50	50.75	68.00	61.25	65.25	57.00	54.50	54.00	47.75	49.75	48.00	47.00	42.75	41.75	43.75	45.75	45.00	47.25	48.50	49.25	46.00	56.75	54.75	56.50	63.00	92.25	113.75	115.50	100.50	94.50	91.75	93.75	96.25	92.75	90.75	86.25	86.50	94.25	94.50	99.50	100.50	100.50	100.25	101.75	102.75	100.50	102.50
34.00	37.00	32.50	40.50	51.00	44.50	36.00	34.00	32.00	32.50	30.50	28.00	19.00	8.50	7.50	39.00	45.00	45.00	51.50	51.50	55.00	63.50	76.00	68.00	40.50	42.00	44.00	40.50	40.50	40.00	40.00	48.50	67.50	34.00	30.00	30.50	40.50	63.00	59.50	40.00	62.00	77.50	85.50	89.50	67.00	68.50	72.50	78.00	77.00	68.00	66.00	73.50	66.50	55.00	55.50	58.00	50.50	44.50	41.00	43.50	47.00	52.50	56.50	70.50	51.00	41.00	41.00	40.50	43.00	38.50	38.50	34.50	33.00	26.00	24.50	23.00	25.50	32.50	43.00	40.00	43.50	65.00	80.00	62.00	53.00	35.50	23.50	19.50	19.50	33.00	57.50	67.50	84.50	55.00	47.00	66.50	74.00	76.50	70.50	67.50	56.00	52.50	48.50	44.00	50.00	56.50	62.00	56.50	48.00	55.50	58.00	61.00	58.00	69.50	64.50	55.00	55.50	50.50	44.50	39.50	38.50	44.00	64.50	71.50	72.50	65.00	61.00	59.00	62.50	59.00	61.00	57.00	53.50	53.00	52.00	52.50	44.00	56.50	49.00	36.00	35.00	39.50	38.50	13.50	13.50	16.00	15.50	17.50	17.00	16.50	14.00	18.50	26.50	23.50	11.50	20.00	20.50	28.50	26.50	26.00	26.00	26.50	35.00	39.00	37.00	51.50	48.50	50.50	56.00	44.00	41.50	53.50	60.00	44.50	40.50	38.00	33.50	35.00	46.00	34.50	36.50	41.00	48.00	34.00	40.00	50.50	39.00	43.00	31.00	31.00	34.00	32.00	27.50	40.00	52.00	46.00	47.00	52.00	44.50	43.50	32.00	27.50	40.50	38.00	41.00	43.50	43.00	44.00	48.50	48.00	51.00	62.00	61.00	68.00	57.00	54.50	54.50	48.50	50.00	47.50	47.00	40.50	39.00	42.50	44.00	40.00	48.00	47.00	44.50	48.00	60.00	63.00	61.50	61.00	85.00	111.00	113.00	98.00	89.50	88.00	93.00	94.50	97.50	96.50	87.50	88.00	95.50	93.00	97.00	99.00	97.00	98.00	101.00	103.50	101.50	101.50
34.25	32.25	30.75	25.50	28.50	30.25	21.00	20.75	25.75	24.50	28.25	24.25	20.00	11.25	12.25	38.25	45.75	45.25	48.75	49.50	46.00	59.75	76.25	76.50	51.50	44.50	47.75	56.50	48.75	52.50	65.75	60.50	59.50	39.50	31.25	21.50	45.00	55.00	54.00	38.50	41.50	56.75	69.50	74.75	77.75	63.50	63.25	72.00	77.75	78.75	73.00	80.00	84.00	66.00	58.50	61.50	54.75	45.25	43.00	43.50	50.50	46.25	61.00	70.25	60.00	44.25	47.50	55.75	58.25	43.25	45.50	36.25	30.75	33.25	30.00	28.00	27.25	27.75	36.00	34.50	36.50	65.50	72.00	58.00	43.25	34.75	28.00	21.25	22.50	33.00	52.50	63.50	73.75	61.25	42.75	58.00	73.75	83.75	74.25	72.00	58.50	55.00	53.50	45.75	47.75	58.00	66.50	70.75	58.00	50.00	51.25	57.50	59.00	60.50	60.75	52.50	53.25	49.75	44.50	40.50	37.50	42.75	57.75	56.50	59.75	60.75	59.25	57.75	68.25	62.75	60.50	59.25	54.50	52.50	50.00	45.50	44.00	46.75	51.25	47.50	36.00	32.25	33.00	28.00	14.25	15.75	12.75	13.50	17.25	16.00	14.75	15.50	21.25	21.25	11.50	20.00	16.50	21.75	21.75	21.00	23.00	28.75	28.00	36.75	39.00	47.25	44.25	42.25	51.75	41.00	34.75	48.00	51.25	41.00	41.75	33.00	32.00	41.00	42.50	38.00	48.25	40.50	43.50	42.00	47.75	49.50	34.25	35.00	43.25	28.75	34.25	31.25	30.75	38.25	40.50	35.50	37.25	40.25	42.00	37.25	23.25	31.25	39.25	44.25	39.25	43.50	49.75	49.75	49.50	45.00	50.00	49.25	56.75	60.75	55.75	52.75	52.25	45.75	44.75	46.75	48.25	46.25	42.50	40.25	39.25	41.50	44.00	45.25	51.75	55.25	75.25	89.25	82.25	70.00	76.25	98.75	100.50	88.50	88.75	89.00	90.25	85.00	87.00	94.75	91.00	87.50	96.75	95.25	94.00	92.00	94.50	94.25	97.25	101.75	101.75	99.50
39.50	38.00	35.75	30.25	23.00	22.00	15.75	17.00	24.75	19.50	20.50	29.00	26.75	15.25	19.00	40.00	54.25	44.50	45.00	46.50	46.25	56.00	70.75	76.50	57.00	49.00	45.00	51.25	57.75	77.00	95.00	78.75	52.75	28.25	30.75	19.50	29.50	49.75	45.75	39.00	43.25	52.75	65.00	66.50	71.00	61.75	59.25	70.25	76.75	75.25	77.00	75.00	82.00	65.50	60.50	65.00	54.75	49.00	44.75	44.75	48.25	46.75	57.25	64.25	66.00	48.25	51.00	62.00	60.75	44.25	43.25	38.25	31.75	35.00	28.50	28.25	27.00	25.25	27.75	26.75	28.50	46.00	52.75	42.25	36.25	34.50	30.00	22.75	22.50	29.75	44.00	69.25	73.25	61.25	44.75	53.00	75.25	83.00	68.25	69.25	59.50	58.75	56.25	47.75	46.00	56.00	68.00	75.25	64.00	47.25	47.00	52.00	56.00	56.50	55.00	51.25	50.75	47.25	44.00	40.75	39.00	40.00	52.00	54.50	50.00	55.75	58.25	56.00	64.50	61.75	56.00	56.00	54.25	52.50	51.75	46.25	42.00	45.25	46.25	49.00	38.00	30.25	27.50	29.00	18.50	19.00	14.75	12.25	18.75	17.00	15.50	16.75	16.75	17.00	11.00	18.50	16.25	16.00	15.25	14.00	19.25	28.50	28.25	34.50	40.00	42.25	42.50	46.25	47.25	40.50	31.75	42.25	41.50	34.25	40.25	33.75	31.50	39.75	38.25	42.25	58.50	40.50	42.50	46.00	53.00	45.25	34.75	34.25	42.25	28.50	33.25	31.50	38.00	34.00	36.75	33.00	35.25	38.25	44.50	29.50	20.00	32.25	35.75	44.75	36.75	48.25	53.50	51.00	54.25	43.25	47.75	45.25	52.25	53.00	52.00	49.50	48.25	44.75	45.50	45.00	43.00	42.25	40.25	39.75	40.00	40.50	48.50	50.00	54.00	62.00	81.50	91.25	84.75	72.25	76.75	92.75	91.50	88.00	89.25	93.75	87.25	82.75	83.00	90.25	91.25	84.75	93.50	96.75	93.00	89.50	93.25	93.75	94.25	97.50	97.75	99.25
43.25	44.75	42.00	39.50	28.50	22.75	20.00	17.00	20.50	15.00	15.75	29.50	28.75	22.25	26.25	37.75	53.75	45.00	41.50	46.25	48.25	53.25	66.00	75.75	65.25	50.00	48.00	44.50	61.75	104.00	119.25	78.50	42.50	37.00	57.75	24.75	19.50	33.25	37.75	49.00	53.00	58.25	62.25	60.00	65.00	60.50	59.25	68.50	75.75	73.00	76.25	71.25	79.00	68.50	61.75	62.75	55.00	49.75	48.25	49.75	47.00	47.75	54.50	55.75	66.25	53.50	49.50	63.50	62.25	45.75	38.25	40.00	36.00	34.50	28.75	27.25	25.00	28.00	27.25	23.75	23.00	32.00	36.50	29.75	29.75	29.75	28.75	22.50	23.75	26.50	35.00	70.75	75.50	63.75	48.75	46.75	61.75	69.75	62.25	62.75	55.75	60.75	57.50	49.00	44.00	53.00	63.25	74.50	67.25	49.25	46.75	47.25	52.25	55.25	53.75	51.00	49.00	47.75	44.50	41.00	37.50	37.25	44.00	50.25	48.00	51.25	56.75	52.50	58.00	58.75	50.75	50.25	53.00	54.00	53.25	50.75	40.50	44.00	44.25	47.00	41.75	33.50	24.00	23.00	19.75	16.00	13.75	11.50	17.25	18.25	17.75	19.00	12.50	16.25	12.50	15.50	17.25	15.25	16.75	12.00	17.00	28.75	34.75	36.25	41.25	38.50	42.00	49.75	44.25	39.25	32.75	46.50	37.75	30.50	34.25	28.75	29.50	42.50	37.50	43.75	58.50	40.25	43.50	44.25	52.25	43.75	37.25	36.75	34.75	29.00	28.00	30.75	45.75	33.75	34.75	32.75	37.25	48.50	43.25	33.75	19.25	32.75	36.50	39.25	36.25	46.75	45.50	44.75	46.00	41.25	43.75	46.50	48.75	50.00	48.00	44.50	43.25	42.75	42.25	41.75	41.75	42.75	37.00	36.00	37.25	38.50	47.50	52.50	57.25	68.00	85.25	88.00	85.00	73.50	79.50	90.00	87.00	87.75	87.25	98.00	89.00	83.50	82.25	84.75	88.50	85.25	91.00	95.50	89.50	88.75	90.50	91.75	91.00	92.25	93.75	96.50
48.75	54.75	55.00	49.50	36.75	28.50	23.75	17.50	16.75	12.50	18.75	21.00	20.00	26.25	31.00	33.75	42.50	44.50	40.75	46.75	45.25	51.25	63.50	73.25	77.75	55.00	51.75	43.50	64.25	105.50	115.25	66.00	34.25	54.25	73.75	36.50	23.75	21.25	32.75	62.00	63.75	63.00	59.00	58.75	64.75	59.75	60.75	66.25	68.25	66.25	66.75	68.00	71.75	71.25	62.75	61.50	53.00	47.50	53.75	55.00	48.75	49.00	56.75	54.75	62.75	58.75	47.50	60.50	64.00	46.50	39.50	41.50	39.00	33.25	30.50	28.25	28.00	31.50	29.25	26.75	25.00	34.25	32.00	29.25	27.00	28.25	28.75	21.00	24.50	26.25	30.75	65.25	80.25	69.00	51.00	41.50	44.75	59.25	54.25	55.00	48.75	57.50	57.25	48.50	44.50	53.00	57.00	69.25	66.00	49.75	49.50	47.50	49.50	53.50	54.00	51.50	48.75	48.00	45.50	42.25	36.00	34.25	37.75	42.00	45.75	48.50	55.25	53.50	52.50	56.00	45.50	43.75	53.50	57.75	53.00	53.00	42.50	43.00	43.25	44.25	44.00	41.00	27.75	19.00	18.00	13.50	11.25	11.75	14.75	16.75	17.75	19.00	13.25	20.50	15.75	12.25	18.25	16.50	19.75	15.50	19.50	30.50	39.50	36.00	38.00	40.50	43.00	45.75	43.25	38.50	32.00	49.75	41.00	34.00	26.50	25.50	28.75	41.75	37.75	39.25	50.50	39.00	46.00	39.50	49.00	44.75	41.25	41.00	31.50	30.00	28.50	31.50	43.25	32.25	33.25	38.00	43.25	54.25	40.25	44.75	18.25	32.25	38.50	36.25	43.75	40.75	38.25	40.75	41.50	40.00	39.75	45.50	44.25	44.25	45.25	42.50	41.75	39.25	39.75	43.75	47.00	45.25	35.75	35.25	35.50	38.25	45.25	54.75	65.50	80.50	88.00	87.50	86.25	76.00	78.75	82.25	78.50	82.75	88.00	94.50	88.75	83.25	82.75	83.50	85.50	87.75	91.00	93.75	88.25	88.50	87.25	88.50	90.75	90.00	92.50	92.75
52.50	61.75	65.50	57.75	45.50	34.25	27.50	20.75	15.00	10.00	22.00	11.75	12.25	23.25	27.75	32.00	36.00	38.50	41.75	41.50	45.25	46.75	59.25	66.50	80.75	60.75	48.25	42.75	63.25	88.50	94.50	60.00	36.75	52.50	53.00	49.25	32.50	26.00	26.75	63.00	66.50	59.00	62.00	56.75	68.25	60.25	59.75	66.50	62.00	58.25	58.25	64.00	63.50	67.25	62.75	57.25	47.75	49.00	56.25	55.00	52.00	51.25	59.50	56.25	57.75	56.00	50.75	57.25	63.00	46.00	43.00	42.50	40.00	33.75	31.50	30.25	30.75	33.25	32.25	29.00	27.00	33.00	33.25	35.00	27.00	29.00	29.75	20.50	28.25	26.25	28.75	57.00	79.75	68.50	53.25	39.00	37.75	54.00	50.25	55.00	42.75	51.00	54.50	45.50	45.00	50.50	52.50	62.50	64.25	48.75	48.50	47.25	45.00	49.50	51.25	50.75	47.75	46.00	47.50	44.50	36.75	34.00	36.00	38.75	41.50	46.75	51.25	55.50	49.00	52.50	43.50	40.00	51.50	57.75	52.25	51.00	44.00	41.25	43.00	42.75	44.00	43.75	30.25	17.25	17.75	15.25	11.00	12.00	13.00	13.75	15.75	15.25	14.50	20.25	18.00	11.50	17.25	17.00	18.25	17.50	17.75	23.50	33.50	33.75	35.50	46.75	46.00	41.25	39.75	38.75	29.50	46.50	42.25	36.25	26.25	27.00	29.75	39.00	37.25	34.25	39.50	34.50	44.75	34.75	46.75	42.25	40.75	37.75	30.75	32.50	33.75	36.25	37.25	31.75	33.75	38.75	42.25	45.00	39.25	51.50	22.00	27.50	36.00	33.25	51.50	42.50	38.50	40.75	42.75	40.50	39.75	41.50	39.75	38.50	42.75	39.50	39.00	35.00	38.75	43.75	43.25	38.00	35.25	36.00	37.00	41.25	46.50	62.25	81.25	101.00	94.75	91.75	88.25	85.50	82.50	80.00	78.00	75.75	83.25	86.00	83.00	80.25	80.75	82.25	84.00	90.50	92.25	93.00	88.75	87.25	86.00	86.50	89.25	88.50	92.25	91.00
54.25	65.75	68.00	64.25	52.50	42.00	34.75	27.50	17.25	10.75	19.50	8.25	7.00	9.50	19.00	29.50	29.50	26.25	39.25	40.25	42.25	43.25	51.50	59.25	74.00	62.75	41.50	39.75	57.75	78.50	81.25	63.00	46.75	43.25	40.00	48.00	36.50	28.00	22.00	53.25	61.50	52.75	61.75	60.25	67.50	59.25	55.75	62.25	64.00	61.25	51.50	59.75	54.50	58.75	60.75	52.75	46.25	52.75	55.50	52.75	55.75	52.75	56.50	56.25	53.25	49.00	56.50	59.75	59.75	49.00	46.00	45.00	41.00	36.50	33.75	30.25	30.75	37.75	33.75	31.75	32.25	32.00	33.75	38.25	30.50	30.25	29.50	19.75	26.75	26.00	26.75	48.50	73.00	63.75	53.75	37.75	39.25	54.50	51.25	56.25	39.50	46.75	51.25	45.50	45.75	45.25	45.00	58.25	60.50	51.25	47.75	46.25	42.25	44.25	46.50	46.75	46.25	44.00	47.00	47.25	37.25	36.00	36.50	39.50	42.25	47.75	48.25	55.25	48.50	50.25	43.75	38.25	43.50	51.00	50.50	49.00	43.25	38.50	41.75	42.00	41.25	39.50	28.00	16.50	17.75	17.50	11.00	11.25	13.25	13.00	14.50	12.25	14.00	16.00	16.25	12.25	15.50	18.25	16.75	18.00	16.50	16.25	26.50	32.75	36.75	50.00	46.50	36.25	32.75	40.25	26.75	38.00	37.25	30.25	33.25	24.00	29.50	36.25	37.50	34.00	34.50	33.00	39.75	33.25	45.50	38.75	34.25	28.75	30.25	32.50	35.50	39.00	34.50	33.75	34.75	35.00	36.50	37.75	38.25	52.25	22.00	27.25	35.50	34.50	47.50	43.25	38.75	42.00	46.75	40.25	45.75	41.75	38.50	39.50	40.00	34.25	34.25	33.00	34.50	36.25	33.50	32.50	36.00	33.75	38.75	43.25	51.25	73.00	98.75	114.00	100.25	97.25	93.50	93.00	94.75	91.50	95.00	76.50	73.25	76.75	78.00	77.75	76.00	79.25	82.50	89.00	90.75	91.50	88.00	87.75	86.75	87.75	86.25	86.00	89.00	89.00
51.75	65.50	68.75	67.50	57.25	48.00	45.00	37.25	25.00	15.25	13.75	9.00	4.50	1.00	11.00	15.75	22.75	19.25	31.75	41.75	40.25	44.00	45.25	52.00	67.75	62.25	39.00	31.75	50.75	75.00	75.25	62.00	50.75	39.75	36.75	39.00	36.50	24.50	18.00	42.75	51.25	52.75	52.25	55.75	65.75	55.25	54.50	54.00	62.75	66.25	48.00	52.75	45.25	49.75	53.25	49.75	50.25	55.25	55.00	51.25	55.25	50.25	54.25	55.50	51.00	46.25	56.75	66.75	55.75	52.25	47.00	47.50	42.75	37.75	36.75	31.25	33.75	41.25	34.75	38.00	42.75	37.75	36.00	43.75	40.25	33.25	30.00	19.25	21.00	23.50	24.25	39.75	62.50	60.75	52.25	40.75	39.50	48.50	48.75	55.25	42.00	44.00	47.25	44.25	44.00	46.75	38.75	58.50	56.00	51.75	50.50	46.50	45.00	40.50	43.50	43.00	45.25	41.25	43.50	48.75	37.25	36.50	37.50	41.00	43.75	50.00	47.75	52.25	50.00	51.75	47.25	42.00	43.75	48.25	47.50	46.25	44.00	39.00	39.50	39.00	36.50	33.00	24.25	17.50	18.50	17.75	11.00	10.75	12.25	13.75	14.50	13.00	15.25	14.75	14.75	12.50	14.25	17.00	15.00	18.25	18.75	15.25	21.25	26.75	32.00	44.00	42.25	29.50	27.50	38.75	26.50	31.25	35.00	24.75	38.50	18.75	23.25	32.25	36.00	38.00	36.75	33.25	36.75	36.75	44.50	38.75	31.00	26.00	33.75	30.75	33.50	34.50	31.50	32.25	33.50	33.50	38.25	39.25	39.25	37.75	18.00	32.25	41.25	42.50	40.25	40.50	40.50	44.00	53.25	39.25	50.75	43.75	36.75	38.25	36.25	35.75	32.25	32.00	32.00	30.25	31.75	31.00	34.25	34.00	40.75	46.00	66.75	89.50	114.75	122.50	101.75	97.25	96.50	97.00	108.25	108.25	112.75	82.25	76.25	79.50	79.25	78.75	73.75	77.75	82.00	84.50	86.75	88.75	86.50	87.75	88.00	87.50	86.25	85.00	86.00	89.00
45.25	61.75	70.75	71.50	62.50	52.50	49.50	47.00	36.75	28.00	13.00	9.25	5.33	1.00	8.00	4.50	12.75	17.50	24.75	38.50	43.75	42.75	45.50	49.50	60.75	59.25	43.00	28.00	41.25	65.75	67.00	51.50	55.75	46.75	34.00	33.50	33.25	24.25	15.00	32.50	41.50	48.00	46.75	47.75	74.25	61.25	57.25	49.25	52.75	52.75	39.75	40.50	38.00	39.75	44.75	49.75	53.00	57.50	53.75	50.25	49.50	47.00	53.25	53.75	51.75	47.50	53.75	72.00	54.50	53.75	48.00	46.50	44.25	36.00	38.00	33.50	37.25	43.00	39.00	45.50	51.25	43.00	39.00	51.25	50.75	39.25	33.75	21.75	19.25	19.50	21.00	31.50	50.00	57.25	49.25	40.75	36.25	34.00	42.00	56.25	43.75	39.25	43.50	42.25	42.00	48.25	37.50	59.25	58.00	49.25	52.75	44.75	48.00	39.50	41.25	41.00	49.75	41.00	39.25	46.25	36.25	34.75	35.75	39.50	40.00	47.50	48.50	48.25	49.00	52.00	53.00	51.00	53.00	54.25	48.00	44.75	45.00	41.00	40.00	35.00	32.50	28.25	21.75	18.25	18.00	17.00	11.00	10.75	10.75	14.75	15.25	14.00	16.00	16.50	15.50	13.75	13.25	13.25	13.75	16.00	16.75	14.50	16.75	22.00	24.25	37.25	40.00	24.50	24.75	31.25	25.00	27.50	36.00	25.75	35.00	17.75	16.00	31.50	31.50	37.50	39.50	34.75	34.75	39.50	42.00	39.25	30.00	27.50	31.50	28.25	30.50	29.00	27.50	27.75	29.25	30.50	33.25	31.25	29.50	21.50	19.75	37.75	43.75	45.25	38.75	40.75	43.00	46.50	50.75	38.50	45.75	43.25	37.00	39.00	34.50	37.00	31.50	26.25	32.75	29.75	32.50	29.50	33.00	34.25	42.75	57.50	91.50	105.50	128.75	131.25	104.00	95.25	97.00	110.25	128.50	126.00	112.25	83.50	84.25	87.75	84.00	85.25	76.00	76.75	81.75	83.25	84.50	86.50	86.25	87.25	87.25	84.00	85.00	84.75	82.00	90.00
40.50	58.25	71.75	75.50	67.00	62.50	49.50	51.00	43.00	38.25	25.50	15.25	7.00	1.50	4.00	4.00	3.25	12.00	17.75	30.50	39.25	40.25	41.25	46.00	54.00	55.50	47.25	30.25	30.50	47.50	57.50	45.75	55.50	62.75	49.00	33.00	29.00	25.25	16.25	20.75	32.75	36.50	43.25	46.00	67.00	61.50	53.25	42.50	37.75	32.50	26.25	28.00	29.00	31.25	40.25	53.00	57.75	60.00	59.25	50.50	45.75	45.25	49.50	52.00	50.75	49.75	50.50	67.75	60.75	51.75	50.75	45.00	43.25	35.75	38.00	37.50	39.00	42.50	44.75	51.25	56.25	48.25	41.25	49.00	51.50	42.00	38.00	25.25	18.75	20.00	21.75	26.00	35.75	45.75	42.50	35.75	30.75	23.75	34.25	50.75	42.75	37.00	40.75	41.75	43.50	45.50	37.50	55.25	60.00	47.25	52.50	43.75	48.75	41.75	38.25	41.25	54.25	46.25	36.25	41.00	35.00	33.50	31.50	35.25	35.75	42.50	47.75	47.00	45.25	50.25	56.50	54.50	55.75	56.50	52.25	45.75	43.25	42.00	41.75	35.75	32.25	28.00	23.25	19.50	17.75	16.25	10.50	10.50	10.50	13.00	15.00	14.25	15.00	16.75	15.25	15.00	14.25	12.50	13.00	13.25	13.75	12.75	13.75	18.25	19.75	33.50	37.50	24.25	26.50	25.00	23.25	26.25	35.50	27.75	28.00	18.50	15.00	29.25	30.00	29.25	38.25	36.50	35.25	39.50	38.00	37.00	28.25	29.75	27.50	27.00	29.75	29.25	27.50	26.75	23.50	21.00	21.50	23.50	24.00	24.25	32.75	42.25	39.75	40.50	41.25	41.00	41.50	50.25	47.25	40.50	40.00	42.25	38.50	41.25	36.00	34.00	32.50	23.25	29.50	29.50	28.50	30.25	33.50	36.50	52.25	72.50	109.50	114.75	137.00	133.00	107.50	96.50	100.75	128.50	149.25	132.50	102.00	84.50	85.75	91.25	88.00	90.25	82.00	79.75	82.00	83.50	86.00	84.00	85.50	85.25	84.00	81.75	81.50	84.00	78.00	90.25
23.00	48.50	65.00	80.00	66.50	59.50	54.50	45.50	41.50	37.00	38.50	33.00	21.50	16.00	9.50	0.00	11.00		3.00	14.50	31.00	40.00	37.00	36.00	43.50	53.00	53.00	39.50	25.50	27.00	38.00	47.00	45.00	60.50	65.00	53.00	32.00	23.50	22.50	13.50	16.50	25.00	30.00	30.50	32.50	29.50	26.50	21.50	19.00	18.00	17.50	16.50	18.00	26.00	40.00	53.50	59.00	60.00	70.00	56.00	51.00	45.00	39.00	49.00	48.00	44.00	42.00	46.00	57.50	45.00	45.00	45.50	42.50	41.00	39.00	40.00	43.50	43.50	48.50	52.50	59.00	53.00	44.00	42.50	47.00	44.00	43.50	28.00	20.00	25.50	27.00	28.50	26.50	27.00	26.50	30.50	28.50	22.50	35.50	37.50	35.50	33.00	32.00	42.00	49.50	55.00	40.00	47.00	59.00	36.50	40.50	44.50	50.50	51.50	42.00	46.00	49.00	49.50	36.00	36.00	34.00	35.50	29.00	27.50	31.50	39.50	42.50	44.50	39.50	46.50	57.50	52.00	48.00	54.50	53.50	46.50	43.00	40.00	39.50	42.00	32.50	27.50	23.50	20.50	19.50	16.00	10.50	11.00	10.00	10.50	12.00	12.50	14.50	15.00	16.50	15.50	17.00	14.00	13.00	13.50	14.50	12.50	13.50	19.50	26.50	21.50	25.00	22.00	27.50	24.50	36.50	33.00	32.50	30.50	19.50	20.00	20.50	22.50	24.50	25.50	36.00	35.50	42.50	39.00	34.50	28.50	28.50	30.00	34.00	28.50	31.50	31.50	18.00	15.50	17.00	24.50	28.00	30.50	30.50	44.00	60.50	39.00	38.00	34.50	42.00	52.50	45.50	52.00	46.50	39.50	42.00	44.50	40.50	39.50	36.50	32.00	34.00	27.00	27.50	30.50	27.50	32.00	35.00	46.00	82.00	89.00	119.50	122.00	142.50	135.50	111.00	98.50	111.00	145.00	149.50	120.00	100.50	86.00	84.00	87.00	84.50	87.00	86.50	86.00	87.00	85.50	84.00	85.00	78.00	79.50	82.50	78.00	77.50	79.50	76.50	83.00
14.75	40.00	60.25	75.50	65.75	57.50	51.25	45.25	39.00	35.75	36.75	38.25	26.50	18.25	11.25	0.50	11.00		3.00	11.33	25.25	34.25	34.25	30.50	43.75	52.50	53.00	49.25	30.25	25.00	36.75	54.25	48.50	55.50	64.25	53.25	37.25	26.00	24.00	17.00	13.25	20.25	23.25	23.00	26.25	23.50	21.25	20.00	19.50	18.75	14.75	14.25	16.25	25.00	38.75	51.75	56.25	58.75	67.00	57.75	52.75	46.25	36.50	45.50	45.50	42.50	40.25	42.50	51.75	45.75	43.25	46.75	42.75	41.50	40.00	38.75	41.25	42.75	45.50	50.75	58.00	52.00	43.50	43.50	45.75	43.50	43.25	27.50	21.00	24.75	31.25	31.75	30.75	28.25	26.00	30.50	27.75	23.75	33.50	34.75	35.00	32.00	30.00	39.25	50.75	55.00	44.75	46.00	57.75	36.25	38.75	44.25	48.75	52.00	38.25	43.75	54.50	50.25	42.25	37.25	36.00	38.25	28.75	24.75	30.75	37.25	41.50	41.75	39.75	43.00	54.25	51.00	47.75	52.75	52.75	48.50	43.25	40.25	38.00	41.25	31.75	26.50	23.25	21.00	19.25	15.75	11.00	11.00	9.75	10.00	11.75	12.50	14.75	15.75	16.25	16.25	17.25	15.75	14.25	13.00	13.75	13.50	14.00	17.50	23.00	22.25	24.75	21.50	24.75	24.25	31.50	31.00	30.00	33.00	20.50	19.00	20.00	21.00	21.50	25.50	34.25	35.75	37.75	34.00	29.75	27.00	27.50	30.00	33.50	28.00	31.50	28.75	15.50	19.25	23.75	26.50	29.25	32.00	32.50	47.00	58.25	39.00	35.50	34.00	41.25	52.50	43.50	48.00	44.75	44.75	42.50	43.25	39.50	37.75	34.50	30.50	32.75	29.00	27.50	30.50	28.25	33.25	37.75	53.00	82.75	89.25	117.50	124.00	143.50	139.00	112.75	97.75	111.00	141.75	143.00	114.75	98.75	87.25	85.00	87.75	87.75	87.25	88.00	86.50	87.00	84.75	85.00	83.25	80.50	81.50	82.00	76.75	77.50	77.75	75.75	80.00
4.50	17.50	41.00	57.50	64.50	49.00	40.00	37.50	36.00	29.50	28.00	31.00	39.00	26.50	15.50	7.00					25.50	28.00	24.00	29.50	40.00	52.00	74.50	71.00	43.50	17.50	30.50	73.00	67.50	45.00	58.00	47.50	46.50	30.50	32.50	39.00	21.50	27.00	63.00	35.50	13.50	12.00	11.50	13.50	20.00	13.50	3.00	6.50	12.50	17.00	22.00	35.00	43.50	50.00	62.00	59.50	56.00	50.50	33.50	38.00	40.00	38.50	37.50	34.00	34.50	51.50	45.50	46.50	48.50	44.50	39.50	37.00	39.00	43.00	38.00	42.50	50.50	51.00	42.50	47.50	44.00	40.00	44.50	34.00	25.50	19.00	32.00	29.00	33.00	33.50	31.00	30.50	23.50	21.50	31.00	35.50	35.00	31.00	26.00	32.50	46.50	44.00	54.00	42.50	48.50	36.00	36.00	48.50	47.00	57.00	41.50	42.50	63.00	54.00	57.00	45.50	36.50	39.00	35.00	21.50	24.50	29.00	40.50	37.50	36.00	35.00	40.50	44.00	52.50	51.50	51.00	48.00	44.50	47.00	41.00	43.00	32.50	25.50	21.50	26.00	21.50	20.00	14.00	8.50	9.00	8.50	9.50	10.50	14.00	15.50	16.00	16.00	15.00	16.00	15.50	13.00	14.50	16.00	14.00	13.00	16.50	21.00	25.50	21.50	20.50	23.00	26.00	28.50	31.50	25.50	24.50	19.00	22.00	16.50	23.00	45.00	38.50	37.00	30.50	27.00	23.50	22.00	34.50	33.50	28.00	27.50	32.50	26.50	13.00	22.00	28.00	30.00	34.50	35.00	36.50	45.00	43.50	38.50	36.50	36.00	42.00	44.50	39.00	39.50	38.50	56.50	42.50	46.00	40.50	33.50	32.00	29.00	32.00	40.00	30.00	27.00	26.00	34.00	36.00	63.50	87.00	102.50	107.00	133.00	140.00	137.50	118.50	98.00	109.00	117.50	113.50	101.00	92.00	90.50	88.50	91.00	89.00	87.00	88.50	92.00	91.50	85.50	88.00	83.50	82.50	81.00	82.50	76.00	79.00	77.00	77.50	76.50
5.50	9.00	32.50	43.50	57.50	48.50	37.00	35.00	31.00	28.50	26.00	25.00	28.50	26.50	19.50	6.50					22.50	25.00	23.50	21.00	30.00	45.50	83.00	63.50	47.00	18.50	23.50	54.00	78.50	46.50	50.50	43.50	50.50	33.00	44.00	57.00	35.00	28.00	77.00	76.00	68.50	28.50	11.50	10.50	14.00	10.50	3.00	1.00	4.50	10.50	10.50	21.00	34.00	40.50	36.50	39.50	46.00	43.50	36.50	32.50	33.50	39.00	33.50	30.50	29.50	41.00	42.50	41.00	45.00	43.00	36.50	36.50	36.00	39.50	35.00	37.00	50.00	52.50	43.00	47.00	44.50	41.00	45.50	45.00	32.00	21.50	18.50	24.50	28.00	33.00	28.00	28.00	22.50	21.00	29.00	34.50	35.00	30.00	27.00	28.50	37.00	35.50	44.50	42.50	50.00	35.00	35.00	43.50	44.00	53.50	44.50	44.00	64.00	54.50	50.00	56.00	34.50	37.50	38.00	23.00	19.00	27.00	36.00	36.50	31.50	29.00	31.50	40.50	55.00	48.00	46.50	40.00	41.00	41.50	37.00	38.50	33.50	27.50	24.00	25.00	21.50	18.00	15.00	10.00	8.00	8.00	9.50	14.00	13.50	15.00	15.50	14.00	13.50	19.00	17.50	12.00	14.50	16.50	15.00	16.50	17.00	18.00	22.00	22.00	25.50	27.00	30.50	34.00	33.00	26.00	22.50	20.50	19.50	18.00	24.50	53.00	38.50	29.50	29.00	28.50	24.50	23.50	48.00	29.50	23.50	36.00	30.50	22.50	13.00	22.50	33.50	34.00	38.50	37.50	44.50	55.00	40.00	40.50	37.50	34.50	36.00	39.00	39.00	43.50	42.50	44.50	37.00	37.00	37.50	42.50	37.50	32.00	33.00	34.50	32.50	28.00	29.50	34.50	42.00	63.00	87.00	100.50	109.50	138.50	140.50	139.50	134.00	103.00	115.00	120.50	114.50	92.50	89.00	88.50	88.00	88.50	86.50	86.00	87.50	92.50	92.00	87.00	87.50	91.00	82.50	81.50	82.50	79.00	78.00	77.00	76.50	78.00
4.50	5.50	28.00	38.50	52.00	51.00	38.00	52.00	35.50	29.50	24.00	25.00	38.00	26.50	20.50	10.50	4.00				1.00	16.00	20.50	16.50	24.00	38.50	75.00	59.00	43.50	22.50	23.00	46.50	75.00	66.50	57.50	37.50	54.50	37.50	42.50	60.00	56.50	29.50	61.00	73.00	64.50	42.00	15.00	5.50	10.00	6.50	5.00	2.00		4.00	7.50	11.00	25.00	28.00	32.00	30.50	46.50	44.00	31.50	30.50	30.00	32.00	31.00	30.50	29.00	32.00	41.50	34.00	39.50	39.50	36.00	34.00	33.50	36.50	34.00	31.00	48.50	54.00	44.50	48.00	47.00	43.00	38.50	44.00	33.00	21.00	18.00	25.00	23.00	31.00	29.00	27.50	29.00	22.00	22.50	31.50	32.50	28.50	29.50	26.00	30.00	30.50	34.50	43.50	48.50	35.50	35.00	36.50	46.00	47.00	46.00	40.00	61.00	52.50	43.00	48.50	38.50	32.00	39.00	30.50	17.00	24.50	27.50	32.50	26.50	21.50	28.50	38.00	48.00	43.50	45.50	32.50	32.50	34.50	33.00	34.50	31.50	24.50	23.50	23.50	21.50	19.00	16.00	11.00	8.00	8.00	8.00	12.50	12.00	14.00	15.50	14.50	13.50	13.00	14.50	12.00	14.00	13.50	13.00	19.00	21.50	18.50	20.50	22.00	27.00	29.50	32.00	39.50	36.00	29.00	21.00	21.00	19.50	21.00	20.00	27.00	29.50	26.00	32.00	23.50	19.50	28.00	45.50	26.00	28.50	48.00	30.50	15.50	13.50	25.50	42.50	41.00	39.50	38.50	45.50	46.00	37.50	41.50	44.50	40.00	35.00	33.50	37.00	42.00	41.50	38.00	36.00	39.00	39.50	37.50	37.00	32.50	30.00	30.00	32.00	28.00	32.00	31.00	38.50	58.00	81.00	92.50	121.00	131.00	140.50	152.50	131.50	106.50	119.50	114.00	107.00	92.50	89.50	87.00	89.50	86.50	85.00	83.50	85.00	89.50	85.50	84.00	86.50	84.00	81.50	79.50	80.00	78.50	76.00	79.50	78.50	78.50
6.25	7.00	14.75	38.75	50.50	49.25	44.75	49.75	52.00	40.00	30.00	24.50	35.50	48.50	30.00	15.25	12.75					6.00	11.50	8.75	8.00	22.00	45.25	44.25	39.75	35.25	14.25	22.50	41.50	58.50	60.00	48.50	37.75	37.75	35.00	44.00	48.25	39.75	35.50	49.50	55.75	46.75	27.25	11.25	9.25	13.75	31.75	19.00	4.75	1.00	2.67	4.00	10.50	26.00	36.50	37.50	55.75	41.50	30.50	25.50	23.25	24.75	27.25	30.25	31.00	33.25	34.00	32.75	34.50	37.50	35.25	33.50	34.75	33.75	31.25	31.00	50.25	50.50	43.50	40.50	43.50	42.00	42.75	45.50	39.25	25.75	20.00	23.75	25.00	31.50	38.25	36.00	39.25	39.00	34.75	34.00	27.50	25.50	25.00	24.50	27.00	27.00	31.25	36.75	43.25	41.00	39.25	41.00	41.00	41.25	41.00	37.25	44.75	47.00	45.00	47.25	36.25	30.00	33.50	35.25	26.25	20.00	25.00	25.50	23.25	27.50	28.00	31.50	35.50	40.00	44.00	31.50	32.25	22.75	24.75	26.50	25.25	23.00	26.25	25.75	22.50	20.25	16.50	14.75	9.50	8.50	8.50	13.25	13.00	13.00	13.50	14.50	14.25	14.00	14.25	12.00	13.00	13.25	13.25	15.25	15.50	15.50	17.25	21.50	23.50	28.50	26.50	30.00	30.75	28.50	21.00	21.00	20.50	18.25	17.50	21.00	23.00	22.25	23.00	22.75	19.50	34.25	35.75	19.75	47.50	48.00	28.25	14.50	15.25	32.25	38.75	35.50	37.00	36.25	47.25	41.00	41.25	47.00	45.50	40.75	34.00	34.00	49.75	33.50	38.00	38.00	33.25	53.75	48.50	36.00	32.75	27.25	25.75	32.75	23.00	32.00	31.00	39.50	53.25	66.50	86.50	117.25	129.75	135.50	146.50	161.25	114.00	106.50	109.25	99.50	93.75	85.75	88.00	84.25	88.00	85.75	83.50	81.25	81.25	88.75	87.75	83.00	83.75	84.00	82.25	79.00	84.75	79.50	76.75	77.25	79.00	80.25
11.25	11.25	15.75	33.50	53.00	55.25	52.00	48.75	52.75	48.50	43.25	38.25	24.75	35.50	34.50	13.50	15.75			6.00		23.00	5.33	5.75	6.50	22.33	42.50	35.00	34.75	32.00	16.00	11.25	25.75	46.25	54.00	52.75	34.50	40.75	37.00	33.75	36.00	41.00	29.75	35.25	44.75	39.50	30.25	18.00	21.25	21.00	27.00	24.75	7.75	7.75	2.33	1.33	2.25	23.25	30.00	42.00	41.25	31.50	24.50	19.50	17.75	21.50	27.75	28.75	31.50	36.00	33.75	34.25	37.25	35.50	34.00	35.00	33.50	35.50	33.25	31.25	42.00	42.25	40.25	40.00	39.25	38.50	39.75	40.00	37.00	27.25	21.00	21.00	24.75	32.50	39.50	38.25	36.25	38.00	35.50	35.00	24.75	23.25	23.75	22.75	26.00	24.75	27.50	31.75	36.50	41.00	40.75	43.75	42.75	40.50	38.50	35.75	35.00	38.75	43.00	48.75	37.75	27.25	28.25	32.25	29.75	20.25	25.00	22.25	27.25	35.50	26.75	27.00	35.25	38.75	36.00	31.25	33.50	20.00	22.75	24.25	22.00	17.75	25.75	24.00	19.00	17.50	15.75	14.50	11.50	10.00	7.75	13.75	13.75	14.25	14.50	14.75	14.50	16.00	16.25	12.75	13.75	14.25	13.50	15.50	16.50	15.75	16.50	23.75	26.50	29.50	28.00	29.00	26.75	24.75	21.25	24.75	23.00	17.00	17.75	24.25	24.75	23.50	22.25	23.25	21.75	29.00	29.00	21.25	35.75	36.50	26.75	14.50	14.25	25.75	29.50	26.25	38.75	35.00	41.50	37.00	46.25	53.50	41.25	40.00	35.50	34.25	48.75	30.50	38.00	36.25	32.25	45.00	40.50	37.00	37.00	30.25	28.50	35.00	22.75	29.00	34.00	47.50	61.00	78.50	102.00	128.00	133.50	138.50	150.50	154.75	105.25	103.00	102.00	88.25	85.25	84.00	84.00	85.00	87.75	86.75	82.25	79.75	81.50	86.25	87.75	84.00	82.75	87.50	80.75	77.75	83.25	78.00	75.75	76.50	77.75	79.75
15.25	20.75	30.25	40.50	53.75	59.00	59.50	52.25	50.50	52.75	56.00	51.50	32.50	16.50	25.25	13.25	12.25			6.00	1.00	11.67	7.67	2.25	9.00	31.00	36.75	32.50	29.25	30.00	17.75	9.00	14.00	35.50	45.25	48.00	35.00	39.50	40.00	28.50	31.00	38.75	30.25	28.50	33.25	32.00	32.25	26.25	32.25	30.00	26.75	27.00	13.50	16.00	6.00	4.67	0.50	16.50	16.75	33.00	23.75	22.00	18.50	13.75	18.25	25.00	25.00	25.25	28.75	38.75	36.25	37.75	39.25	35.75	34.75	38.25	35.50	35.50	36.75	33.50	37.50	35.00	36.25	37.75	33.75	35.00	33.75	31.00	31.00	24.50	20.00	20.00	23.00	30.50	38.75	39.25	32.75	31.75	27.75	34.75	24.25	24.50	24.50	24.75	26.25	22.75	25.50	28.25	31.25	36.50	37.50	41.50	43.00	39.00	37.75	36.00	33.50	33.50	38.00	40.75	34.50	25.00	24.75	29.75	28.25	21.75	20.75	25.25	29.75	37.75	27.75	25.50	34.50	32.75	30.25	32.50	30.00	20.50	21.75	22.00	19.75	14.75	21.50	19.50	12.50	13.75	13.25	10.75	9.00	13.25	7.00	12.50	15.75	15.25	14.50	15.00	16.25	15.00	14.50	13.00	13.50	14.25	13.75	14.75	16.50	16.50	17.00	28.75	29.50	25.25	28.00	29.25	24.25	23.25	21.75	24.25	23.50	17.50	19.50	25.50	24.00	27.25	22.75	21.50	22.50	28.00	27.50	26.00	27.75	27.75	22.50	14.50	13.75	20.75	32.00	30.25	41.00	36.50	35.75	34.75	50.00	50.75	36.50	39.25	41.75	37.75	43.75	33.00	36.25	33.25	32.00	33.25	37.75	37.50	37.50	31.50	31.75	32.50	23.25	28.25	41.75	55.75	69.00	93.00	117.00	120.00	137.25	141.00	155.50	141.00	104.25	98.25	95.25	87.50	84.25	86.50	82.00	82.50	85.50	84.25	80.75	78.75	81.75	83.00	86.25	83.75	80.50	83.00	79.00	78.00	80.25	77.25	76.25	76.75	78.25	79.00
16.75	31.50	43.75	45.50	54.00	58.50	61.00	55.25	50.50	52.75	54.50	51.75	39.25	16.75	14.75	19.50	7.50				4.00	8.50	10.25	9.25	6.75	2.00	19.75	28.50	28.00	24.75	18.75	10.00	9.25	21.00	32.00	44.50	32.75	30.50	38.75	28.25	29.25	34.25	32.00	29.00	26.50	27.25	32.50	33.50	39.00	38.75	28.75	25.75	19.50	18.25	14.00	11.75	3.25	7.50	5.75	17.25	19.00	16.75	17.00	11.00	19.00	22.50	17.00	25.00	27.50	42.50	35.25	39.00	42.25	36.00	32.50	39.75	38.75	35.00	38.00	36.00	36.50	33.75	36.25	33.00	30.25	31.00	27.50	24.00	24.25	20.50	19.25	17.25	20.25	27.75	41.25	43.50	32.00	29.00	25.00	29.00	26.75	31.75	29.00	30.25	27.25	21.50	25.25	22.50	24.75	28.50	31.50	36.75	38.50	36.00	36.25	35.25	33.50	33.25	34.00	38.25	34.00	25.25	23.75	24.75	24.25	20.75	15.00	25.00	25.75	33.00	29.50	26.25	31.75	32.75	31.00	32.25	27.25	20.75	18.50	20.00	17.75	14.00	16.50	18.50	11.00	10.75	11.00	8.50	5.75	15.00	6.75	10.00	15.00	14.50	13.00	12.75	16.75	14.25	13.50	14.00	13.75	14.00	13.75	14.00	15.75	18.00	21.25	30.25	29.00	21.25	23.75	25.50	23.75	21.50	21.25	21.00	19.75	17.25	19.75	23.75	21.75	27.00	23.25	20.50	22.75	27.25	24.75	27.50	25.50	22.50	16.25	16.75	16.75	20.25	30.25	32.75	36.00	34.75	39.25	32.50	43.75	40.50	35.25	39.25	47.50	43.75	40.00	41.00	34.00	29.50	33.00	30.00	41.00	37.25	34.75	30.00	33.00	27.50	24.75	33.00	52.00	62.75	81.25	107.50	122.25	112.75	139.00	140.50	153.50	123.25	110.00	100.00	92.50	93.00	87.00	86.50	82.50	79.75	83.75	80.25	78.50	79.00	81.25	81.75	85.75	83.50	80.50	80.75	78.25	78.25	79.75	77.50	78.25	77.75	79.75	78.50
14.25	35.75	46.25	48.25	56.00	57.75	63.00	56.25	51.00	51.00	46.00	44.25	38.75	26.75	18.25	27.50	10.00				4.00	11.00	12.00	16.00	4.50	2.00	5.75	21.00	27.50	20.50	19.00	10.25	9.00	15.75	21.00	38.75	33.25	25.25	35.50	32.25	29.75	30.00	29.75	29.50	25.50	26.75	34.00	38.50	42.50	42.50	29.50	23.75	21.00	18.00	18.50	17.00	10.25	5.75	3.00	5.25	17.00	18.75	13.75	11.75	13.25	14.25	15.25	24.00	24.00	37.25	32.50	36.75	48.25	32.50	28.25	36.75	38.25	34.75	36.00	34.25	35.25	31.50	36.25	33.25	30.75	28.75	23.50	17.50	16.50	17.25	17.25	15.25	19.50	27.25	44.75	50.50	34.00	30.00	27.25	28.50	32.00	36.50	34.75	34.50	28.50	19.50	22.50	16.50	17.50	21.25	24.00	30.00	33.50	33.75	34.25	32.75	32.50	33.25	31.00	35.75	33.75	27.75	26.00	22.00	20.75	18.75	13.50	20.75	23.50	29.50	31.25	30.00	35.25	35.25	29.25	27.50	26.00	20.25	17.25	18.75	15.25	12.75	12.25	17.75	13.00	9.00	11.75	9.00	5.25	12.25	6.50	8.75	12.75	13.75	11.25	9.75	13.25	13.75	15.00	18.00	15.50	15.00	14.25	15.25	17.00	18.75	23.25	30.00	26.50	20.25	21.00	25.75	25.00	20.75	21.50	20.00	17.50	17.50	19.00	21.50	20.00	22.75	21.25	20.75	22.00	24.00	22.25	25.00	21.75	16.75	16.50	22.75	22.00	20.50	24.50	26.75	26.50	27.75	36.25	25.50	33.00	32.25	38.50	43.00	46.50	45.50	39.50	43.75	35.75	26.25	40.75	32.50	38.25	35.50	33.75	29.50	31.25	24.25	28.75	40.50	58.50	69.00	89.50	115.00	113.75	117.75	133.75	140.00	145.25	112.50	112.75	101.75	93.25	92.00	86.25	82.50	79.25	79.00	82.75	80.50	79.00	78.50	76.50	80.00	82.25	80.50	81.00	80.00	78.75	78.00	78.50	77.75	78.75	78.50	78.75	77.00
15.00	33.50	43.00	53.50	57.50	62.00	63.50	57.00	52.00	53.00	44.00	35.50	32.50	32.50	24.00	23.50	19.00								2.00		4.00	20.50	27.50	32.50	34.00	12.00	13.00	22.50	22.50	22.50	27.50	25.50	30.00	36.50	27.00	26.00	25.50	26.50	27.00	45.00	55.00	58.50	49.50	38.50	29.50	28.00	27.50	20.50	18.00	18.00	22.50	19.00	16.00	7.00	4.00	16.00	10.50	8.50	7.50	11.00	19.50	28.00	22.50	27.50	23.50	38.50	41.50	29.50	28.50	32.00	33.50	42.50	33.50	24.50	38.50	28.50	26.00	37.00	28.50	29.00	20.50	8.50	10.50	14.00	14.00	14.00	16.50	26.50	45.00	52.00	46.00	34.50	30.00	36.50	35.50	33.50	34.00	36.50	30.50	21.00	18.00	10.00	10.50	18.50	16.00	21.50	27.50	31.00	33.00	30.50	32.00	32.50	29.50	28.50	30.00	30.50	26.00	22.00	19.50	15.50	14.00	17.50	24.00	28.00	30.00	31.00	41.00	36.00	30.50	30.00	24.50	22.50	20.00	18.00	16.00	11.50	8.50	10.50	19.00	12.00	11.50	10.50	6.50	6.50	5.50	8.50	10.50	11.00	8.50	6.00	9.00	14.00	12.00	21.50	16.50	14.50	14.50	15.50	17.50	19.50	25.50	29.00	23.00	18.50	16.50	28.00	27.50	20.50	24.50	19.00	16.50	18.00	17.00	18.50	18.50	19.00	18.00	21.00	20.00	21.50	22.00	23.50	13.50	13.00	23.00	30.50	28.00	21.00	23.50	23.50	22.50	22.00	22.00	21.00	23.50	25.00	32.50	41.00	38.00	44.00	38.50	39.50	40.00	31.00	38.50	28.50	33.00	34.50	35.00	37.00	32.50	29.50	36.00	53.50	61.00	75.00	104.50	106.00	98.00	132.00	114.00	138.50	121.50	101.00	90.50	88.00	91.00	91.00	87.50	81.50	77.50	80.00	81.00	79.50	78.00	75.50	72.50	78.50	77.50	74.50	84.50	75.50	81.00	82.00	78.50	80.50	75.50	74.50	75.50	75.50
16.75	33.50	46.50	51.75	57.50	61.25	63.25	57.25	50.25	47.00	41.00	34.25	36.00	30.75	22.50	25.25	22.00	3.00							2.00		4.00	14.33	21.00	26.00	30.75	25.25	17.75	25.25	23.50	25.00	33.75	23.25	27.00	36.25	28.25	25.50	25.50	26.25	27.50	41.75	53.25	55.75	48.25	34.75	27.00	30.25	29.00	20.25	18.75	19.75	24.00	20.25	18.25	10.25	3.33	10.75	10.00	9.00	9.25	12.00	19.00	24.75	20.00	29.00	23.50	32.25	42.25	29.25	29.50	33.00	30.75	37.50	33.00	27.50	32.25	28.25	25.25	39.25	29.50	24.25	17.50	5.50	9.50	12.25	12.50	12.50	14.50	24.00	41.50	47.50	45.50	30.75	32.25	37.25	36.50	34.00	32.50	32.25	29.25	20.75	16.50	8.75	9.00	16.75	14.00	17.75	23.75	27.50	30.00	28.00	30.25	30.00	29.50	27.50	28.75	30.50	26.25	22.50	20.50	18.75	16.25	16.75	24.50	27.00	29.25	31.00	39.50	37.75	33.00	31.75	25.75	21.50	22.00	18.75	16.25	13.00	9.75	10.00	17.00	12.25	9.75	10.50	9.75	6.75	5.25	8.50	10.00	10.75	9.75	6.00	9.00	13.75	10.50	15.25	13.25	13.00	13.00	15.25	16.50	17.75	24.00	28.25	23.00	20.25	18.50	28.75	27.75	19.75	23.00	20.25	18.50	17.50	17.25	19.00	19.00	19.25	19.50	21.00	20.75	22.25	22.50	22.50	13.25	13.00	22.50	29.50	28.50	23.00	24.25	25.25	23.75	22.75	22.25	23.75	25.00	28.00	34.00	37.25	37.25	43.25	37.75	37.75	36.00	29.25	33.25	29.50	36.75	34.50	33.50	33.75	29.25	33.00	41.00	63.00	61.50	80.25	103.00	97.75	97.75	130.50	113.75	138.50	116.50	100.25	94.25	87.50	89.75	88.75	86.25	80.25	76.75	80.25	78.75	77.75	77.75	76.00	72.00	76.75	75.75	75.50	84.75	75.25	77.75	78.00	76.25	80.25	75.50	75.00	74.25	72.00
25.00	30.00	46.50	52.00	54.00	62.50	65.50	70.00	57.50	40.50	34.00	33.00	26.50	32.00	47.00	38.00	24.00	29.00	6.00							1.00			5.00	12.50	21.50	34.50	49.00	34.50	29.50	27.50	39.00	28.50	24.00	39.50	42.00	27.50	28.50	31.00	29.00	34.00	43.50	46.00	40.50	28.50	26.00	35.50	33.00	20.00	20.00	24.50	26.00	27.50	23.50	18.50	3.00	1.00	2.00	5.00	10.00	14.50	18.00	25.00	27.00	24.00	26.00	18.50	46.00	25.50	28.50	33.50	24.00	17.50	24.50	44.00	25.50	27.00	26.00	31.00	33.00	15.00	14.00	0.00	2.50	9.50	9.00	9.00	10.50	15.50	27.50	33.50	38.00	32.00	34.50	38.00	40.00	35.50	31.00	24.00	22.00	19.50	11.00	0.50	1.00	5.00	7.50	7.50	14.00	20.50	24.00	22.50	26.00	24.00	25.50	25.00	25.50	29.00	29.00	23.50	27.00	22.50	20.50	11.50	17.50	22.00	27.50	30.50	35.50	37.50	32.50	30.00	22.50	18.50	18.00	18.00	18.00	16.50	7.50	11.50	16.00	12.50	10.00	16.00	16.00	9.50	5.50	9.00	11.00	9.50	7.50	7.00	10.50	11.00	8.00	6.00	9.00	12.50	13.50	11.00	12.00	16.00	18.50	24.00	23.00	20.00	21.50	32.00	30.00	24.00	19.00	18.00	18.50	18.50	22.00	24.00	23.00	19.50	20.50	19.50	20.00	22.00	23.00	23.00	13.50	13.00	18.50	23.50	25.00	25.50	24.50	26.00	26.50	29.50	26.00	33.50	33.50	31.00	45.00	33.00	32.50	33.50	31.00	31.00	32.50	27.50	34.00	31.00	38.50	36.00	31.50	28.50	27.50	39.00	63.50	90.50	71.50	85.50	100.00	85.50	91.00	119.50	105.00	126.00	112.50	100.50	100.50	84.50	84.50	85.50	79.00	79.00	78.00	75.50	74.50	71.50	75.00	76.50	73.50	74.00	71.50	74.50	77.50	74.50	71.50	68.50	73.50	77.50	77.00	75.00	77.00	75.00
21.75	21.50	41.50	54.25	46.75	50.50	67.75	75.00	74.00	63.25	39.25	19.50	14.75	61.75	70.00	48.00	30.25	43.50	27.00	2.00										4.50	14.00	24.00	29.50	35.75	31.00	20.50	37.75	45.50	41.25	49.25	51.75	39.00	29.75	37.00	34.00	36.75	44.50	47.00	42.50	38.25	34.25	42.25	30.75	20.25	19.50	24.50	24.75	23.25	22.25	20.50	15.00	12.25		2.00	7.00	11.25	11.50	16.75	21.00	18.25	18.25	26.25	38.00	30.50	30.50	18.25	17.75	11.50	19.25	26.75	19.75	18.50	24.50	20.25	16.50	15.75	10.75		0.67	3.75	5.00	10.50	11.00	15.50	14.50	20.00	22.25	24.75	27.25	29.00	35.00	32.75	31.25	25.25	17.00	12.00	4.33				1.00	0.50	7.75	15.50	18.50	23.75	24.00	28.50	22.00	20.75	23.75	28.00	28.50	27.75	24.00	28.75	25.50	12.50	10.50	15.50	21.25	26.50	29.75	28.75	25.50	25.25	23.75	17.25	13.50	11.00	12.50	10.75	9.00	11.25	10.00	12.75	13.50	16.75	16.00	9.25	9.00	14.00	8.25	8.75	9.00	8.25	8.25	11.75	9.50	8.25	8.50	9.00	15.00	8.00	12.00	18.50	16.75	17.50	25.75	19.75	19.50	25.25	25.00	31.75	19.75	18.00	18.50	19.50	21.75	24.50	27.00	27.75	23.50	23.50	23.00	22.50	23.00	22.00	15.00	13.50	25.25	24.50	23.75	25.25	22.25	22.50	26.25	38.50	33.75	28.75	27.75	29.25	33.50	31.75	31.50	29.75	27.50	27.25	26.50	24.50	31.00	32.25	32.25	29.00	30.00	30.00	31.00	49.25	78.75	104.50	82.25	97.75	88.25	80.75	78.50	108.75	103.25	118.00	122.50	107.75	82.25	81.00	78.00	77.00	75.75	76.75	73.75	72.75	72.25	70.00	72.25	71.50	68.00	71.50	65.25	61.75	61.25	63.50	65.25	69.00	72.75	78.50	75.00	74.50	76.00	76.25
16.00	18.50	37.00	58.00	44.50	48.50	64.50	73.00	78.00	70.00	41.50	14.50	14.50	51.50	65.50	46.00	31.00	37.50	36.50	2.00											10.00	24.00	21.50	26.50	28.50	16.50	36.50	51.50	45.50	44.50	48.50	42.50	31.00	37.50	36.00	37.50	45.50	50.00	44.50	38.50	33.50	39.50	30.50	23.00	18.00	24.50	24.00	22.00	23.00	21.50	16.00	15.50			5.50	11.00	9.50	14.00	19.50	15.00	15.50	28.00	34.50	33.00	28.50	14.50	19.00	8.00	18.00	23.50	20.00	22.00	24.00	17.50	11.00	13.00	8.50		1.00	3.50	4.00	12.00	10.50	17.50	13.00	16.50	18.50	21.50	26.00	25.00	32.50	30.00	30.50	25.00	15.00	10.00	3.00					0.00	7.00	15.50	15.50	23.50	24.50	31.00	23.50	21.00	24.50	30.00	29.00	28.00	22.00	29.50	26.00	13.00	10.50	12.50	20.00	25.50	27.50	27.00	22.50	23.50	23.50	16.50	14.50	9.00	11.50	9.00	7.50	9.00	9.50	12.00	13.00	14.00	15.00	8.50	8.00	16.00	8.00	9.00	11.00	9.00	8.00	12.00	10.00	8.50	10.00	11.00	11.50	6.50	11.00	18.00	16.50	18.00	26.50	19.50	19.50	21.00	23.00	32.50	20.50	19.00	18.50	20.50	22.00	25.50	27.00	32.50	25.00	25.00	23.00	23.00	23.00	22.00	14.50	14.00	27.50	24.50	23.50	25.50	22.00	22.00	24.00	34.00	37.00	29.00	26.50	28.50	29.00	32.00	33.00	29.50	26.50	26.50	25.50	24.50	27.00	26.50	25.50	26.50	31.00	30.00	28.50	52.00	89.00	102.00	83.00	96.00	83.50	79.00	73.50	105.00	98.50	116.00	128.50	116.00	78.00	80.00	76.50	75.50	75.00	75.00	70.00	71.00	68.00	71.50	70.50	68.00	68.00	70.50	65.50	56.50	56.00	55.50	58.00	68.50	74.00	80.50	75.50	73.50	75.00	74.00
6.50	11.00	13.25	22.50	45.25	52.75	55.00	52.75	62.75	69.75	44.75	22.00	26.25	37.00	43.00	44.25	43.00	17.50	14.00	9.67											8.00	16.75	13.25	13.75	20.25	15.50	22.75	44.75	49.50	52.50	75.00	68.25	38.00	35.25	46.00	43.25	46.00	50.75	46.25	37.25	30.00	33.25	32.50	20.50	17.50	22.75	19.50	23.25	23.75	23.50	18.25	17.75	5.25		2.00	3.00	5.67	10.75	14.50	13.25	13.25	19.75	24.00	29.50	12.00	8.00	5.50	11.25	14.75	26.25	22.50	17.00	17.00	11.75	4.33	9.00	6.50	2.00	2.00	4.25	8.75	13.00	7.75	19.50	19.00	7.75	22.75	30.00	20.50	19.25	24.75	28.25	25.50	22.75	14.25	11.50	2.75							4.00	11.75	15.75	21.25	26.25	27.25	24.00	20.50	24.75	26.00	23.75	22.00	24.00	21.00	12.50	8.75	9.00	11.50	18.00	22.50	23.75	23.25	24.50	27.50	20.25	16.00	6.50	5.00	4.50	5.00	9.75	15.00	13.75	10.75	9.25	7.00	4.00	2.50	16.00	15.25	11.25	18.00	10.75	9.25	9.00	9.25	7.00	7.00	8.75	10.00	10.25	11.50	15.75	12.00	13.25	20.25	20.25	21.00	20.00	16.75	19.50	18.00	14.50	16.25	18.25	22.75	29.75	23.25	30.00	38.75	41.00	37.75	27.25	22.75	20.25	13.00	13.00	22.75	22.50	26.00	26.75	25.50	25.75	24.75	25.75	31.00	33.75	29.50	31.25	31.50	29.75	29.00	30.50	35.00	32.50	30.75	32.75	41.00	41.00	35.25	32.50	32.25	32.50	41.75	61.50	85.50	90.75	78.50	85.25	75.50	70.25	73.00	114.50	94.75	111.50	131.00	122.25	75.75	75.00	78.25	77.50	72.50	69.25	73.25	74.75	71.75	73.75	70.25	59.75	60.25	66.00	66.25	65.75	57.50	56.00	55.00	60.75	72.50	78.00	76.00	74.75	72.50	74.00
5.00	5.00	12.50	16.50	49.00	57.50	44.50	42.50	49.00	63.00	44.00	23.50	23.00	34.00	42.50	38.50	43.00	20.50	2.00	6.50											8.00	18.50	15.50	12.00	15.50	19.00	16.00	41.00	50.00	54.50	77.50	67.50	40.00	35.50	52.00	44.50	44.00	46.00	46.00	38.50	28.50	31.50	32.50	20.00	17.50	20.00	17.50	24.00	23.00	22.50	18.00	19.00	7.00				6.00	11.00	14.00	13.00	13.00	18.50	21.00	25.50	8.50	6.00	5.00	11.00	18.50	24.00	24.50	20.00	19.00	11.50	1.00			2.00	2.00	7.50	12.00	12.50	7.00	15.50	20.00	6.00	24.50	35.00	19.00	17.00	20.00	29.00	24.50	22.00	14.50	13.50	3.50							1.00	10.00	14.00	21.00	21.50	28.00	25.50	17.00	21.00	24.50	24.00	22.50	20.00	20.00	13.00	9.00	8.00	10.00	16.50	19.50	20.50	24.50	26.50	25.00	19.00	13.50	5.50	3.00	3.50	4.00	9.00	17.00	12.00	11.50	8.50	6.00	4.50	1.00	13.00	14.00	10.50	19.00	12.50	10.00	9.50	10.00	7.00	6.50	6.50	9.00	10.50	8.00	15.00	11.50	15.00	21.00	21.00	20.50	20.00	17.00	16.50	18.00	11.50	15.00	17.00	22.00	29.50	23.00	24.50	34.50	54.00	48.50	30.50	23.00	19.00	13.00	13.00	22.00	22.50	27.50	27.50	27.00	28.00	27.00	24.00	27.50	32.00	31.00	34.50	34.50	30.00	27.00	31.50	38.00	35.50	32.50	37.00	50.00	50.50	40.50	34.00	32.50	34.00	45.00	60.00	73.00	86.00	75.50	76.50	71.50	69.00	74.00	117.50	89.00	108.00	127.00	119.50	75.00	73.00	80.50	82.00	75.50	68.00	73.50	75.00	73.50	76.00	71.00	61.50	58.00	70.50	69.00	68.00	59.50	57.00	55.00	59.00	72.50	76.50	75.50	74.50	71.50	73.50
		5.00	23.50	52.50	50.00	33.50	28.00	29.50	40.00	36.00	31.50	19.50	28.50	33.00	32.00	33.00	24.50	5.00	3.00				11.50	1.00					2.00	10.00	16.50	31.00	10.50	8.00	15.50	11.50	30.00	50.50	48.50	49.50	56.50	44.00	60.50	51.00	49.00	43.50	39.50	45.50	43.50	33.00	25.50	25.00	21.50	18.00	18.50	16.00	20.00	21.50	22.00	20.00	23.50	8.00	1.00			4.00	13.00	14.00	12.50	11.50	15.00	16.00	19.00	7.50	4.50	4.00	12.00	22.00	27.50	27.00	20.50	15.00	8.00	1.00	2.50	3.00		5.00	5.00	1.00	4.00	7.00	19.50	20.00	6.00	12.50	21.00	22.50	13.00	11.50	29.50	19.50	18.00	16.50	18.50	10.50					1.00			8.50	15.50	18.00	19.50	25.50	22.50	13.50	13.50	17.50	18.50	17.00	18.00	17.50	14.00	12.50	8.00	7.00	10.50	13.00	14.00	21.50	24.50	17.50	13.50	8.00	6.00	1.00	3.00	3.00	4.50	6.50	6.50	6.50	5.50	4.50	2.50	0.50	7.50	10.50	11.00	15.50	20.00	12.00	9.50	8.00	8.50	6.50	11.00	7.50	10.50	10.50	10.00	8.50	12.50	19.50	19.00	18.50	18.50	16.00	17.50	14.00	7.50	11.50	13.00	17.00	27.00	21.50	21.50	25.50	44.00	53.00	41.00	25.50	15.50	13.00	13.00	21.00	22.00	26.00	25.00	24.00	30.50	38.00	38.00	34.00	39.50	45.00	52.00	51.00	38.50	31.50	36.00	41.00	38.50	36.00	37.00	49.00	55.00	55.00	42.00	34.00	32.50	38.00	51.00	61.00	68.00	61.00	61.00	64.00	62.00	76.00	109.50	75.50	94.50	108.00	105.50	77.50	73.50	74.00	73.50	71.50	66.00	71.00	71.00	73.00	74.00	73.00	66.00	65.00	69.50	72.00	71.50	74.00	70.50	56.50	63.50	72.00	75.50	76.00	73.50	71.00	67.50
	0.00	6.00	26.50	51.50	45.00	29.00	17.00	18.50	26.50	25.00	24.50	24.00	31.00	28.50	31.00	30.50	20.50	3.00		14.50	13.00		4.00	6.50					2.00	18.00	18.50	20.00	14.00	9.00	8.00	11.00	24.50	41.00	43.50	44.50	48.50	52.50	68.50	44.00	44.00	42.50	44.50	46.50	51.50	45.00	23.50	20.50	22.00	22.00	19.50	17.00	21.50	22.50	22.50	17.50	20.50	9.00	3.50			3.00	10.50	10.00	12.00	11.50	15.50	15.00	18.00	11.00	3.00	1.00	7.50	23.00	28.00	25.00	19.50	10.00	1.00		1.50	9.50	4.00	8.50	7.00			1.00	11.50	13.50	3.00	0.50	12.00	25.50	13.50	1.00	18.00	25.00	14.00	15.50	10.50	5.00		1.00				1.00	1.00	7.00	14.00	13.50	16.50	23.00	20.00	13.00	11.00	10.50	13.50	15.00	16.50	16.50	12.50	14.00	10.00	7.00	8.00	7.50	8.00	13.00	18.00	10.50	8.00	6.50	4.50	1.00		2.50	4.00	3.00	2.00			1.00		2.50	8.00	8.00	8.50	10.50	14.50	8.00	5.50	6.50	4.50	6.50	13.00	6.50	9.00	6.50	10.00	17.00	13.50	14.00	12.50	22.00	25.00	16.00	18.00	15.50	13.00	10.50	10.50	12.00	15.00	14.00	12.50	16.00	29.00	41.00	38.00	22.50	13.00	13.00	14.00	24.00	24.00	23.50	23.00	23.00	28.50	43.50	47.50	44.50	51.50	51.00	61.00	61.50	51.00	40.50	36.50	38.50	37.00	37.50	37.00	43.00	47.00	49.00	43.50	37.50	35.00	39.00	48.50	53.50	60.50	57.50	60.00	62.50	58.50	71.50	83.00	61.00	74.50	81.00	79.00	69.00	69.50	70.00	67.00	68.50	71.00	74.50	68.00	73.00	69.00	71.50	65.50	67.00	68.50	70.50	71.00	74.00	73.00	71.50	76.50	72.00	71.00	71.50	71.50	70.50	62.00
1.00	4.67	12.25	17.50	28.25	33.00	29.75	18.25	7.50	2.00	11.33	18.25	21.00	28.50	29.25	27.75	20.00	18.50	4.00		9.00	14.50	7.50		12.25	9.00				3.67	13.33	17.50	13.25	21.75	12.50	4.00	10.75	31.25	41.50	52.75	78.50	66.75	47.00	43.75	40.75	46.00	37.75	37.00	35.50	37.50	41.75	27.75	26.50	19.50	18.50	19.50	19.50	18.50	18.25	20.75	18.00	12.25	5.25	1.00				4.50	8.00	6.50	8.00	20.00	21.50	11.50	4.67			8.33	25.75	29.00	33.25	39.50	21.00			2.50	1.50	3.00	7.75	13.00	2.00	1.00		3.00	3.50		5.67	15.75	27.25	10.75	1.00	3.67	19.50	11.75	9.75	2.50	1.00		1.00				1.00	1.00	3.00	7.75	13.25	16.50	21.50	15.75	13.50	9.00	6.00	4.50	7.75	13.50	13.00	12.25	13.75	7.50	4.50	5.25	6.00	6.00	2.75	7.75	5.00	4.33	6.00	5.00	1.50		1.00	2.00	3.25	2.25	1.00	2.75	3.25	1.00	1.33	5.75	8.75	9.00	9.50	9.00	6.50	4.50	6.50	5.25	4.00	5.75	4.75	15.00	4.50	5.50	14.00	17.00	14.50	14.00	22.25	18.25	14.00	17.75	14.75	12.75	17.25	11.00	9.75	9.75	11.00	14.00	14.50	17.75	25.25	23.00	21.50	13.25	18.25	17.50	22.75	22.50	24.50	24.25	24.75	27.50	42.75	56.00	58.25	50.00	47.00	49.75	49.25	44.00	40.75	37.75	38.75	38.00	37.50	36.50	36.75	38.00	44.00	46.25	40.00	40.50	41.00	48.25	51.25	61.25	61.00	57.50	55.50	57.25	63.50	57.50	55.75	56.25	55.00	51.75	61.75	70.25	70.25	67.00	70.50	74.25	73.00	74.25	71.75	68.50	65.50	63.50	71.25	69.25	66.50	69.00	69.25	66.75	69.50	69.25	72.50	73.50	71.75	70.75	72.25	61.75
7.00	15.50	14.00	15.00	19.00	20.75	21.25	16.50	6.00	2.00	9.67	17.50	25.75	21.25	28.00	33.25	20.00	19.00	9.00			10.67	11.00	6.00	9.33	8.67	2.50			3.00	10.50	13.75	13.00	14.50	15.50	2.33	7.50	29.75	40.00	65.00	91.00	68.25	42.00	34.50	34.00	40.75	32.75	30.75	31.50	31.50	36.25	30.75	30.00	25.50	19.50	20.25	17.50	16.25	15.75	17.25	18.50	12.50	7.75	2.67	1.00	3.50	2.00				4.25	19.75	27.00	7.50	4.00			5.00	19.00	27.25	34.75	43.25	22.25			2.75	4.33	2.00	5.00	7.33	3.00					7.00	8.25	17.25	36.50	15.25	1.00	1.00	11.25	9.50	8.00	1.50	1.00								1.00	3.25	9.25	11.75	15.25	12.75	10.50	4.50	4.00	2.00	4.00	10.25	10.75	10.00	10.00	6.00	2.50	3.50	4.00	6.00	1.75	5.50	6.33	2.33	3.00	2.25	1.00		1.00	2.33	2.67	1.00	3.67	4.00	2.33	2.33	3.00	4.00	8.75	8.75	9.25	8.50	6.75	3.00	4.25	4.75	3.00	5.00	4.50	11.00	4.75	3.25	10.00	14.75	13.00	14.75	23.00	18.50	14.75	16.00	13.00	13.50	20.50	10.50	9.75	10.75	12.50	13.25	15.25	16.50	19.25	19.25	20.00	14.50	21.00	19.00	18.00	20.50	22.50	23.50	24.75	29.25	43.50	58.75	63.00	51.75	43.50	42.75	42.25	40.75	37.75	37.00	39.25	38.25	38.25	37.00	37.25	37.00	41.00	44.00	39.75	40.50	40.75	44.50	48.75	58.50	59.25	57.25	54.25	55.50	60.25	58.25	55.25	53.25	53.75	53.25	62.50	66.00	69.25	69.00	73.25	75.25	68.75	71.00	70.75	68.25	64.50	61.00	68.00	65.75	65.25	69.50	70.75	69.00	64.75	63.25	68.25	71.00	68.25	70.50	71.25	59.50
7.25	24.25	19.25	16.75	13.75	12.50	15.00	7.75	5.00	2.00	8.00	12.33	20.50	24.00	25.75	33.25	27.00	19.00	13.50			4.00	10.33	4.33	3.00	5.50	2.50			4.00	6.00	12.50	7.75	5.67	13.50	8.50	5.67	22.00	34.75	59.25	78.75	61.25	34.00	30.50	34.25	33.50	28.75	24.00	26.50	29.25	35.00	32.75	30.00	34.50	24.00	18.50	16.50	15.25	15.25	14.25	15.50	12.75	6.75	3.50	3.00	7.25	8.67	5.00			2.67	15.75	23.25	4.67					7.25	22.50	29.50	33.50	24.50		1.00	4.50	6.00	2.50	4.25	1.00						11.00	13.75	16.00	30.00	22.00	1.00		4.67	6.75	7.33	1.00										2.50	5.25	5.00	7.00	7.00	7.00	3.50	1.50	1.00	1.00	10.50	9.75	9.00	8.50	6.00	0.50	1.50	1.75	4.00	2.00	4.25	6.00	2.33	1.00	1.25	1.00		1.00	1.00	1.00	1.00	4.50	2.67	1.00	3.67	5.25	3.75	7.25	8.50	12.00	9.50	7.25	2.00	2.00	4.00	1.33	2.75	3.00	3.50	3.50	2.00	7.25	9.50	11.50	14.00	20.00	17.25	18.00	13.75	12.75	16.25	17.50	8.75	10.50	12.25	14.75	10.50	12.50	15.75	17.00	18.00	16.75	14.75	16.50	16.50	15.25	18.00	19.75	22.75	26.00	35.50	49.00	56.00	59.75	52.00	40.00	43.00	42.00	39.25	35.75	36.75	39.00	37.00	38.00	38.00	37.75	37.00	38.25	40.00	39.75	39.75	40.00	41.50	46.00	54.00	56.25	54.50	53.25	53.50	56.00	58.50	55.75	49.25	54.50	55.00	60.25	63.00	63.75	68.00	67.75	73.00	69.00	67.75	67.00	66.75	67.00	59.00	62.50	59.25	61.50	69.25	72.75	69.00	61.50	60.25	65.50	66.00	65.50	68.75	69.50	59.25
9.25	21.50	24.50	17.25	10.00	9.50		1.50	5.00	1.00	2.00	2.00	11.50	23.25	24.50	27.00	26.75	22.25	17.75	8.00			2.00	3.50			2.50						1.50	0.00	7.00	10.50	2.33	11.25	29.50	45.00	54.00	46.50	29.25	35.25	29.00	29.50	25.00	20.25	21.50	24.25	32.50	31.50	28.75	33.00	24.50	16.25	15.50	18.25	15.25	13.00	12.00	13.00	6.25	2.00	3.67	7.25	11.75	6.25			2.00	7.25	9.25	4.00				3.00	2.00	16.00	21.75	26.75	27.00	1.50	1.33	7.50	7.00	3.00	5.00	1.00						14.50	16.75	14.75	14.00	20.25	4.67	1.00	1.00	4.50	5.00									0.00	4.50	11.25	13.00	7.00	1.00	2.50	5.00	5.50	2.50	1.00	1.00	12.00	9.75	9.00	8.00	8.25	2.00	1.00	1.25	2.67		2.33	4.50	2.00		1.33	1.50					1.00	2.75	1.00	1.00	2.75	4.00	4.25	7.00	8.25	13.00	11.50	9.00	3.50			0.00	1.50	1.50	1.50	2.00		5.50	6.00	9.25	10.75	13.50	12.75	19.75	11.50	16.00	19.25	14.50	8.25	10.50	12.25	14.00	11.50	11.50	12.75	13.25	13.25	13.75	16.50	18.50	15.50	16.25	19.50	24.25	26.50	32.75	48.00	52.00	50.50	50.00	43.50	36.50	41.00	42.00	39.25	37.00	37.50	38.00	37.25	38.25	38.25	37.25	37.50	38.00	40.00	40.75	41.25	41.50	42.50	45.25	51.25	54.00	52.25	51.75	51.50	53.00	54.50	56.75	51.25	55.00	58.25	60.00	61.50	61.25	67.25	63.75	67.25	69.00	64.50	65.50	66.25	69.25	58.75	56.25	56.75	59.25	66.50	70.50	67.25	62.00	62.50	65.50	63.75	64.50	64.75	63.75	59.50
17.25	19.00	24.75	16.75	5.25	3.00				4.00	8.50	15.00	4.00	13.00	15.75	19.50	17.50	17.75	9.75	8.00															1.00	7.50	2.50	8.00	24.25	37.25	40.75	37.50	30.25	41.00	24.25	22.25	20.50	18.25	23.75	28.50	30.75	28.25	26.25	29.00	22.25	16.50	14.75	18.25	15.25	14.50	12.50	12.50	8.25	5.67	3.50	3.25	8.25	5.33			1.00	2.00	1.50					4.33	1.33	8.25	18.00	26.00	25.50	6.25	3.67	6.00	5.50		4.50					1.00		8.00	9.25	11.25	6.50	9.00	4.00	1.00			1.00									0.00	4.00	15.25	17.25	10.75	0.00	1.00	2.67	3.25	3.00		1.00	12.75	11.00	9.25	8.75	12.25	3.67	1.50	3.75	2.75		1.00				2.00	2.00						1.50	1.00	1.00	1.75	1.75	3.50	8.25	7.25	9.25	10.00	7.50	4.00				1.00	1.00		1.00			2.00	5.00	6.75	9.50	8.25	14.75	12.25	14.75	16.50	10.75	8.50	10.75	11.25	12.00	12.50	10.75	8.50	9.25	9.50	12.50	19.25	21.50	15.25	21.50	23.25	31.75	33.50	42.75	55.75	45.50	41.25	39.25	37.50	34.25	34.00	37.25	38.25	38.25	37.75	37.75	37.75	38.00	38.00	37.00	38.25	39.25	41.75	42.75	43.50	43.25	47.50	50.75	52.50	51.25	51.00	51.25	48.75	49.75	50.50	54.75	55.00	60.75	70.50	68.25	64.50	63.25	68.25	65.50	63.00	63.50	64.50	69.25	62.75	67.00	59.00	50.00	56.75	63.00	66.25	68.50	66.25	63.00	64.75	68.25	64.25	64.00	60.50	60.50	58.00
14.00	15.50	4.50	10.50	4.00	1.50					19.50	15.00	8.00		3.00	5.00	19.00	2.00										1.00	4.00									2.00	16.50	24.50	19.50	23.00	30.50	20.50	23.50	25.00	13.50	11.00	23.50	41.00	36.50	26.50	29.00	27.00	21.00	17.00	17.00	15.50	15.00	16.00	15.50	19.50	9.50	9.50	7.50	2.00			3.00	1.00	2.50	1.00						1.00	1.00	1.50	19.00	20.50	16.00	15.50	6.50		2.50	4.50	1.00																2.00	2.00									2.00	8.50	4.00	3.00	4.50	1.00	3.00	1.50				6.00	12.50	13.50	20.00	14.00	8.00	2.00	2.50	1.00								1.00						1.00		2.00	3.50	6.50	16.00	6.00	5.50	6.00	4.50	3.50			0.00	4.00	1.00					1.00	1.50	1.00	3.00	1.50	8.50	12.00	9.50	8.00	6.50	10.00	10.50	10.00	11.50	6.50	2.50	6.50	10.00	11.00	21.50	18.50	18.00	17.00	22.50	28.00	41.00	42.00	44.00	38.00	34.00	34.50	33.00	36.50	34.50	37.00	29.00	34.50	37.50	37.50	38.50	39.50	38.00	42.00	40.00	37.50	41.00	42.50	45.50	46.50	45.00	50.00	53.00	49.50	48.50	50.50	55.00	49.50	47.00	49.50	50.00	52.50	64.50	79.50	72.50	70.50	69.50	68.50	65.50	67.00	66.00	61.50	67.50	66.00	65.50	59.50	56.50	55.50	63.50	66.00	67.50	63.50	62.50	63.00	63.50	60.50	63.00	62.00	58.00	60.00
14.00	10.00	2.75	7.67	5.50	1.33				2.00	15.25	12.25	4.33		3.00	3.67	14.75	2.00		5.00	1.00							4.33	8.50									2.00	11.67	13.75	15.00	17.75	21.00	15.75	21.25	23.75	13.25	9.25	20.75	37.75	35.25	26.25	29.00	26.75	20.50	17.25	18.75	16.50	17.25	17.00	16.00	19.75	11.00	10.25	7.50	4.25	1.00	2.00	3.67	1.33	2.50	1.00						1.00	1.00	1.50	15.25	15.50	12.50	10.75	6.33		2.50	5.00	1.50																2.00	2.00									2.50	6.00	3.00	2.25	6.25	3.00	3.00	1.50	1.50			4.33	12.00	15.00	19.50	10.00	6.50	1.67	2.50	1.00								1.00	1.00					1.00		3.50	5.50	7.25	18.25	6.50	5.75	6.75	5.75	4.00	1.00		0.00	4.00	1.00					1.00	1.25	1.00	3.00	1.33	6.50	9.75	9.75	8.00	6.00	9.25	8.50	7.00	6.50	4.67	3.00	8.75	16.25	12.25	20.25	18.50	18.75	17.75	22.00	30.00	40.25	40.75	40.75	37.00	36.25	36.25	33.25	34.25	35.00	38.50	31.00	33.50	34.50	35.25	37.25	39.00	38.25	41.75	40.50	41.00	41.00	41.50	45.75	47.00	45.00	49.00	51.75	48.75	47.50	50.00	54.25	50.75	48.00	51.75	52.25	54.00	64.25	73.75	73.75	70.25	69.50	67.75	65.00	66.75	66.00	63.50	69.25	68.75	69.00	63.00	60.25	55.75	60.50	64.75	64.00	62.50	63.25	61.00	60.25	59.00	62.75	62.25	57.50	59.25
									3.50	3.00	4.00					11.00	3.00	5.50	5.00	1.00	4.50	3.00					1.00	1.00											4.00	2.50	8.50	9.00	11.00	8.50	16.00	13.00	8.50	11.50	20.50	24.00	24.00	25.50	27.00	23.00	25.00	24.00	18.00	14.50	15.50	18.50	20.50	13.50	7.50	12.50	8.00	4.00		1.00	1.00									1.00	3.00	3.00	1.50	10.50	11.00	9.50	3.00																						1.50										0.00	2.00	4.50	1.00		12.50	5.50			1.00	3.00	5.50	3.00	1.00				1.00											1.00		1.00		4.00	6.00	9.00	15.50	11.50	3.00	8.50	5.50	4.00										1.00				1.00	1.00	2.00	11.00	7.00	2.00	3.00	2.00		0.00	3.00	8.00	16.00	16.00	9.50	17.00	18.00	18.50	17.50	24.50	32.50	41.50	39.00	34.50	30.00	32.00	36.50	34.00	35.00	40.00	40.00	36.00	31.50	31.00	35.00	35.00	36.50	39.00	38.00	40.50	41.00	41.50	43.50	44.50	46.50	47.50	47.50	49.50	45.00	44.00	46.50	48.00	48.00	51.00	60.00	63.50	58.50	64.00	65.00	73.00	59.00	65.00	62.50	59.50	64.50	64.50	71.50	73.50	78.00	74.00	67.50	62.00	55.50	54.50	57.00	53.50	59.50	59.50	58.00	56.50	57.00	61.00	56.00	54.50	61.00
														3.33	19.75	10.25	2.33			0.50	12.00	7.67	2.00			1.00													4.00	3.50	6.75	9.25	13.00	11.50	15.50	14.25	6.25	1.75	6.25	14.00	24.50	26.25	28.75	30.25	28.75	25.25	16.00	15.00	15.00	11.50	14.50	12.50	7.50	6.67	4.75	4.00		1.00	1.50	1.25	1.00							1.00	2.00	4.00	4.25	8.75	5.75	7.50	3.00			1.67																																2.00	2.33	12.00	5.00	1.00		2.00	2.00	2.50	2.00											1.00									3.00	5.50	5.75	7.00	7.75	1.00	2.50	2.00	1.00	1.00	1.50								1.25							1.00	1.00	2.00	2.50	3.50	3.75	5.75	9.50	10.25	9.75	13.25	12.50	17.75	17.75	16.25	19.75	32.25	30.75	30.00	31.00	28.00	28.00	26.25	27.00	30.50	39.25	44.50	34.00	29.50	32.50	32.50	33.75	37.25	38.25	39.00	39.00	38.00	38.25	39.50	40.50	45.00	51.00	52.00	45.75	47.00	46.50	47.25	48.25	45.75	47.00	54.00	61.50	61.75	63.25	61.50	61.00	63.50	58.75	62.00	60.00	61.75	58.50	60.25	67.75	69.50	75.50	71.00	66.75	62.75	55.75	54.00	57.00	53.75	56.50	53.25	53.75	55.50	56.25	56.00	55.25	49.25	61.00
														4.00	19.00	12.00	3.00			0.00	13.50	10.00	2.50			1.00															3.00	8.00	9.00	12.50	14.00	14.00	8.00	2.00	4.50	13.00	25.00	27.50	29.00	32.00	30.00	25.00	13.50	11.50	14.00	8.50	11.00	11.00	8.00	3.00	1.50			1.00	2.00	1.50	1.00							1.00	2.50	4.00	4.50	7.50	3.00		1.00			2.00																																2.00	2.00	4.50	1.50			2.00														1.00									3.00	6.00	3.50	3.50	5.00	1.00		1.00		1.00	1.50								1.50								1.00	2.00	4.00	4.50	5.00	7.00	12.00	11.50	9.00	14.00	14.00	17.50	17.00	16.50	24.00	32.00	30.00	29.50	31.50	27.00	29.00	26.50	25.50	30.00	41.00	44.50	32.00	28.00	33.00	35.00	35.50	38.00	38.00	40.00	41.00	38.50	38.50	39.00	39.50	46.00	51.50	50.00	45.00	46.00	46.00	46.50	51.00	48.50	48.00	54.50	62.00	61.00	63.50	59.50	58.00	63.50	63.50	61.00	57.00	60.50	56.00	58.00	65.00	68.50	75.00	70.00	68.00	65.00	56.00	54.00	57.50	50.50	51.00	50.50	51.50	55.00	56.00	54.50	54.00	50.00	59.50
													3.50	7.75	8.00	7.50	3.00		1.00	1.50	13.25	22.00	8.25	6.67	5.00	2.00	1.00																	5.50	7.50	11.50	14.00	7.75	5.00	9.50	23.50	29.75	29.75	28.50	23.50	17.50	10.25	4.00	8.00	3.25	3.33	6.50	7.75	7.50	7.75	5.00	2.50	6.25	6.00	1.00	1.00							1.00	2.33	6.00	5.75	4.00	7.00	5.00	1.00	1.00																								6.00	1.00					1.00	1.00		1.00	1.67	1.00	1.00			1.67	4.25														5.00	1.67									2.00	3.33																					3.00	1.00	1.00	4.00	3.75	2.75	6.25	7.75	10.75	13.75	11.75	12.25	11.00	12.25	17.25	17.50	23.50	32.00	22.25	20.50	26.25	27.75	26.75	27.50	24.25	27.00	30.25	36.25	37.75	29.00	29.25	33.50	37.50	37.50	38.25	40.25	38.50	40.75	40.75	40.00	40.00	40.00	41.75	43.50	44.25	42.00	41.25	44.25	45.75	52.00	52.50	55.25	53.25	58.50	60.50	59.00	60.50	58.75	59.75	61.75	55.50	53.25	57.00	51.75	54.50	60.25	67.00	70.00	62.00	59.75	59.75	50.25	50.75	47.50	51.75	49.75	47.50	48.50	55.00	48.75	48.75	49.00	53.75	59.00
													4.00	9.00	3.33	3.00	3.00	1.00	1.00		12.50	27.25	19.75	15.75	12.00	1.00																			5.00	7.50	10.25	8.00	6.00	6.67	16.75	25.50	29.25	27.50	19.50	11.50	6.25	1.50	4.67	1.50	1.00	6.75	10.50	11.00	8.75	6.25	2.25	4.00	5.00	2.00									0.00	4.75	6.25	2.67	10.50	10.00		1.00												1.00	1.00								1.00	2.00		6.00	1.25				2.00	1.50	2.00			1.00					1.00	1.50														1.00	1.00	1.00								1.00	2.00						1.00	1.00	1.00													2.00	1.00	1.00	3.50	3.25	2.75	7.25	9.00	10.50	12.00	10.00	11.50	10.00	11.00	14.50	16.25	29.00	30.00	20.25	21.00	32.25	30.25	27.25	25.50	24.25	27.00	30.25	34.75	34.50	28.50	30.50	35.50	38.25	38.00	39.00	42.00	38.75	41.75	39.25	39.00	40.00	40.25	40.00	39.25	42.50	43.00	39.75	42.50	45.25	44.50	50.75	55.00	50.75	54.25	59.25	54.50	57.50	58.25	55.50	54.75	51.25	51.00	53.25	51.25	54.25	61.50	68.00	66.00	59.50	53.50	55.75	50.50	49.50	45.50	50.25	51.00	49.50	50.25	53.00	47.50	49.00	52.00	54.75	61.25
															3.00		2.00	1.00			10.25	29.75	35.75	28.50	18.25	3.67																				5.00	8.00	5.33		1.00	10.50	15.75	25.50	25.50	17.75	8.25	5.00	3.33	3.33	4.00		4.75	9.50	8.25	4.50	4.75	3.25	3.25	3.00	1.67										2.67	4.00	1.00	8.25	11.00			1.00		1.00	1.00	1.00	1.00						1.50	1.00								3.33	3.67		4.00	2.75	2.00			2.00	1.33	4.25	2.50																							5.00	6.33				2.00	1.00			1.00	1.00	1.00					1.00	3.00	1.00													1.00			3.25	4.00	2.00	3.75	5.00	5.75	8.50	8.00	9.75	8.75	10.00	11.50	14.50	27.75	26.00	19.25	23.00	33.25	30.25	25.50	24.25	24.25	25.75	28.75	32.25	31.75	30.00	32.25	35.50	38.00	39.25	39.25	40.75	39.00	41.25	38.00	39.75	39.75	39.75	38.75	38.25	39.75	44.50	42.50	42.50	42.50	43.00	48.50	51.25	47.50	49.75	56.00	49.50	51.50	52.75	54.75	52.50	48.25	51.50	52.50	50.00	50.75	62.50	64.25	58.50	57.50	53.00	54.25	54.25	52.25	47.50	47.50	46.75	52.50	51.00	48.25	51.75	53.25	55.25	55.50	61.25
																	2.00				10.50	32.00	46.50	35.00	21.00	5.00																						1.00			9.00	10.50	23.00	23.50	16.50	7.50	7.00	4.50	4.50	4.00		4.00	8.50	6.00	1.00	3.00	4.50	5.00	1.50	1.00										2.00			5.00	10.00			1.00		1.00	1.00	1.00	1.00						2.00	1.00								4.50	4.50		2.00	4.00	2.00			2.00	1.00	6.00	2.50																							5.00	9.00				2.00	1.00					1.00					1.00	4.00	1.00																3.00	4.50	2.00	1.50	1.50	2.50	7.50	7.00	8.50	8.00	9.50	10.00	14.00	25.50	23.00	20.00	24.50	30.50	28.00	23.50	23.50	25.00	25.00	26.50	29.50	30.00	31.00	33.00	35.50	38.50	40.50	39.00	39.00	38.50	40.00	37.50	41.50	40.00	40.00	38.50	39.00	38.50	44.00	44.50	43.00	39.50	45.00	47.50	50.00	46.00	47.00	53.50	47.50	50.00	50.00	54.50	52.50	47.50	54.00	54.00	48.50	48.50	62.00	62.50	52.50	55.50	54.50	56.00	56.50	52.00	48.00	45.00	44.00	53.00	49.50	45.50	53.50	54.50	58.50	59.50	61.00
																				1.50	20.25	42.25	52.75	64.00	42.25	5.50		2.00	2.00	1.00			1.50	2.50	9.50	7.00	3.75	6.25	5.00	8.67	8.00										1.67	7.50	13.00	16.00	14.75	10.25	12.75	9.25	2.75	4.67	1.00	1.00	2.00	3.00	4.00	5.25	8.50	3.75	4.25	4.75													1.00	2.00					3.33	5.25	2.00	5.00	4.00	8.33	1.00			2.00							0.00	0.00	7.25	8.50	1.00	3.00	6.50	6.00	1.33	3.00	11.25	13.50	6.00	3.00																						5.00	10.25	3.67					1.00	1.00										1.00																0.50	1.00	2.00	1.00				4.50	4.50	5.50	4.50	4.67	5.67	11.00	15.75	14.75	21.75	27.50	25.75	22.25	22.00	24.50	29.75	31.25	31.50	28.75	29.50	31.00	32.75	33.25	36.25	39.75	36.75	39.00	36.75	38.50	38.25	37.75	39.00	38.00	37.25	34.75	38.50	43.25	43.00	39.50	39.25	41.50	46.50	46.75	46.75	47.00	47.25	48.25	51.00	52.00	60.00	56.50	52.75	53.00	52.50	55.00	53.75	56.25	52.00	45.50	47.50	50.00	48.00	52.00	49.75	45.50	46.00	47.75	43.50	44.75	46.00	49.00	51.25	55.75	60.25	66.50
					2.00															2.00	14.00	37.75	46.75	68.50	57.00	9.75		2.50	3.00	1.50			1.00	3.25	18.00	16.50	9.50	5.75	9.25	22.25	14.25										1.00	5.00	7.50	14.75	17.00	12.50	8.75	4.33	1.33	1.50	2.33			3.67	4.75	3.00	5.25	2.33	2.50	4.25																			3.67	7.25		4.50	3.75	10.75	1.50												6.25	13.75	3.67	9.67	11.00	11.25	4.50	7.50	10.50	17.00	11.25	3.00		1.00	1.00																			4.00	4.50	1.00					1.00	1.00	1.00																									1.00							1.00				1.00	2.00	11.50	15.25	12.00	16.75	24.00	23.00	21.25	22.00	24.00	29.75	31.75	32.00	29.75	31.00	32.00	33.50	33.00	34.00	36.50	35.75	36.25	36.75	37.75	38.25	38.00	38.50	38.50	36.25	33.00	37.00	40.75	43.00	41.25	38.50	36.25	42.50	42.50	43.25	44.25	46.00	49.00	51.00	53.75	59.75	57.75	53.25	53.50	50.50	53.75	50.00	49.75	47.25	48.00	49.50	49.50	49.25	50.00	44.25	44.75	47.25	42.25	43.00	46.50	48.25	45.75	51.75	57.50	62.50	68.00
					6.00	3.00															10.50	35.25	43.50	62.50	59.25	15.75	2.00	4.00	6.00	3.33				4.67	20.00	37.50	21.50	3.75	8.00	22.75	18.50	2.00										3.00	7.50	17.25	21.50	16.50	8.50	2.00	1.00	2.00	5.00			2.00	4.00	3.25	2.50	1.33		2.00	1.00																		2.50	8.00	6.00	1.00	2.00	6.50	4.00												7.00	17.25	7.25	16.00	19.25	18.50	14.75	15.75	10.50	11.50	10.25			1.00	1.00	1.00																									1.00	1.00	1.00																								1.00	1.00				1.00			1.00					3.33	12.75	13.50	9.75	14.00	20.00	20.50	21.00	20.25	22.50	27.50	30.50	30.00	30.00	31.25	32.75	32.50	32.00	32.75	34.25	34.75	34.00	36.25	36.25	37.25	36.50	37.75	37.00	35.25	36.00	36.50	37.75	40.75	40.75	38.75	34.25	44.00	36.75	37.75	42.25	45.75	47.25	49.50	52.25	56.50	53.75	51.50	56.50	49.50	47.50	49.00	48.25	44.25	46.25	50.00	49.25	50.75	45.25	40.00	44.00	45.00	41.50	46.00	46.50	50.00	49.50	58.75	63.00	63.75	66.25
				1.00	8.00	3.00	4.50	1.00	3.00								2.00	1.00		14.00	23.50	48.50	45.25	55.00	51.50	20.75	5.00	5.00	6.00	5.00	1.00			8.67	18.50	57.00	36.00	5.00	5.00	13.50	10.00	1.50									0.00	3.67	10.75	17.25	26.00	20.00	9.25	2.00	1.00	1.00	5.50	1.50			1.00	4.00	3.50	2.25		1.00	1.33	1.00																	1.00	7.75	9.00	1.50		3.00	3.33												8.25	15.25	12.25	20.00	25.00	24.50	22.50	20.50	14.00	5.33	5.00				1.00	1.00																									1.00																									1.00	1.00	1.00				1.00					3.00	3.50		6.00	8.75	6.25	9.50	12.75	15.75	16.75	19.75	18.00	20.00	24.25	28.00	27.75	29.25	30.00	33.50	31.75	32.25	33.00	33.25	34.25	34.00	35.50	35.00	35.25	35.00	35.25	33.50	33.00	36.75	36.75	37.25	39.25	39.00	38.00	33.50	44.25	33.75	35.00	43.75	45.00	44.75	49.00	47.00	52.25	45.50	45.50	51.25	49.25	43.00	47.50	50.50	43.50	42.25	48.00	48.00	46.25	40.25	39.25	43.25	44.75	45.00	49.50	49.25	50.75	54.25	62.00	63.00	61.50	69.25
				6.50			4.75	1.67	2.33								2.00	1.00		8.50	36.25	56.75	44.00	44.00	42.50	20.25	5.25		4.75	4.50	1.33	1.00		9.75	13.75	68.00	46.00	15.25	5.33	1.00	3.50	1.00									0.50	6.75	13.00	14.50	24.50	18.75	7.00	3.75	1.67	0.00	4.00	1.67				3.00	4.75	4.50		1.00	2.50	3.33	1.00																2.33	8.25	11.00	2.50	1.00	0.00	3.50	4.50	1.00										8.75	14.25	17.00	20.50	24.25	24.75	23.25	20.75	17.00	4.00	1.00																													1.00	1.00																									1.00											4.75	8.50	3.00		4.50	2.50	6.00	10.25	11.00	13.75	17.50	16.50	17.75	21.50	24.00	25.25	27.75	28.00	32.75	32.50	33.50	33.50	32.25	33.00	33.25	34.75	35.50	35.50	35.25	34.25	32.25	31.50	33.25	34.75	35.75	37.25	37.50	35.75	33.50	38.50	33.75	36.25	49.25	43.25	42.00	44.25	41.50	43.50	39.00	40.25	44.25	47.00	44.75	46.50	49.50	46.75	43.50	44.50	43.00	42.75	39.25	39.25	42.25	46.00	48.00	52.00	53.00	54.50	57.75	61.25	62.50	63.00	72.50
				5.00			1.00													2.00	31.00	42.50	33.50	25.50	23.50	15.00	5.50		18.50	11.50	12.50	6.50		5.50	10.00	48.00	51.50	34.00	15.50	6.00	4.00											5.00	11.00	5.50	7.00	6.50	2.00										4.00	5.50	1.00		2.00	3.50	1.50																	1.00	8.50	3.00			1.00	4.00	1.00										7.00	14.00	21.00	20.50	22.00	23.00	21.00	18.50	14.50	3.50	1.00																													1.00	1.00																																				4.50	14.50	7.00			2.00	1.00	5.00	8.00	10.00	13.00	15.50	14.50	20.50	23.50	24.50	25.00	27.00	30.50	30.00	33.00	36.00	32.50	32.00	32.00	31.50	32.50	34.00	34.00	35.00	32.00	30.50	30.00	33.50	31.50	32.50	32.50	32.50	31.50	36.50	34.00	33.50	44.50	41.50	35.50	34.50	37.00	39.00	39.00	42.50	44.00	43.00	48.50	42.50	41.50	43.50	46.50	39.00	41.50	43.00	41.00	45.00	41.50	46.50	50.00	54.50	57.50	59.00	62.00	62.50	65.50	65.00	69.00
																					17.00	25.00	29.00	16.00	12.50	21.00	16.00	2.00	2.50	9.00	3.50	19.00	0.00	5.50	14.50	44.00	49.00	32.50	26.00	8.00	7.00											6.50	10.50	4.00	1.00												1.00	1.00	1.00			1.00																			5.50	3.50															1.00	11.00	21.50	21.00	19.50	22.00	19.50	13.50	5.00																																	1.00	1.50	1.00	1.00									1.00																							4.50	11.50	3.00			2.00	2.00	3.00	5.00	4.50	8.50	14.50	17.50	22.50	23.00	22.00	24.50	27.50	30.50	27.50	32.00	36.50	33.00	31.50	32.00	32.50	31.00	33.50	35.50	35.50	32.50	30.50	31.00	31.50	31.00	32.00	33.50	32.50	30.50	32.50	32.00	35.00	39.00	40.00	35.50	33.00	34.50	28.50	37.00	41.50	38.50	38.50	40.00	44.50	42.00	42.00	47.00	38.00	39.50	41.00	37.00	41.50	42.00	49.00	50.50	56.00	58.50	59.50	59.50	60.00	69.50	70.00	72.50
																	2.00				1.00	3.00	11.50	6.00	4.50	8.50	14.00	7.00		1.00		8.00	1.00	4.00	10.00	37.50	46.50	38.50	43.50	15.50	9.50	8.00	4.00									3.00	9.50	3.50													1.00	1.50	1.00		3.00	6.00																			2.50	3.00															0.00	4.00	14.50	15.50	15.00	15.50	15.50	8.00	1.00																													1.00	3.50	1.00	1.00	2.50	2.50	3.00	2.00									2.00	1.00																						8.00	9.00	1.00				1.00	1.00	2.50	1.00	4.00	9.00	14.50	20.00	21.50	23.00	24.00	25.50	30.00	28.00	32.00	37.50	34.50	33.00	30.50	30.50	31.00	32.00	32.00	31.50	31.50	31.00	30.00	29.50	32.50	32.00	32.50	32.00	31.00	29.00	30.50	35.00	34.00	34.50	33.00	33.00	34.00	26.50	28.50	35.50	30.00	36.50	37.50	42.00	42.00	39.00	36.00	37.50	41.00	39.00	36.00	40.50	43.00	49.00	49.00	59.50	60.50	58.00	62.00	65.00	68.50	66.00	72.50
																		2.00	1.00				1.00	3.00			6.00	7.00						3.25	2.33	15.25	35.75	40.00	44.00	25.75	10.75	12.25	11.75	1.00								4.00	8.50	5.00															1.00	1.00	1.00	2.00																							1.00	1.00												1.00	2.50	4.00	3.33	7.00	7.75	3.00																		1.00	1.00									1.00	1.50	1.00	3.33	1.25	1.00				1.00																											1.00					7.25	3.00						4.50	5.25	2.75	1.50	3.50	9.00	12.00	14.25	19.50	23.50	28.00	28.75	26.50	28.00	31.50	29.50	29.25	29.75	30.50	28.25	29.75	28.25	27.50	27.50	27.50	27.00	26.75	27.25	27.50	29.00	28.75	28.25	29.00	29.75	31.00	31.50	32.75	32.50	31.50	30.25	26.25	27.25	30.75	29.25	33.00	35.00	38.25	39.50	36.75	37.00	38.50	38.00	36.50	40.75	42.25	46.00	54.25	55.25	61.00	58.50	59.75	60.00	61.25	66.50	65.75	70.00
																		2.50	1.00															2.00	1.00	7.00	33.00	40.00	40.50	28.50	11.00	5.50	11.50	1.00									7.50	6.00															1.00	1.00																									1.00	1.00															1.00	4.50	5.50	1.00																		1.00	1.00									1.00	1.50		1.00	1.00	1.00				1.00																											1.00					5.50							6.50	6.50	4.50	2.00	2.00	7.50	9.50	11.50	18.00	23.50	28.50	28.00	25.00	27.50	29.50	28.50	27.00	30.00	30.50	29.00	29.00	27.00	26.50	26.50	26.50	26.00	26.00	25.50	27.00	28.00	27.00	27.00	29.00	29.00	30.00	31.00	32.00	33.00	33.50	30.50	26.00	28.00	29.00	29.50	31.50	31.50	34.00	38.00	40.00	38.00	35.50	35.50	39.00	42.00	46.00	48.00	54.00	55.00	59.50	56.50	63.00	59.50	63.00	69.00	69.50	69.50
																																1.00					16.75	34.75	32.00	27.00	11.75		6.25	1.00									2.00	3.00																																																										2.00	2.00	2.00																	0.00	1.75	3.00	6.50	8.33											1.00	1.00				1.00										1.50	1.00																			0.00	4.00	1.00							9.25	6.00	12.25	9.50	2.75	1.75	6.00	10.00	15.75	25.00	28.50	25.75	22.75	26.00	26.25	27.00	28.25	27.50	25.75	25.25	25.25	24.25	22.00	24.50	24.00	23.00	26.50	23.75	24.25	25.25	23.75	24.25	26.00	27.75	29.75	30.75	31.00	29.00	28.50	22.00	27.50	27.50	21.00	19.75	25.75	29.00	31.75	35.50	39.00	34.25	31.00	34.25	39.25	42.00	44.00	47.00	53.00	50.50	55.25	53.50	61.00	61.25	65.50	67.50	72.25	69.25
										3.00	1.00			1.00			1.00																				8.00	17.25	22.25	22.75	8.75		4.00	1.00						3.00	1.00																	1.00																																																																1.33	4.50	8.00	11.75	1.00																		1.00	1.00						1.33	1.67																			1.00	5.00							3.50	8.00	4.00	9.25	12.50	5.75	4.75	6.75	11.25	17.00	26.75	27.50	22.75	20.00	22.50	22.50	24.50	25.50	23.25	23.25	24.25	23.50	21.25	18.75	19.50	21.25	20.75	25.25	22.50	22.00	25.00	22.50	22.50	22.50	25.25	28.25	29.25	31.25	27.50	21.50	15.25	24.25	24.75	24.25	22.75	26.75	29.50	30.00	29.75	30.75	31.25	29.00	36.75	40.00	45.00	45.50	44.00	49.50	47.50	52.25	54.75	58.25	63.25	68.25	72.75	71.75	65.75
										8.33	6.33			5.00			2.00																				1.00	5.00	14.00	19.25	7.00		1.00							3.00	3.00																	1.00																																																																1.00	3.75	7.25	8.00	1.00																		1.00	1.00						1.00	2.00	1.00		1.00														0.00	1.00	2.50							3.00	8.25	6.50	3.00	3.33	10.25	6.25	8.75	7.75	12.00	19.25	27.25	27.75	21.75	19.00	20.00	18.75	21.50	21.00	19.00	19.50	21.25	21.00	19.75	17.25	17.50	19.50	18.50	21.75	20.00	20.00	23.50	22.00	22.75	21.50	24.50	26.00	27.00	28.50	26.25	19.25	14.75	21.25	23.25	24.25	20.00	23.75	28.00	27.00	28.50	28.50	31.75	31.25	37.75	39.25	47.00	48.75	46.00	46.50	44.75	48.25	51.75	54.75	57.00	65.50	74.25	72.25	67.50
										11.25	10.75	3.50		6.25			2.50	8.00	3.00															15.00	5.00				9.00	20.25	7.25	2.50	1.00							3.00	3.00																																																																																	1.00	1.50	5.00	4.50									1.00	1.50				1.00							1.00						2.00	1.00		1.00														0.00	1.00	3.00						1.00	7.75	15.00	3.50		1.00	6.00	4.00	9.00	8.25	10.25	18.75	26.25	29.00	20.50	18.00	20.75	17.25	19.50	17.75	17.25	16.50	19.25	18.25	18.50	15.75	16.00	17.75	16.50	18.75	18.50	18.25	21.00	21.00	22.25	21.50	26.00	26.00	27.00	27.50	22.50	19.50	18.75	22.50	23.75	19.00	16.50	19.25	23.75	21.50	29.50	31.00	33.75	35.50	41.25	38.50	44.75	51.00	48.75	45.50	41.00	42.25	51.00	55.00	53.00	60.75	68.25	70.50	67.00
										13.25	13.00	4.00		5.50			8.50	9.75	5.00	2.00														11.00	9.00				7.67	24.00	12.00	3.50	4.00	1.00	2.50	3.00	1.50	5.00	7.50	1.00	4.67	2.50																																																																																												1.00	1.50	1.50	2.00	1.00	1.00							1.00	1.00						1.00		1.00															1.00	2.50			2.00	3.00	1.00	5.00	17.75	15.25	7.00	1.00		3.00	1.00	7.25	7.25	7.50	14.75	23.50	26.50	16.75	16.75	21.25	16.50	16.50	16.25	17.00	15.50	15.75	15.75	15.50	14.75	13.25	14.75	13.25	14.25	16.50	16.00	18.00	18.75	20.75	21.00	25.00	25.25	25.75	27.00	21.00	20.75	20.75	22.50	23.50	17.75	17.00	19.75	20.00	18.75	28.75	33.00	35.25	40.75	46.25	43.75	43.50	47.50	46.25	47.25	40.50	44.00	53.50	54.75	51.00	57.50	62.50	67.50	62.00
1.00										10.00	13.00	8.00					6.50	7.50	6.50									4.00	1.00						4.00				4.00	18.00	15.00	3.00		3.00	19.00	12.00	6.00	2.50	4.50	5.50	16.50	22.00	6.50																																																																																													3.00	4.50	1.00	6.00	6.00	1.00						1.00	1.00	1.00																								4.50	6.00	6.50	7.50	14.00	21.50	11.50	11.00	3.00				2.00	11.00	11.00	14.50	18.00	25.00	15.50	13.00	20.00	8.50	11.50	12.00	11.00	12.00	10.00	11.00	10.50	12.50	9.50	9.50	10.00	8.00	10.00	11.00	13.50	15.00	18.00	20.00	20.00	20.50	21.50	23.50	16.50	17.00	18.50	20.00	19.50	21.00	19.50	19.50	16.00	18.50	26.00	26.00	32.50	34.00	42.50	41.00	41.50	42.50	41.00	37.50	40.00	47.50	55.50	53.50	49.00	54.50	55.50	55.00	61.50
									1.00	9.50	12.00	7.50						2.00	3.50					5.00	5.50		3.00	7.00							3.00	2.50	1.00			3.50	5.00	2.00			3.00	13.00	6.00	3.50		2.00	21.00	27.00	6.00																																																																			3.00																											5.00	3.00	2.00	3.00	1.00																																1.50	4.50	7.50	15.50	18.50	13.50	5.50	5.50	2.00		1.00			7.50	9.00	16.00	19.00	29.00	19.50	15.50	17.00	8.50	8.50	8.00	5.50	12.50	6.50	6.00	7.50	8.50	6.50	7.00	6.00	7.50	6.50	7.00	12.00	12.50	14.50	17.50	20.00	19.00	19.00	20.50	17.00	14.00	15.00	17.00	15.50	17.00	18.50	16.50	21.00	23.00	24.00	26.00	35.50	34.00	42.00	41.00	37.50	39.00	37.00	36.50	43.00	43.00	47.50	55.00	52.00	52.50	54.50	52.50	55.50
									10.50	24.00	18.00	6.00											2.00	12.00	11.50	1.00		1.00								2.00	1.00									8.00	5.00	4.00			11.50	19.00	2.50																																																																			4.50	1.00													1.00													1.00	1.00																																			1.00	3.00	5.50	7.50	12.50	9.50	3.50							6.00	10.00	11.50	17.00	24.00	18.50	22.50	14.50	1.50	2.50	2.50	4.50	13.00	6.00	1.50	6.50	7.50	2.00	3.50		3.00	5.50	7.50	10.50	11.00	12.50	13.50	20.50	18.00	21.50	20.50	15.00	15.50	18.50	17.00	21.50	21.00	21.50	17.50	19.50	24.00	22.00	22.50	34.50	39.00	42.50	40.00	38.00	36.00	34.00	40.00	42.00	43.50	45.00	48.50	55.00	56.00	56.00	56.50	53.50
								4.00	15.00	11.75	13.75	6.00					9.75	6.33					1.33	9.25	14.75	2.67	0.00															2.00									1.00	2.50																							1.00																				3.50	2.33	1.00																			7.50	1.00			5.00	2.00													3.50	3.00			1.00	3.00	1.00		1.00	1.50																																									1.50	2.50	5.00	4.50	3.75	3.00								2.33	8.50	15.25	18.75	13.50	21.75	12.75	3.50	7.00	1.00	3.33	15.00	2.33	1.50	1.00	2.50	1.00	3.00			3.00	4.00	11.75	14.00	13.50	14.50	21.00	16.25	16.00	18.25	16.00	17.00	21.75	15.50	16.00	16.75	17.75	19.75	22.25	22.75	27.25	29.50	31.75	36.00	40.25	36.25	38.00	37.25	30.00	33.25	33.75	40.75	42.00	47.25	49.25	51.25	54.75	53.00	53.75
										5.50	5.50	1.00					7.50	8.00					1.00	5.50	13.00	3.00	0.00															2.00																																																					2.00	2.50	1.00																			7.50	1.00			5.00	3.00														1.00			1.00	3.00	1.00																																																1.00									2.00	9.00	15.50	18.50	11.50	15.50	10.50	3.00	7.00		1.00	17.00	1.00									2.00	13.50	15.50	14.50	13.50	20.50	16.50	14.50	16.00	15.00	15.50	22.00	14.50	15.50	15.00	14.00	20.00	24.00	22.50	28.50	31.50	31.50	36.50	40.00	37.00	39.50	40.50	31.00	29.50	28.00	39.00	41.00	44.00	47.00	49.00	51.50	46.00	53.50
																									1.00	1.00															1.00	2.50																																																																										17.50	5.00			1.00	2.00																		2.00	1.00			1.00	2.50																																							1.00	1.00		1.00										2.50	4.50	9.50	12.50	14.00	13.50	8.00	8.00					11.00	1.00									2.50	22.50	16.50	15.50	14.00	20.00	15.00	15.00	14.00	15.00	13.00	19.50	16.00	12.00	13.00	13.00	17.50	23.50	22.00	24.50	29.00	32.50	32.50	38.00	38.50	39.00	42.50	38.50	28.00	28.00	35.00	37.00	41.50	45.00	46.50	49.00	45.50	50.50
										0.50	8.00	11.00																													0.00	15.00	9.00					6.00	6.50																																																																	1.00	7.50	20.00	12.50																																																																															3.00	9.00	8.50	10.00	10.00	10.50	6.00	4.00					1.00				1.50						2.50	21.50	16.00	19.50	23.00	15.50	11.00	11.00	14.50	19.00	16.50	16.00	13.50	16.50	17.50	20.50	18.00	18.00	23.50	23.50	26.00	29.00	34.00	40.50	38.50	35.00	31.50	33.00	32.50	34.00	33.00	33.00	37.50	46.00	49.50	47.00	46.00	46.00
										11.75	22.00	23.75	7.75																							0.00	4.00					7.00	9.75	1.50				12.33	5.67																																																																	1.00	5.75	12.25	10.25	3.00	1.00																																														1.00																															3.00	6.00	8.25	9.75	10.25	6.75	1.00								1.00	5.50	7.25	6.00	6.50	2.00	5.25		1.00	12.00	15.50	14.25	20.25	14.25	10.75	9.75	14.00	15.50	14.25	15.50	14.25	13.00	13.00	17.25	20.50	24.50	27.75	33.25	31.50	28.25	32.00	31.75	30.75	32.50	33.25	28.75	32.75	29.50	29.75	29.50	35.50	44.75	44.00	40.25	38.00	43.00
										7.00	15.00	20.75	9.25															1.00									2.00						6.00	1.50				13.00	4.00																																																																		2.50	9.50	6.00	3.25	1.33																						2.00	2.00	1.00																						1.00																									2.00						1.00	3.00	5.33	7.25	7.50	4.50	1.00								1.00	6.67	6.75	7.25	6.50	3.00	5.00	5.50		6.67	10.50	14.25	17.75	12.00	10.75	6.25	6.50	9.25	14.25	14.00	14.00	14.00	13.00	16.75	18.75	26.50	28.50	34.25	31.75	34.00	35.75	28.25	29.25	31.00	33.50	27.00	25.75	23.50	27.50	25.50	32.50	40.75	42.00	39.50	37.75	38.25
										3.00	7.00	19.00	5.33														4.00	7.00	2.50															1.00				9.00	2.00																																																																					3.00	1.50																						2.33	1.67	1.00																																														1.00	2.00	1.00							2.00	3.25	3.00	1.67										1.00	3.33	6.00	6.50	2.50	2.00	8.50	3.00	1.00	5.00	9.33	11.75	7.75	7.50	3.50	3.50	8.75	11.50	14.25	15.25	16.50	12.00	16.50	18.00	23.25	26.25	30.50	33.00	35.75	35.50	32.00	30.00	28.00	27.75	27.75	21.75	19.75	23.50	22.75	29.75	38.25	38.00	37.25	38.00	37.00
4.50	3.00												2.00														4.00	10.00	2.67																																																																																																																3.00	1.00																																															1.00	1.75	2.33								2.00	1.33	2.00											1.00			1.33	5.00	9.00	2.33			2.00	2.75	3.50	4.00		3.00	6.50	7.50	11.75	11.00	14.75	10.50	16.50	15.00	16.50	22.50	23.50	27.75	35.25	34.00	35.50	29.50	26.50	26.00	30.25	21.75	22.75	22.75	23.00	28.75	37.75	37.00	36.00	34.75	35.75
4.50	2.50					2.00	1.00																				4.00	5.50	3.00																																																																																																																							0.00	2.50					1.50																																				1.50	3.00							1.00	2.75	1.67														3.00	2.00	7.75	4.50	2.00			3.00	3.00	4.50	3.33	2.00	1.50	2.50	6.00	5.25	5.75	8.75	9.00	13.50	11.25	12.50	19.75	21.00	24.25	31.25	33.00	34.25	25.50	22.75	24.00	30.50	21.75	24.25	21.50	25.00	29.50	36.75	37.50	37.00	34.25	34.00
						16.00	18.50	8.00																																																																																														3.00																																													1.00		4.50			6.00		5.50	2.00																																											2.00																	1.00	1.00	1.00				6.00	10.00	5.00	3.00	4.50	4.00	2.00	1.00	1.50	1.00	3.00	9.00	13.50	13.50	18.00	23.00	28.00	30.50	24.00	23.50	31.00	29.00	24.00	18.50	24.00	19.00	19.00	20.00	23.50	31.00	38.50	33.50	34.50	36.50	38.00
					3.00	21.50	23.00	13.67	2.00																																																																																													2.00																																		1.00	3.00	0.50	7.50	2.00						1.00	1.50		4.50			4.33		3.50	1.67																																											2.00																	1.00	1.00	1.00				6.00	9.50	4.00	2.67	4.00	4.00	2.00	1.00	2.25	3.33	5.50	8.00	10.50	12.25	16.25	19.50	25.75	24.75	23.75	23.00	27.25	28.00	24.50	21.00	22.25	20.50	18.50	21.25	24.50	36.75	41.25	37.75	38.75	39.00	43.25
				10.00	19.00	20.50	25.50	21.50	10.00																																																																																																													2.50	6.00								2.00	2.50	9.00								1.00	0.00	5.00												2.00	3.00		2.50																																																																			4.00	8.50	5.50	4.00	3.50				0.00	6.00	7.00	5.50	4.50	7.00	13.00	17.50	21.00	20.50	25.00	23.50	21.00	25.00	25.00	25.50	17.00	21.50	23.50	22.00	26.00	38.50	43.00	44.50	48.50	45.00	48.00
				21.50	26.25	20.50	14.50	14.50	14.00	6.00	1.00	2.00	2.50								2.00	3.00	13.00	1.00																																																																																									2.00	2.00				3.00	6.00	1.00							1.00	1.00	1.00			1.00						2.33	3.33														0.00	6.50	1.00																																												3.00	2.00																					3.00	5.00	6.75	3.50	5.75	2.67				2.50	6.00	4.00	0.00	4.00	7.00	14.00	15.75	16.25	15.50	17.75	18.00	18.25	23.75	17.25	17.25	24.25	22.25	28.00	33.00	42.75	38.75	40.75	41.00	42.00	47.25
				11.00	17.50	21.00	15.00	12.50	12.50	6.00	1.00		2.50								2.00	3.00	13.00	1.00																																																																																									3.00	1.00																		1.00						3.00	3.00																																																												3.00	2.00																						3.00	6.00	3.00	7.50	3.00					2.00	3.00		4.00	6.00	12.50	12.50	14.00	15.00	13.00	13.00	15.00	23.00	15.50	20.00	23.00	17.50	28.50	33.50	42.50	39.00	42.00	41.50	41.00	46.50
	4.67	4.00			4.00	15.00	7.75	10.00	3.33	9.33	15.67	12.00	7.50	3.67							2.00	3.00	2.50	1.00																																																																																								0.50	5.00																		1.00	1.00																																																																																											1.00		4.00	2.25	1.50	0.00					0.00	1.00	9.75	13.00	13.25	12.00	14.00	12.00	12.50	15.50	19.00	15.00	16.75	16.00	14.25	29.25	35.75	38.50	35.25	41.00	41.00	47.50	51.00
	6.50	4.25	2.00				6.25	7.75	4.67	14.25	24.00	15.25	8.00	3.75																																																																																																		0.00	4.33																		1.50	1.00																																																																																														2.50	1.00	0.00					1.00	0.50	9.50	11.75	13.25	12.75	15.25	11.50	12.25	14.50	15.00	14.00	12.75	14.00	14.75	26.00	30.25	32.25	33.50	36.75	43.75	50.50	52.75
		4.50	2.00	1.00		6.00	18.00	15.50	9.00	17.00	26.25	15.50	10.25	2.33																																																																																																		1.00	5.50																		2.00	1.00																																																																																																0.00					2.00	1.00	6.75	8.00	11.00	11.75	14.50	10.75	11.25	12.50	12.00	13.25	12.00	11.25	16.50	21.25	26.50	29.75	33.25	33.50	43.00	50.25	54.75
		4.50	10.00	10.50	3.00	2.00	17.50	24.00	14.50	13.50	21.00	11.00	1.00																																																																																																		1.00	6.00	7.00	1.00																																																																																																																		0.00	0.00						5.00	6.50	9.50	9.00	13.00	9.50	10.00	10.00	11.50	14.50	12.00	11.50	13.50	14.00	23.00	33.50	30.00	39.50	46.00	46.00	54.50
		5.75	14.25	15.00	7.75	3.00	15.75	26.00	20.50	11.75	11.25	7.25	1.00																																																																																																		2.25	9.25	11.25	2.67																																																																																																																		0.00	0.00						4.75	6.75	9.75	10.00	12.25	8.75	9.75	10.25	10.75	12.50	10.75	10.75	13.75	16.00	25.50	33.25	30.00	39.50	46.75	50.00	56.00
		2.50	12.50	17.00	17.50	19.00	25.50	23.50	25.50	6.50																																																																																																				1.00	3.00	6.50	13.00	7.50	1.50																																																																																																																							0.00	1.50	1.50	4.50	10.00	7.00	9.00	7.50	7.50	6.50	5.00	6.00	11.50	9.00	16.50	22.50	27.50	31.50	41.50	53.00	58.00	59.50
	2.00	2.50	5.75	13.50	13.25	10.00	21.00	20.75	16.75	10.50					7.00	2.00					3.00	2.00	2.00	13.75	12.25	11.50	2.00																																																																																					0.50	5.00	5.50	3.00																																																																																																																										1.33	7.75	6.75	3.00	1.33	4.00	2.00	3.75	3.75	5.00	8.00	13.50	13.50	22.50	32.00	42.50	53.00	58.25	61.50
			1.50	12.00	10.50	9.50	16.00	20.50	14.00	5.00					7.00	2.00					3.00	2.00	4.00	17.50	16.50	16.00	2.00																																																																																						1.00	4.50	3.00																																																																																																																										1.00	10.50	6.50	1.00	0.00	1.00	0.50	2.50	3.50	4.50	7.00	11.00	10.00	20.50	34.00	44.00	51.00	58.50	64.00
			1.50	9.50	11.75	7.25	12.25	18.25	14.00	6.67				3.00	14.25	10.00					3.00	2.00	2.67	14.75	16.75	18.75	7.67	1.00																																																																																					1.00	3.33	2.33																																																																																																																										0.50	6.50	4.00	1.00	0.00	1.00	0.50	2.50	3.50	3.25	6.25	11.75	10.00	17.25	34.50	42.75	48.75	55.50	62.00
					4.00	3.00		9.00	8.00				8.00	17.00	27.50	22.00	2.00				8.50	5.50	4.50	4.00	14.50	17.50	17.00	5.00																																																																																																																																																																																																																		1.00								3.00	6.50	12.00	10.00	14.00	29.50	40.50	42.50	44.00	50.50
			2.50	1.00		4.00	1.00	3.00	3.50	2.00			12.50	18.00	19.50	17.50	8.67				10.33	15.25	16.25	7.25	5.25	11.50	10.50	5.00																																																																																																																																																																																																																		1.00								3.00	7.50	6.25	7.75	10.75	24.00	35.50	39.75	44.75	44.75
				1.00					1.00				4.50	14.50	18.00	11.50	7.50				3.00	8.50	15.50	9.50	6.00																																																																																																																																																																																																																													2.50	5.50	5.50	7.00	9.00	23.50	34.50	40.50	47.00	43.50
				9.67	7.00			7.00	4.00			7.00	13.50	2.67	1.00	1.50							3.50	3.50	8.00	14.25	13.50	7.50																																																																																																																																																																																																																										2.00	2.67	3.50	4.00	8.00	19.00	25.25	35.50	41.00	41.25
				13.33	11.00	2.00		10.00	6.00			5.00	12.00	2.00											4.00	12.75	13.75	10.00																																																																																																																																																																																																																											1.00	2.00	2.25	7.25	17.00	20.50	34.00	34.75	38.50
				11.33	18.50	8.33	4.00	9.00	7.00								1.00	8.50	9.50						2.50	6.00	8.00	12.00																																																																		1.00	3.00	4.00																																																																																																																																																									1.50	4.25	14.25	18.25	32.00	32.75	34.00
				14.25	23.50	18.25	15.50	21.00	6.00								7.00	14.75	13.25	1.00					3.00	5.00	5.33																																																																			2.33	4.50	5.50																																																																																																																																																										2.33	10.00	16.00	28.50	31.50	31.75
				15.50	24.00	25.00	28.00	26.00	17.50	10.00						0.00	13.50	19.50	17.50	5.00						4.67	8.75																																																																		1.00	2.75	5.50	5.00																																																																																																																																																										2.00	7.00	15.00	23.25	29.25	31.00
				1.00	11.50	20.00	21.50	22.00	21.00	15.00							8.00	12.00	13.50	5.50																																																																																																																																																																																																																																							3.00	14.50	15.50	18.00	31.00
		2.00	1.00			2.00	5.00	12.00	12.50	9.00									3.50																																																																																																																																																																																																																																								3.50	14.00	18.00	14.50	33.00
	2.00	2.00	2.00						2.50						12.50	8.00																																																																																																																																																																																																																																											3.00	10.00	17.50	15.00	21.50
12.00	19.25	16.50	12.00	6.75	1.00					1.50	2.00				11.75	16.25	11.75	8.67	6.00																																																																																																																																																																																																																																									8.00	9.25	14.50	16.50
15.00	25.50	23.00	17.25	13.00	3.00					2.00	2.00				5.50	10.25	13.50	12.50	7.00																																																																																																																																																																																																																																									0.00	5.75	16.00	16.50
12.25	23.50	25.00	23.50	20.75	13.00										9.50	6.00	7.50	7.00	5.50		1.50			2.00	1.00																																																																																																																																																																																																																																			0.50	4.50	14.25	16.00
11.00	20.50	24.50	26.00	27.00	17.00										16.50	5.00	2.00	1.50	3.00		1.50			2.00	1.00																																																																																																																																																																																																																																			1.00	3.50	13.00	15.00
10.00	16.00	23.25	22.50	31.50	28.50	6.33									3.50	6.50	2.00		3.50	9.00	5.75	4.00	3.00	2.00	4.00																																																																																																																																																																																																																																			1.00	2.00	2.75	5.25
8.33	13.50	20.25	19.50	28.25	24.75	9.00	1.00									2.50	2.00		8.00	16.25	7.00	11.00	4.00																																																																																																																																																																																																																																							0.00	2.00
4.00	9.67	13.25	14.75	20.50	19.25	7.75	1.00		2.00	9.00		1.00						7.00	8.67	13.50	6.75	15.75	3.00																																																																																																																																																																																																																																								
	6.00	8.00	11.50	15.00	16.50	4.50			2.00	5.50	3.00	5.33	7.50					6.00	7.25	7.50	8.67	7.75	6.33																																																																																																																																																																																																																																								
										3.00	2.33	5.25	7.75					5.00	6.50	4.50	7.00	2.00	7.00																																																																																																																																																																																																																																								
									6.00	7.50	1.00	2.00	1.50																																																																																																																																																																																																																																																		
									2.50	9.00	1.00																																																																																																																																																																																																																																																				
									12.50	16.50	4.00																																																																																																																																																																																																																																																				
								3.00	5.50	7.00	5.00																																																																																																																																																																																																																																																				
																																																																																																																																																																																																																																																															
																																																																																																																																																																																																																																																															
																																																																																																																																																																																																																																																															
																																																																																																																																																																																																																																																															
																																																																																																																																																																																																																																																															
																																																																																																																																																																																																																																		0.00	0.50																												
																																																																																																																																																																																																																																		0.00	1.50	1.00																											
15.00	4.00																																																																																																																																																																																																																																	1.00	1.50	1.75	0.00																										
17.75	11.50	12.00	2.00																																																																																																																																																																																																																															1.00	1.33	1.00	1.00																						7.50	9.50	3.50		
19.75	16.75	11.50	2.50																																																																																																																																																																																																																																1.00	1.00	1.25																						8.50	12.50	6.25	1.00	1.00
19.00	14.50	11.00	3.00																																																																																																																																																																																																																																	1.00	1.00																						9.50	15.50	9.00	1.00	1.00
5.50	5.50	3.00																																																																																																																																																																																																																	3.50	3.00	1.50																																						3.50	7.50	7.75	7.00	7.25
																																																																																																																																																																																																																		4.00	7.00	8.25	7.50	10.00																																					1.50	4.75	6.75	8.25	8.50
																																																																																																																																																																																																																		5.25	15.00	17.00	13.50	7.00																																					0.50	3.00	4.75	6.75	8.50
	1.00																																																																																																																																																																																																																	7.00	20.00	16.25	10.00	4.00																																					0.00	0.33	1.75	4.00	7.00
	3.00																																																																																																																																																																																																																	6.33	18.00	9.75	3.00																																						0.00	1.50	2.00	3.75	7.50
																																																																																																																																																																																																																			1.50	5.00																																						0.00	1.00	3.00	5.50	5.00	5.00
																																																																																																																																																																																																																																																											2.50	1.00			1.00