959.00	957.00	955.00	953.00	951.00	949.50	948.00	946.00	944.00	942.50	941.00	940.00	938.00	936.00	933.50	932.00	930.00	928.00	925.00	923.00	922.00	920.00	918.50	917.50	916.50	915.50	915.00	914.00	914.00	914.00	914.00	914.00	914.00	914.00	914.00	914.00	914.00	913.00	912.50	911.00	909.00	907.00	904.00	901.00	899.00	895.00	892.00	890.00	887.00	885.00	882.00	881.00	879.50	879.00	879.00	880.00	880.00	881.00	882.00	883.00	884.00	885.50	886.50	887.50	888.00	887.00	887.00	886.00	886.00	886.00	886.00	885.50	885.00	885.00	885.00	885.00	885.00	884.00	884.00	883.50	883.00	881.50	880.00	879.00	878.00	877.50	875.50	874.50	874.00	874.00	874.00	874.00	874.00	874.00	874.00	874.00	875.00	875.00	876.00	876.00	876.00	876.50	877.00	877.50	878.00	879.00	879.50	880.00	881.50	882.00	882.00	883.00	883.00	883.00	884.00	884.00	884.00	884.50	885.00	885.00	885.00	884.00	884.00	884.00	883.00	883.00	882.50	882.00	882.00	882.00	882.00	883.50	884.00	885.00	885.50	886.00	887.00	887.50	889.00	891.00	892.50	894.00	896.00	897.00	898.50	901.00	902.50	903.50	904.50	906.00	906.50	907.00	908.00	908.00	908.00	909.50	910.50	911.50	913.00	914.00	916.00	917.00	918.00	918.00	918.00	917.50	917.00	916.00	916.00	915.00	915.00	914.50	914.00	914.00	913.00	913.50	915.00	916.00	918.50	920.00	922.50	925.00	927.00	930.00	932.00	934.50	937.00	938.50	939.50	941.00	941.00	942.00	943.00	943.50	944.00	944.00	945.00	945.00	946.00	946.00	947.00	947.00	947.00	947.00	946.50	946.00	946.00	946.00	946.00	945.00	945.00	945.00	944.00	944.00	944.00	944.00	944.00	944.00	944.00	944.00	944.00	944.00	944.00	944.00	944.00	945.00	945.00	945.00	946.00	946.00	946.00	946.00	946.50	947.00	947.00	947.50	948.00	949.00	949.50	951.00	951.00	952.50	953.00	954.00	954.00	954.50	955.00	956.00	956.00	957.00	957.00	957.00	957.00	957.00	956.00	956.00
959.00	957.00	955.00	953.00	951.00	949.50	948.00	946.00	944.00	942.50	941.00	940.00	938.00	936.00	933.50	932.00	930.00	928.00	925.00	923.00	922.00	920.00	918.50	917.50	916.50	915.50	915.00	914.00	914.00	914.00	914.00	914.00	914.00	914.00	914.00	914.00	914.00	913.00	912.50	911.00	909.00	907.00	904.00	901.00	899.00	895.00	892.00	890.00	887.00	885.00	882.00	881.00	879.50	879.00	879.00	880.00	880.00	881.00	882.00	883.00	884.00	885.50	886.50	887.50	888.00	887.00	887.00	886.00	886.00	886.00	886.00	885.50	885.00	885.00	885.00	885.00	885.00	884.00	884.00	883.50	883.00	881.50	880.00	879.00	878.00	877.50	875.50	874.50	874.00	874.00	874.00	874.00	874.00	874.00	874.00	874.00	875.00	875.00	876.00	876.00	876.00	876.50	877.00	877.50	878.00	879.00	879.50	880.00	881.50	882.00	882.00	883.00	883.00	883.00	884.00	884.00	884.00	884.50	885.00	885.00	885.00	884.00	884.00	884.00	883.00	883.00	882.50	882.00	882.00	882.00	882.00	883.50	884.00	885.00	885.50	886.00	887.00	887.50	889.00	891.00	892.50	894.00	896.00	897.00	898.50	901.00	902.50	903.50	904.50	906.00	906.50	907.00	908.00	908.00	908.00	909.50	910.50	911.50	913.00	914.00	916.00	917.00	918.00	918.00	918.00	917.50	917.00	916.00	916.00	915.00	915.00	914.50	914.00	914.00	913.00	913.50	915.00	916.00	918.50	920.00	922.50	925.00	927.00	930.00	932.00	934.50	937.00	938.50	939.50	941.00	941.00	942.00	943.00	943.50	944.00	944.00	945.00	945.00	946.00	946.00	947.00	947.00	947.00	947.00	946.50	946.00	946.00	946.00	946.00	945.00	945.00	945.00	944.00	944.00	944.00	944.00	944.00	944.00	944.00	944.00	944.00	944.00	944.00	944.00	944.00	945.00	945.00	945.00	946.00	946.00	946.00	946.00	946.50	947.00	947.00	947.50	948.00	949.00	949.50	951.00	951.00	952.50	953.00	954.00	954.00	954.50	955.00	956.00	956.00	957.00	957.00	957.00	957.00	957.00	956.00	956.00
961.75	960.00	957.75	956.00	954.50	952.50	951.25	949.25	947.25	945.75	944.00	943.00	940.75	938.50	936.25	934.50	932.50	930.50	927.75	925.50	924.50	922.75	921.25	919.75	918.50	917.50	917.00	916.00	915.75	915.50	915.50	915.50	915.25	915.00	915.00	915.00	915.00	914.00	913.50	911.75	910.25	908.75	906.50	903.00	901.00	897.00	894.00	891.75	888.50	886.50	883.50	882.50	880.50	880.00	880.00	880.50	880.75	881.50	882.50	883.75	885.00	886.50	887.50	888.50	889.00	888.75	889.00	888.50	888.25	888.00	888.00	887.75	887.25	887.00	887.00	887.00	887.00	886.25	885.75	885.00	884.00	882.75	881.00	880.00	878.75	878.00	876.00	875.00	874.50	874.50	874.00	874.00	874.50	875.00	875.25	876.00	876.50	877.25	878.00	878.75	879.00	879.50	880.25	880.75	881.50	882.00	882.75	883.25	884.75	885.25	885.50	886.50	886.50	887.00	887.50	887.75	888.00	888.25	888.50	888.75	889.00	888.50	888.50	888.00	887.25	887.00	886.75	886.50	886.50	886.50	887.00	888.25	888.75	890.25	891.00	891.75	892.50	893.50	895.00	897.00	898.50	899.75	901.50	902.50	903.75	905.50	907.00	907.75	908.50	909.75	910.25	910.50	911.00	911.00	911.25	912.50	913.50	914.50	916.00	916.50	918.50	919.00	920.25	920.50	920.75	920.50	920.00	919.50	919.00	918.25	917.75	917.00	916.75	917.00	916.50	917.25	919.00	920.00	922.25	924.00	926.50	929.00	931.00	933.50	935.50	938.25	940.50	942.00	943.00	944.50	945.00	945.75	946.50	947.25	947.50	947.75	948.75	949.00	950.00	950.00	950.75	951.00	951.00	951.00	950.75	950.00	950.00	949.50	949.50	948.50	948.25	948.00	947.00	947.00	947.00	947.00	947.00	947.00	947.00	947.00	947.00	947.00	947.50	947.50	947.50	948.25	948.50	948.50	949.25	949.50	949.50	950.00	950.25	950.50	951.00	951.25	951.75	952.50	953.50	954.50	955.00	956.25	956.75	958.00	958.25	958.75	959.50	960.25	960.50	961.00	961.00	961.00	961.00	961.00	960.25	960.00
967.50	966.00	963.50	962.00	961.00	958.50	957.50	955.50	953.50	952.00	950.00	948.50	946.50	944.00	942.00	940.25	938.50	936.00	933.75	931.50	930.00	928.50	927.00	925.00	923.50	922.50	921.50	920.50	919.50	919.00	918.50	918.25	917.75	917.00	916.75	916.50	916.50	915.50	915.25	913.50	912.50	911.50	910.00	906.50	904.50	901.00	898.00	895.50	892.00	890.00	887.00	885.50	883.50	882.75	882.25	881.75	882.00	883.00	884.00	885.00	886.50	888.00	889.00	890.00	890.50	891.50	892.00	892.00	892.25	892.00	891.75	891.50	891.25	891.00	891.00	890.50	890.50	889.75	888.50	887.50	886.00	884.50	882.50	881.00	879.50	878.50	876.50	875.50	875.00	875.00	874.50	874.75	875.50	876.75	877.50	879.00	879.50	881.00	882.00	883.50	884.50	885.50	886.25	886.75	887.50	887.50	888.50	889.00	890.25	891.00	891.50	892.50	892.50	893.50	893.50	894.00	894.50	894.50	894.75	895.25	895.50	895.50	895.25	894.50	894.25	894.00	894.00	894.00	894.00	894.50	895.50	896.50	897.00	899.25	900.50	901.50	902.50	904.00	905.25	907.00	908.00	909.00	910.50	911.50	912.75	914.00	915.25	915.75	916.25	916.75	917.25	917.50	917.50	917.50	918.00	919.00	920.00	921.00	922.00	922.50	924.50	924.50	926.00	926.50	927.00	927.25	927.00	927.00	926.50	926.25	925.75	925.50	925.75	926.25	926.50	927.75	929.50	930.50	932.25	934.00	936.50	938.75	940.50	942.50	944.50	946.75	948.50	950.00	950.75	952.00	953.00	953.50	954.00	955.00	955.25	955.75	956.75	957.25	958.00	958.00	958.25	958.50	958.75	958.25	958.00	957.00	957.00	956.00	955.50	954.75	954.25	953.75	952.75	952.50	952.50	952.50	952.50	952.50	952.75	953.00	953.00	953.00	954.00	954.00	954.50	955.00	955.50	955.50	956.25	956.50	957.00	957.50	958.00	958.25	959.25	959.50	959.75	960.50	961.50	962.00	963.00	963.75	964.25	965.50	965.75	966.00	967.00	967.25	967.50	967.50	967.50	967.50	967.50	967.50	966.75	966.50
970.50	969.00	966.50	965.00	964.00	961.50	960.50	958.50	956.50	955.00	953.00	951.00	949.50	947.00	945.00	943.50	942.00	939.00	937.00	935.00	933.00	931.50	930.00	928.00	926.50	925.50	924.00	923.00	921.50	921.00	920.00	919.50	919.00	918.00	917.50	917.00	917.00	916.00	916.00	914.50	913.50	912.50	911.00	908.00	906.00	903.00	900.00	897.50	894.00	892.00	889.00	887.00	885.50	884.50	883.50	882.50	882.50	884.00	885.00	885.50	887.00	888.50	889.50	890.50	891.00	892.50	893.00	893.00	894.00	894.00	893.50	893.00	893.00	893.00	893.00	892.00	892.00	891.00	889.50	888.50	887.00	885.00	883.00	881.00	879.50	878.50	876.50	875.50	875.00	875.00	875.00	875.50	876.00	877.50	878.50	880.00	881.00	882.50	884.00	885.50	887.00	888.50	889.00	889.50	890.00	890.00	891.00	891.50	892.50	893.50	894.00	895.00	895.00	896.00	896.00	896.50	897.00	897.00	897.50	898.00	898.00	898.00	897.50	897.00	897.00	897.00	897.00	897.00	897.00	898.00	899.00	900.00	900.50	903.00	904.50	905.50	907.00	908.50	909.50	911.00	911.50	912.50	914.00	915.00	916.50	918.00	919.00	919.50	920.00	920.00	920.50	921.00	921.00	921.00	921.50	922.50	923.50	924.50	925.00	926.00	928.00	928.00	929.50	930.00	930.50	931.00	931.00	931.00	931.00	931.00	931.00	931.50	932.00	932.50	933.00	934.50	936.00	937.00	938.50	940.00	942.50	944.50	946.00	948.00	950.00	951.50	953.00	954.50	955.00	956.00	957.00	957.50	958.00	959.00	959.50	960.00	961.00	961.50	962.00	962.00	962.00	962.00	962.50	961.50	961.00	960.00	960.00	959.00	958.00	957.50	957.00	956.50	955.50	955.00	955.00	955.00	955.00	955.00	955.50	956.00	956.00	956.00	957.00	957.00	958.00	958.50	959.00	959.00	960.00	960.00	961.00	961.00	962.00	962.50	963.50	964.00	964.00	965.00	965.50	966.00	967.00	967.50	968.00	969.00	969.00	969.00	970.00	970.00	970.00	970.00	970.00	970.00	970.00	970.00	969.00	969.00
970.50	969.00	966.50	965.00	964.00	961.50	960.50	958.50	956.50	955.00	953.00	951.00	949.50	947.00	945.00	943.50	942.00	939.00	937.00	935.00	933.00	931.50	930.00	928.00	926.50	925.50	924.00	923.00	921.50	921.00	920.00	919.50	919.00	918.00	917.50	917.00	917.00	916.00	916.00	914.50	913.50	912.50	911.00	908.00	906.00	903.00	900.00	897.50	894.00	892.00	889.00	887.00	885.50	884.50	883.50	882.50	882.50	884.00	885.00	885.50	887.00	888.50	889.50	890.50	891.00	892.50	893.00	893.00	894.00	894.00	893.50	893.00	893.00	893.00	893.00	892.00	892.00	891.00	889.50	888.50	887.00	885.00	883.00	881.00	879.50	878.50	876.50	875.50	875.00	875.00	875.00	875.50	876.00	877.50	878.50	880.00	881.00	882.50	884.00	885.50	887.00	888.50	889.00	889.50	890.00	890.00	891.00	891.50	892.50	893.50	894.00	895.00	895.00	896.00	896.00	896.50	897.00	897.00	897.50	898.00	898.00	898.00	897.50	897.00	897.00	897.00	897.00	897.00	897.00	898.00	899.00	900.00	900.50	903.00	904.50	905.50	907.00	908.50	909.50	911.00	911.50	912.50	914.00	915.00	916.50	918.00	919.00	919.50	920.00	920.00	920.50	921.00	921.00	921.00	921.50	922.50	923.50	924.50	925.00	926.00	928.00	928.00	929.50	930.00	930.50	931.00	931.00	931.00	931.00	931.00	931.00	931.50	932.00	932.50	933.00	934.50	936.00	937.00	938.50	940.00	942.50	944.50	946.00	948.00	950.00	951.50	953.00	954.50	955.00	956.00	957.00	957.50	958.00	959.00	959.50	960.00	961.00	961.50	962.00	962.00	962.00	962.00	962.50	961.50	961.00	960.00	960.00	959.00	958.00	957.50	957.00	956.50	955.50	955.00	955.00	955.00	955.00	955.00	955.50	956.00	956.00	956.00	957.00	957.00	958.00	958.50	959.00	959.00	960.00	960.00	961.00	961.00	962.00	962.50	963.50	964.00	964.00	965.00	965.50	966.00	967.00	967.50	968.00	969.00	969.00	969.00	970.00	970.00	970.00	970.00	970.00	970.00	970.00	970.00	969.00	969.00
970.50	969.00	966.50	965.00	964.00	961.50	960.50	958.50	956.50	955.00	953.00	951.00	949.50	947.00	945.00	943.50	942.00	939.00	937.00	935.00	933.00	931.50	930.00	928.00	926.50	925.50	924.00	923.00	921.50	921.00	920.00	919.50	919.00	918.00	917.50	917.00	917.00	916.00	916.00	914.50	913.50	912.50	911.00	908.00	906.00	903.00	900.00	897.50	894.00	892.00	889.00	887.00	885.50	884.50	883.50	882.50	882.50	884.00	885.00	885.50	887.00	888.50	889.50	890.50	891.00	892.50	893.00	893.00	894.00	894.00	893.50	893.00	893.00	893.00	893.00	892.00	892.00	891.00	889.50	888.50	887.00	885.00	883.00	881.00	879.50	878.50	876.50	875.50	875.00	875.00	875.00	875.50	876.00	877.50	878.50	880.00	881.00	882.50	884.00	885.50	887.00	888.50	889.00	889.50	890.00	890.00	891.00	891.50	892.50	893.50	894.00	895.00	895.00	896.00	896.00	896.50	897.00	897.00	897.50	898.00	898.00	898.00	897.50	897.00	897.00	897.00	897.00	897.00	897.00	898.00	899.00	900.00	900.50	903.00	904.50	905.50	907.00	908.50	909.50	911.00	911.50	912.50	914.00	915.00	916.50	918.00	919.00	919.50	920.00	920.00	920.50	921.00	921.00	921.00	921.50	922.50	923.50	924.50	925.00	926.00	928.00	928.00	929.50	930.00	930.50	931.00	931.00	931.00	931.00	931.00	931.00	931.50	932.00	932.50	933.00	934.50	936.00	937.00	938.50	940.00	942.50	944.50	946.00	948.00	950.00	951.50	953.00	954.50	955.00	956.00	957.00	957.50	958.00	959.00	959.50	960.00	961.00	961.50	962.00	962.00	962.00	962.00	962.50	961.50	961.00	960.00	960.00	959.00	958.00	957.50	957.00	956.50	955.50	955.00	955.00	955.00	955.00	955.00	955.50	956.00	956.00	956.00	957.00	957.00	958.00	958.50	959.00	959.00	960.00	960.00	961.00	961.00	962.00	962.50	963.50	964.00	964.00	965.00	965.50	966.00	967.00	967.50	968.00	969.00	969.00	969.00	970.00	970.00	970.00	970.00	970.00	970.00	970.00	970.00	969.00	969.00
976.00	974.00	972.50	971.00	970.00	968.00	966.50	964.50	962.50	961.50	959.00	958.00	956.00	954.00	952.00	950.50	949.50	947.00	945.00	943.00	941.00	938.50	937.50	935.50	933.50	932.00	930.00	929.00	927.50	925.00	923.50	922.50	921.50	920.00	919.00	918.00	917.00	916.00	915.50	913.50	913.00	912.50	911.00	909.00	907.50	906.00	903.00	901.00	898.00	896.00	892.00	890.00	888.50	887.50	886.50	885.00	885.00	885.00	886.00	886.50	887.00	888.50	889.50	890.00	891.00	892.50	894.00	894.00	894.50	895.00	895.00	895.00	895.00	895.00	894.00	894.00	894.00	891.50	890.50	889.00	887.00	884.00	881.00	879.00	876.50	875.50	873.50	873.50	874.00	875.00	875.50	876.50	878.00	879.50	880.50	883.00	884.00	886.00	888.00	889.50	890.50	891.50	893.00	893.50	895.00	895.00	895.50	896.00	896.50	897.50	898.00	899.00	899.00	900.00	901.00	901.00	901.00	901.50	902.00	902.00	901.00	901.00	901.00	901.00	901.00	901.00	901.50	902.00	903.00	904.00	905.00	906.00	906.50	909.50	910.50	912.00	914.00	915.50	916.50	918.00	919.50	920.50	922.00	923.00	923.50	925.00	926.00	926.50	927.00	927.50	928.00	928.00	928.00	928.50	929.50	930.50	931.50	932.50	934.00	934.00	936.00	937.00	939.00	940.50	941.00	942.50	943.00	944.00	944.00	944.50	945.00	945.50	946.00	946.50	947.00	948.50	950.00	951.00	952.50	953.50	955.50	957.50	958.00	959.00	960.00	961.50	962.00	963.00	963.50	964.00	964.00	965.00	966.00	966.50	967.00	967.50	968.00	968.00	969.00	969.00	968.50	968.00	967.50	967.00	966.50	965.00	964.00	963.00	962.00	961.50	961.00	960.50	959.00	959.00	959.00	959.00	959.00	959.00	960.00	960.00	960.50	962.00	962.00	963.00	964.00	964.00	964.50	965.00	966.00	966.50	967.00	968.00	968.50	969.00	970.00	970.50	971.00	972.00	972.00	972.00	972.00	973.00	973.00	973.00	973.00	973.00	973.00	973.00	973.00	973.00	972.50	972.00	972.00	972.00	972.00	971.00
976.00	974.00	972.50	971.00	970.00	968.00	966.50	964.50	962.50	961.50	959.00	958.00	956.00	954.00	952.00	950.50	949.50	947.00	945.00	943.00	941.00	938.50	937.50	935.50	933.50	932.00	930.00	929.00	927.50	925.00	923.50	922.50	921.50	920.00	919.00	918.00	917.00	916.00	915.50	913.50	913.00	912.50	911.00	909.00	907.50	906.00	903.00	901.00	898.00	896.00	892.00	890.00	888.50	887.50	886.50	885.00	885.00	885.00	886.00	886.50	887.00	888.50	889.50	890.00	891.00	892.50	894.00	894.00	894.50	895.00	895.00	895.00	895.00	895.00	894.00	894.00	894.00	891.50	890.50	889.00	887.00	884.00	881.00	879.00	876.50	875.50	873.50	873.50	874.00	875.00	875.50	876.50	878.00	879.50	880.50	883.00	884.00	886.00	888.00	889.50	890.50	891.50	893.00	893.50	895.00	895.00	895.50	896.00	896.50	897.50	898.00	899.00	899.00	900.00	901.00	901.00	901.00	901.50	902.00	902.00	901.00	901.00	901.00	901.00	901.00	901.00	901.50	902.00	903.00	904.00	905.00	906.00	906.50	909.50	910.50	912.00	914.00	915.50	916.50	918.00	919.50	920.50	922.00	923.00	923.50	925.00	926.00	926.50	927.00	927.50	928.00	928.00	928.00	928.50	929.50	930.50	931.50	932.50	934.00	934.00	936.00	937.00	939.00	940.50	941.00	942.50	943.00	944.00	944.00	944.50	945.00	945.50	946.00	946.50	947.00	948.50	950.00	951.00	952.50	953.50	955.50	957.50	958.00	959.00	960.00	961.50	962.00	963.00	963.50	964.00	964.00	965.00	966.00	966.50	967.00	967.50	968.00	968.00	969.00	969.00	968.50	968.00	967.50	967.00	966.50	965.00	964.00	963.00	962.00	961.50	961.00	960.50	959.00	959.00	959.00	959.00	959.00	959.00	960.00	960.00	960.50	962.00	962.00	963.00	964.00	964.00	964.50	965.00	966.00	966.50	967.00	968.00	968.50	969.00	970.00	970.50	971.00	972.00	972.00	972.00	972.00	973.00	973.00	973.00	973.00	973.00	973.00	973.00	973.00	973.00	972.50	972.00	972.00	972.00	972.00	971.00
976.00	974.00	972.50	971.00	970.00	968.00	966.50	964.50	962.50	961.50	959.00	958.00	956.00	954.00	952.00	950.50	949.50	947.00	945.00	943.00	941.00	938.50	937.50	935.50	933.50	932.00	930.00	929.00	927.50	925.00	923.50	922.50	921.50	920.00	919.00	918.00	917.00	916.00	915.50	913.50	913.00	912.50	911.00	909.00	907.50	906.00	903.00	901.00	898.00	896.00	892.00	890.00	888.50	887.50	886.50	885.00	885.00	885.00	886.00	886.50	887.00	888.50	889.50	890.00	891.00	892.50	894.00	894.00	894.50	895.00	895.00	895.00	895.00	895.00	894.00	894.00	894.00	891.50	890.50	889.00	887.00	884.00	881.00	879.00	876.50	875.50	873.50	873.50	874.00	875.00	875.50	876.50	878.00	879.50	880.50	883.00	884.00	886.00	888.00	889.50	890.50	891.50	893.00	893.50	895.00	895.00	895.50	896.00	896.50	897.50	898.00	899.00	899.00	900.00	901.00	901.00	901.00	901.50	902.00	902.00	901.00	901.00	901.00	901.00	901.00	901.00	901.50	902.00	903.00	904.00	905.00	906.00	906.50	909.50	910.50	912.00	914.00	915.50	916.50	918.00	919.50	920.50	922.00	923.00	923.50	925.00	926.00	926.50	927.00	927.50	928.00	928.00	928.00	928.50	929.50	930.50	931.50	932.50	934.00	934.00	936.00	937.00	939.00	940.50	941.00	942.50	943.00	944.00	944.00	944.50	945.00	945.50	946.00	946.50	947.00	948.50	950.00	951.00	952.50	953.50	955.50	957.50	958.00	959.00	960.00	961.50	962.00	963.00	963.50	964.00	964.00	965.00	966.00	966.50	967.00	967.50	968.00	968.00	969.00	969.00	968.50	968.00	967.50	967.00	966.50	965.00	964.00	963.00	962.00	961.50	961.00	960.50	959.00	959.00	959.00	959.00	959.00	959.00	960.00	960.00	960.50	962.00	962.00	963.00	964.00	964.00	964.50	965.00	966.00	966.50	967.00	968.00	968.50	969.00	970.00	970.50	971.00	972.00	972.00	972.00	972.00	973.00	973.00	973.00	973.00	973.00	973.00	973.00	973.00	973.00	972.50	972.00	972.00	972.00	972.00	971.00
980.50	979.00	977.50	976.00	975.00	973.50	972.50	971.00	969.00	967.50	966.00	965.00	962.50	961.00	959.00	957.50	956.50	955.00	953.00	951.00	949.00	947.00	945.50	943.50	941.00	939.50	937.00	936.00	933.50	931.00	928.50	927.50	926.00	924.00	921.50	920.00	919.00	916.50	915.50	914.00	913.50	912.50	912.00	910.50	910.00	908.00	905.50	904.00	902.00	900.00	896.00	894.00	892.00	890.50	889.50	887.50	887.00	887.00	886.00	886.00	887.00	887.50	888.00	888.50	890.00	891.00	892.00	893.00	893.50	894.00	894.00	894.00	894.00	893.00	893.00	892.00	891.00	888.00	886.00	884.00	881.00	879.00	876.00	874.00	873.50	872.50	871.00	871.50	872.00	873.00	875.00	876.50	879.00	882.00	883.50	885.00	887.00	889.00	891.00	893.00	894.50	895.00	896.00	896.50	897.00	898.00	898.50	899.00	899.50	900.00	900.00	901.00	902.00	903.00	903.00	904.00	904.50	905.00	905.50	906.00	906.00	906.00	906.00	906.00	906.00	906.50	907.00	908.00	908.50	910.00	911.00	912.00	913.00	915.50	917.00	918.50	920.00	921.50	922.50	925.00	926.50	927.50	929.00	930.00	930.50	932.00	933.00	933.50	934.50	935.50	936.00	937.00	937.00	937.50	938.50	939.50	940.00	940.50	942.00	942.00	944.00	946.00	947.50	949.00	950.50	952.50	953.50	955.00	955.00	956.50	957.00	958.50	959.00	959.50	961.00	962.50	963.00	964.00	965.50	966.00	967.00	968.00	968.50	969.00	970.00	970.00	970.00	970.00	970.00	970.00	970.00	970.50	971.00	971.50	972.00	972.00	972.00	972.00	973.00	972.00	972.00	971.50	970.50	969.50	969.00	968.00	967.00	966.00	965.00	964.00	963.50	963.00	962.00	962.00	962.00	962.00	962.00	962.50	963.00	963.50	964.50	965.00	966.00	967.00	968.00	969.50	970.00	970.50	972.00	972.50	973.00	974.00	974.50	975.00	975.50	976.00	976.50	977.00	977.00	977.00	977.00	977.00	977.00	976.50	976.00	976.00	976.00	975.50	975.00	975.00	974.00	974.00	974.00	974.00	974.00	974.00
980.50	979.00	977.50	976.00	975.00	973.50	972.50	971.00	969.00	967.50	966.00	965.00	962.50	961.00	959.00	957.50	956.50	955.00	953.00	951.00	949.00	947.00	945.50	943.50	941.00	939.50	937.00	936.00	933.50	931.00	928.50	927.50	926.00	924.00	921.50	920.00	919.00	916.50	915.50	914.00	913.50	912.50	912.00	910.50	910.00	908.00	905.50	904.00	902.00	900.00	896.00	894.00	892.00	890.50	889.50	887.50	887.00	887.00	886.00	886.00	887.00	887.50	888.00	888.50	890.00	891.00	892.00	893.00	893.50	894.00	894.00	894.00	894.00	893.00	893.00	892.00	891.00	888.00	886.00	884.00	881.00	879.00	876.00	874.00	873.50	872.50	871.00	871.50	872.00	873.00	875.00	876.50	879.00	882.00	883.50	885.00	887.00	889.00	891.00	893.00	894.50	895.00	896.00	896.50	897.00	898.00	898.50	899.00	899.50	900.00	900.00	901.00	902.00	903.00	903.00	904.00	904.50	905.00	905.50	906.00	906.00	906.00	906.00	906.00	906.00	906.50	907.00	908.00	908.50	910.00	911.00	912.00	913.00	915.50	917.00	918.50	920.00	921.50	922.50	925.00	926.50	927.50	929.00	930.00	930.50	932.00	933.00	933.50	934.50	935.50	936.00	937.00	937.00	937.50	938.50	939.50	940.00	940.50	942.00	942.00	944.00	946.00	947.50	949.00	950.50	952.50	953.50	955.00	955.00	956.50	957.00	958.50	959.00	959.50	961.00	962.50	963.00	964.00	965.50	966.00	967.00	968.00	968.50	969.00	970.00	970.00	970.00	970.00	970.00	970.00	970.00	970.50	971.00	971.50	972.00	972.00	972.00	972.00	973.00	972.00	972.00	971.50	970.50	969.50	969.00	968.00	967.00	966.00	965.00	964.00	963.50	963.00	962.00	962.00	962.00	962.00	962.00	962.50	963.00	963.50	964.50	965.00	966.00	967.00	968.00	969.50	970.00	970.50	972.00	972.50	973.00	974.00	974.50	975.00	975.50	976.00	976.50	977.00	977.00	977.00	977.00	977.00	977.00	976.50	976.00	976.00	976.00	975.50	975.00	975.00	974.00	974.00	974.00	974.00	974.00	974.00
980.50	979.00	977.50	976.00	975.00	973.50	972.50	971.00	969.00	967.50	966.00	965.00	962.50	961.00	959.00	957.50	956.50	955.00	953.00	951.00	949.00	947.00	945.50	943.50	941.00	939.50	937.00	936.00	933.50	931.00	928.50	927.50	926.00	924.00	921.50	920.00	919.00	916.50	915.50	914.00	913.50	912.50	912.00	910.50	910.00	908.00	905.50	904.00	902.00	900.00	896.00	894.00	892.00	890.50	889.50	887.50	887.00	887.00	886.00	886.00	887.00	887.50	888.00	888.50	890.00	891.00	892.00	893.00	893.50	894.00	894.00	894.00	894.00	893.00	893.00	892.00	891.00	888.00	886.00	884.00	881.00	879.00	876.00	874.00	873.50	872.50	871.00	871.50	872.00	873.00	875.00	876.50	879.00	882.00	883.50	885.00	887.00	889.00	891.00	893.00	894.50	895.00	896.00	896.50	897.00	898.00	898.50	899.00	899.50	900.00	900.00	901.00	902.00	903.00	903.00	904.00	904.50	905.00	905.50	906.00	906.00	906.00	906.00	906.00	906.00	906.50	907.00	908.00	908.50	910.00	911.00	912.00	913.00	915.50	917.00	918.50	920.00	921.50	922.50	925.00	926.50	927.50	929.00	930.00	930.50	932.00	933.00	933.50	934.50	935.50	936.00	937.00	937.00	937.50	938.50	939.50	940.00	940.50	942.00	942.00	944.00	946.00	947.50	949.00	950.50	952.50	953.50	955.00	955.00	956.50	957.00	958.50	959.00	959.50	961.00	962.50	963.00	964.00	965.50	966.00	967.00	968.00	968.50	969.00	970.00	970.00	970.00	970.00	970.00	970.00	970.00	970.50	971.00	971.50	972.00	972.00	972.00	972.00	973.00	972.00	972.00	971.50	970.50	969.50	969.00	968.00	967.00	966.00	965.00	964.00	963.50	963.00	962.00	962.00	962.00	962.00	962.00	962.50	963.00	963.50	964.50	965.00	966.00	967.00	968.00	969.50	970.00	970.50	972.00	972.50	973.00	974.00	974.50	975.00	975.50	976.00	976.50	977.00	977.00	977.00	977.00	977.00	977.00	976.50	976.00	976.00	976.00	975.50	975.00	975.00	974.00	974.00	974.00	974.00	974.00	974.00
983.00	981.50	980.00	978.50	978.00	976.50	975.50	973.75	971.75	970.50	969.00	968.00	966.00	964.00	962.25	961.00	960.00	958.50	956.75	955.00	953.00	951.00	949.50	947.50	945.00	943.50	941.50	940.00	937.25	935.00	932.25	930.75	929.25	927.00	924.50	922.50	921.50	919.00	918.00	916.00	915.00	914.25	913.50	912.50	911.75	910.00	907.50	906.25	904.00	902.00	898.50	897.00	894.50	893.00	891.75	889.50	888.75	888.00	887.00	887.00	887.00	887.25	887.75	888.25	889.50	890.25	891.00	892.00	892.50	893.00	893.00	893.00	892.75	891.50	891.50	890.25	888.50	885.50	883.50	881.75	879.00	876.75	874.00	872.50	871.50	870.75	869.75	870.50	871.25	872.50	875.00	876.75	880.00	883.00	884.50	886.50	888.00	890.25	892.50	894.50	896.00	896.50	897.50	898.00	898.50	899.00	899.75	900.00	900.75	901.25	901.50	902.50	903.50	904.50	905.00	905.75	906.50	907.25	907.75	908.25	908.50	909.00	909.25	909.50	909.75	910.25	910.75	911.50	912.25	913.50	914.50	915.50	916.50	919.00	920.25	921.50	923.50	925.00	926.00	928.00	929.50	930.50	932.00	933.00	934.00	935.50	936.75	937.25	938.00	939.50	940.00	941.00	941.00	941.75	942.50	943.25	943.75	944.50	945.50	946.00	948.00	950.00	951.50	953.00	954.50	956.50	957.75	959.50	960.00	962.00	962.75	964.50	965.00	965.50	967.00	968.00	968.50	969.50	970.25	970.50	971.25	972.00	972.25	972.50	973.00	972.75	972.50	972.25	972.00	972.00	972.00	972.25	972.50	973.25	973.50	973.50	973.50	973.50	974.00	973.50	973.00	972.50	971.50	970.75	970.25	969.00	968.50	967.00	966.50	965.25	964.75	964.25	963.50	963.50	963.50	963.50	963.50	963.75	964.00	964.50	965.50	966.50	967.50	968.50	969.50	971.00	971.75	972.50	974.25	974.75	975.50	976.50	977.00	977.50	977.75	978.00	978.50	979.00	979.00	979.00	979.00	978.50	978.50	977.75	977.50	977.25	977.00	976.50	976.00	976.00	975.25	975.00	975.00	975.00	975.25	975.50
985.50	984.00	982.50	981.00	981.00	979.50	978.50	976.50	974.50	973.50	972.00	971.00	969.50	967.00	965.50	964.50	963.50	962.00	960.50	959.00	957.00	955.00	953.50	951.50	949.00	947.50	946.00	944.00	941.00	939.00	936.00	934.00	932.50	930.00	927.50	925.00	924.00	921.50	920.50	918.00	916.50	916.00	915.00	914.50	913.50	912.00	909.50	908.50	906.00	904.00	901.00	900.00	897.00	895.50	894.00	891.50	890.50	889.00	888.00	888.00	887.00	887.00	887.50	888.00	889.00	889.50	890.00	891.00	891.50	892.00	892.00	892.00	891.50	890.00	890.00	888.50	886.00	883.00	881.00	879.50	877.00	874.50	872.00	871.00	869.50	869.00	868.50	869.50	870.50	872.00	875.00	877.00	881.00	884.00	885.50	888.00	889.00	891.50	894.00	896.00	897.50	898.00	899.00	899.50	900.00	900.00	901.00	901.00	902.00	902.50	903.00	904.00	905.00	906.00	907.00	907.50	908.50	909.50	910.00	910.50	911.00	912.00	912.50	913.00	913.50	914.00	914.50	915.00	916.00	917.00	918.00	919.00	920.00	922.50	923.50	924.50	927.00	928.50	929.50	931.00	932.50	933.50	935.00	936.00	937.50	939.00	940.50	941.00	941.50	943.50	944.00	945.00	945.00	946.00	946.50	947.00	947.50	948.50	949.00	950.00	952.00	954.00	955.50	957.00	958.50	960.50	962.00	964.00	965.00	967.50	968.50	970.50	971.00	971.50	973.00	973.50	974.00	975.00	975.00	975.00	975.50	976.00	976.00	976.00	976.00	975.50	975.00	974.50	974.00	974.00	974.00	974.00	974.00	975.00	975.00	975.00	975.00	975.00	975.00	975.00	974.00	973.50	972.50	972.00	971.50	970.00	970.00	968.00	968.00	966.50	966.00	965.50	965.00	965.00	965.00	965.00	965.00	965.00	965.00	965.50	966.50	968.00	969.00	970.00	971.00	972.50	973.50	974.50	976.50	977.00	978.00	979.00	979.50	980.00	980.00	980.00	980.50	981.00	981.00	981.00	981.00	980.00	980.00	979.00	979.00	978.50	978.00	977.50	977.00	977.00	976.50	976.00	976.00	976.00	976.50	977.00
985.50	984.00	982.50	981.00	981.00	979.50	978.50	976.50	974.50	973.50	972.00	971.00	969.50	967.00	965.50	964.50	963.50	962.00	960.50	959.00	957.00	955.00	953.50	951.50	949.00	947.50	946.00	944.00	941.00	939.00	936.00	934.00	932.50	930.00	927.50	925.00	924.00	921.50	920.50	918.00	916.50	916.00	915.00	914.50	913.50	912.00	909.50	908.50	906.00	904.00	901.00	900.00	897.00	895.50	894.00	891.50	890.50	889.00	888.00	888.00	887.00	887.00	887.50	888.00	889.00	889.50	890.00	891.00	891.50	892.00	892.00	892.00	891.50	890.00	890.00	888.50	886.00	883.00	881.00	879.50	877.00	874.50	872.00	871.00	869.50	869.00	868.50	869.50	870.50	872.00	875.00	877.00	881.00	884.00	885.50	888.00	889.00	891.50	894.00	896.00	897.50	898.00	899.00	899.50	900.00	900.00	901.00	901.00	902.00	902.50	903.00	904.00	905.00	906.00	907.00	907.50	908.50	909.50	910.00	910.50	911.00	912.00	912.50	913.00	913.50	914.00	914.50	915.00	916.00	917.00	918.00	919.00	920.00	922.50	923.50	924.50	927.00	928.50	929.50	931.00	932.50	933.50	935.00	936.00	937.50	939.00	940.50	941.00	941.50	943.50	944.00	945.00	945.00	946.00	946.50	947.00	947.50	948.50	949.00	950.00	952.00	954.00	955.50	957.00	958.50	960.50	962.00	964.00	965.00	967.50	968.50	970.50	971.00	971.50	973.00	973.50	974.00	975.00	975.00	975.00	975.50	976.00	976.00	976.00	976.00	975.50	975.00	974.50	974.00	974.00	974.00	974.00	974.00	975.00	975.00	975.00	975.00	975.00	975.00	975.00	974.00	973.50	972.50	972.00	971.50	970.00	970.00	968.00	968.00	966.50	966.00	965.50	965.00	965.00	965.00	965.00	965.00	965.00	965.00	965.50	966.50	968.00	969.00	970.00	971.00	972.50	973.50	974.50	976.50	977.00	978.00	979.00	979.50	980.00	980.00	980.00	980.50	981.00	981.00	981.00	981.00	980.00	980.00	979.00	979.00	978.50	978.00	977.50	977.00	977.00	976.50	976.00	976.00	976.00	976.50	977.00
985.50	984.00	982.50	981.00	981.00	979.50	978.50	976.50	974.50	973.50	972.00	971.00	969.50	967.00	965.50	964.50	963.50	962.00	960.50	959.00	957.00	955.00	953.50	951.50	949.00	947.50	946.00	944.00	941.00	939.00	936.00	934.00	932.50	930.00	927.50	925.00	924.00	921.50	920.50	918.00	916.50	916.00	915.00	914.50	913.50	912.00	909.50	908.50	906.00	904.00	901.00	900.00	897.00	895.50	894.00	891.50	890.50	889.00	888.00	888.00	887.00	887.00	887.50	888.00	889.00	889.50	890.00	891.00	891.50	892.00	892.00	892.00	891.50	890.00	890.00	888.50	886.00	883.00	881.00	879.50	877.00	874.50	872.00	871.00	869.50	869.00	868.50	869.50	870.50	872.00	875.00	877.00	881.00	884.00	885.50	888.00	889.00	891.50	894.00	896.00	897.50	898.00	899.00	899.50	900.00	900.00	901.00	901.00	902.00	902.50	903.00	904.00	905.00	906.00	907.00	907.50	908.50	909.50	910.00	910.50	911.00	912.00	912.50	913.00	913.50	914.00	914.50	915.00	916.00	917.00	918.00	919.00	920.00	922.50	923.50	924.50	927.00	928.50	929.50	931.00	932.50	933.50	935.00	936.00	937.50	939.00	940.50	941.00	941.50	943.50	944.00	945.00	945.00	946.00	946.50	947.00	947.50	948.50	949.00	950.00	952.00	954.00	955.50	957.00	958.50	960.50	962.00	964.00	965.00	967.50	968.50	970.50	971.00	971.50	973.00	973.50	974.00	975.00	975.00	975.00	975.50	976.00	976.00	976.00	976.00	975.50	975.00	974.50	974.00	974.00	974.00	974.00	974.00	975.00	975.00	975.00	975.00	975.00	975.00	975.00	974.00	973.50	972.50	972.00	971.50	970.00	970.00	968.00	968.00	966.50	966.00	965.50	965.00	965.00	965.00	965.00	965.00	965.00	965.00	965.50	966.50	968.00	969.00	970.00	971.00	972.50	973.50	974.50	976.50	977.00	978.00	979.00	979.50	980.00	980.00	980.00	980.50	981.00	981.00	981.00	981.00	980.00	980.00	979.00	979.00	978.50	978.00	977.50	977.00	977.00	976.50	976.00	976.00	976.00	976.50	977.00
991.50	990.00	988.50	987.00	986.00	984.50	983.50	982.00	980.50	979.50	978.00	977.00	975.50	974.00	972.50	971.50	970.50	969.00	966.50	965.00	964.00	962.50	961.50	959.50	957.50	956.00	954.00	952.00	950.00	947.00	945.00	943.00	941.00	938.00	936.00	934.00	932.00	930.00	928.50	926.50	925.50	924.50	922.00	920.50	919.50	919.00	917.50	916.00	914.00	912.00	910.00	908.00	905.00	903.00	901.50	898.50	897.00	895.00	894.00	892.50	891.00	890.00	890.00	890.00	890.00	890.50	891.00	891.00	891.50	892.00	891.50	891.00	891.00	890.00	889.00	887.50	885.00	881.00	879.00	877.50	875.00	873.50	871.00	871.00	869.50	868.50	869.50	870.50	871.50	874.00	877.00	879.00	883.00	885.50	887.00	890.00	892.00	894.00	896.00	897.50	898.50	899.50	900.50	901.00	902.00	902.00	902.50	903.00	904.50	905.50	906.50	908.00	909.00	911.00	912.00	913.50	914.00	915.00	916.50	917.50	919.00	920.00	920.50	922.00	922.50	923.50	924.00	925.00	926.50	927.00	928.00	928.50	929.50	931.50	932.50	933.50	934.00	935.50	936.50	938.00	939.50	940.50	942.00	943.00	944.50	946.00	946.50	947.50	948.50	950.00	950.50	952.00	953.00	953.50	954.00	955.00	955.50	956.50	957.00	958.00	960.00	961.00	963.00	964.50	966.00	969.00	970.50	972.00	974.00	976.00	977.50	979.50	980.50	981.00	982.00	982.50	983.00	983.00	983.00	982.50	982.00	981.50	981.00	981.00	980.00	979.00	978.00	977.00	977.00	976.00	976.00	976.00	976.00	977.00	977.00	977.00	977.00	977.00	977.00	977.00	976.00	976.00	975.00	974.50	974.00	973.00	972.00	971.00	970.00	969.00	968.50	967.50	967.00	967.00	967.00	966.00	967.00	967.00	967.00	967.50	968.50	969.00	970.00	972.00	973.00	974.50	975.50	976.50	978.50	979.50	981.00	982.00	982.50	983.00	983.50	984.00	984.00	984.00	983.50	983.00	983.00	983.00	982.50	981.50	981.00	980.50	980.00	979.00	979.00	979.00	978.50	978.00	978.00	978.00	979.00	980.00
991.50	990.00	988.50	987.00	986.00	984.50	983.50	982.00	980.50	979.50	978.00	977.00	975.50	974.00	972.50	971.50	970.50	969.00	966.50	965.00	964.00	962.50	961.50	959.50	957.50	956.00	954.00	952.00	950.00	947.00	945.00	943.00	941.00	938.00	936.00	934.00	932.00	930.00	928.50	926.50	925.50	924.50	922.00	920.50	919.50	919.00	917.50	916.00	914.00	912.00	910.00	908.00	905.00	903.00	901.50	898.50	897.00	895.00	894.00	892.50	891.00	890.00	890.00	890.00	890.00	890.50	891.00	891.00	891.50	892.00	891.50	891.00	891.00	890.00	889.00	887.50	885.00	881.00	879.00	877.50	875.00	873.50	871.00	871.00	869.50	868.50	869.50	870.50	871.50	874.00	877.00	879.00	883.00	885.50	887.00	890.00	892.00	894.00	896.00	897.50	898.50	899.50	900.50	901.00	902.00	902.00	902.50	903.00	904.50	905.50	906.50	908.00	909.00	911.00	912.00	913.50	914.00	915.00	916.50	917.50	919.00	920.00	920.50	922.00	922.50	923.50	924.00	925.00	926.50	927.00	928.00	928.50	929.50	931.50	932.50	933.50	934.00	935.50	936.50	938.00	939.50	940.50	942.00	943.00	944.50	946.00	946.50	947.50	948.50	950.00	950.50	952.00	953.00	953.50	954.00	955.00	955.50	956.50	957.00	958.00	960.00	961.00	963.00	964.50	966.00	969.00	970.50	972.00	974.00	976.00	977.50	979.50	980.50	981.00	982.00	982.50	983.00	983.00	983.00	982.50	982.00	981.50	981.00	981.00	980.00	979.00	978.00	977.00	977.00	976.00	976.00	976.00	976.00	977.00	977.00	977.00	977.00	977.00	977.00	977.00	976.00	976.00	975.00	974.50	974.00	973.00	972.00	971.00	970.00	969.00	968.50	967.50	967.00	967.00	967.00	966.00	967.00	967.00	967.00	967.50	968.50	969.00	970.00	972.00	973.00	974.50	975.50	976.50	978.50	979.50	981.00	982.00	982.50	983.00	983.50	984.00	984.00	984.00	983.50	983.00	983.00	983.00	982.50	981.50	981.00	980.50	980.00	979.00	979.00	979.00	978.50	978.00	978.00	978.00	979.00	980.00
994.50	993.00	991.50	990.00	989.00	987.50	986.50	985.00	983.50	982.50	981.00	980.00	978.50	977.00	976.00	975.00	974.00	972.00	970.00	968.50	967.50	966.25	965.50	963.50	961.50	960.25	958.00	956.50	954.50	952.00	949.50	947.50	945.75	943.00	941.00	939.00	937.50	935.25	934.00	931.50	930.50	929.50	927.00	925.50	924.50	924.00	922.50	921.25	919.00	917.50	915.00	913.00	910.25	908.50	906.75	903.25	901.75	899.50	898.00	896.25	894.00	893.00	892.75	892.50	892.50	892.75	893.00	893.00	893.25	893.50	893.00	892.50	892.25	891.50	890.50	889.00	886.50	883.00	881.00	879.50	877.00	875.50	873.50	873.00	871.50	870.75	872.00	873.00	874.00	876.00	879.50	881.50	885.00	887.50	888.75	891.50	893.00	895.25	897.00	898.75	899.50	900.50	901.50	902.00	903.00	903.50	904.00	904.75	906.50	907.25	908.25	910.00	911.00	913.50	914.50	916.50	917.25	918.75	920.50	921.75	923.50	924.50	925.50	927.00	927.50	928.50	929.00	930.00	931.25	932.00	932.50	933.50	934.25	936.00	936.75	937.50	938.00	939.25	940.00	941.50	943.00	943.75	945.00	946.00	947.00	948.50	949.50	950.50	951.50	953.25	954.00	955.50	956.00	957.00	957.50	958.75	959.50	960.25	961.00	962.00	964.00	965.00	966.75	968.00	969.50	972.25	973.75	975.50	977.00	979.25	980.50	982.50	983.75	984.50	985.50	985.75	986.50	986.00	986.00	985.50	984.50	983.50	982.75	982.00	981.00	979.75	979.00	978.00	977.75	977.00	977.00	977.00	977.00	977.75	978.00	978.00	978.50	978.50	978.50	978.50	977.50	977.50	976.50	976.00	975.25	974.50	973.50	972.00	971.50	970.50	970.00	969.25	968.25	968.00	967.50	967.00	967.50	967.50	967.75	968.25	969.00	970.00	970.50	972.50	973.50	975.00	976.00	977.25	979.50	980.50	982.00	982.50	983.50	984.00	984.25	984.50	984.50	984.50	984.25	984.00	984.00	984.00	983.75	982.75	982.25	981.50	981.00	980.50	980.25	980.00	979.75	979.50	979.50	979.50	980.75	981.50
997.50	996.00	994.50	993.00	992.00	990.50	989.50	988.00	986.50	985.50	984.00	983.00	981.50	980.00	979.50	978.50	977.50	975.00	973.50	972.00	971.00	970.00	969.50	967.50	965.50	964.50	962.00	961.00	959.00	957.00	954.00	952.00	950.50	948.00	946.00	944.00	943.00	940.50	939.50	936.50	935.50	934.50	932.00	930.50	929.50	929.00	927.50	926.50	924.00	923.00	920.00	918.00	915.50	914.00	912.00	908.00	906.50	904.00	902.00	900.00	897.00	896.00	895.50	895.00	895.00	895.00	895.00	895.00	895.00	895.00	894.50	894.00	893.50	893.00	892.00	890.50	888.00	885.00	883.00	881.50	879.00	877.50	876.00	875.00	873.50	873.00	874.50	875.50	876.50	878.00	882.00	884.00	887.00	889.50	890.50	893.00	894.00	896.50	898.00	900.00	900.50	901.50	902.50	903.00	904.00	905.00	905.50	906.50	908.50	909.00	910.00	912.00	913.00	916.00	917.00	919.50	920.50	922.50	924.50	926.00	928.00	929.00	930.50	932.00	932.50	933.50	934.00	935.00	936.00	937.00	937.00	938.50	939.00	940.50	941.00	941.50	942.00	943.00	943.50	945.00	946.50	947.00	948.00	949.00	949.50	951.00	952.50	953.50	954.50	956.50	957.50	959.00	959.00	960.50	961.00	962.50	963.50	964.00	965.00	966.00	968.00	969.00	970.50	971.50	973.00	975.50	977.00	979.00	980.00	982.50	983.50	985.50	987.00	988.00	989.00	989.00	990.00	989.00	989.00	988.50	987.00	985.50	984.50	983.00	982.00	980.50	980.00	979.00	978.50	978.00	978.00	978.00	978.00	978.50	979.00	979.00	980.00	980.00	980.00	980.00	979.00	979.00	978.00	977.50	976.50	976.00	975.00	973.00	973.00	972.00	971.50	971.00	969.50	969.00	968.00	968.00	968.00	968.00	968.50	969.00	969.50	971.00	971.00	973.00	974.00	975.50	976.50	978.00	980.50	981.50	983.00	983.00	984.50	985.00	985.00	985.00	985.00	985.00	985.00	985.00	985.00	985.00	985.00	984.00	983.50	982.50	982.00	982.00	981.50	981.00	981.00	981.00	981.00	981.00	982.50	983.00
997.50	996.00	994.50	993.00	992.00	990.50	989.50	988.00	986.50	985.50	984.00	983.00	981.50	980.00	979.50	978.50	977.50	975.00	973.50	972.00	971.00	970.00	969.50	967.50	965.50	964.50	962.00	961.00	959.00	957.00	954.00	952.00	950.50	948.00	946.00	944.00	943.00	940.50	939.50	936.50	935.50	934.50	932.00	930.50	929.50	929.00	927.50	926.50	924.00	923.00	920.00	918.00	915.50	914.00	912.00	908.00	906.50	904.00	902.00	900.00	897.00	896.00	895.50	895.00	895.00	895.00	895.00	895.00	895.00	895.00	894.50	894.00	893.50	893.00	892.00	890.50	888.00	885.00	883.00	881.50	879.00	877.50	876.00	875.00	873.50	873.00	874.50	875.50	876.50	878.00	882.00	884.00	887.00	889.50	890.50	893.00	894.00	896.50	898.00	900.00	900.50	901.50	902.50	903.00	904.00	905.00	905.50	906.50	908.50	909.00	910.00	912.00	913.00	916.00	917.00	919.50	920.50	922.50	924.50	926.00	928.00	929.00	930.50	932.00	932.50	933.50	934.00	935.00	936.00	937.00	937.00	938.50	939.00	940.50	941.00	941.50	942.00	943.00	943.50	945.00	946.50	947.00	948.00	949.00	949.50	951.00	952.50	953.50	954.50	956.50	957.50	959.00	959.00	960.50	961.00	962.50	963.50	964.00	965.00	966.00	968.00	969.00	970.50	971.50	973.00	975.50	977.00	979.00	980.00	982.50	983.50	985.50	987.00	988.00	989.00	989.00	990.00	989.00	989.00	988.50	987.00	985.50	984.50	983.00	982.00	980.50	980.00	979.00	978.50	978.00	978.00	978.00	978.00	978.50	979.00	979.00	980.00	980.00	980.00	980.00	979.00	979.00	978.00	977.50	976.50	976.00	975.00	973.00	973.00	972.00	971.50	971.00	969.50	969.00	968.00	968.00	968.00	968.00	968.50	969.00	969.50	971.00	971.00	973.00	974.00	975.50	976.50	978.00	980.50	981.50	983.00	983.00	984.50	985.00	985.00	985.00	985.00	985.00	985.00	985.00	985.00	985.00	985.00	984.00	983.50	982.50	982.00	982.00	981.50	981.00	981.00	981.00	981.00	981.00	982.50	983.00
997.50	996.00	994.50	993.00	992.00	990.50	989.50	988.00	986.50	985.50	984.00	983.00	981.50	980.00	979.50	978.50	977.50	975.00	973.50	972.00	971.00	970.00	969.50	967.50	965.50	964.50	962.00	961.00	959.00	957.00	954.00	952.00	950.50	948.00	946.00	944.00	943.00	940.50	939.50	936.50	935.50	934.50	932.00	930.50	929.50	929.00	927.50	926.50	924.00	923.00	920.00	918.00	915.50	914.00	912.00	908.00	906.50	904.00	902.00	900.00	897.00	896.00	895.50	895.00	895.00	895.00	895.00	895.00	895.00	895.00	894.50	894.00	893.50	893.00	892.00	890.50	888.00	885.00	883.00	881.50	879.00	877.50	876.00	875.00	873.50	873.00	874.50	875.50	876.50	878.00	882.00	884.00	887.00	889.50	890.50	893.00	894.00	896.50	898.00	900.00	900.50	901.50	902.50	903.00	904.00	905.00	905.50	906.50	908.50	909.00	910.00	912.00	913.00	916.00	917.00	919.50	920.50	922.50	924.50	926.00	928.00	929.00	930.50	932.00	932.50	933.50	934.00	935.00	936.00	937.00	937.00	938.50	939.00	940.50	941.00	941.50	942.00	943.00	943.50	945.00	946.50	947.00	948.00	949.00	949.50	951.00	952.50	953.50	954.50	956.50	957.50	959.00	959.00	960.50	961.00	962.50	963.50	964.00	965.00	966.00	968.00	969.00	970.50	971.50	973.00	975.50	977.00	979.00	980.00	982.50	983.50	985.50	987.00	988.00	989.00	989.00	990.00	989.00	989.00	988.50	987.00	985.50	984.50	983.00	982.00	980.50	980.00	979.00	978.50	978.00	978.00	978.00	978.00	978.50	979.00	979.00	980.00	980.00	980.00	980.00	979.00	979.00	978.00	977.50	976.50	976.00	975.00	973.00	973.00	972.00	971.50	971.00	969.50	969.00	968.00	968.00	968.00	968.00	968.50	969.00	969.50	971.00	971.00	973.00	974.00	975.50	976.50	978.00	980.50	981.50	983.00	983.00	984.50	985.00	985.00	985.00	985.00	985.00	985.00	985.00	985.00	985.00	985.00	984.00	983.50	982.50	982.00	982.00	981.50	981.00	981.00	981.00	981.00	981.00	982.50	983.00
1003.50	1002.00	1000.50	999.00	998.00	996.50	995.50	994.50	993.50	992.50	991.00	990.00	988.50	987.00	985.50	985.00	984.50	983.00	981.50	980.00	979.00	977.00	975.50	974.50	973.50	972.50	970.00	969.00	967.50	965.00	963.50	962.00	960.50	959.00	956.50	955.00	954.00	951.50	950.00	947.50	946.00	944.50	943.00	941.50	940.50	939.00	937.50	936.50	935.00	934.00	931.00	929.00	927.00	925.00	923.00	919.00	917.00	914.00	912.00	910.00	907.00	905.50	904.50	903.50	903.00	903.00	903.00	903.00	903.00	902.50	902.00	901.50	901.00	900.00	900.00	897.50	895.00	892.00	890.50	889.50	887.00	885.50	885.00	884.00	883.00	883.00	883.50	884.00	884.50	888.00	891.00	893.50	896.00	897.50	898.50	900.00	901.00	902.50	905.00	906.00	906.00	906.50	907.50	908.00	909.00	909.00	910.50	911.50	913.50	914.50	916.00	918.00	919.00	922.00	924.00	926.00	927.50	930.00	932.50	934.00	936.00	937.00	938.50	940.00	941.50	942.00	942.50	944.00	944.50	945.00	946.00	947.00	947.50	948.00	948.50	949.00	949.00	950.00	950.50	951.00	952.50	953.00	954.00	955.00	956.00	957.00	958.50	959.50	960.50	962.50	963.50	964.00	965.00	966.50	967.00	968.50	969.50	970.00	971.00	972.00	974.00	975.00	976.50	977.50	978.50	981.50	982.50	984.00	985.00	987.00	988.50	990.50	991.50	992.00	993.00	993.00	993.00	993.00	992.00	992.00	991.00	989.50	988.50	987.00	986.00	984.50	983.00	982.00	981.50	981.00	980.00	981.00	981.00	981.00	981.50	982.00	982.50	983.00	983.00	983.00	982.00	982.00	981.00	981.00	980.50	979.00	978.00	977.00	976.00	974.50	974.00	973.50	971.50	971.00	970.00	970.00	969.50	969.00	969.00	969.50	970.00	970.00	971.00	973.00	974.00	975.50	976.50	978.00	980.50	981.50	983.00	984.00	984.50	985.00	986.00	986.00	986.50	987.00	987.00	987.00	987.00	987.00	987.50	987.00	986.50	986.00	985.00	985.00	984.50	984.00	984.50	985.00	985.00	986.00	987.50	989.00
1003.50	1002.00	1000.50	999.00	998.00	996.50	995.50	994.50	993.50	992.50	991.00	990.00	988.50	987.00	985.50	985.00	984.50	983.00	981.50	980.00	979.00	977.00	975.50	974.50	973.50	972.50	970.00	969.00	967.50	965.00	963.50	962.00	960.50	959.00	956.50	955.00	954.00	951.50	950.00	947.50	946.00	944.50	943.00	941.50	940.50	939.00	937.50	936.50	935.00	934.00	931.00	929.00	927.00	925.00	923.00	919.00	917.00	914.00	912.00	910.00	907.00	905.50	904.50	903.50	903.00	903.00	903.00	903.00	903.00	902.50	902.00	901.50	901.00	900.00	900.00	897.50	895.00	892.00	890.50	889.50	887.00	885.50	885.00	884.00	883.00	883.00	883.50	884.00	884.50	888.00	891.00	893.50	896.00	897.50	898.50	900.00	901.00	902.50	905.00	906.00	906.00	906.50	907.50	908.00	909.00	909.00	910.50	911.50	913.50	914.50	916.00	918.00	919.00	922.00	924.00	926.00	927.50	930.00	932.50	934.00	936.00	937.00	938.50	940.00	941.50	942.00	942.50	944.00	944.50	945.00	946.00	947.00	947.50	948.00	948.50	949.00	949.00	950.00	950.50	951.00	952.50	953.00	954.00	955.00	956.00	957.00	958.50	959.50	960.50	962.50	963.50	964.00	965.00	966.50	967.00	968.50	969.50	970.00	971.00	972.00	974.00	975.00	976.50	977.50	978.50	981.50	982.50	984.00	985.00	987.00	988.50	990.50	991.50	992.00	993.00	993.00	993.00	993.00	992.00	992.00	991.00	989.50	988.50	987.00	986.00	984.50	983.00	982.00	981.50	981.00	980.00	981.00	981.00	981.00	981.50	982.00	982.50	983.00	983.00	983.00	982.00	982.00	981.00	981.00	980.50	979.00	978.00	977.00	976.00	974.50	974.00	973.50	971.50	971.00	970.00	970.00	969.50	969.00	969.00	969.50	970.00	970.00	971.00	973.00	974.00	975.50	976.50	978.00	980.50	981.50	983.00	984.00	984.50	985.00	986.00	986.00	986.50	987.00	987.00	987.00	987.00	987.00	987.50	987.00	986.50	986.00	985.00	985.00	984.50	984.00	984.50	985.00	985.00	986.00	987.50	989.00
1003.50	1002.00	1000.50	999.00	998.00	996.50	995.50	994.50	993.50	992.50	991.00	990.00	988.50	987.00	985.50	985.00	984.50	983.00	981.50	980.00	979.00	977.00	975.50	974.50	973.50	972.50	970.00	969.00	967.50	965.00	963.50	962.00	960.50	959.00	956.50	955.00	954.00	951.50	950.00	947.50	946.00	944.50	943.00	941.50	940.50	939.00	937.50	936.50	935.00	934.00	931.00	929.00	927.00	925.00	923.00	919.00	917.00	914.00	912.00	910.00	907.00	905.50	904.50	903.50	903.00	903.00	903.00	903.00	903.00	902.50	902.00	901.50	901.00	900.00	900.00	897.50	895.00	892.00	890.50	889.50	887.00	885.50	885.00	884.00	883.00	883.00	883.50	884.00	884.50	888.00	891.00	893.50	896.00	897.50	898.50	900.00	901.00	902.50	905.00	906.00	906.00	906.50	907.50	908.00	909.00	909.00	910.50	911.50	913.50	914.50	916.00	918.00	919.00	922.00	924.00	926.00	927.50	930.00	932.50	934.00	936.00	937.00	938.50	940.00	941.50	942.00	942.50	944.00	944.50	945.00	946.00	947.00	947.50	948.00	948.50	949.00	949.00	950.00	950.50	951.00	952.50	953.00	954.00	955.00	956.00	957.00	958.50	959.50	960.50	962.50	963.50	964.00	965.00	966.50	967.00	968.50	969.50	970.00	971.00	972.00	974.00	975.00	976.50	977.50	978.50	981.50	982.50	984.00	985.00	987.00	988.50	990.50	991.50	992.00	993.00	993.00	993.00	993.00	992.00	992.00	991.00	989.50	988.50	987.00	986.00	984.50	983.00	982.00	981.50	981.00	980.00	981.00	981.00	981.00	981.50	982.00	982.50	983.00	983.00	983.00	982.00	982.00	981.00	981.00	980.50	979.00	978.00	977.00	976.00	974.50	974.00	973.50	971.50	971.00	970.00	970.00	969.50	969.00	969.00	969.50	970.00	970.00	971.00	973.00	974.00	975.50	976.50	978.00	980.50	981.50	983.00	984.00	984.50	985.00	986.00	986.00	986.50	987.00	987.00	987.00	987.00	987.00	987.50	987.00	986.50	986.00	985.00	985.00	984.50	984.00	984.50	985.00	985.00	986.00	987.50	989.00
1009.50	1008.00	1006.50	1005.00	1005.00	1003.50	1002.50	1001.00	1000.00	999.50	998.00	997.00	995.50	994.00	992.50	991.50	991.00	990.00	988.50	987.00	986.00	984.50	983.50	982.00	980.50	979.50	978.00	977.00	975.50	974.00	971.50	970.50	969.50	968.00	966.50	964.00	963.00	961.00	959.50	957.50	956.00	954.50	953.00	951.50	950.50	949.00	947.50	946.50	945.00	943.00	941.00	939.00	937.50	936.00	934.00	930.00	928.00	925.00	923.00	921.00	918.00	916.50	915.50	914.00	913.00	913.00	913.00	913.00	913.00	913.50	913.50	913.00	912.50	912.00	911.00	908.50	906.00	903.50	902.50	901.50	900.00	898.50	897.00	896.00	896.00	896.50	897.50	898.50	900.00	902.00	905.00	907.00	909.00	910.50	911.50	913.00	913.00	913.00	914.00	914.00	914.00	914.00	915.50	916.00	917.00	918.00	919.50	920.00	921.50	923.00	924.50	926.00	927.00	930.00	932.00	933.50	935.00	937.50	939.50	941.00	943.00	944.00	945.50	947.00	948.50	949.00	949.50	951.00	951.50	953.00	953.00	954.00	954.50	955.00	955.50	956.00	957.00	957.00	957.50	958.00	959.00	959.50	961.00	962.00	963.00	964.00	965.00	965.50	966.50	967.50	968.50	969.00	970.00	971.50	972.00	973.50	974.00	974.50	975.00	976.00	977.00	978.00	979.50	980.50	981.50	983.50	984.50	986.00	987.00	988.50	989.50	991.50	992.00	992.50	993.00	993.50	993.00	993.00	992.00	991.50	990.50	989.50	988.50	987.00	987.00	985.50	984.00	984.00	983.50	983.00	983.00	983.00	984.00	984.00	984.50	985.00	985.50	985.50	985.00	985.00	985.00	984.50	984.00	983.50	982.50	981.00	981.00	979.00	978.00	976.50	975.50	974.50	972.50	971.50	971.00	970.00	969.50	969.00	969.00	969.00	969.00	970.00	970.00	972.00	973.00	975.00	976.50	977.50	980.50	981.50	983.00	984.00	985.50	986.00	987.50	988.00	988.00	989.00	989.00	989.00	990.00	990.50	991.00	991.00	990.50	990.00	990.00	990.00	990.50	991.00	991.50	992.00	993.00	993.00	994.50	996.00
1009.50	1008.00	1006.50	1005.00	1005.00	1003.50	1002.50	1001.00	1000.00	999.50	998.00	997.00	995.50	994.00	992.50	991.50	991.00	990.00	988.50	987.00	986.00	984.50	983.50	982.00	980.50	979.50	978.00	977.00	975.50	974.00	971.50	970.50	969.50	968.00	966.50	964.00	963.00	961.00	959.50	957.50	956.00	954.50	953.00	951.50	950.50	949.00	947.50	946.50	945.00	943.00	941.00	939.00	937.50	936.00	934.00	930.00	928.00	925.00	923.00	921.00	918.00	916.50	915.50	914.00	913.00	913.00	913.00	913.00	913.00	913.50	913.50	913.00	912.50	912.00	911.00	908.50	906.00	903.50	902.50	901.50	900.00	898.50	897.00	896.00	896.00	896.50	897.50	898.50	900.00	902.00	905.00	907.00	909.00	910.50	911.50	913.00	913.00	913.00	914.00	914.00	914.00	914.00	915.50	916.00	917.00	918.00	919.50	920.00	921.50	923.00	924.50	926.00	927.00	930.00	932.00	933.50	935.00	937.50	939.50	941.00	943.00	944.00	945.50	947.00	948.50	949.00	949.50	951.00	951.50	953.00	953.00	954.00	954.50	955.00	955.50	956.00	957.00	957.00	957.50	958.00	959.00	959.50	961.00	962.00	963.00	964.00	965.00	965.50	966.50	967.50	968.50	969.00	970.00	971.50	972.00	973.50	974.00	974.50	975.00	976.00	977.00	978.00	979.50	980.50	981.50	983.50	984.50	986.00	987.00	988.50	989.50	991.50	992.00	992.50	993.00	993.50	993.00	993.00	992.00	991.50	990.50	989.50	988.50	987.00	987.00	985.50	984.00	984.00	983.50	983.00	983.00	983.00	984.00	984.00	984.50	985.00	985.50	985.50	985.00	985.00	985.00	984.50	984.00	983.50	982.50	981.00	981.00	979.00	978.00	976.50	975.50	974.50	972.50	971.50	971.00	970.00	969.50	969.00	969.00	969.00	969.00	970.00	970.00	972.00	973.00	975.00	976.50	977.50	980.50	981.50	983.00	984.00	985.50	986.00	987.50	988.00	988.00	989.00	989.00	989.00	990.00	990.50	991.00	991.00	990.50	990.00	990.00	990.00	990.50	991.00	991.50	992.00	993.00	993.00	994.50	996.00
1009.50	1008.00	1006.50	1005.00	1005.00	1003.50	1002.50	1001.00	1000.00	999.50	998.00	997.00	995.50	994.00	992.50	991.50	991.00	990.00	988.50	987.00	986.00	984.50	983.50	982.00	980.50	979.50	978.00	977.00	975.50	974.00	971.50	970.50	969.50	968.00	966.50	964.00	963.00	961.00	959.50	957.50	956.00	954.50	953.00	951.50	950.50	949.00	947.50	946.50	945.00	943.00	941.00	939.00	937.50	936.00	934.00	930.00	928.00	925.00	923.00	921.00	918.00	916.50	915.50	914.00	913.00	913.00	913.00	913.00	913.00	913.50	913.50	913.00	912.50	912.00	911.00	908.50	906.00	903.50	902.50	901.50	900.00	898.50	897.00	896.00	896.00	896.50	897.50	898.50	900.00	902.00	905.00	907.00	909.00	910.50	911.50	913.00	913.00	913.00	914.00	914.00	914.00	914.00	915.50	916.00	917.00	918.00	919.50	920.00	921.50	923.00	924.50	926.00	927.00	930.00	932.00	933.50	935.00	937.50	939.50	941.00	943.00	944.00	945.50	947.00	948.50	949.00	949.50	951.00	951.50	953.00	953.00	954.00	954.50	955.00	955.50	956.00	957.00	957.00	957.50	958.00	959.00	959.50	961.00	962.00	963.00	964.00	965.00	965.50	966.50	967.50	968.50	969.00	970.00	971.50	972.00	973.50	974.00	974.50	975.00	976.00	977.00	978.00	979.50	980.50	981.50	983.50	984.50	986.00	987.00	988.50	989.50	991.50	992.00	992.50	993.00	993.50	993.00	993.00	992.00	991.50	990.50	989.50	988.50	987.00	987.00	985.50	984.00	984.00	983.50	983.00	983.00	983.00	984.00	984.00	984.50	985.00	985.50	985.50	985.00	985.00	985.00	984.50	984.00	983.50	982.50	981.00	981.00	979.00	978.00	976.50	975.50	974.50	972.50	971.50	971.00	970.00	969.50	969.00	969.00	969.00	969.00	970.00	970.00	972.00	973.00	975.00	976.50	977.50	980.50	981.50	983.00	984.00	985.50	986.00	987.50	988.00	988.00	989.00	989.00	989.00	990.00	990.50	991.00	991.00	990.50	990.00	990.00	990.00	990.50	991.00	991.50	992.00	993.00	993.00	994.50	996.00
1012.50	1011.00	1010.00	1008.50	1008.00	1006.50	1005.75	1004.50	1003.25	1002.50	1001.00	1000.50	999.00	997.50	996.00	995.00	994.25	993.00	991.50	990.00	989.00	987.50	986.75	985.50	984.00	983.00	981.50	980.50	978.75	977.00	975.00	974.00	973.00	971.50	970.00	967.50	966.50	964.75	963.25	961.00	959.75	958.50	957.00	955.50	954.50	953.00	951.50	950.50	949.00	947.50	945.00	943.50	941.75	940.25	938.50	934.75	933.00	930.50	928.50	926.50	924.00	922.00	921.00	919.75	918.50	918.25	918.00	918.00	918.00	918.25	918.25	918.00	917.75	917.50	916.50	914.25	912.00	910.00	909.00	908.25	907.00	905.50	903.50	902.50	902.25	903.00	904.75	906.00	907.50	909.50	912.25	913.75	915.50	916.75	917.50	918.50	918.50	918.50	919.50	919.50	919.50	919.50	920.75	921.25	922.00	923.00	924.50	925.00	926.50	927.75	929.00	930.50	931.50	934.50	936.00	937.75	939.25	941.25	943.25	944.75	946.50	947.50	949.00	950.50	951.75	952.25	953.00	954.00	955.00	956.00	956.50	957.50	958.00	958.75	959.25	959.75	960.50	960.75	961.25	962.00	962.75	963.25	964.50	965.50	966.25	967.50	968.25	969.00	969.75	970.75	971.50	972.00	973.00	974.00	974.50	975.75	976.00	976.50	977.00	977.50	978.50	979.00	980.25	980.75	981.50	983.25	984.00	985.50	986.50	987.50	988.50	990.00	990.75	991.25	992.00	992.50	992.00	992.00	991.50	991.25	990.50	989.50	988.75	987.50	987.00	986.00	985.00	984.50	984.25	983.50	984.00	984.00	984.50	985.00	985.50	986.00	986.25	986.25	986.00	986.00	986.00	985.50	984.75	984.25	983.50	982.00	981.50	979.50	978.50	977.00	976.00	975.00	973.00	972.00	971.00	970.50	969.50	969.00	969.00	969.00	969.00	970.00	970.50	972.50	973.50	975.50	977.00	978.00	981.00	982.00	984.00	985.00	986.50	987.25	989.00	989.50	989.75	990.50	991.25	991.50	992.50	993.00	993.50	994.00	993.75	993.75	994.00	994.50	995.00	995.50	996.00	996.50	997.50	997.50	998.75	1000.00
1015.50	1014.00	1013.50	1012.00	1011.00	1009.50	1009.00	1008.00	1006.50	1005.50	1004.00	1004.00	1002.50	1001.00	999.50	998.50	997.50	996.00	994.50	993.00	992.00	990.50	990.00	989.00	987.50	986.50	985.00	984.00	982.00	980.00	978.50	977.50	976.50	975.00	973.50	971.00	970.00	968.50	967.00	964.50	963.50	962.50	961.00	959.50	958.50	957.00	955.50	954.50	953.00	952.00	949.00	948.00	946.00	944.50	943.00	939.50	938.00	936.00	934.00	932.00	930.00	927.50	926.50	925.50	924.00	923.50	923.00	923.00	923.00	923.00	923.00	923.00	923.00	923.00	922.00	920.00	918.00	916.50	915.50	915.00	914.00	912.50	910.00	909.00	908.50	909.50	912.00	913.50	915.00	917.00	919.50	920.50	922.00	923.00	923.50	924.00	924.00	924.00	925.00	925.00	925.00	925.00	926.00	926.50	927.00	928.00	929.50	930.00	931.50	932.50	933.50	935.00	936.00	939.00	940.00	942.00	943.50	945.00	947.00	948.50	950.00	951.00	952.50	954.00	955.00	955.50	956.50	957.00	958.50	959.00	960.00	961.00	961.50	962.50	963.00	963.50	964.00	964.50	965.00	966.00	966.50	967.00	968.00	969.00	969.50	971.00	971.50	972.50	973.00	974.00	974.50	975.00	976.00	976.50	977.00	978.00	978.00	978.50	979.00	979.00	980.00	980.00	981.00	981.00	981.50	983.00	983.50	985.00	986.00	986.50	987.50	988.50	989.50	990.00	991.00	991.50	991.00	991.00	991.00	991.00	990.50	989.50	989.00	988.00	987.00	986.50	986.00	985.00	985.00	984.00	985.00	985.00	985.00	986.00	986.50	987.00	987.00	987.00	987.00	987.00	987.00	986.50	985.50	985.00	984.50	983.00	982.00	980.00	979.00	977.50	976.50	975.50	973.50	972.50	971.00	971.00	969.50	969.00	969.00	969.00	969.00	970.00	971.00	973.00	974.00	976.00	977.50	978.50	981.50	982.50	985.00	986.00	987.50	988.50	990.50	991.00	991.50	992.00	993.50	994.00	995.00	995.50	996.00	997.00	997.00	997.50	998.00	999.00	999.50	1000.00	1000.50	1001.00	1002.00	1002.00	1003.00	1004.00
1015.50	1014.00	1013.50	1012.00	1011.00	1009.50	1009.00	1008.00	1006.50	1005.50	1004.00	1004.00	1002.50	1001.00	999.50	998.50	997.50	996.00	994.50	993.00	992.00	990.50	990.00	989.00	987.50	986.50	985.00	984.00	982.00	980.00	978.50	977.50	976.50	975.00	973.50	971.00	970.00	968.50	967.00	964.50	963.50	962.50	961.00	959.50	958.50	957.00	955.50	954.50	953.00	952.00	949.00	948.00	946.00	944.50	943.00	939.50	938.00	936.00	934.00	932.00	930.00	927.50	926.50	925.50	924.00	923.50	923.00	923.00	923.00	923.00	923.00	923.00	923.00	923.00	922.00	920.00	918.00	916.50	915.50	915.00	914.00	912.50	910.00	909.00	908.50	909.50	912.00	913.50	915.00	917.00	919.50	920.50	922.00	923.00	923.50	924.00	924.00	924.00	925.00	925.00	925.00	925.00	926.00	926.50	927.00	928.00	929.50	930.00	931.50	932.50	933.50	935.00	936.00	939.00	940.00	942.00	943.50	945.00	947.00	948.50	950.00	951.00	952.50	954.00	955.00	955.50	956.50	957.00	958.50	959.00	960.00	961.00	961.50	962.50	963.00	963.50	964.00	964.50	965.00	966.00	966.50	967.00	968.00	969.00	969.50	971.00	971.50	972.50	973.00	974.00	974.50	975.00	976.00	976.50	977.00	978.00	978.00	978.50	979.00	979.00	980.00	980.00	981.00	981.00	981.50	983.00	983.50	985.00	986.00	986.50	987.50	988.50	989.50	990.00	991.00	991.50	991.00	991.00	991.00	991.00	990.50	989.50	989.00	988.00	987.00	986.50	986.00	985.00	985.00	984.00	985.00	985.00	985.00	986.00	986.50	987.00	987.00	987.00	987.00	987.00	987.00	986.50	985.50	985.00	984.50	983.00	982.00	980.00	979.00	977.50	976.50	975.50	973.50	972.50	971.00	971.00	969.50	969.00	969.00	969.00	969.00	970.00	971.00	973.00	974.00	976.00	977.50	978.50	981.50	982.50	985.00	986.00	987.50	988.50	990.50	991.00	991.50	992.00	993.50	994.00	995.00	995.50	996.00	997.00	997.00	997.50	998.00	999.00	999.50	1000.00	1000.50	1001.00	1002.00	1002.00	1003.00	1004.00
1015.50	1014.00	1013.50	1012.00	1011.00	1009.50	1009.00	1008.00	1006.50	1005.50	1004.00	1004.00	1002.50	1001.00	999.50	998.50	997.50	996.00	994.50	993.00	992.00	990.50	990.00	989.00	987.50	986.50	985.00	984.00	982.00	980.00	978.50	977.50	976.50	975.00	973.50	971.00	970.00	968.50	967.00	964.50	963.50	962.50	961.00	959.50	958.50	957.00	955.50	954.50	953.00	952.00	949.00	948.00	946.00	944.50	943.00	939.50	938.00	936.00	934.00	932.00	930.00	927.50	926.50	925.50	924.00	923.50	923.00	923.00	923.00	923.00	923.00	923.00	923.00	923.00	922.00	920.00	918.00	916.50	915.50	915.00	914.00	912.50	910.00	909.00	908.50	909.50	912.00	913.50	915.00	917.00	919.50	920.50	922.00	923.00	923.50	924.00	924.00	924.00	925.00	925.00	925.00	925.00	926.00	926.50	927.00	928.00	929.50	930.00	931.50	932.50	933.50	935.00	936.00	939.00	940.00	942.00	943.50	945.00	947.00	948.50	950.00	951.00	952.50	954.00	955.00	955.50	956.50	957.00	958.50	959.00	960.00	961.00	961.50	962.50	963.00	963.50	964.00	964.50	965.00	966.00	966.50	967.00	968.00	969.00	969.50	971.00	971.50	972.50	973.00	974.00	974.50	975.00	976.00	976.50	977.00	978.00	978.00	978.50	979.00	979.00	980.00	980.00	981.00	981.00	981.50	983.00	983.50	985.00	986.00	986.50	987.50	988.50	989.50	990.00	991.00	991.50	991.00	991.00	991.00	991.00	990.50	989.50	989.00	988.00	987.00	986.50	986.00	985.00	985.00	984.00	985.00	985.00	985.00	986.00	986.50	987.00	987.00	987.00	987.00	987.00	987.00	986.50	985.50	985.00	984.50	983.00	982.00	980.00	979.00	977.50	976.50	975.50	973.50	972.50	971.00	971.00	969.50	969.00	969.00	969.00	969.00	970.00	971.00	973.00	974.00	976.00	977.50	978.50	981.50	982.50	985.00	986.00	987.50	988.50	990.50	991.00	991.50	992.00	993.50	994.00	995.00	995.50	996.00	997.00	997.00	997.50	998.00	999.00	999.50	1000.00	1000.50	1001.00	1002.00	1002.00	1003.00	1004.00
1021.50	1020.00	1019.00	1018.00	1017.00	1016.00	1015.50	1014.00	1012.50	1011.50	1010.00	1010.00	1008.50	1007.00	1005.50	1004.50	1003.50	1002.00	1000.50	999.00	998.00	996.50	996.00	995.00	993.50	992.50	991.00	989.00	987.50	986.00	984.00	982.50	981.50	980.00	978.00	976.00	975.00	973.00	971.50	969.50	968.50	967.50	966.00	964.50	963.50	962.00	960.50	960.00	959.00	958.00	956.00	955.00	953.50	952.50	951.00	948.50	947.00	945.00	943.00	941.00	939.00	937.00	935.50	934.50	933.00	931.50	930.00	930.00	929.00	929.00	928.50	928.00	928.00	928.00	928.00	926.50	926.00	925.00	925.00	924.50	924.00	923.50	922.00	921.00	921.00	921.00	921.50	922.50	924.00	927.00	930.00	931.50	933.00	934.50	935.00	935.00	935.00	935.50	936.00	936.00	936.50	937.00	937.50	938.00	938.00	939.00	939.50	940.50	941.50	942.50	943.00	944.00	945.00	947.00	948.00	949.50	951.00	953.00	954.50	955.00	956.00	957.00	958.50	960.00	960.50	961.50	962.50	964.00	964.50	966.00	967.00	967.50	968.50	969.50	970.00	970.50	971.00	972.00	972.50	973.00	973.50	974.00	974.00	974.00	975.00	976.00	976.50	977.50	978.00	979.50	980.00	981.00	981.00	981.50	982.00	982.00	982.00	982.00	982.00	982.00	982.00	982.00	981.50	981.00	981.00	981.50	982.00	982.00	983.00	983.50	984.00	985.00	985.50	986.50	987.00	988.00	989.00	989.00	989.00	989.00	989.00	989.00	989.00	988.00	988.00	987.00	987.00	986.00	986.00	986.00	986.00	986.00	987.00	987.00	987.00	987.50	988.00	988.00	988.00	988.00	987.50	987.00	986.00	985.50	985.00	984.00	983.00	982.00	981.00	979.50	978.50	977.50	975.50	974.50	974.00	974.00	973.00	973.00	973.00	973.00	973.00	974.00	975.00	977.00	978.00	980.50	981.50	983.00	985.50	987.00	989.00	990.00	992.50	993.50	995.50	996.50	997.50	999.00	1000.50	1001.00	1002.00	1003.00	1003.50	1005.50	1006.50	1007.50	1008.00	1009.50	1010.00	1011.00	1011.00	1011.00	1012.00	1012.00	1012.50	1013.00
1021.50	1020.00	1019.00	1018.00	1017.00	1016.00	1015.50	1014.00	1012.50	1011.50	1010.00	1010.00	1008.50	1007.00	1005.50	1004.50	1003.50	1002.00	1000.50	999.00	998.00	996.50	996.00	995.00	993.50	992.50	991.00	989.00	987.50	986.00	984.00	982.50	981.50	980.00	978.00	976.00	975.00	973.00	971.50	969.50	968.50	967.50	966.00	964.50	963.50	962.00	960.50	960.00	959.00	958.00	956.00	955.00	953.50	952.50	951.00	948.50	947.00	945.00	943.00	941.00	939.00	937.00	935.50	934.50	933.00	931.50	930.00	930.00	929.00	929.00	928.50	928.00	928.00	928.00	928.00	926.50	926.00	925.00	925.00	924.50	924.00	923.50	922.00	921.00	921.00	921.00	921.50	922.50	924.00	927.00	930.00	931.50	933.00	934.50	935.00	935.00	935.00	935.50	936.00	936.00	936.50	937.00	937.50	938.00	938.00	939.00	939.50	940.50	941.50	942.50	943.00	944.00	945.00	947.00	948.00	949.50	951.00	953.00	954.50	955.00	956.00	957.00	958.50	960.00	960.50	961.50	962.50	964.00	964.50	966.00	967.00	967.50	968.50	969.50	970.00	970.50	971.00	972.00	972.50	973.00	973.50	974.00	974.00	974.00	975.00	976.00	976.50	977.50	978.00	979.50	980.00	981.00	981.00	981.50	982.00	982.00	982.00	982.00	982.00	982.00	982.00	982.00	981.50	981.00	981.00	981.50	982.00	982.00	983.00	983.50	984.00	985.00	985.50	986.50	987.00	988.00	989.00	989.00	989.00	989.00	989.00	989.00	989.00	988.00	988.00	987.00	987.00	986.00	986.00	986.00	986.00	986.00	987.00	987.00	987.00	987.50	988.00	988.00	988.00	988.00	987.50	987.00	986.00	985.50	985.00	984.00	983.00	982.00	981.00	979.50	978.50	977.50	975.50	974.50	974.00	974.00	973.00	973.00	973.00	973.00	973.00	974.00	975.00	977.00	978.00	980.50	981.50	983.00	985.50	987.00	989.00	990.00	992.50	993.50	995.50	996.50	997.50	999.00	1000.50	1001.00	1002.00	1003.00	1003.50	1005.50	1006.50	1007.50	1008.00	1009.50	1010.00	1011.00	1011.00	1011.00	1012.00	1012.00	1012.50	1013.00
1024.00	1022.50	1021.50	1020.50	1020.00	1018.75	1018.00	1016.75	1015.50	1014.50	1013.00	1012.50	1011.50	1010.00	1008.50	1007.25	1006.00	1004.50	1003.00	1001.50	1000.50	999.50	998.75	997.50	996.00	995.00	993.50	991.50	990.00	988.00	986.25	985.00	984.00	982.50	980.25	978.50	977.50	975.25	974.00	972.00	971.00	970.00	968.50	967.00	966.00	964.50	963.00	962.50	961.50	960.50	958.50	957.50	956.50	955.50	954.25	951.75	950.25	948.50	946.50	944.50	942.00	940.00	938.25	937.00	935.50	933.50	932.00	931.50	930.25	929.75	929.00	928.50	928.25	928.00	928.00	927.25	927.00	926.50	926.50	926.50	926.50	927.00	927.00	926.50	926.25	925.75	925.75	926.75	928.50	931.50	934.25	935.50	937.50	939.00	939.50	940.00	940.00	940.75	941.00	941.50	941.75	942.00	942.75	943.00	943.00	944.00	944.50	945.25	946.00	946.75	947.25	948.00	949.00	951.00	951.50	953.00	954.25	956.00	957.50	958.00	959.00	960.00	961.25	962.50	963.50	964.25	965.00	966.50	967.25	968.50	969.50	970.50	971.50	972.75	973.25	973.75	974.00	975.00	975.25	976.00	976.25	976.75	977.00	977.00	977.75	978.50	979.00	979.75	980.25	981.75	982.25	983.00	983.50	984.25	984.50	984.50	984.50	984.50	984.00	984.00	983.50	983.00	982.50	981.75	981.50	981.75	982.00	982.00	982.50	983.00	983.50	984.25	985.00	986.00	987.00	988.00	989.00	989.50	990.00	990.00	989.75	989.50	989.50	989.00	988.50	988.00	987.50	987.00	987.00	987.00	987.00	987.00	987.50	987.50	987.50	987.75	988.25	988.50	988.50	988.50	988.00	987.50	986.50	986.00	985.50	984.50	984.00	983.00	982.00	981.00	980.25	979.50	978.00	977.25	977.00	977.00	976.50	976.50	976.50	976.50	976.75	978.00	979.00	981.00	982.50	984.50	985.50	987.00	989.75	991.25	993.00	994.50	996.50	997.75	1000.00	1001.00	1002.25	1004.00	1005.25	1006.00	1007.00	1008.25	1008.75	1010.50	1011.25	1012.00	1013.00	1014.50	1015.00	1015.50	1016.00	1016.00	1016.50	1016.50	1017.00	1017.00
1026.50	1025.00	1024.00	1023.00	1023.00	1021.50	1020.50	1019.50	1018.50	1017.50	1016.00	1015.00	1014.50	1013.00	1011.50	1010.00	1008.50	1007.00	1005.50	1004.00	1003.00	1002.50	1001.50	1000.00	998.50	997.50	996.00	994.00	992.50	990.00	988.50	987.50	986.50	985.00	982.50	981.00	980.00	977.50	976.50	974.50	973.50	972.50	971.00	969.50	968.50	967.00	965.50	965.00	964.00	963.00	961.00	960.00	959.50	958.50	957.50	955.00	953.50	952.00	950.00	948.00	945.00	943.00	941.00	939.50	938.00	935.50	934.00	933.00	931.50	930.50	929.50	929.00	928.50	928.00	928.00	928.00	928.00	928.00	928.00	928.50	929.00	930.50	932.00	932.00	931.50	930.50	930.00	931.00	933.00	936.00	938.50	939.50	942.00	943.50	944.00	945.00	945.00	946.00	946.00	947.00	947.00	947.00	948.00	948.00	948.00	949.00	949.50	950.00	950.50	951.00	951.50	952.00	953.00	955.00	955.00	956.50	957.50	959.00	960.50	961.00	962.00	963.00	964.00	965.00	966.50	967.00	967.50	969.00	970.00	971.00	972.00	973.50	974.50	976.00	976.50	977.00	977.00	978.00	978.00	979.00	979.00	979.50	980.00	980.00	980.50	981.00	981.50	982.00	982.50	984.00	984.50	985.00	986.00	987.00	987.00	987.00	987.00	987.00	986.00	986.00	985.00	984.00	983.50	982.50	982.00	982.00	982.00	982.00	982.00	982.50	983.00	983.50	984.50	985.50	987.00	988.00	989.00	990.00	991.00	991.00	990.50	990.00	990.00	990.00	989.00	989.00	988.00	988.00	988.00	988.00	988.00	988.00	988.00	988.00	988.00	988.00	988.50	989.00	989.00	989.00	988.50	988.00	987.00	986.50	986.00	985.00	985.00	984.00	983.00	982.50	982.00	981.50	980.50	980.00	980.00	980.00	980.00	980.00	980.00	980.00	980.50	982.00	983.00	985.00	987.00	988.50	989.50	991.00	994.00	995.50	997.00	999.00	1000.50	1002.00	1004.50	1005.50	1007.00	1009.00	1010.00	1011.00	1012.00	1013.50	1014.00	1015.50	1016.00	1016.50	1018.00	1019.50	1020.00	1020.00	1021.00	1021.00	1021.00	1021.00	1021.50	1021.00
1026.50	1025.00	1024.00	1023.00	1023.00	1021.50	1020.50	1019.50	1018.50	1017.50	1016.00	1015.00	1014.50	1013.00	1011.50	1010.00	1008.50	1007.00	1005.50	1004.00	1003.00	1002.50	1001.50	1000.00	998.50	997.50	996.00	994.00	992.50	990.00	988.50	987.50	986.50	985.00	982.50	981.00	980.00	977.50	976.50	974.50	973.50	972.50	971.00	969.50	968.50	967.00	965.50	965.00	964.00	963.00	961.00	960.00	959.50	958.50	957.50	955.00	953.50	952.00	950.00	948.00	945.00	943.00	941.00	939.50	938.00	935.50	934.00	933.00	931.50	930.50	929.50	929.00	928.50	928.00	928.00	928.00	928.00	928.00	928.00	928.50	929.00	930.50	932.00	932.00	931.50	930.50	930.00	931.00	933.00	936.00	938.50	939.50	942.00	943.50	944.00	945.00	945.00	946.00	946.00	947.00	947.00	947.00	948.00	948.00	948.00	949.00	949.50	950.00	950.50	951.00	951.50	952.00	953.00	955.00	955.00	956.50	957.50	959.00	960.50	961.00	962.00	963.00	964.00	965.00	966.50	967.00	967.50	969.00	970.00	971.00	972.00	973.50	974.50	976.00	976.50	977.00	977.00	978.00	978.00	979.00	979.00	979.50	980.00	980.00	980.50	981.00	981.50	982.00	982.50	984.00	984.50	985.00	986.00	987.00	987.00	987.00	987.00	987.00	986.00	986.00	985.00	984.00	983.50	982.50	982.00	982.00	982.00	982.00	982.00	982.50	983.00	983.50	984.50	985.50	987.00	988.00	989.00	990.00	991.00	991.00	990.50	990.00	990.00	990.00	989.00	989.00	988.00	988.00	988.00	988.00	988.00	988.00	988.00	988.00	988.00	988.00	988.50	989.00	989.00	989.00	988.50	988.00	987.00	986.50	986.00	985.00	985.00	984.00	983.00	982.50	982.00	981.50	980.50	980.00	980.00	980.00	980.00	980.00	980.00	980.00	980.50	982.00	983.00	985.00	987.00	988.50	989.50	991.00	994.00	995.50	997.00	999.00	1000.50	1002.00	1004.50	1005.50	1007.00	1009.00	1010.00	1011.00	1012.00	1013.50	1014.00	1015.50	1016.00	1016.50	1018.00	1019.50	1020.00	1020.00	1021.00	1021.00	1021.00	1021.00	1021.50	1021.00
1026.50	1025.00	1024.00	1023.00	1023.00	1021.50	1020.50	1019.50	1018.50	1017.50	1016.00	1015.00	1014.50	1013.00	1011.50	1010.00	1008.50	1007.00	1005.50	1004.00	1003.00	1002.50	1001.50	1000.00	998.50	997.50	996.00	994.00	992.50	990.00	988.50	987.50	986.50	985.00	982.50	981.00	980.00	977.50	976.50	974.50	973.50	972.50	971.00	969.50	968.50	967.00	965.50	965.00	964.00	963.00	961.00	960.00	959.50	958.50	957.50	955.00	953.50	952.00	950.00	948.00	945.00	943.00	941.00	939.50	938.00	935.50	934.00	933.00	931.50	930.50	929.50	929.00	928.50	928.00	928.00	928.00	928.00	928.00	928.00	928.50	929.00	930.50	932.00	932.00	931.50	930.50	930.00	931.00	933.00	936.00	938.50	939.50	942.00	943.50	944.00	945.00	945.00	946.00	946.00	947.00	947.00	947.00	948.00	948.00	948.00	949.00	949.50	950.00	950.50	951.00	951.50	952.00	953.00	955.00	955.00	956.50	957.50	959.00	960.50	961.00	962.00	963.00	964.00	965.00	966.50	967.00	967.50	969.00	970.00	971.00	972.00	973.50	974.50	976.00	976.50	977.00	977.00	978.00	978.00	979.00	979.00	979.50	980.00	980.00	980.50	981.00	981.50	982.00	982.50	984.00	984.50	985.00	986.00	987.00	987.00	987.00	987.00	987.00	986.00	986.00	985.00	984.00	983.50	982.50	982.00	982.00	982.00	982.00	982.00	982.50	983.00	983.50	984.50	985.50	987.00	988.00	989.00	990.00	991.00	991.00	990.50	990.00	990.00	990.00	989.00	989.00	988.00	988.00	988.00	988.00	988.00	988.00	988.00	988.00	988.00	988.00	988.50	989.00	989.00	989.00	988.50	988.00	987.00	986.50	986.00	985.00	985.00	984.00	983.00	982.50	982.00	981.50	980.50	980.00	980.00	980.00	980.00	980.00	980.00	980.00	980.50	982.00	983.00	985.00	987.00	988.50	989.50	991.00	994.00	995.50	997.00	999.00	1000.50	1002.00	1004.50	1005.50	1007.00	1009.00	1010.00	1011.00	1012.00	1013.50	1014.00	1015.50	1016.00	1016.50	1018.00	1019.50	1020.00	1020.00	1021.00	1021.00	1021.00	1021.00	1021.50	1021.00
1031.50	1030.00	1029.50	1028.00	1028.00	1026.50	1025.50	1024.50	1023.50	1022.50	1021.00	1021.00	1019.50	1018.00	1016.50	1015.50	1014.50	1013.00	1011.50	1010.00	1009.00	1007.50	1006.50	1004.50	1002.50	1001.50	1000.00	999.00	996.50	995.00	993.50	992.50	991.50	989.00	987.50	986.00	985.00	983.50	982.50	980.50	979.50	978.50	977.00	975.00	973.50	972.00	971.50	970.50	969.00	968.00	966.00	966.00	964.50	963.50	962.50	960.50	959.50	957.00	956.00	953.00	950.00	947.00	945.00	943.50	941.00	938.50	936.00	935.00	932.50	931.50	930.50	929.50	928.50	928.00	928.00	927.50	928.00	929.00	929.50	930.50	932.00	933.50	935.00	935.00	935.00	935.00	936.00	938.00	940.00	943.00	945.00	947.00	949.00	951.50	952.50	953.00	954.00	955.00	955.00	955.00	955.50	956.00	956.00	956.00	956.00	956.00	957.00	957.00	958.00	958.50	959.00	960.00	960.00	961.00	961.00	962.50	963.50	964.50	965.50	966.50	967.00	968.00	969.00	970.00	971.00	971.50	972.50	974.00	975.00	976.00	977.00	978.50	979.50	980.50	981.00	981.50	982.00	982.50	983.00	983.00	984.00	984.00	985.00	985.00	985.50	986.00	986.50	987.00	987.50	988.50	989.50	990.00	991.00	992.00	992.00	992.00	992.00	992.00	991.00	990.00	989.00	989.00	987.50	986.50	986.00	985.50	985.00	985.00	985.00	985.50	986.00	987.50	988.50	989.50	991.00	991.50	992.00	993.00	993.00	993.00	993.00	993.00	992.50	992.00	991.00	991.00	990.00	990.00	990.00	990.00	990.00	990.00	990.00	990.00	990.00	990.00	990.00	990.00	990.00	990.00	990.00	990.00	990.00	989.50	989.00	989.00	988.00	988.00	988.00	988.00	988.00	988.00	988.00	988.00	989.00	989.00	989.00	989.50	990.50	991.00	991.50	993.00	994.00	996.00	997.00	999.50	1000.50	1002.00	1005.00	1006.50	1009.00	1010.00	1011.50	1012.50	1014.50	1015.50	1016.00	1017.00	1018.50	1020.00	1021.00	1022.00	1022.50	1024.00	1024.50	1025.50	1027.00	1027.50	1028.00	1028.00	1028.50	1029.00	1028.00	1028.00	1028.00	1027.00
1031.50	1030.00	1029.50	1028.00	1028.00	1026.50	1025.50	1024.50	1023.50	1022.50	1021.00	1021.00	1019.50	1018.00	1016.50	1015.50	1014.50	1013.00	1011.50	1010.00	1009.00	1007.50	1006.50	1004.50	1002.50	1001.50	1000.00	999.00	996.50	995.00	993.50	992.50	991.50	989.00	987.50	986.00	985.00	983.50	982.50	980.50	979.50	978.50	977.00	975.00	973.50	972.00	971.50	970.50	969.00	968.00	966.00	966.00	964.50	963.50	962.50	960.50	959.50	957.00	956.00	953.00	950.00	947.00	945.00	943.50	941.00	938.50	936.00	935.00	932.50	931.50	930.50	929.50	928.50	928.00	928.00	927.50	928.00	929.00	929.50	930.50	932.00	933.50	935.00	935.00	935.00	935.00	936.00	938.00	940.00	943.00	945.00	947.00	949.00	951.50	952.50	953.00	954.00	955.00	955.00	955.00	955.50	956.00	956.00	956.00	956.00	956.00	957.00	957.00	958.00	958.50	959.00	960.00	960.00	961.00	961.00	962.50	963.50	964.50	965.50	966.50	967.00	968.00	969.00	970.00	971.00	971.50	972.50	974.00	975.00	976.00	977.00	978.50	979.50	980.50	981.00	981.50	982.00	982.50	983.00	983.00	984.00	984.00	985.00	985.00	985.50	986.00	986.50	987.00	987.50	988.50	989.50	990.00	991.00	992.00	992.00	992.00	992.00	992.00	991.00	990.00	989.00	989.00	987.50	986.50	986.00	985.50	985.00	985.00	985.00	985.50	986.00	987.50	988.50	989.50	991.00	991.50	992.00	993.00	993.00	993.00	993.00	993.00	992.50	992.00	991.00	991.00	990.00	990.00	990.00	990.00	990.00	990.00	990.00	990.00	990.00	990.00	990.00	990.00	990.00	990.00	990.00	990.00	990.00	989.50	989.00	989.00	988.00	988.00	988.00	988.00	988.00	988.00	988.00	988.00	989.00	989.00	989.00	989.50	990.50	991.00	991.50	993.00	994.00	996.00	997.00	999.50	1000.50	1002.00	1005.00	1006.50	1009.00	1010.00	1011.50	1012.50	1014.50	1015.50	1016.00	1017.00	1018.50	1020.00	1021.00	1022.00	1022.50	1024.00	1024.50	1025.50	1027.00	1027.50	1028.00	1028.00	1028.50	1029.00	1028.00	1028.00	1028.00	1027.00
1031.50	1030.00	1029.50	1028.00	1028.00	1026.50	1025.50	1024.50	1023.50	1022.50	1021.00	1021.00	1019.50	1018.00	1016.50	1015.50	1014.50	1013.00	1011.50	1010.00	1009.00	1007.50	1006.50	1004.50	1002.50	1001.50	1000.00	999.00	996.50	995.00	993.50	992.50	991.50	989.00	987.50	986.00	985.00	983.50	982.50	980.50	979.50	978.50	977.00	975.00	973.50	972.00	971.50	970.50	969.00	968.00	966.00	966.00	964.50	963.50	962.50	960.50	959.50	957.00	956.00	953.00	950.00	947.00	945.00	943.50	941.00	938.50	936.00	935.00	932.50	931.50	930.50	929.50	928.50	928.00	928.00	927.50	928.00	929.00	929.50	930.50	932.00	933.50	935.00	935.00	935.00	935.00	936.00	938.00	940.00	943.00	945.00	947.00	949.00	951.50	952.50	953.00	954.00	955.00	955.00	955.00	955.50	956.00	956.00	956.00	956.00	956.00	957.00	957.00	958.00	958.50	959.00	960.00	960.00	961.00	961.00	962.50	963.50	964.50	965.50	966.50	967.00	968.00	969.00	970.00	971.00	971.50	972.50	974.00	975.00	976.00	977.00	978.50	979.50	980.50	981.00	981.50	982.00	982.50	983.00	983.00	984.00	984.00	985.00	985.00	985.50	986.00	986.50	987.00	987.50	988.50	989.50	990.00	991.00	992.00	992.00	992.00	992.00	992.00	991.00	990.00	989.00	989.00	987.50	986.50	986.00	985.50	985.00	985.00	985.00	985.50	986.00	987.50	988.50	989.50	991.00	991.50	992.00	993.00	993.00	993.00	993.00	993.00	992.50	992.00	991.00	991.00	990.00	990.00	990.00	990.00	990.00	990.00	990.00	990.00	990.00	990.00	990.00	990.00	990.00	990.00	990.00	990.00	990.00	989.50	989.00	989.00	988.00	988.00	988.00	988.00	988.00	988.00	988.00	988.00	989.00	989.00	989.00	989.50	990.50	991.00	991.50	993.00	994.00	996.00	997.00	999.50	1000.50	1002.00	1005.00	1006.50	1009.00	1010.00	1011.50	1012.50	1014.50	1015.50	1016.00	1017.00	1018.50	1020.00	1021.00	1022.00	1022.50	1024.00	1024.50	1025.50	1027.00	1027.50	1028.00	1028.00	1028.50	1029.00	1028.00	1028.00	1028.00	1027.00
1036.50	1035.00	1034.50	1033.00	1032.00	1031.00	1030.50	1029.50	1028.50	1027.50	1026.00	1026.00	1024.50	1023.00	1021.50	1020.50	1019.50	1018.00	1016.50	1015.00	1014.00	1012.00	1010.50	1009.00	1007.50	1006.50	1005.00	1004.00	1002.50	1001.00	999.50	998.00	996.50	995.00	993.50	992.00	990.00	988.50	987.50	985.50	984.50	983.50	982.00	980.50	979.50	978.00	976.50	975.50	974.00	973.00	972.00	971.00	970.00	969.50	968.50	966.00	964.50	962.00	961.00	958.00	955.00	952.50	950.00	948.00	945.00	942.50	940.00	938.00	936.50	935.50	934.00	932.50	932.00	931.00	931.00	930.50	931.00	932.50	933.00	933.50	934.00	935.50	936.00	938.00	939.50	940.50	944.00	946.00	948.00	951.00	952.50	953.50	955.00	956.50	958.00	960.00	961.00	961.50	962.00	962.00	962.00	962.00	962.00	962.00	962.00	962.00	962.00	962.50	963.00	963.50	964.00	964.00	965.00	965.00	966.00	966.50	967.00	968.00	969.50	970.50	972.00	972.00	973.50	974.00	975.50	976.50	977.50	978.00	979.50	981.00	982.00	982.50	983.50	984.50	985.00	985.50	986.00	987.00	987.50	988.00	989.00	989.00	989.00	990.00	990.50	991.00	992.00	992.50	993.00	994.00	994.50	996.00	996.00	997.00	997.00	997.00	996.50	996.00	995.00	995.00	994.00	993.00	992.50	992.00	992.00	991.50	991.00	992.00	992.00	993.00	993.00	994.00	994.00	994.50	995.00	996.00	997.00	997.00	997.00	997.00	996.50	996.00	995.50	995.00	994.00	993.50	993.00	992.50	992.50	993.00	993.00	993.00	993.00	993.00	993.50	993.50	993.00	993.00	993.00	993.00	993.50	994.00	994.00	994.00	994.00	995.00	995.00	995.00	995.00	995.50	996.00	996.00	997.00	997.50	998.00	999.00	999.50	1000.50	1001.50	1002.50	1003.50	1004.00	1005.00	1008.00	1009.00	1011.50	1013.00	1014.50	1016.50	1017.50	1019.00	1020.00	1020.50	1021.50	1022.50	1023.00	1023.50	1024.00	1025.50	1027.00	1028.00	1029.00	1029.50	1030.50	1031.50	1032.00	1033.00	1033.50	1034.00	1034.00	1034.00	1034.00	1033.00	1032.00	1030.50	1029.00
1036.50	1035.00	1034.50	1033.00	1032.00	1031.00	1030.50	1029.50	1028.50	1027.50	1026.00	1026.00	1024.50	1023.00	1021.50	1020.50	1019.50	1018.00	1016.50	1015.00	1014.00	1012.00	1010.50	1009.00	1007.50	1006.50	1005.00	1004.00	1002.50	1001.00	999.50	998.00	996.50	995.00	993.50	992.00	990.00	988.50	987.50	985.50	984.50	983.50	982.00	980.50	979.50	978.00	976.50	975.50	974.00	973.00	972.00	971.00	970.00	969.50	968.50	966.00	964.50	962.00	961.00	958.00	955.00	952.50	950.00	948.00	945.00	942.50	940.00	938.00	936.50	935.50	934.00	932.50	932.00	931.00	931.00	930.50	931.00	932.50	933.00	933.50	934.00	935.50	936.00	938.00	939.50	940.50	944.00	946.00	948.00	951.00	952.50	953.50	955.00	956.50	958.00	960.00	961.00	961.50	962.00	962.00	962.00	962.00	962.00	962.00	962.00	962.00	962.00	962.50	963.00	963.50	964.00	964.00	965.00	965.00	966.00	966.50	967.00	968.00	969.50	970.50	972.00	972.00	973.50	974.00	975.50	976.50	977.50	978.00	979.50	981.00	982.00	982.50	983.50	984.50	985.00	985.50	986.00	987.00	987.50	988.00	989.00	989.00	989.00	990.00	990.50	991.00	992.00	992.50	993.00	994.00	994.50	996.00	996.00	997.00	997.00	997.00	996.50	996.00	995.00	995.00	994.00	993.00	992.50	992.00	992.00	991.50	991.00	992.00	992.00	993.00	993.00	994.00	994.00	994.50	995.00	996.00	997.00	997.00	997.00	997.00	996.50	996.00	995.50	995.00	994.00	993.50	993.00	992.50	992.50	993.00	993.00	993.00	993.00	993.00	993.50	993.50	993.00	993.00	993.00	993.00	993.50	994.00	994.00	994.00	994.00	995.00	995.00	995.00	995.00	995.50	996.00	996.00	997.00	997.50	998.00	999.00	999.50	1000.50	1001.50	1002.50	1003.50	1004.00	1005.00	1008.00	1009.00	1011.50	1013.00	1014.50	1016.50	1017.50	1019.00	1020.00	1020.50	1021.50	1022.50	1023.00	1023.50	1024.00	1025.50	1027.00	1028.00	1029.00	1029.50	1030.50	1031.50	1032.00	1033.00	1033.50	1034.00	1034.00	1034.00	1034.00	1033.00	1032.00	1030.50	1029.00
1036.50	1035.00	1034.50	1033.00	1032.00	1031.00	1030.50	1029.50	1028.50	1027.50	1026.00	1026.00	1024.50	1023.00	1021.50	1020.50	1019.50	1018.00	1016.50	1015.00	1014.00	1012.00	1010.50	1009.00	1007.50	1006.50	1005.00	1004.00	1002.50	1001.00	999.50	998.00	996.50	995.00	993.50	992.00	990.00	988.50	987.50	985.50	984.50	983.50	982.00	980.50	979.50	978.00	976.50	975.50	974.00	973.00	972.00	971.00	970.00	969.50	968.50	966.00	964.50	962.00	961.00	958.00	955.00	952.50	950.00	948.00	945.00	942.50	940.00	938.00	936.50	935.50	934.00	932.50	932.00	931.00	931.00	930.50	931.00	932.50	933.00	933.50	934.00	935.50	936.00	938.00	939.50	940.50	944.00	946.00	948.00	951.00	952.50	953.50	955.00	956.50	958.00	960.00	961.00	961.50	962.00	962.00	962.00	962.00	962.00	962.00	962.00	962.00	962.00	962.50	963.00	963.50	964.00	964.00	965.00	965.00	966.00	966.50	967.00	968.00	969.50	970.50	972.00	972.00	973.50	974.00	975.50	976.50	977.50	978.00	979.50	981.00	982.00	982.50	983.50	984.50	985.00	985.50	986.00	987.00	987.50	988.00	989.00	989.00	989.00	990.00	990.50	991.00	992.00	992.50	993.00	994.00	994.50	996.00	996.00	997.00	997.00	997.00	996.50	996.00	995.00	995.00	994.00	993.00	992.50	992.00	992.00	991.50	991.00	992.00	992.00	993.00	993.00	994.00	994.00	994.50	995.00	996.00	997.00	997.00	997.00	997.00	996.50	996.00	995.50	995.00	994.00	993.50	993.00	992.50	992.50	993.00	993.00	993.00	993.00	993.00	993.50	993.50	993.00	993.00	993.00	993.00	993.50	994.00	994.00	994.00	994.00	995.00	995.00	995.00	995.00	995.50	996.00	996.00	997.00	997.50	998.00	999.00	999.50	1000.50	1001.50	1002.50	1003.50	1004.00	1005.00	1008.00	1009.00	1011.50	1013.00	1014.50	1016.50	1017.50	1019.00	1020.00	1020.50	1021.50	1022.50	1023.00	1023.50	1024.00	1025.50	1027.00	1028.00	1029.00	1029.50	1030.50	1031.50	1032.00	1033.00	1033.50	1034.00	1034.00	1034.00	1034.00	1033.00	1032.00	1030.50	1029.00
1039.00	1037.50	1037.00	1035.50	1034.50	1033.25	1032.75	1031.75	1030.75	1030.00	1028.50	1028.50	1027.00	1025.50	1024.00	1023.25	1022.50	1021.00	1019.50	1017.50	1016.50	1014.50	1013.00	1011.50	1010.00	1009.00	1007.50	1006.50	1005.00	1003.50	1002.00	1000.75	999.50	998.00	996.25	994.50	993.00	991.50	990.50	988.50	987.50	986.50	985.00	983.50	982.50	981.00	979.50	978.50	977.00	976.00	975.00	974.00	972.75	972.00	971.00	968.75	967.50	965.50	964.00	961.50	958.50	956.00	953.50	951.50	948.50	946.25	943.50	941.50	940.00	939.00	937.50	936.25	935.75	935.00	935.00	934.50	935.50	936.75	937.25	938.00	938.50	939.75	940.50	942.00	943.50	944.75	948.25	950.00	952.00	955.00	956.50	957.25	958.50	960.00	961.25	963.00	964.00	964.75	965.00	965.00	965.00	965.00	965.00	964.75	964.50	964.50	964.00	964.25	964.50	965.00	965.50	965.50	966.50	966.50	967.50	968.00	968.75	969.75	971.00	972.00	973.50	974.00	975.50	976.50	977.75	978.50	979.50	980.50	981.75	983.00	984.00	984.50	985.50	986.75	987.25	987.75	988.50	989.00	989.50	990.00	991.00	991.25	991.50	992.50	993.00	993.50	994.50	995.00	995.75	996.50	997.00	998.00	998.50	998.75	998.50	998.50	998.00	997.50	997.00	996.50	996.00	995.50	994.75	994.50	994.75	994.75	994.50	995.00	995.50	996.25	996.50	997.25	997.50	997.75	998.00	999.00	999.50	999.50	999.00	998.75	998.25	997.75	997.00	996.50	995.50	995.25	995.00	994.25	994.25	995.00	995.00	995.00	995.00	995.00	995.25	995.25	995.50	995.50	995.50	995.50	996.25	996.50	996.75	997.00	997.00	998.00	998.00	998.50	999.00	999.50	1000.25	1000.50	1001.75	1002.25	1003.00	1004.00	1004.50	1005.50	1006.50	1007.50	1008.50	1009.50	1010.50	1013.00	1014.00	1016.00	1017.25	1018.25	1019.50	1020.25	1021.00	1022.00	1022.25	1023.00	1024.50	1025.00	1025.50	1026.50	1028.00	1029.50	1030.50	1031.50	1032.00	1033.25	1034.00	1034.50	1035.00	1035.75	1036.00	1036.00	1036.00	1035.75	1034.50	1033.50	1031.75	1029.50
1041.50	1040.00	1039.50	1038.00	1037.00	1035.50	1035.00	1034.00	1033.00	1032.50	1031.00	1031.00	1029.50	1028.00	1026.50	1026.00	1025.50	1024.00	1022.50	1020.00	1019.00	1017.00	1015.50	1014.00	1012.50	1011.50	1010.00	1009.00	1007.50	1006.00	1004.50	1003.50	1002.50	1001.00	999.00	997.00	996.00	994.50	993.50	991.50	990.50	989.50	988.00	986.50	985.50	984.00	982.50	981.50	980.00	979.00	978.00	977.00	975.50	974.50	973.50	971.50	970.50	969.00	967.00	965.00	962.00	959.50	957.00	955.00	952.00	950.00	947.00	945.00	943.50	942.50	941.00	940.00	939.50	939.00	939.00	938.50	940.00	941.00	941.50	942.50	943.00	944.00	945.00	946.00	947.50	949.00	952.50	954.00	956.00	959.00	960.50	961.00	962.00	963.50	964.50	966.00	967.00	968.00	968.00	968.00	968.00	968.00	968.00	967.50	967.00	967.00	966.00	966.00	966.00	966.50	967.00	967.00	968.00	968.00	969.00	969.50	970.50	971.50	972.50	973.50	975.00	976.00	977.50	979.00	980.00	980.50	981.50	983.00	984.00	985.00	986.00	986.50	987.50	989.00	989.50	990.00	991.00	991.00	991.50	992.00	993.00	993.50	994.00	995.00	995.50	996.00	997.00	997.50	998.50	999.00	999.50	1000.00	1001.00	1000.50	1000.00	1000.00	999.50	999.00	999.00	998.00	998.00	998.00	997.00	997.00	997.50	998.00	998.00	998.00	999.00	999.50	1000.00	1000.50	1001.00	1001.00	1001.00	1002.00	1002.00	1002.00	1001.00	1000.50	1000.00	999.50	998.50	998.00	997.00	997.00	997.00	996.00	996.00	997.00	997.00	997.00	997.00	997.00	997.00	997.00	998.00	998.00	998.00	998.00	999.00	999.00	999.50	1000.00	1000.00	1001.00	1001.00	1002.00	1003.00	1003.50	1004.50	1005.00	1006.50	1007.00	1008.00	1009.00	1009.50	1010.50	1011.50	1012.50	1013.50	1015.00	1016.00	1018.00	1019.00	1020.50	1021.50	1022.00	1022.50	1023.00	1023.00	1024.00	1024.00	1024.50	1026.50	1027.00	1027.50	1029.00	1030.50	1032.00	1033.00	1034.00	1034.50	1036.00	1036.50	1037.00	1037.00	1038.00	1038.00	1038.00	1038.00	1037.50	1036.00	1035.00	1033.00	1030.00
1041.50	1040.00	1039.50	1038.00	1037.00	1035.50	1035.00	1034.00	1033.00	1032.50	1031.00	1031.00	1029.50	1028.00	1026.50	1026.00	1025.50	1024.00	1022.50	1020.00	1019.00	1017.00	1015.50	1014.00	1012.50	1011.50	1010.00	1009.00	1007.50	1006.00	1004.50	1003.50	1002.50	1001.00	999.00	997.00	996.00	994.50	993.50	991.50	990.50	989.50	988.00	986.50	985.50	984.00	982.50	981.50	980.00	979.00	978.00	977.00	975.50	974.50	973.50	971.50	970.50	969.00	967.00	965.00	962.00	959.50	957.00	955.00	952.00	950.00	947.00	945.00	943.50	942.50	941.00	940.00	939.50	939.00	939.00	938.50	940.00	941.00	941.50	942.50	943.00	944.00	945.00	946.00	947.50	949.00	952.50	954.00	956.00	959.00	960.50	961.00	962.00	963.50	964.50	966.00	967.00	968.00	968.00	968.00	968.00	968.00	968.00	967.50	967.00	967.00	966.00	966.00	966.00	966.50	967.00	967.00	968.00	968.00	969.00	969.50	970.50	971.50	972.50	973.50	975.00	976.00	977.50	979.00	980.00	980.50	981.50	983.00	984.00	985.00	986.00	986.50	987.50	989.00	989.50	990.00	991.00	991.00	991.50	992.00	993.00	993.50	994.00	995.00	995.50	996.00	997.00	997.50	998.50	999.00	999.50	1000.00	1001.00	1000.50	1000.00	1000.00	999.50	999.00	999.00	998.00	998.00	998.00	997.00	997.00	997.50	998.00	998.00	998.00	999.00	999.50	1000.00	1000.50	1001.00	1001.00	1001.00	1002.00	1002.00	1002.00	1001.00	1000.50	1000.00	999.50	998.50	998.00	997.00	997.00	997.00	996.00	996.00	997.00	997.00	997.00	997.00	997.00	997.00	997.00	998.00	998.00	998.00	998.00	999.00	999.00	999.50	1000.00	1000.00	1001.00	1001.00	1002.00	1003.00	1003.50	1004.50	1005.00	1006.50	1007.00	1008.00	1009.00	1009.50	1010.50	1011.50	1012.50	1013.50	1015.00	1016.00	1018.00	1019.00	1020.50	1021.50	1022.00	1022.50	1023.00	1023.00	1024.00	1024.00	1024.50	1026.50	1027.00	1027.50	1029.00	1030.50	1032.00	1033.00	1034.00	1034.50	1036.00	1036.50	1037.00	1037.00	1038.00	1038.00	1038.00	1038.00	1037.50	1036.00	1035.00	1033.00	1030.00
1041.50	1040.00	1039.50	1038.00	1037.00	1035.50	1035.00	1034.00	1033.00	1032.50	1031.00	1031.00	1029.50	1028.00	1026.50	1026.00	1025.50	1024.00	1022.50	1020.00	1019.00	1017.00	1015.50	1014.00	1012.50	1011.50	1010.00	1009.00	1007.50	1006.00	1004.50	1003.50	1002.50	1001.00	999.00	997.00	996.00	994.50	993.50	991.50	990.50	989.50	988.00	986.50	985.50	984.00	982.50	981.50	980.00	979.00	978.00	977.00	975.50	974.50	973.50	971.50	970.50	969.00	967.00	965.00	962.00	959.50	957.00	955.00	952.00	950.00	947.00	945.00	943.50	942.50	941.00	940.00	939.50	939.00	939.00	938.50	940.00	941.00	941.50	942.50	943.00	944.00	945.00	946.00	947.50	949.00	952.50	954.00	956.00	959.00	960.50	961.00	962.00	963.50	964.50	966.00	967.00	968.00	968.00	968.00	968.00	968.00	968.00	967.50	967.00	967.00	966.00	966.00	966.00	966.50	967.00	967.00	968.00	968.00	969.00	969.50	970.50	971.50	972.50	973.50	975.00	976.00	977.50	979.00	980.00	980.50	981.50	983.00	984.00	985.00	986.00	986.50	987.50	989.00	989.50	990.00	991.00	991.00	991.50	992.00	993.00	993.50	994.00	995.00	995.50	996.00	997.00	997.50	998.50	999.00	999.50	1000.00	1001.00	1000.50	1000.00	1000.00	999.50	999.00	999.00	998.00	998.00	998.00	997.00	997.00	997.50	998.00	998.00	998.00	999.00	999.50	1000.00	1000.50	1001.00	1001.00	1001.00	1002.00	1002.00	1002.00	1001.00	1000.50	1000.00	999.50	998.50	998.00	997.00	997.00	997.00	996.00	996.00	997.00	997.00	997.00	997.00	997.00	997.00	997.00	998.00	998.00	998.00	998.00	999.00	999.00	999.50	1000.00	1000.00	1001.00	1001.00	1002.00	1003.00	1003.50	1004.50	1005.00	1006.50	1007.00	1008.00	1009.00	1009.50	1010.50	1011.50	1012.50	1013.50	1015.00	1016.00	1018.00	1019.00	1020.50	1021.50	1022.00	1022.50	1023.00	1023.00	1024.00	1024.00	1024.50	1026.50	1027.00	1027.50	1029.00	1030.50	1032.00	1033.00	1034.00	1034.50	1036.00	1036.50	1037.00	1037.00	1038.00	1038.00	1038.00	1038.00	1037.50	1036.00	1035.00	1033.00	1030.00
1041.50	1040.00	1039.50	1038.00	1037.00	1035.50	1035.00	1034.00	1033.00	1032.50	1031.00	1031.00	1029.50	1028.00	1026.50	1026.00	1025.50	1024.00	1022.50	1020.00	1019.00	1017.00	1015.50	1014.00	1012.50	1011.50	1010.00	1009.00	1007.50	1006.00	1004.50	1003.50	1002.50	1001.00	999.00	997.00	996.00	994.50	993.50	991.50	990.50	989.50	988.00	986.50	985.50	984.00	982.50	981.50	980.00	979.00	978.00	977.00	975.50	974.50	973.50	971.50	970.50	969.00	967.00	965.00	962.00	959.50	957.00	955.00	952.00	950.00	947.00	945.00	943.50	942.50	941.00	940.00	939.50	939.00	939.00	938.50	940.00	941.00	941.50	942.50	943.00	944.00	945.00	946.00	947.50	949.00	952.50	954.00	956.00	959.00	960.50	961.00	962.00	963.50	964.50	966.00	967.00	968.00	968.00	968.00	968.00	968.00	968.00	967.50	967.00	967.00	966.00	966.00	966.00	966.50	967.00	967.00	968.00	968.00	969.00	969.50	970.50	971.50	972.50	973.50	975.00	976.00	977.50	979.00	980.00	980.50	981.50	983.00	984.00	985.00	986.00	986.50	987.50	989.00	989.50	990.00	991.00	991.00	991.50	992.00	993.00	993.50	994.00	995.00	995.50	996.00	997.00	997.50	998.50	999.00	999.50	1000.00	1001.00	1000.50	1000.00	1000.00	999.50	999.00	999.00	998.00	998.00	998.00	997.00	997.00	997.50	998.00	998.00	998.00	999.00	999.50	1000.00	1000.50	1001.00	1001.00	1001.00	1002.00	1002.00	1002.00	1001.00	1000.50	1000.00	999.50	998.50	998.00	997.00	997.00	997.00	996.00	996.00	997.00	997.00	997.00	997.00	997.00	997.00	997.00	998.00	998.00	998.00	998.00	999.00	999.00	999.50	1000.00	1000.00	1001.00	1001.00	1002.00	1003.00	1003.50	1004.50	1005.00	1006.50	1007.00	1008.00	1009.00	1009.50	1010.50	1011.50	1012.50	1013.50	1015.00	1016.00	1018.00	1019.00	1020.50	1021.50	1022.00	1022.50	1023.00	1023.00	1024.00	1024.00	1024.50	1026.50	1027.00	1027.50	1029.00	1030.50	1032.00	1033.00	1034.00	1034.50	1036.00	1036.50	1037.00	1037.00	1038.00	1038.00	1038.00	1038.00	1037.50	1036.00	1035.00	1033.00	1030.00
1041.50	1040.00	1039.50	1038.00	1037.00	1035.50	1035.00	1034.00	1033.00	1032.50	1031.00	1031.00	1029.50	1028.00	1026.50	1026.00	1025.50	1024.00	1022.50	1020.00	1019.00	1017.00	1015.50	1014.00	1012.50	1011.50	1010.00	1009.00	1007.50	1006.00	1004.50	1003.50	1002.50	1001.00	999.00	997.00	996.00	994.50	993.50	991.50	990.50	989.50	988.00	986.50	985.50	984.00	982.50	981.50	980.00	979.00	978.00	977.00	975.50	974.50	973.50	971.50	970.50	969.00	967.00	965.00	962.00	959.50	957.00	955.00	952.00	950.00	947.00	945.00	943.50	942.50	941.00	940.00	939.50	939.00	939.00	938.50	940.00	941.00	941.50	942.50	943.00	944.00	945.00	946.00	947.50	949.00	952.50	954.00	956.00	959.00	960.50	961.00	962.00	963.50	964.50	966.00	967.00	968.00	968.00	968.00	968.00	968.00	968.00	967.50	967.00	967.00	966.00	966.00	966.00	966.50	967.00	967.00	968.00	968.00	969.00	969.50	970.50	971.50	972.50	973.50	975.00	976.00	977.50	979.00	980.00	980.50	981.50	983.00	984.00	985.00	986.00	986.50	987.50	989.00	989.50	990.00	991.00	991.00	991.50	992.00	993.00	993.50	994.00	995.00	995.50	996.00	997.00	997.50	998.50	999.00	999.50	1000.00	1001.00	1000.50	1000.00	1000.00	999.50	999.00	999.00	998.00	998.00	998.00	997.00	997.00	997.50	998.00	998.00	998.00	999.00	999.50	1000.00	1000.50	1001.00	1001.00	1001.00	1002.00	1002.00	1002.00	1001.00	1000.50	1000.00	999.50	998.50	998.00	997.00	997.00	997.00	996.00	996.00	997.00	997.00	997.00	997.00	997.00	997.00	997.00	998.00	998.00	998.00	998.00	999.00	999.00	999.50	1000.00	1000.00	1001.00	1001.00	1002.00	1003.00	1003.50	1004.50	1005.00	1006.50	1007.00	1008.00	1009.00	1009.50	1010.50	1011.50	1012.50	1013.50	1015.00	1016.00	1018.00	1019.00	1020.50	1021.50	1022.00	1022.50	1023.00	1023.00	1024.00	1024.00	1024.50	1026.50	1027.00	1027.50	1029.00	1030.50	1032.00	1033.00	1034.00	1034.50	1036.00	1036.50	1037.00	1037.00	1038.00	1038.00	1038.00	1038.00	1037.50	1036.00	1035.00	1033.00	1030.00
1043.50	1042.00	1041.50	1040.00	1039.00	1038.00	1037.25	1036.25	1035.50	1035.00	1033.50	1033.50	1032.00	1031.00	1029.50	1028.75	1028.00	1026.50	1025.25	1023.00	1022.00	1019.75	1018.50	1017.00	1015.50	1014.50	1013.00	1012.00	1010.50	1009.50	1008.00	1007.00	1006.00	1004.00	1002.00	1000.00	999.00	997.00	996.00	993.50	992.50	991.50	990.00	988.50	987.50	986.00	984.75	984.00	982.50	981.50	980.50	979.50	978.50	977.50	976.50	974.75	974.00	972.00	970.50	968.50	966.00	963.25	961.25	959.50	956.50	954.50	952.00	950.00	948.50	947.50	946.00	945.00	944.75	944.50	944.50	944.25	945.50	946.25	947.00	948.00	949.00	950.00	951.00	952.00	953.00	954.25	957.00	958.50	960.25	962.50	963.50	964.25	965.50	966.75	967.50	969.00	969.50	970.50	970.50	970.25	970.00	970.00	969.75	969.25	969.00	968.50	968.00	968.00	968.00	968.25	968.50	968.50	969.00	969.50	970.00	970.75	971.50	972.75	974.00	975.00	977.00	978.00	979.50	981.00	982.25	983.00	984.00	985.50	986.25	987.00	988.00	988.75	989.50	991.25	991.75	992.25	993.00	993.50	994.00	994.50	995.50	996.00	996.50	997.50	998.00	998.50	999.50	1000.00	1000.75	1001.00	1001.50	1002.00	1002.50	1001.75	1001.25	1001.00	1000.50	1000.00	999.50	999.00	999.00	999.00	998.50	998.75	999.25	999.75	1000.00	1000.50	1001.50	1002.00	1002.50	1003.25	1003.50	1003.50	1003.50	1004.00	1004.00	1004.00	1003.00	1002.50	1001.75	1001.25	1000.50	1000.00	999.00	999.00	999.00	998.50	998.50	998.50	998.50	998.50	999.00	999.00	999.00	999.00	999.50	999.75	1000.00	1000.50	1001.25	1001.50	1002.25	1002.50	1002.75	1004.00	1004.50	1005.50	1006.50	1007.50	1008.25	1008.75	1010.50	1011.25	1012.00	1013.00	1014.00	1015.00	1016.00	1017.00	1018.00	1019.50	1020.50	1021.50	1022.00	1022.75	1023.25	1023.50	1024.00	1024.50	1024.50	1025.00	1025.25	1025.75	1027.50	1028.25	1029.00	1030.50	1032.00	1033.50	1034.50	1035.75	1036.50	1037.75	1038.25	1038.75	1039.00	1040.00	1040.00	1040.00	1039.75	1039.00	1038.00	1037.00	1035.25	1032.50
1045.50	1044.00	1043.50	1042.00	1041.00	1040.50	1039.50	1038.50	1038.00	1037.50	1036.00	1036.00	1034.50	1034.00	1032.50	1031.50	1030.50	1029.00	1028.00	1026.00	1025.00	1022.50	1021.50	1020.00	1018.50	1017.50	1016.00	1015.00	1013.50	1013.00	1011.50	1010.50	1009.50	1007.00	1005.00	1003.00	1002.00	999.50	998.50	995.50	994.50	993.50	992.00	990.50	989.50	988.00	987.00	986.50	985.00	984.00	983.00	982.00	981.50	980.50	979.50	978.00	977.50	975.00	974.00	972.00	970.00	967.00	965.50	964.00	961.00	959.00	957.00	955.00	953.50	952.50	951.00	950.00	950.00	950.00	950.00	950.00	951.00	951.50	952.50	953.50	955.00	956.00	957.00	958.00	958.50	959.50	961.50	963.00	964.50	966.00	966.50	967.50	969.00	970.00	970.50	972.00	972.00	973.00	973.00	972.50	972.00	972.00	971.50	971.00	971.00	970.00	970.00	970.00	970.00	970.00	970.00	970.00	970.00	971.00	971.00	972.00	972.50	974.00	975.50	976.50	979.00	980.00	981.50	983.00	984.50	985.50	986.50	988.00	988.50	989.00	990.00	991.00	991.50	993.50	994.00	994.50	995.00	996.00	996.50	997.00	998.00	998.50	999.00	1000.00	1000.50	1001.00	1002.00	1002.50	1003.00	1003.00	1003.50	1004.00	1004.00	1003.00	1002.50	1002.00	1001.50	1001.00	1000.00	1000.00	1000.00	1000.00	1000.00	1000.50	1001.00	1001.50	1002.00	1003.00	1004.00	1004.50	1005.00	1006.00	1006.00	1006.00	1006.00	1006.00	1006.00	1006.00	1005.00	1004.50	1003.50	1003.00	1002.50	1002.00	1001.00	1001.00	1001.00	1001.00	1001.00	1000.00	1000.00	1000.00	1001.00	1001.00	1001.00	1001.00	1001.00	1001.50	1002.00	1003.00	1003.50	1004.00	1005.00	1005.00	1005.50	1007.00	1008.00	1009.00	1010.00	1011.50	1012.00	1012.50	1014.50	1015.50	1016.00	1017.00	1018.50	1019.50	1020.50	1021.50	1022.50	1024.00	1025.00	1025.00	1025.00	1025.00	1025.00	1025.00	1025.50	1026.00	1026.00	1026.00	1026.50	1027.00	1028.50	1029.50	1030.50	1032.00	1033.50	1035.00	1036.00	1037.50	1038.50	1039.50	1040.00	1040.50	1041.00	1042.00	1042.00	1042.00	1041.50	1040.50	1040.00	1039.00	1037.50	1035.00
1045.50	1044.00	1043.50	1042.00	1041.00	1040.50	1039.50	1038.50	1038.00	1037.50	1036.00	1036.00	1034.50	1034.00	1032.50	1031.50	1030.50	1029.00	1028.00	1026.00	1025.00	1022.50	1021.50	1020.00	1018.50	1017.50	1016.00	1015.00	1013.50	1013.00	1011.50	1010.50	1009.50	1007.00	1005.00	1003.00	1002.00	999.50	998.50	995.50	994.50	993.50	992.00	990.50	989.50	988.00	987.00	986.50	985.00	984.00	983.00	982.00	981.50	980.50	979.50	978.00	977.50	975.00	974.00	972.00	970.00	967.00	965.50	964.00	961.00	959.00	957.00	955.00	953.50	952.50	951.00	950.00	950.00	950.00	950.00	950.00	951.00	951.50	952.50	953.50	955.00	956.00	957.00	958.00	958.50	959.50	961.50	963.00	964.50	966.00	966.50	967.50	969.00	970.00	970.50	972.00	972.00	973.00	973.00	972.50	972.00	972.00	971.50	971.00	971.00	970.00	970.00	970.00	970.00	970.00	970.00	970.00	970.00	971.00	971.00	972.00	972.50	974.00	975.50	976.50	979.00	980.00	981.50	983.00	984.50	985.50	986.50	988.00	988.50	989.00	990.00	991.00	991.50	993.50	994.00	994.50	995.00	996.00	996.50	997.00	998.00	998.50	999.00	1000.00	1000.50	1001.00	1002.00	1002.50	1003.00	1003.00	1003.50	1004.00	1004.00	1003.00	1002.50	1002.00	1001.50	1001.00	1000.00	1000.00	1000.00	1000.00	1000.00	1000.50	1001.00	1001.50	1002.00	1003.00	1004.00	1004.50	1005.00	1006.00	1006.00	1006.00	1006.00	1006.00	1006.00	1006.00	1005.00	1004.50	1003.50	1003.00	1002.50	1002.00	1001.00	1001.00	1001.00	1001.00	1001.00	1000.00	1000.00	1000.00	1001.00	1001.00	1001.00	1001.00	1001.00	1001.50	1002.00	1003.00	1003.50	1004.00	1005.00	1005.00	1005.50	1007.00	1008.00	1009.00	1010.00	1011.50	1012.00	1012.50	1014.50	1015.50	1016.00	1017.00	1018.50	1019.50	1020.50	1021.50	1022.50	1024.00	1025.00	1025.00	1025.00	1025.00	1025.00	1025.00	1025.50	1026.00	1026.00	1026.00	1026.50	1027.00	1028.50	1029.50	1030.50	1032.00	1033.50	1035.00	1036.00	1037.50	1038.50	1039.50	1040.00	1040.50	1041.00	1042.00	1042.00	1042.00	1041.50	1040.50	1040.00	1039.00	1037.50	1035.00
1045.50	1044.00	1043.50	1042.00	1041.00	1040.50	1039.50	1038.50	1038.00	1037.50	1036.00	1036.00	1034.50	1034.00	1032.50	1031.50	1030.50	1029.00	1028.00	1026.00	1025.00	1022.50	1021.50	1020.00	1018.50	1017.50	1016.00	1015.00	1013.50	1013.00	1011.50	1010.50	1009.50	1007.00	1005.00	1003.00	1002.00	999.50	998.50	995.50	994.50	993.50	992.00	990.50	989.50	988.00	987.00	986.50	985.00	984.00	983.00	982.00	981.50	980.50	979.50	978.00	977.50	975.00	974.00	972.00	970.00	967.00	965.50	964.00	961.00	959.00	957.00	955.00	953.50	952.50	951.00	950.00	950.00	950.00	950.00	950.00	951.00	951.50	952.50	953.50	955.00	956.00	957.00	958.00	958.50	959.50	961.50	963.00	964.50	966.00	966.50	967.50	969.00	970.00	970.50	972.00	972.00	973.00	973.00	972.50	972.00	972.00	971.50	971.00	971.00	970.00	970.00	970.00	970.00	970.00	970.00	970.00	970.00	971.00	971.00	972.00	972.50	974.00	975.50	976.50	979.00	980.00	981.50	983.00	984.50	985.50	986.50	988.00	988.50	989.00	990.00	991.00	991.50	993.50	994.00	994.50	995.00	996.00	996.50	997.00	998.00	998.50	999.00	1000.00	1000.50	1001.00	1002.00	1002.50	1003.00	1003.00	1003.50	1004.00	1004.00	1003.00	1002.50	1002.00	1001.50	1001.00	1000.00	1000.00	1000.00	1000.00	1000.00	1000.50	1001.00	1001.50	1002.00	1003.00	1004.00	1004.50	1005.00	1006.00	1006.00	1006.00	1006.00	1006.00	1006.00	1006.00	1005.00	1004.50	1003.50	1003.00	1002.50	1002.00	1001.00	1001.00	1001.00	1001.00	1001.00	1000.00	1000.00	1000.00	1001.00	1001.00	1001.00	1001.00	1001.00	1001.50	1002.00	1003.00	1003.50	1004.00	1005.00	1005.00	1005.50	1007.00	1008.00	1009.00	1010.00	1011.50	1012.00	1012.50	1014.50	1015.50	1016.00	1017.00	1018.50	1019.50	1020.50	1021.50	1022.50	1024.00	1025.00	1025.00	1025.00	1025.00	1025.00	1025.00	1025.50	1026.00	1026.00	1026.00	1026.50	1027.00	1028.50	1029.50	1030.50	1032.00	1033.50	1035.00	1036.00	1037.50	1038.50	1039.50	1040.00	1040.50	1041.00	1042.00	1042.00	1042.00	1041.50	1040.50	1040.00	1039.00	1037.50	1035.00
1049.50	1049.00	1047.50	1046.00	1046.00	1045.00	1045.00	1044.50	1043.50	1043.00	1042.00	1041.00	1040.50	1040.00	1038.50	1037.50	1036.50	1035.00	1033.50	1032.00	1031.00	1028.50	1027.50	1026.00	1024.50	1023.50	1022.00	1022.00	1020.50	1019.00	1017.50	1016.50	1015.50	1013.00	1011.00	1009.00	1007.00	1004.50	1003.00	1000.00	998.50	997.50	995.00	994.50	993.50	992.00	991.00	990.50	989.00	988.00	987.00	987.00	986.50	986.00	985.50	984.00	983.50	982.00	980.00	978.50	977.00	975.00	973.50	972.50	970.00	968.50	967.00	966.00	964.50	963.50	962.50	962.00	962.00	962.00	963.00	963.00	963.00	963.00	963.50	964.50	966.00	967.00	967.00	968.00	968.50	969.00	970.50	971.50	972.00	972.00	972.50	973.00	973.00	974.50	975.00	976.00	976.00	976.00	976.00	976.00	976.00	975.50	975.00	974.50	974.00	974.00	973.00	973.00	972.50	972.00	972.00	973.00	973.00	973.00	974.00	975.00	975.50	977.00	978.50	979.50	982.00	983.00	984.50	986.00	987.50	988.50	989.50	991.00	991.50	993.00	994.00	995.00	995.50	997.50	998.00	998.50	999.00	1000.00	1000.50	1001.00	1002.00	1002.50	1003.00	1004.00	1004.50	1005.00	1006.00	1006.50	1007.00	1006.00	1005.50	1005.00	1004.00	1003.50	1003.00	1002.00	1002.00	1001.50	1001.00	1001.00	1000.00	1000.00	1000.00	1000.50	1001.00	1002.00	1003.00	1005.00	1006.00	1007.50	1008.00	1009.00	1009.50	1010.00	1010.00	1010.00	1010.00	1009.00	1008.50	1008.00	1007.50	1007.00	1007.00	1006.00	1006.00	1006.00	1005.00	1005.00	1004.50	1004.00	1003.00	1003.00	1003.00	1003.00	1003.00	1003.50	1004.00	1004.50	1005.00	1006.00	1006.50	1007.50	1009.50	1010.00	1010.50	1012.00	1013.00	1016.00	1016.00	1017.50	1018.50	1019.50	1021.50	1022.00	1023.00	1024.00	1025.50	1026.50	1028.00	1028.50	1029.00	1030.00	1030.00	1029.00	1029.00	1029.00	1028.50	1028.00	1028.00	1028.00	1028.00	1028.00	1028.50	1029.00	1030.50	1031.00	1031.50	1034.00	1035.50	1037.00	1038.00	1040.00	1041.50	1043.00	1043.50	1044.50	1045.00	1045.50	1046.00	1046.00	1046.00	1045.50	1045.00	1044.00	1043.50	1043.00
1049.50	1049.00	1047.50	1046.00	1046.00	1045.00	1045.00	1044.50	1043.50	1043.00	1042.00	1041.00	1040.50	1040.00	1038.50	1037.50	1036.50	1035.00	1033.50	1032.00	1031.00	1028.50	1027.50	1026.00	1024.50	1023.50	1022.00	1022.00	1020.50	1019.00	1017.50	1016.50	1015.50	1013.00	1011.00	1009.00	1007.00	1004.50	1003.00	1000.00	998.50	997.50	995.00	994.50	993.50	992.00	991.00	990.50	989.00	988.00	987.00	987.00	986.50	986.00	985.50	984.00	983.50	982.00	980.00	978.50	977.00	975.00	973.50	972.50	970.00	968.50	967.00	966.00	964.50	963.50	962.50	962.00	962.00	962.00	963.00	963.00	963.00	963.00	963.50	964.50	966.00	967.00	967.00	968.00	968.50	969.00	970.50	971.50	972.00	972.00	972.50	973.00	973.00	974.50	975.00	976.00	976.00	976.00	976.00	976.00	976.00	975.50	975.00	974.50	974.00	974.00	973.00	973.00	972.50	972.00	972.00	973.00	973.00	973.00	974.00	975.00	975.50	977.00	978.50	979.50	982.00	983.00	984.50	986.00	987.50	988.50	989.50	991.00	991.50	993.00	994.00	995.00	995.50	997.50	998.00	998.50	999.00	1000.00	1000.50	1001.00	1002.00	1002.50	1003.00	1004.00	1004.50	1005.00	1006.00	1006.50	1007.00	1006.00	1005.50	1005.00	1004.00	1003.50	1003.00	1002.00	1002.00	1001.50	1001.00	1001.00	1000.00	1000.00	1000.00	1000.50	1001.00	1002.00	1003.00	1005.00	1006.00	1007.50	1008.00	1009.00	1009.50	1010.00	1010.00	1010.00	1010.00	1009.00	1008.50	1008.00	1007.50	1007.00	1007.00	1006.00	1006.00	1006.00	1005.00	1005.00	1004.50	1004.00	1003.00	1003.00	1003.00	1003.00	1003.00	1003.50	1004.00	1004.50	1005.00	1006.00	1006.50	1007.50	1009.50	1010.00	1010.50	1012.00	1013.00	1016.00	1016.00	1017.50	1018.50	1019.50	1021.50	1022.00	1023.00	1024.00	1025.50	1026.50	1028.00	1028.50	1029.00	1030.00	1030.00	1029.00	1029.00	1029.00	1028.50	1028.00	1028.00	1028.00	1028.00	1028.00	1028.50	1029.00	1030.50	1031.00	1031.50	1034.00	1035.50	1037.00	1038.00	1040.00	1041.50	1043.00	1043.50	1044.50	1045.00	1045.50	1046.00	1046.00	1046.00	1045.50	1045.00	1044.00	1043.50	1043.00
1049.50	1049.00	1047.50	1046.00	1046.00	1045.00	1045.00	1044.50	1043.50	1043.00	1042.00	1041.00	1040.50	1040.00	1038.50	1037.50	1036.50	1035.00	1033.50	1032.00	1031.00	1028.50	1027.50	1026.00	1024.50	1023.50	1022.00	1022.00	1020.50	1019.00	1017.50	1016.50	1015.50	1013.00	1011.00	1009.00	1007.00	1004.50	1003.00	1000.00	998.50	997.50	995.00	994.50	993.50	992.00	991.00	990.50	989.00	988.00	987.00	987.00	986.50	986.00	985.50	984.00	983.50	982.00	980.00	978.50	977.00	975.00	973.50	972.50	970.00	968.50	967.00	966.00	964.50	963.50	962.50	962.00	962.00	962.00	963.00	963.00	963.00	963.00	963.50	964.50	966.00	967.00	967.00	968.00	968.50	969.00	970.50	971.50	972.00	972.00	972.50	973.00	973.00	974.50	975.00	976.00	976.00	976.00	976.00	976.00	976.00	975.50	975.00	974.50	974.00	974.00	973.00	973.00	972.50	972.00	972.00	973.00	973.00	973.00	974.00	975.00	975.50	977.00	978.50	979.50	982.00	983.00	984.50	986.00	987.50	988.50	989.50	991.00	991.50	993.00	994.00	995.00	995.50	997.50	998.00	998.50	999.00	1000.00	1000.50	1001.00	1002.00	1002.50	1003.00	1004.00	1004.50	1005.00	1006.00	1006.50	1007.00	1006.00	1005.50	1005.00	1004.00	1003.50	1003.00	1002.00	1002.00	1001.50	1001.00	1001.00	1000.00	1000.00	1000.00	1000.50	1001.00	1002.00	1003.00	1005.00	1006.00	1007.50	1008.00	1009.00	1009.50	1010.00	1010.00	1010.00	1010.00	1009.00	1008.50	1008.00	1007.50	1007.00	1007.00	1006.00	1006.00	1006.00	1005.00	1005.00	1004.50	1004.00	1003.00	1003.00	1003.00	1003.00	1003.00	1003.50	1004.00	1004.50	1005.00	1006.00	1006.50	1007.50	1009.50	1010.00	1010.50	1012.00	1013.00	1016.00	1016.00	1017.50	1018.50	1019.50	1021.50	1022.00	1023.00	1024.00	1025.50	1026.50	1028.00	1028.50	1029.00	1030.00	1030.00	1029.00	1029.00	1029.00	1028.50	1028.00	1028.00	1028.00	1028.00	1028.00	1028.50	1029.00	1030.50	1031.00	1031.50	1034.00	1035.50	1037.00	1038.00	1040.00	1041.50	1043.00	1043.50	1044.50	1045.00	1045.50	1046.00	1046.00	1046.00	1045.50	1045.00	1044.00	1043.50	1043.00
1055.50	1054.00	1053.50	1052.00	1052.00	1051.00	1050.50	1050.00	1049.50	1049.00	1048.00	1048.00	1046.50	1046.00	1044.50	1043.50	1042.50	1042.00	1039.50	1038.00	1037.00	1035.50	1034.50	1033.00	1032.00	1031.50	1030.00	1029.00	1027.50	1026.00	1024.50	1023.00	1021.50	1019.00	1016.50	1014.00	1012.00	1009.00	1007.50	1004.50	1003.00	1001.50	1000.00	998.50	997.50	996.00	995.50	995.00	994.00	994.00	993.00	993.00	992.50	992.00	991.50	990.00	989.50	988.00	987.00	985.50	984.00	982.50	981.50	980.50	979.00	977.50	977.00	976.00	974.50	974.00	973.50	972.50	972.00	972.00	972.00	972.50	973.00	973.50	974.50	975.00	976.00	976.00	977.00	977.00	977.50	978.00	979.00	979.50	979.50	979.00	979.00	979.00	979.00	979.00	979.50	980.00	980.00	979.50	979.00	979.00	979.00	979.00	978.50	978.00	978.00	977.00	977.00	977.00	976.50	976.50	977.00	977.00	977.00	978.00	979.00	979.50	980.00	981.00	982.50	983.00	985.00	986.00	987.50	989.00	990.50	991.50	992.50	994.00	994.50	995.00	996.00	997.50	998.50	999.50	1000.50	1001.50	1002.00	1003.50	1004.00	1005.00	1005.50	1006.00	1007.00	1007.00	1008.00	1008.00	1009.00	1009.00	1008.50	1007.50	1006.50	1006.00	1005.00	1004.00	1003.50	1002.50	1002.00	1001.50	1001.00	1001.00	1001.00	1001.00	1001.00	1001.50	1002.00	1003.50	1004.50	1007.00	1008.00	1009.50	1010.50	1012.50	1013.00	1013.00	1013.00	1013.00	1013.00	1012.00	1011.50	1011.00	1011.00	1011.00	1011.00	1010.00	1010.00	1009.00	1008.00	1007.00	1006.50	1005.00	1005.00	1004.00	1003.00	1003.00	1003.50	1004.00	1005.00	1005.50	1007.00	1008.00	1009.50	1010.50	1013.00	1014.50	1015.50	1017.00	1019.00	1021.00	1022.00	1023.00	1023.50	1024.50	1026.50	1027.50	1029.00	1030.00	1031.50	1032.50	1034.00	1034.50	1035.00	1036.00	1036.00	1035.00	1034.00	1034.00	1033.50	1033.00	1032.00	1032.00	1032.00	1032.00	1032.00	1032.50	1033.50	1034.00	1034.50	1037.00	1038.50	1040.00	1041.00	1043.50	1044.50	1046.50	1047.50	1048.50	1049.00	1049.00	1049.50	1050.00	1050.50	1051.00	1052.00	1052.00	1052.00	1052.00
1055.50	1054.00	1053.50	1052.00	1052.00	1051.00	1050.50	1050.00	1049.50	1049.00	1048.00	1048.00	1046.50	1046.00	1044.50	1043.50	1042.50	1042.00	1039.50	1038.00	1037.00	1035.50	1034.50	1033.00	1032.00	1031.50	1030.00	1029.00	1027.50	1026.00	1024.50	1023.00	1021.50	1019.00	1016.50	1014.00	1012.00	1009.00	1007.50	1004.50	1003.00	1001.50	1000.00	998.50	997.50	996.00	995.50	995.00	994.00	994.00	993.00	993.00	992.50	992.00	991.50	990.00	989.50	988.00	987.00	985.50	984.00	982.50	981.50	980.50	979.00	977.50	977.00	976.00	974.50	974.00	973.50	972.50	972.00	972.00	972.00	972.50	973.00	973.50	974.50	975.00	976.00	976.00	977.00	977.00	977.50	978.00	979.00	979.50	979.50	979.00	979.00	979.00	979.00	979.00	979.50	980.00	980.00	979.50	979.00	979.00	979.00	979.00	978.50	978.00	978.00	977.00	977.00	977.00	976.50	976.50	977.00	977.00	977.00	978.00	979.00	979.50	980.00	981.00	982.50	983.00	985.00	986.00	987.50	989.00	990.50	991.50	992.50	994.00	994.50	995.00	996.00	997.50	998.50	999.50	1000.50	1001.50	1002.00	1003.50	1004.00	1005.00	1005.50	1006.00	1007.00	1007.00	1008.00	1008.00	1009.00	1009.00	1008.50	1007.50	1006.50	1006.00	1005.00	1004.00	1003.50	1002.50	1002.00	1001.50	1001.00	1001.00	1001.00	1001.00	1001.00	1001.50	1002.00	1003.50	1004.50	1007.00	1008.00	1009.50	1010.50	1012.50	1013.00	1013.00	1013.00	1013.00	1013.00	1012.00	1011.50	1011.00	1011.00	1011.00	1011.00	1010.00	1010.00	1009.00	1008.00	1007.00	1006.50	1005.00	1005.00	1004.00	1003.00	1003.00	1003.50	1004.00	1005.00	1005.50	1007.00	1008.00	1009.50	1010.50	1013.00	1014.50	1015.50	1017.00	1019.00	1021.00	1022.00	1023.00	1023.50	1024.50	1026.50	1027.50	1029.00	1030.00	1031.50	1032.50	1034.00	1034.50	1035.00	1036.00	1036.00	1035.00	1034.00	1034.00	1033.50	1033.00	1032.00	1032.00	1032.00	1032.00	1032.00	1032.50	1033.50	1034.00	1034.50	1037.00	1038.50	1040.00	1041.00	1043.50	1044.50	1046.50	1047.50	1048.50	1049.00	1049.00	1049.50	1050.00	1050.50	1051.00	1052.00	1052.00	1052.00	1052.00
1055.50	1054.00	1053.50	1052.00	1052.00	1051.00	1050.50	1050.00	1049.50	1049.00	1048.00	1048.00	1046.50	1046.00	1044.50	1043.50	1042.50	1042.00	1039.50	1038.00	1037.00	1035.50	1034.50	1033.00	1032.00	1031.50	1030.00	1029.00	1027.50	1026.00	1024.50	1023.00	1021.50	1019.00	1016.50	1014.00	1012.00	1009.00	1007.50	1004.50	1003.00	1001.50	1000.00	998.50	997.50	996.00	995.50	995.00	994.00	994.00	993.00	993.00	992.50	992.00	991.50	990.00	989.50	988.00	987.00	985.50	984.00	982.50	981.50	980.50	979.00	977.50	977.00	976.00	974.50	974.00	973.50	972.50	972.00	972.00	972.00	972.50	973.00	973.50	974.50	975.00	976.00	976.00	977.00	977.00	977.50	978.00	979.00	979.50	979.50	979.00	979.00	979.00	979.00	979.00	979.50	980.00	980.00	979.50	979.00	979.00	979.00	979.00	978.50	978.00	978.00	977.00	977.00	977.00	976.50	976.50	977.00	977.00	977.00	978.00	979.00	979.50	980.00	981.00	982.50	983.00	985.00	986.00	987.50	989.00	990.50	991.50	992.50	994.00	994.50	995.00	996.00	997.50	998.50	999.50	1000.50	1001.50	1002.00	1003.50	1004.00	1005.00	1005.50	1006.00	1007.00	1007.00	1008.00	1008.00	1009.00	1009.00	1008.50	1007.50	1006.50	1006.00	1005.00	1004.00	1003.50	1002.50	1002.00	1001.50	1001.00	1001.00	1001.00	1001.00	1001.00	1001.50	1002.00	1003.50	1004.50	1007.00	1008.00	1009.50	1010.50	1012.50	1013.00	1013.00	1013.00	1013.00	1013.00	1012.00	1011.50	1011.00	1011.00	1011.00	1011.00	1010.00	1010.00	1009.00	1008.00	1007.00	1006.50	1005.00	1005.00	1004.00	1003.00	1003.00	1003.50	1004.00	1005.00	1005.50	1007.00	1008.00	1009.50	1010.50	1013.00	1014.50	1015.50	1017.00	1019.00	1021.00	1022.00	1023.00	1023.50	1024.50	1026.50	1027.50	1029.00	1030.00	1031.50	1032.50	1034.00	1034.50	1035.00	1036.00	1036.00	1035.00	1034.00	1034.00	1033.50	1033.00	1032.00	1032.00	1032.00	1032.00	1032.00	1032.50	1033.50	1034.00	1034.50	1037.00	1038.50	1040.00	1041.00	1043.50	1044.50	1046.50	1047.50	1048.50	1049.00	1049.00	1049.50	1050.00	1050.50	1051.00	1052.00	1052.00	1052.00	1052.00
1060.50	1059.00	1058.00	1056.50	1056.00	1055.25	1054.50	1053.75	1053.25	1052.75	1051.50	1051.50	1050.00	1049.00	1048.00	1047.00	1046.00	1045.00	1043.25	1042.00	1041.00	1039.50	1038.50	1037.00	1035.75	1035.00	1033.50	1032.50	1031.00	1029.50	1027.50	1026.25	1024.75	1022.00	1019.75	1017.00	1015.00	1012.00	1010.25	1007.25	1005.50	1004.00	1002.50	1001.00	1000.00	998.50	998.25	997.75	997.00	997.00	996.00	996.00	995.25	994.75	994.25	993.00	992.50	991.00	990.00	989.00	987.50	986.00	985.00	984.25	983.00	982.00	981.00	980.00	979.00	978.25	977.50	976.75	976.50	976.00	976.00	976.75	977.00	977.50	978.25	978.75	979.50	980.00	980.50	980.50	981.00	981.50	982.25	982.75	982.50	982.00	981.75	981.50	981.50	981.50	981.75	982.00	982.00	981.75	981.50	981.50	981.25	981.00	980.75	980.50	980.50	979.50	979.50	979.50	979.25	979.50	980.00	980.00	980.00	981.00	981.50	982.25	982.75	983.75	984.75	985.25	987.00	988.00	989.25	990.50	991.75	992.50	993.25	994.50	995.25	996.00	997.00	998.50	999.50	1001.00	1002.00	1002.75	1003.50	1005.00	1005.75	1006.50	1007.50	1008.00	1009.00	1009.00	1010.00	1010.50	1011.00	1011.00	1010.50	1009.50	1008.50	1008.00	1007.00	1006.00	1005.50	1004.50	1004.00	1003.75	1003.00	1003.00	1003.00	1003.00	1003.25	1003.75	1004.25	1005.75	1007.00	1009.00	1010.00	1011.50	1012.50	1014.50	1015.00	1015.00	1015.00	1015.00	1014.50	1014.00	1013.50	1013.00	1013.00	1012.75	1012.50	1011.50	1011.00	1009.75	1008.50	1007.75	1007.00	1005.50	1005.00	1004.25	1003.00	1003.00	1003.50	1004.00	1004.75	1005.50	1007.50	1008.50	1010.25	1011.50	1014.50	1016.00	1017.25	1019.00	1021.00	1023.00	1024.00	1025.25	1026.00	1027.00	1029.00	1030.00	1031.50	1032.50	1034.00	1035.00	1036.25	1036.75	1037.25	1038.00	1038.00	1037.50	1037.00	1036.50	1036.25	1035.75	1034.75	1034.50	1034.50	1034.50	1034.50	1034.75	1035.75	1036.25	1037.00	1039.00	1040.50	1042.00	1043.00	1045.50	1046.50	1048.50	1049.50	1050.50	1051.50	1051.50	1051.75	1052.00	1053.00	1053.75	1055.00	1055.50	1056.25	1057.00
1065.50	1064.00	1062.50	1061.00	1060.00	1059.50	1058.50	1057.50	1057.00	1056.50	1055.00	1055.00	1053.50	1052.00	1051.50	1050.50	1049.50	1048.00	1047.00	1046.00	1045.00	1043.50	1042.50	1041.00	1039.50	1038.50	1037.00	1036.00	1034.50	1033.00	1030.50	1029.50	1028.00	1025.00	1023.00	1020.00	1018.00	1015.00	1013.00	1010.00	1008.00	1006.50	1005.00	1003.50	1002.50	1001.00	1001.00	1000.50	1000.00	1000.00	999.00	999.00	998.00	997.50	997.00	996.00	995.50	994.00	993.00	992.50	991.00	989.50	988.50	988.00	987.00	986.50	985.00	984.00	983.50	982.50	981.50	981.00	981.00	980.00	980.00	981.00	981.00	981.50	982.00	982.50	983.00	984.00	984.00	984.00	984.50	985.00	985.50	986.00	985.50	985.00	984.50	984.00	984.00	984.00	984.00	984.00	984.00	984.00	984.00	984.00	983.50	983.00	983.00	983.00	983.00	982.00	982.00	982.00	982.00	982.50	983.00	983.00	983.00	984.00	984.00	985.00	985.50	986.50	987.00	987.50	989.00	990.00	991.00	992.00	993.00	993.50	994.00	995.00	996.00	997.00	998.00	999.50	1000.50	1002.50	1003.50	1004.00	1005.00	1006.50	1007.50	1008.00	1009.50	1010.00	1011.00	1011.00	1012.00	1013.00	1013.00	1013.00	1012.50	1011.50	1010.50	1010.00	1009.00	1008.00	1007.50	1006.50	1006.00	1006.00	1005.00	1005.00	1005.00	1005.00	1005.50	1006.00	1006.50	1008.00	1009.50	1011.00	1012.00	1013.50	1014.50	1016.50	1017.00	1017.00	1017.00	1017.00	1016.00	1016.00	1015.50	1015.00	1015.00	1014.50	1014.00	1013.00	1012.00	1010.50	1009.00	1008.50	1007.50	1006.00	1005.00	1004.50	1003.00	1003.00	1003.50	1004.00	1004.50	1005.50	1008.00	1009.00	1011.00	1012.50	1016.00	1017.50	1019.00	1021.00	1023.00	1025.00	1026.00	1027.50	1028.50	1029.50	1031.50	1032.50	1034.00	1035.00	1036.50	1037.50	1038.50	1039.00	1039.50	1040.00	1040.00	1040.00	1040.00	1039.00	1039.00	1038.50	1037.50	1037.00	1037.00	1037.00	1037.00	1037.00	1038.00	1038.50	1039.50	1041.00	1042.50	1044.00	1045.00	1047.50	1048.50	1050.50	1051.50	1052.50	1054.00	1054.00	1054.00	1054.00	1055.50	1056.50	1058.00	1059.00	1060.50	1062.00
1065.50	1064.00	1062.50	1061.00	1060.00	1059.50	1058.50	1057.50	1057.00	1056.50	1055.00	1055.00	1053.50	1052.00	1051.50	1050.50	1049.50	1048.00	1047.00	1046.00	1045.00	1043.50	1042.50	1041.00	1039.50	1038.50	1037.00	1036.00	1034.50	1033.00	1030.50	1029.50	1028.00	1025.00	1023.00	1020.00	1018.00	1015.00	1013.00	1010.00	1008.00	1006.50	1005.00	1003.50	1002.50	1001.00	1001.00	1000.50	1000.00	1000.00	999.00	999.00	998.00	997.50	997.00	996.00	995.50	994.00	993.00	992.50	991.00	989.50	988.50	988.00	987.00	986.50	985.00	984.00	983.50	982.50	981.50	981.00	981.00	980.00	980.00	981.00	981.00	981.50	982.00	982.50	983.00	984.00	984.00	984.00	984.50	985.00	985.50	986.00	985.50	985.00	984.50	984.00	984.00	984.00	984.00	984.00	984.00	984.00	984.00	984.00	983.50	983.00	983.00	983.00	983.00	982.00	982.00	982.00	982.00	982.50	983.00	983.00	983.00	984.00	984.00	985.00	985.50	986.50	987.00	987.50	989.00	990.00	991.00	992.00	993.00	993.50	994.00	995.00	996.00	997.00	998.00	999.50	1000.50	1002.50	1003.50	1004.00	1005.00	1006.50	1007.50	1008.00	1009.50	1010.00	1011.00	1011.00	1012.00	1013.00	1013.00	1013.00	1012.50	1011.50	1010.50	1010.00	1009.00	1008.00	1007.50	1006.50	1006.00	1006.00	1005.00	1005.00	1005.00	1005.00	1005.50	1006.00	1006.50	1008.00	1009.50	1011.00	1012.00	1013.50	1014.50	1016.50	1017.00	1017.00	1017.00	1017.00	1016.00	1016.00	1015.50	1015.00	1015.00	1014.50	1014.00	1013.00	1012.00	1010.50	1009.00	1008.50	1007.50	1006.00	1005.00	1004.50	1003.00	1003.00	1003.50	1004.00	1004.50	1005.50	1008.00	1009.00	1011.00	1012.50	1016.00	1017.50	1019.00	1021.00	1023.00	1025.00	1026.00	1027.50	1028.50	1029.50	1031.50	1032.50	1034.00	1035.00	1036.50	1037.50	1038.50	1039.00	1039.50	1040.00	1040.00	1040.00	1040.00	1039.00	1039.00	1038.50	1037.50	1037.00	1037.00	1037.00	1037.00	1037.00	1038.00	1038.50	1039.50	1041.00	1042.50	1044.00	1045.00	1047.50	1048.50	1050.50	1051.50	1052.50	1054.00	1054.00	1054.00	1054.00	1055.50	1056.50	1058.00	1059.00	1060.50	1062.00
1070.50	1069.00	1067.50	1066.00	1065.00	1064.50	1063.50	1062.25	1061.50	1061.00	1059.50	1059.50	1058.00	1056.50	1055.25	1054.00	1053.00	1051.50	1050.25	1049.00	1048.00	1046.75	1046.00	1044.50	1043.00	1042.00	1040.50	1039.50	1038.00	1036.50	1034.25	1033.00	1031.50	1029.00	1026.50	1023.50	1021.50	1018.50	1016.50	1013.50	1011.50	1010.00	1008.50	1007.00	1006.00	1005.00	1004.50	1004.25	1003.50	1003.50	1002.50	1002.00	1001.50	1001.00	1000.50	999.75	999.00	997.50	997.00	996.00	994.50	993.25	992.50	991.75	991.00	990.25	989.00	988.00	987.00	986.00	985.00	984.50	984.25	983.50	983.00	983.50	983.50	984.00	984.50	984.75	985.50	986.00	986.50	986.50	986.75	987.25	987.75	988.00	987.75	987.50	987.25	987.00	987.00	986.75	986.50	986.50	986.50	986.50	986.50	986.50	986.25	986.00	986.00	986.00	986.00	985.50	985.50	985.50	985.75	986.25	986.50	987.00	987.00	987.50	987.50	988.25	988.75	989.50	990.00	990.50	991.50	992.50	993.00	994.00	995.00	995.50	996.00	996.50	997.50	998.50	999.50	1001.00	1002.00	1004.00	1005.00	1005.75	1007.00	1008.50	1009.50	1010.50	1012.00	1012.50	1013.50	1014.00	1014.75	1016.00	1016.25	1016.50	1016.25	1015.75	1015.00	1014.50	1013.50	1012.75	1012.25	1011.50	1011.00	1011.00	1010.00	1010.00	1010.00	1009.50	1010.25	1010.50	1010.75	1012.25	1013.50	1015.00	1016.00	1017.00	1018.00	1019.50	1020.00	1020.00	1020.00	1019.75	1019.00	1019.00	1018.25	1017.75	1017.25	1016.50	1015.75	1014.50	1014.00	1012.50	1010.50	1009.50	1008.25	1006.50	1006.00	1005.00	1004.00	1003.50	1003.75	1004.25	1005.00	1006.00	1008.00	1009.00	1011.50	1013.25	1017.00	1018.50	1020.00	1022.00	1024.00	1026.50	1027.50	1029.00	1030.25	1031.50	1033.50	1034.50	1036.00	1037.00	1038.00	1039.00	1040.00	1040.75	1041.25	1041.50	1041.50	1041.50	1041.50	1041.00	1041.00	1040.75	1039.75	1039.50	1039.00	1039.00	1039.25	1039.50	1040.50	1041.00	1042.00	1043.50	1045.00	1046.50	1048.00	1050.00	1051.00	1053.00	1054.00	1054.75	1056.00	1056.50	1056.75	1057.00	1058.50	1059.50	1061.00	1062.00	1064.00	1065.50
1075.50	1074.00	1072.50	1071.00	1070.00	1069.50	1068.50	1067.00	1066.00	1065.50	1064.00	1064.00	1062.50	1061.00	1059.00	1057.50	1056.50	1055.00	1053.50	1052.00	1051.00	1050.00	1049.50	1048.00	1046.50	1045.50	1044.00	1043.00	1041.50	1040.00	1038.00	1036.50	1035.00	1033.00	1030.00	1027.00	1025.00	1022.00	1020.00	1017.00	1015.00	1013.50	1012.00	1010.50	1009.50	1009.00	1008.00	1008.00	1007.00	1007.00	1006.00	1005.00	1005.00	1004.50	1004.00	1003.50	1002.50	1001.00	1001.00	999.50	998.00	997.00	996.50	995.50	995.00	994.00	993.00	992.00	990.50	989.50	988.50	988.00	987.50	987.00	986.00	986.00	986.00	986.50	987.00	987.00	988.00	988.00	989.00	989.00	989.00	989.50	990.00	990.00	990.00	990.00	990.00	990.00	990.00	989.50	989.00	989.00	989.00	989.00	989.00	989.00	989.00	989.00	989.00	989.00	989.00	989.00	989.00	989.00	989.50	990.00	990.00	991.00	991.00	991.00	991.00	991.50	992.00	992.50	993.00	993.50	994.00	995.00	995.00	996.00	997.00	997.50	998.00	998.00	999.00	1000.00	1001.00	1002.50	1003.50	1005.50	1006.50	1007.50	1009.00	1010.50	1011.50	1013.00	1014.50	1015.00	1016.00	1017.00	1017.50	1019.00	1019.50	1020.00	1020.00	1020.00	1019.50	1019.00	1018.00	1017.50	1017.00	1016.50	1016.00	1016.00	1015.00	1015.00	1015.00	1014.00	1015.00	1015.00	1015.00	1016.50	1017.50	1019.00	1020.00	1020.50	1021.50	1022.50	1023.00	1023.00	1023.00	1022.50	1022.00	1022.00	1021.00	1020.50	1019.50	1018.50	1017.50	1016.00	1016.00	1014.50	1012.00	1010.50	1009.00	1007.00	1007.00	1005.50	1005.00	1004.00	1004.00	1004.50	1005.50	1006.50	1008.00	1009.00	1012.00	1014.00	1018.00	1019.50	1021.00	1023.00	1025.00	1028.00	1029.00	1030.50	1032.00	1033.50	1035.50	1036.50	1038.00	1039.00	1039.50	1040.50	1041.50	1042.50	1043.00	1043.00	1043.00	1043.00	1043.00	1043.00	1043.00	1043.00	1042.00	1042.00	1041.00	1041.00	1041.50	1042.00	1043.00	1043.50	1044.50	1046.00	1047.50	1049.00	1051.00	1052.50	1053.50	1055.50	1056.50	1057.00	1058.00	1059.00	1059.50	1060.00	1061.50	1062.50	1064.00	1065.00	1067.50	1069.00
1075.50	1074.00	1072.50	1071.00	1070.00	1069.50	1068.50	1067.00	1066.00	1065.50	1064.00	1064.00	1062.50	1061.00	1059.00	1057.50	1056.50	1055.00	1053.50	1052.00	1051.00	1050.00	1049.50	1048.00	1046.50	1045.50	1044.00	1043.00	1041.50	1040.00	1038.00	1036.50	1035.00	1033.00	1030.00	1027.00	1025.00	1022.00	1020.00	1017.00	1015.00	1013.50	1012.00	1010.50	1009.50	1009.00	1008.00	1008.00	1007.00	1007.00	1006.00	1005.00	1005.00	1004.50	1004.00	1003.50	1002.50	1001.00	1001.00	999.50	998.00	997.00	996.50	995.50	995.00	994.00	993.00	992.00	990.50	989.50	988.50	988.00	987.50	987.00	986.00	986.00	986.00	986.50	987.00	987.00	988.00	988.00	989.00	989.00	989.00	989.50	990.00	990.00	990.00	990.00	990.00	990.00	990.00	989.50	989.00	989.00	989.00	989.00	989.00	989.00	989.00	989.00	989.00	989.00	989.00	989.00	989.00	989.00	989.50	990.00	990.00	991.00	991.00	991.00	991.00	991.50	992.00	992.50	993.00	993.50	994.00	995.00	995.00	996.00	997.00	997.50	998.00	998.00	999.00	1000.00	1001.00	1002.50	1003.50	1005.50	1006.50	1007.50	1009.00	1010.50	1011.50	1013.00	1014.50	1015.00	1016.00	1017.00	1017.50	1019.00	1019.50	1020.00	1020.00	1020.00	1019.50	1019.00	1018.00	1017.50	1017.00	1016.50	1016.00	1016.00	1015.00	1015.00	1015.00	1014.00	1015.00	1015.00	1015.00	1016.50	1017.50	1019.00	1020.00	1020.50	1021.50	1022.50	1023.00	1023.00	1023.00	1022.50	1022.00	1022.00	1021.00	1020.50	1019.50	1018.50	1017.50	1016.00	1016.00	1014.50	1012.00	1010.50	1009.00	1007.00	1007.00	1005.50	1005.00	1004.00	1004.00	1004.50	1005.50	1006.50	1008.00	1009.00	1012.00	1014.00	1018.00	1019.50	1021.00	1023.00	1025.00	1028.00	1029.00	1030.50	1032.00	1033.50	1035.50	1036.50	1038.00	1039.00	1039.50	1040.50	1041.50	1042.50	1043.00	1043.00	1043.00	1043.00	1043.00	1043.00	1043.00	1043.00	1042.00	1042.00	1041.00	1041.00	1041.50	1042.00	1043.00	1043.50	1044.50	1046.00	1047.50	1049.00	1051.00	1052.50	1053.50	1055.50	1056.50	1057.00	1058.00	1059.00	1059.50	1060.00	1061.50	1062.50	1064.00	1065.00	1067.50	1069.00
1080.50	1079.00	1077.50	1076.00	1075.00	1074.00	1073.00	1071.50	1070.50	1070.00	1068.50	1068.00	1066.50	1065.00	1063.00	1061.50	1060.50	1058.50	1057.00	1055.00	1054.50	1053.25	1052.50	1051.00	1049.50	1048.50	1047.00	1046.00	1044.75	1043.50	1041.25	1040.00	1038.50	1036.50	1033.50	1030.50	1028.50	1025.75	1024.25	1021.25	1019.75	1018.25	1016.50	1015.00	1014.00	1013.00	1012.25	1011.75	1011.00	1011.00	1010.00	1009.50	1009.00	1008.50	1008.00	1007.00	1006.25	1005.00	1004.50	1003.25	1002.00	1001.25	1000.50	999.75	999.00	998.00	997.00	996.00	994.50	993.50	992.25	991.25	990.50	990.00	989.00	988.50	988.50	988.75	989.00	989.00	990.00	990.00	991.00	991.00	991.25	991.75	992.25	992.50	992.75	993.00	993.50	993.50	993.50	993.25	992.75	992.50	992.00	992.00	992.00	992.25	992.50	992.50	992.75	993.00	993.00	993.50	993.50	993.50	993.75	994.25	994.50	995.00	995.00	995.50	995.50	995.75	996.25	997.00	997.50	997.75	998.00	998.50	998.50	999.00	1000.00	1000.25	1000.75	1001.00	1002.25	1003.00	1004.00	1005.50	1006.50	1008.50	1009.50	1010.50	1012.00	1013.50	1014.50	1016.00	1017.50	1018.25	1019.50	1020.50	1021.50	1023.00	1023.75	1024.25	1024.50	1024.75	1024.75	1024.50	1024.00	1023.75	1023.50	1023.00	1022.50	1022.50	1021.50	1021.50	1021.00	1020.50	1021.00	1021.25	1021.50	1022.50	1023.25	1024.50	1025.00	1025.50	1026.25	1026.75	1026.75	1026.50	1026.50	1025.75	1025.00	1025.00	1024.00	1023.50	1022.25	1021.00	1020.00	1018.50	1018.00	1016.50	1014.50	1012.50	1011.25	1009.00	1009.00	1007.50	1006.50	1005.75	1005.50	1005.75	1006.50	1007.50	1008.50	1009.50	1012.50	1014.50	1018.00	1019.75	1021.50	1023.50	1025.50	1028.50	1029.50	1031.50	1032.75	1034.00	1036.00	1037.00	1038.50	1039.00	1040.00	1040.75	1042.00	1042.75	1043.25	1043.50	1044.00	1044.00	1044.00	1044.00	1044.00	1044.00	1043.50	1043.50	1043.00	1043.00	1043.50	1044.25	1045.25	1046.00	1047.25	1049.00	1050.50	1052.50	1054.00	1055.75	1056.75	1058.25	1059.00	1059.50	1060.50	1061.75	1062.25	1063.00	1064.50	1065.25	1066.50	1068.00	1070.00	1071.50
1085.50	1084.00	1082.50	1081.00	1080.00	1078.50	1077.50	1076.00	1075.00	1074.50	1073.00	1072.00	1070.50	1069.00	1067.00	1065.50	1064.50	1062.00	1060.50	1058.00	1058.00	1056.50	1055.50	1054.00	1052.50	1051.50	1050.00	1049.00	1048.00	1047.00	1044.50	1043.50	1042.00	1040.00	1037.00	1034.00	1032.00	1029.50	1028.50	1025.50	1024.50	1023.00	1021.00	1019.50	1018.50	1017.00	1016.50	1015.50	1015.00	1015.00	1014.00	1014.00	1013.00	1012.50	1012.00	1010.50	1010.00	1009.00	1008.00	1007.00	1006.00	1005.50	1004.50	1004.00	1003.00	1002.00	1001.00	1000.00	998.50	997.50	996.00	994.50	993.50	993.00	992.00	991.00	991.00	991.00	991.00	991.00	992.00	992.00	993.00	993.00	993.50	994.00	994.50	995.00	995.50	996.00	997.00	997.00	997.00	997.00	996.50	996.00	995.00	995.00	995.00	995.50	996.00	996.00	996.50	997.00	997.00	998.00	998.00	998.00	998.00	998.50	999.00	999.00	999.00	1000.00	1000.00	1000.00	1000.50	1001.50	1002.00	1002.00	1002.00	1002.00	1002.00	1002.00	1003.00	1003.00	1003.50	1004.00	1005.50	1006.00	1007.00	1008.50	1009.50	1011.50	1012.50	1013.50	1015.00	1016.50	1017.50	1019.00	1020.50	1021.50	1023.00	1024.00	1025.50	1027.00	1028.00	1028.50	1029.00	1029.50	1030.00	1030.00	1030.00	1030.00	1030.00	1029.50	1029.00	1029.00	1028.00	1028.00	1027.00	1027.00	1027.00	1027.50	1028.00	1028.50	1029.00	1030.00	1030.00	1030.50	1031.00	1031.00	1030.50	1030.00	1030.00	1029.00	1028.00	1028.00	1027.00	1026.50	1025.00	1023.50	1022.50	1021.00	1020.00	1018.50	1017.00	1014.50	1013.50	1011.00	1011.00	1009.50	1008.00	1007.50	1007.00	1007.00	1007.50	1008.50	1009.00	1010.00	1013.00	1015.00	1018.00	1020.00	1022.00	1024.00	1026.00	1029.00	1030.00	1032.50	1033.50	1034.50	1036.50	1037.50	1039.00	1039.00	1040.50	1041.00	1042.50	1043.00	1043.50	1044.00	1045.00	1045.00	1045.00	1045.00	1045.00	1045.00	1045.00	1045.00	1045.00	1045.00	1045.50	1046.50	1047.50	1048.50	1050.00	1052.00	1053.50	1056.00	1057.00	1059.00	1060.00	1061.00	1061.50	1062.00	1063.00	1064.50	1065.00	1066.00	1067.50	1068.00	1069.00	1071.00	1072.50	1074.00
1085.50	1084.00	1082.50	1081.00	1080.00	1078.50	1077.50	1076.00	1075.00	1074.50	1073.00	1072.00	1070.50	1069.00	1067.00	1065.50	1064.50	1062.00	1060.50	1058.00	1058.00	1056.50	1055.50	1054.00	1052.50	1051.50	1050.00	1049.00	1048.00	1047.00	1044.50	1043.50	1042.00	1040.00	1037.00	1034.00	1032.00	1029.50	1028.50	1025.50	1024.50	1023.00	1021.00	1019.50	1018.50	1017.00	1016.50	1015.50	1015.00	1015.00	1014.00	1014.00	1013.00	1012.50	1012.00	1010.50	1010.00	1009.00	1008.00	1007.00	1006.00	1005.50	1004.50	1004.00	1003.00	1002.00	1001.00	1000.00	998.50	997.50	996.00	994.50	993.50	993.00	992.00	991.00	991.00	991.00	991.00	991.00	992.00	992.00	993.00	993.00	993.50	994.00	994.50	995.00	995.50	996.00	997.00	997.00	997.00	997.00	996.50	996.00	995.00	995.00	995.00	995.50	996.00	996.00	996.50	997.00	997.00	998.00	998.00	998.00	998.00	998.50	999.00	999.00	999.00	1000.00	1000.00	1000.00	1000.50	1001.50	1002.00	1002.00	1002.00	1002.00	1002.00	1002.00	1003.00	1003.00	1003.50	1004.00	1005.50	1006.00	1007.00	1008.50	1009.50	1011.50	1012.50	1013.50	1015.00	1016.50	1017.50	1019.00	1020.50	1021.50	1023.00	1024.00	1025.50	1027.00	1028.00	1028.50	1029.00	1029.50	1030.00	1030.00	1030.00	1030.00	1030.00	1029.50	1029.00	1029.00	1028.00	1028.00	1027.00	1027.00	1027.00	1027.50	1028.00	1028.50	1029.00	1030.00	1030.00	1030.50	1031.00	1031.00	1030.50	1030.00	1030.00	1029.00	1028.00	1028.00	1027.00	1026.50	1025.00	1023.50	1022.50	1021.00	1020.00	1018.50	1017.00	1014.50	1013.50	1011.00	1011.00	1009.50	1008.00	1007.50	1007.00	1007.00	1007.50	1008.50	1009.00	1010.00	1013.00	1015.00	1018.00	1020.00	1022.00	1024.00	1026.00	1029.00	1030.00	1032.50	1033.50	1034.50	1036.50	1037.50	1039.00	1039.00	1040.50	1041.00	1042.50	1043.00	1043.50	1044.00	1045.00	1045.00	1045.00	1045.00	1045.00	1045.00	1045.00	1045.00	1045.00	1045.00	1045.50	1046.50	1047.50	1048.50	1050.00	1052.00	1053.50	1056.00	1057.00	1059.00	1060.00	1061.00	1061.50	1062.00	1063.00	1064.50	1065.00	1066.00	1067.50	1068.00	1069.00	1071.00	1072.50	1074.00
1085.50	1084.00	1082.50	1081.00	1080.00	1078.50	1077.50	1076.00	1075.00	1074.50	1073.00	1072.00	1070.50	1069.00	1067.00	1065.50	1064.50	1062.00	1060.50	1058.00	1058.00	1056.50	1055.50	1054.00	1052.50	1051.50	1050.00	1049.00	1048.00	1047.00	1044.50	1043.50	1042.00	1040.00	1037.00	1034.00	1032.00	1029.50	1028.50	1025.50	1024.50	1023.00	1021.00	1019.50	1018.50	1017.00	1016.50	1015.50	1015.00	1015.00	1014.00	1014.00	1013.00	1012.50	1012.00	1010.50	1010.00	1009.00	1008.00	1007.00	1006.00	1005.50	1004.50	1004.00	1003.00	1002.00	1001.00	1000.00	998.50	997.50	996.00	994.50	993.50	993.00	992.00	991.00	991.00	991.00	991.00	991.00	992.00	992.00	993.00	993.00	993.50	994.00	994.50	995.00	995.50	996.00	997.00	997.00	997.00	997.00	996.50	996.00	995.00	995.00	995.00	995.50	996.00	996.00	996.50	997.00	997.00	998.00	998.00	998.00	998.00	998.50	999.00	999.00	999.00	1000.00	1000.00	1000.00	1000.50	1001.50	1002.00	1002.00	1002.00	1002.00	1002.00	1002.00	1003.00	1003.00	1003.50	1004.00	1005.50	1006.00	1007.00	1008.50	1009.50	1011.50	1012.50	1013.50	1015.00	1016.50	1017.50	1019.00	1020.50	1021.50	1023.00	1024.00	1025.50	1027.00	1028.00	1028.50	1029.00	1029.50	1030.00	1030.00	1030.00	1030.00	1030.00	1029.50	1029.00	1029.00	1028.00	1028.00	1027.00	1027.00	1027.00	1027.50	1028.00	1028.50	1029.00	1030.00	1030.00	1030.50	1031.00	1031.00	1030.50	1030.00	1030.00	1029.00	1028.00	1028.00	1027.00	1026.50	1025.00	1023.50	1022.50	1021.00	1020.00	1018.50	1017.00	1014.50	1013.50	1011.00	1011.00	1009.50	1008.00	1007.50	1007.00	1007.00	1007.50	1008.50	1009.00	1010.00	1013.00	1015.00	1018.00	1020.00	1022.00	1024.00	1026.00	1029.00	1030.00	1032.50	1033.50	1034.50	1036.50	1037.50	1039.00	1039.00	1040.50	1041.00	1042.50	1043.00	1043.50	1044.00	1045.00	1045.00	1045.00	1045.00	1045.00	1045.00	1045.00	1045.00	1045.00	1045.00	1045.50	1046.50	1047.50	1048.50	1050.00	1052.00	1053.50	1056.00	1057.00	1059.00	1060.00	1061.00	1061.50	1062.00	1063.00	1064.50	1065.00	1066.00	1067.50	1068.00	1069.00	1071.00	1072.50	1074.00
1093.50	1092.00	1090.50	1089.00	1088.00	1086.50	1085.50	1084.50	1083.00	1081.50	1080.00	1079.00	1077.00	1075.00	1072.50	1071.50	1070.00	1068.00	1066.00	1064.00	1063.00	1061.50	1061.00	1060.00	1058.50	1057.50	1056.00	1055.00	1053.50	1052.00	1050.50	1049.50	1048.50	1046.00	1044.00	1042.00	1040.00	1038.00	1036.50	1034.00	1032.50	1031.50	1030.00	1028.50	1027.50	1027.00	1025.50	1024.50	1024.00	1023.00	1022.00	1021.00	1020.50	1019.50	1018.50	1016.50	1016.00	1015.00	1014.00	1013.00	1012.00	1011.00	1011.00	1010.50	1010.00	1009.00	1008.00	1007.00	1006.50	1005.50	1004.00	1002.50	1001.50	1000.00	999.00	997.50	997.00	997.00	997.00	997.00	997.00	998.00	998.00	999.00	999.50	1000.00	1001.00	1001.50	1002.50	1004.00	1004.00	1004.00	1004.00	1004.00	1004.00	1004.00	1004.00	1004.00	1004.00	1004.00	1004.00	1004.50	1005.50	1006.00	1007.00	1007.00	1007.50	1008.00	1008.00	1008.50	1009.00	1009.00	1009.00	1009.00	1009.00	1009.00	1009.00	1009.00	1009.00	1009.00	1008.00	1008.00	1008.50	1009.00	1010.00	1010.50	1011.00	1012.00	1013.00	1014.00	1015.00	1016.50	1017.50	1019.50	1020.50	1021.50	1023.00	1024.50	1025.50	1027.00	1028.50	1029.50	1031.00	1032.00	1033.50	1035.00	1036.50	1037.50	1038.50	1040.50	1041.00	1042.00	1042.00	1042.00	1042.00	1042.00	1042.00	1041.50	1041.00	1041.00	1040.00	1040.00	1040.00	1040.50	1041.00	1041.00	1041.00	1041.00	1041.00	1041.00	1041.00	1040.00	1039.50	1039.00	1039.00	1037.50	1036.00	1035.00	1034.50	1033.50	1032.00	1030.50	1029.50	1029.00	1028.00	1026.00	1024.00	1021.50	1020.00	1018.00	1017.00	1014.50	1013.00	1012.50	1011.50	1011.00	1011.00	1011.00	1011.00	1012.00	1014.00	1015.50	1018.50	1020.00	1022.00	1024.00	1026.00	1029.00	1031.00	1032.50	1033.50	1034.50	1036.50	1037.50	1038.00	1039.00	1040.00	1040.50	1042.00	1042.50	1043.50	1044.00	1044.00	1045.00	1046.00	1046.00	1046.00	1046.50	1047.00	1047.50	1048.00	1048.00	1049.50	1050.50	1052.50	1054.00	1055.50	1058.00	1059.50	1061.00	1063.00	1064.50	1065.00	1066.00	1066.50	1067.50	1069.00	1070.50	1071.50	1073.00	1073.50	1074.50	1076.00	1077.00	1078.50	1080.00
1093.50	1092.00	1090.50	1089.00	1088.00	1086.50	1085.50	1084.50	1083.00	1081.50	1080.00	1079.00	1077.00	1075.00	1072.50	1071.50	1070.00	1068.00	1066.00	1064.00	1063.00	1061.50	1061.00	1060.00	1058.50	1057.50	1056.00	1055.00	1053.50	1052.00	1050.50	1049.50	1048.50	1046.00	1044.00	1042.00	1040.00	1038.00	1036.50	1034.00	1032.50	1031.50	1030.00	1028.50	1027.50	1027.00	1025.50	1024.50	1024.00	1023.00	1022.00	1021.00	1020.50	1019.50	1018.50	1016.50	1016.00	1015.00	1014.00	1013.00	1012.00	1011.00	1011.00	1010.50	1010.00	1009.00	1008.00	1007.00	1006.50	1005.50	1004.00	1002.50	1001.50	1000.00	999.00	997.50	997.00	997.00	997.00	997.00	997.00	998.00	998.00	999.00	999.50	1000.00	1001.00	1001.50	1002.50	1004.00	1004.00	1004.00	1004.00	1004.00	1004.00	1004.00	1004.00	1004.00	1004.00	1004.00	1004.00	1004.50	1005.50	1006.00	1007.00	1007.00	1007.50	1008.00	1008.00	1008.50	1009.00	1009.00	1009.00	1009.00	1009.00	1009.00	1009.00	1009.00	1009.00	1009.00	1008.00	1008.00	1008.50	1009.00	1010.00	1010.50	1011.00	1012.00	1013.00	1014.00	1015.00	1016.50	1017.50	1019.50	1020.50	1021.50	1023.00	1024.50	1025.50	1027.00	1028.50	1029.50	1031.00	1032.00	1033.50	1035.00	1036.50	1037.50	1038.50	1040.50	1041.00	1042.00	1042.00	1042.00	1042.00	1042.00	1042.00	1041.50	1041.00	1041.00	1040.00	1040.00	1040.00	1040.50	1041.00	1041.00	1041.00	1041.00	1041.00	1041.00	1041.00	1040.00	1039.50	1039.00	1039.00	1037.50	1036.00	1035.00	1034.50	1033.50	1032.00	1030.50	1029.50	1029.00	1028.00	1026.00	1024.00	1021.50	1020.00	1018.00	1017.00	1014.50	1013.00	1012.50	1011.50	1011.00	1011.00	1011.00	1011.00	1012.00	1014.00	1015.50	1018.50	1020.00	1022.00	1024.00	1026.00	1029.00	1031.00	1032.50	1033.50	1034.50	1036.50	1037.50	1038.00	1039.00	1040.00	1040.50	1042.00	1042.50	1043.50	1044.00	1044.00	1045.00	1046.00	1046.00	1046.00	1046.50	1047.00	1047.50	1048.00	1048.00	1049.50	1050.50	1052.50	1054.00	1055.50	1058.00	1059.50	1061.00	1063.00	1064.50	1065.00	1066.00	1066.50	1067.50	1069.00	1070.50	1071.50	1073.00	1073.50	1074.50	1076.00	1077.00	1078.50	1080.00
1093.50	1092.00	1090.50	1089.00	1088.00	1086.50	1085.50	1084.50	1083.00	1081.50	1080.00	1079.00	1077.00	1075.00	1072.50	1071.50	1070.00	1068.00	1066.00	1064.00	1063.00	1061.50	1061.00	1060.00	1058.50	1057.50	1056.00	1055.00	1053.50	1052.00	1050.50	1049.50	1048.50	1046.00	1044.00	1042.00	1040.00	1038.00	1036.50	1034.00	1032.50	1031.50	1030.00	1028.50	1027.50	1027.00	1025.50	1024.50	1024.00	1023.00	1022.00	1021.00	1020.50	1019.50	1018.50	1016.50	1016.00	1015.00	1014.00	1013.00	1012.00	1011.00	1011.00	1010.50	1010.00	1009.00	1008.00	1007.00	1006.50	1005.50	1004.00	1002.50	1001.50	1000.00	999.00	997.50	997.00	997.00	997.00	997.00	997.00	998.00	998.00	999.00	999.50	1000.00	1001.00	1001.50	1002.50	1004.00	1004.00	1004.00	1004.00	1004.00	1004.00	1004.00	1004.00	1004.00	1004.00	1004.00	1004.00	1004.50	1005.50	1006.00	1007.00	1007.00	1007.50	1008.00	1008.00	1008.50	1009.00	1009.00	1009.00	1009.00	1009.00	1009.00	1009.00	1009.00	1009.00	1009.00	1008.00	1008.00	1008.50	1009.00	1010.00	1010.50	1011.00	1012.00	1013.00	1014.00	1015.00	1016.50	1017.50	1019.50	1020.50	1021.50	1023.00	1024.50	1025.50	1027.00	1028.50	1029.50	1031.00	1032.00	1033.50	1035.00	1036.50	1037.50	1038.50	1040.50	1041.00	1042.00	1042.00	1042.00	1042.00	1042.00	1042.00	1041.50	1041.00	1041.00	1040.00	1040.00	1040.00	1040.50	1041.00	1041.00	1041.00	1041.00	1041.00	1041.00	1041.00	1040.00	1039.50	1039.00	1039.00	1037.50	1036.00	1035.00	1034.50	1033.50	1032.00	1030.50	1029.50	1029.00	1028.00	1026.00	1024.00	1021.50	1020.00	1018.00	1017.00	1014.50	1013.00	1012.50	1011.50	1011.00	1011.00	1011.00	1011.00	1012.00	1014.00	1015.50	1018.50	1020.00	1022.00	1024.00	1026.00	1029.00	1031.00	1032.50	1033.50	1034.50	1036.50	1037.50	1038.00	1039.00	1040.00	1040.50	1042.00	1042.50	1043.50	1044.00	1044.00	1045.00	1046.00	1046.00	1046.00	1046.50	1047.00	1047.50	1048.00	1048.00	1049.50	1050.50	1052.50	1054.00	1055.50	1058.00	1059.50	1061.00	1063.00	1064.50	1065.00	1066.00	1066.50	1067.50	1069.00	1070.50	1071.50	1073.00	1073.50	1074.50	1076.00	1077.00	1078.50	1080.00
1096.00	1094.50	1093.00	1092.00	1091.00	1089.50	1088.50	1087.25	1085.75	1084.25	1082.50	1081.50	1079.50	1077.50	1075.00	1073.75	1072.25	1070.00	1068.25	1066.50	1065.50	1064.00	1063.50	1062.50	1061.00	1060.00	1058.50	1057.50	1056.50	1055.00	1053.50	1052.50	1051.50	1049.50	1047.75	1046.00	1044.50	1042.25	1040.75	1038.25	1037.00	1036.00	1034.50	1033.00	1032.00	1031.00	1029.50	1028.75	1028.00	1027.00	1025.50	1024.50	1023.50	1022.50	1021.50	1019.50	1018.75	1017.50	1016.50	1015.25	1014.00	1013.50	1013.50	1013.25	1012.50	1012.00	1011.50	1011.00	1010.50	1009.50	1008.00	1006.50	1005.50	1004.00	1003.00	1001.50	1001.00	1000.75	1000.50	1000.75	1001.00	1001.75	1002.00	1003.00	1003.50	1004.25	1005.25	1005.75	1006.50	1008.00	1008.00	1008.00	1008.00	1008.00	1008.00	1008.00	1008.00	1008.00	1008.00	1008.50	1008.75	1009.25	1010.50	1011.25	1012.00	1012.50	1013.00	1013.50	1013.50	1013.75	1014.00	1014.00	1014.00	1014.00	1013.50	1013.50	1013.50	1013.25	1013.00	1013.00	1012.50	1012.50	1013.00	1013.50	1014.50	1015.00	1015.75	1016.50	1017.75	1019.00	1020.00	1021.50	1022.25	1024.00	1025.00	1026.00	1027.50	1028.50	1029.50	1031.00	1032.50	1033.50	1035.00	1036.00	1037.50	1039.00	1040.50	1041.25	1042.00	1044.00	1044.50	1045.50	1046.00	1046.00	1046.00	1046.00	1046.00	1045.75	1045.50	1045.50	1045.00	1045.00	1045.00	1045.25	1045.50	1045.50	1045.50	1045.00	1045.00	1045.00	1045.00	1043.75	1043.00	1042.25	1041.50	1040.00	1038.50	1038.00	1037.00	1036.25	1035.00	1033.75	1033.00	1032.00	1031.00	1029.25	1027.00	1024.75	1023.25	1021.00	1019.50	1017.25	1015.50	1014.50	1013.50	1012.75	1012.50	1012.50	1012.50	1013.50	1015.00	1016.00	1018.75	1020.25	1022.00	1024.00	1026.00	1028.50	1030.50	1032.00	1033.25	1034.50	1036.50	1037.50	1038.50	1039.50	1040.75	1041.25	1042.50	1043.00	1044.00	1044.50	1045.00	1046.00	1046.50	1047.00	1047.25	1047.75	1048.50	1049.00	1050.00	1050.50	1052.00	1053.00	1055.00	1056.50	1058.00	1060.50	1062.25	1064.00	1065.50	1067.50	1068.25	1069.25	1070.00	1071.00	1072.50	1073.50	1074.50	1076.00	1076.50	1077.25	1078.50	1079.50	1081.00	1082.00
1098.50	1097.00	1095.50	1095.00	1094.00	1092.50	1091.50	1090.00	1088.50	1087.00	1085.00	1084.00	1082.00	1080.00	1077.50	1076.00	1074.50	1072.00	1070.50	1069.00	1068.00	1066.50	1066.00	1065.00	1063.50	1062.50	1061.00	1060.00	1059.50	1058.00	1056.50	1055.50	1054.50	1053.00	1051.50	1050.00	1049.00	1046.50	1045.00	1042.50	1041.50	1040.50	1039.00	1037.50	1036.50	1035.00	1033.50	1033.00	1032.00	1031.00	1029.00	1028.00	1026.50	1025.50	1024.50	1022.50	1021.50	1020.00	1019.00	1017.50	1016.00	1016.00	1016.00	1016.00	1015.00	1015.00	1015.00	1015.00	1014.50	1013.50	1012.00	1010.50	1009.50	1008.00	1007.00	1005.50	1005.00	1004.50	1004.00	1004.50	1005.00	1005.50	1006.00	1007.00	1007.50	1008.50	1009.50	1010.00	1010.50	1012.00	1012.00	1012.00	1012.00	1012.00	1012.00	1012.00	1012.00	1012.00	1012.00	1013.00	1013.50	1014.00	1015.50	1016.50	1017.00	1018.00	1018.50	1019.00	1019.00	1019.00	1019.00	1019.00	1019.00	1019.00	1018.00	1018.00	1018.00	1017.50	1017.00	1017.00	1017.00	1017.00	1017.50	1018.00	1019.00	1019.50	1020.50	1021.00	1022.50	1024.00	1025.00	1026.50	1027.00	1028.50	1029.50	1030.50	1032.00	1032.50	1033.50	1035.00	1036.50	1037.50	1039.00	1040.00	1041.50	1043.00	1044.50	1045.00	1045.50	1047.50	1048.00	1049.00	1050.00	1050.00	1050.00	1050.00	1050.00	1050.00	1050.00	1050.00	1050.00	1050.00	1050.00	1050.00	1050.00	1050.00	1050.00	1049.00	1049.00	1049.00	1049.00	1047.50	1046.50	1045.50	1044.00	1042.50	1041.00	1041.00	1039.50	1039.00	1038.00	1037.00	1036.50	1035.00	1034.00	1032.50	1030.00	1028.00	1026.50	1024.00	1022.00	1020.00	1018.00	1016.50	1015.50	1014.50	1014.00	1014.00	1014.00	1015.00	1016.00	1016.50	1019.00	1020.50	1022.00	1024.00	1026.00	1028.00	1030.00	1031.50	1033.00	1034.50	1036.50	1037.50	1039.00	1040.00	1041.50	1042.00	1043.00	1043.50	1044.50	1045.00	1046.00	1047.00	1047.00	1048.00	1048.50	1049.00	1050.00	1050.50	1052.00	1053.00	1054.50	1055.50	1057.50	1059.00	1060.50	1063.00	1065.00	1067.00	1068.00	1070.50	1071.50	1072.50	1073.50	1074.50	1076.00	1076.50	1077.50	1079.00	1079.50	1080.00	1081.00	1082.00	1083.50	1084.00
1098.50	1097.00	1095.50	1095.00	1094.00	1092.50	1091.50	1090.00	1088.50	1087.00	1085.00	1084.00	1082.00	1080.00	1077.50	1076.00	1074.50	1072.00	1070.50	1069.00	1068.00	1066.50	1066.00	1065.00	1063.50	1062.50	1061.00	1060.00	1059.50	1058.00	1056.50	1055.50	1054.50	1053.00	1051.50	1050.00	1049.00	1046.50	1045.00	1042.50	1041.50	1040.50	1039.00	1037.50	1036.50	1035.00	1033.50	1033.00	1032.00	1031.00	1029.00	1028.00	1026.50	1025.50	1024.50	1022.50	1021.50	1020.00	1019.00	1017.50	1016.00	1016.00	1016.00	1016.00	1015.00	1015.00	1015.00	1015.00	1014.50	1013.50	1012.00	1010.50	1009.50	1008.00	1007.00	1005.50	1005.00	1004.50	1004.00	1004.50	1005.00	1005.50	1006.00	1007.00	1007.50	1008.50	1009.50	1010.00	1010.50	1012.00	1012.00	1012.00	1012.00	1012.00	1012.00	1012.00	1012.00	1012.00	1012.00	1013.00	1013.50	1014.00	1015.50	1016.50	1017.00	1018.00	1018.50	1019.00	1019.00	1019.00	1019.00	1019.00	1019.00	1019.00	1018.00	1018.00	1018.00	1017.50	1017.00	1017.00	1017.00	1017.00	1017.50	1018.00	1019.00	1019.50	1020.50	1021.00	1022.50	1024.00	1025.00	1026.50	1027.00	1028.50	1029.50	1030.50	1032.00	1032.50	1033.50	1035.00	1036.50	1037.50	1039.00	1040.00	1041.50	1043.00	1044.50	1045.00	1045.50	1047.50	1048.00	1049.00	1050.00	1050.00	1050.00	1050.00	1050.00	1050.00	1050.00	1050.00	1050.00	1050.00	1050.00	1050.00	1050.00	1050.00	1050.00	1049.00	1049.00	1049.00	1049.00	1047.50	1046.50	1045.50	1044.00	1042.50	1041.00	1041.00	1039.50	1039.00	1038.00	1037.00	1036.50	1035.00	1034.00	1032.50	1030.00	1028.00	1026.50	1024.00	1022.00	1020.00	1018.00	1016.50	1015.50	1014.50	1014.00	1014.00	1014.00	1015.00	1016.00	1016.50	1019.00	1020.50	1022.00	1024.00	1026.00	1028.00	1030.00	1031.50	1033.00	1034.50	1036.50	1037.50	1039.00	1040.00	1041.50	1042.00	1043.00	1043.50	1044.50	1045.00	1046.00	1047.00	1047.00	1048.00	1048.50	1049.00	1050.00	1050.50	1052.00	1053.00	1054.50	1055.50	1057.50	1059.00	1060.50	1063.00	1065.00	1067.00	1068.00	1070.50	1071.50	1072.50	1073.50	1074.50	1076.00	1076.50	1077.50	1079.00	1079.50	1080.00	1081.00	1082.00	1083.50	1084.00
1099.50	1098.50	1097.00	1096.00	1095.50	1094.00	1093.00	1091.50	1090.00	1088.75	1087.00	1086.00	1083.75	1081.50	1079.50	1078.00	1076.50	1074.50	1073.00	1071.50	1070.50	1069.00	1068.25	1067.00	1065.50	1064.50	1063.50	1062.50	1062.00	1060.50	1059.25	1058.50	1057.50	1056.00	1054.50	1053.00	1052.00	1050.00	1048.75	1046.25	1045.00	1044.00	1042.50	1041.00	1040.00	1038.50	1037.50	1036.75	1035.00	1034.00	1032.00	1031.00	1029.00	1028.00	1027.00	1025.00	1024.00	1022.50	1021.50	1020.00	1019.00	1018.50	1018.50	1018.25	1017.50	1017.50	1017.50	1017.50	1017.25	1016.50	1015.25	1014.25	1013.50	1012.00	1011.00	1010.00	1009.50	1009.00	1008.50	1008.75	1009.50	1009.75	1010.50	1011.00	1011.50	1012.25	1013.50	1014.00	1014.50	1015.50	1015.75	1016.00	1016.00	1016.00	1016.00	1016.00	1016.50	1016.50	1017.00	1017.75	1018.25	1018.75	1020.50	1021.50	1022.50	1023.50	1024.50	1025.00	1025.00	1025.00	1025.00	1025.00	1025.50	1025.50	1024.50	1024.25	1024.00	1023.75	1023.25	1023.00	1023.00	1023.00	1023.50	1024.00	1024.50	1025.00	1025.75	1026.50	1027.75	1029.00	1030.00	1031.00	1031.75	1033.25	1034.00	1035.00	1036.00	1037.00	1037.75	1039.00	1040.00	1041.00	1042.00	1043.00	1044.00	1045.50	1046.25	1046.75	1047.25	1048.75	1049.00	1050.00	1050.50	1051.00	1051.25	1051.75	1052.00	1052.00	1052.00	1052.50	1052.50	1052.50	1053.00	1053.00	1053.00	1053.00	1053.00	1052.00	1051.50	1051.25	1051.00	1049.50	1048.50	1047.50	1046.00	1044.50	1043.50	1043.00	1041.75	1041.25	1040.25	1039.25	1038.50	1037.00	1036.00	1034.50	1032.50	1030.25	1028.75	1026.00	1024.00	1022.00	1020.00	1018.25	1017.00	1016.25	1016.00	1016.00	1016.00	1016.50	1017.50	1018.00	1020.25	1021.50	1023.00	1025.00	1026.50	1029.00	1031.00	1032.75	1034.25	1035.75	1038.00	1039.00	1040.50	1041.50	1043.00	1043.75	1045.25	1045.75	1046.50	1047.50	1048.50	1049.50	1050.00	1050.75	1051.50	1052.00	1053.25	1053.75	1055.00	1056.50	1058.00	1059.25	1061.50	1062.75	1064.00	1066.00	1068.00	1070.00	1071.00	1073.50	1074.50	1075.75	1076.50	1077.50	1079.00	1079.50	1080.25	1081.50	1082.00	1082.50	1083.00	1084.00	1085.00	1085.50
1100.50	1100.00	1098.50	1097.00	1097.00	1095.50	1094.50	1093.00	1091.50	1090.50	1089.00	1088.00	1085.50	1083.00	1081.50	1080.00	1078.50	1077.00	1075.50	1074.00	1073.00	1071.50	1070.50	1069.00	1067.50	1066.50	1066.00	1065.00	1064.50	1063.00	1062.00	1061.50	1060.50	1059.00	1057.50	1056.00	1055.00	1053.50	1052.50	1050.00	1048.50	1047.50	1046.00	1044.50	1043.50	1042.00	1041.50	1040.50	1038.00	1037.00	1035.00	1034.00	1031.50	1030.50	1029.50	1027.50	1026.50	1025.00	1024.00	1022.50	1022.00	1021.00	1021.00	1020.50	1020.00	1020.00	1020.00	1020.00	1020.00	1019.50	1018.50	1018.00	1017.50	1016.00	1015.00	1014.50	1014.00	1013.50	1013.00	1013.00	1014.00	1014.00	1015.00	1015.00	1015.50	1016.00	1017.50	1018.00	1018.50	1019.00	1019.50	1020.00	1020.00	1020.00	1020.00	1020.00	1021.00	1021.00	1022.00	1022.50	1023.00	1023.50	1025.50	1026.50	1028.00	1029.00	1030.50	1031.00	1031.00	1031.00	1031.00	1031.00	1032.00	1032.00	1031.00	1030.50	1030.00	1030.00	1029.50	1029.00	1029.00	1029.00	1029.50	1030.00	1030.00	1030.50	1031.00	1032.00	1033.00	1034.00	1035.00	1035.50	1036.50	1038.00	1038.50	1039.50	1040.00	1041.50	1042.00	1043.00	1043.50	1044.50	1045.00	1046.00	1046.50	1048.00	1048.00	1048.50	1049.00	1050.00	1050.00	1051.00	1051.00	1052.00	1052.50	1053.50	1054.00	1054.00	1054.00	1055.00	1055.00	1055.00	1056.00	1056.00	1056.00	1056.00	1056.00	1055.00	1054.00	1053.50	1053.00	1051.50	1050.50	1049.50	1048.00	1046.50	1046.00	1045.00	1044.00	1043.50	1042.50	1041.50	1040.50	1039.00	1038.00	1036.50	1035.00	1032.50	1031.00	1028.00	1026.00	1024.00	1022.00	1020.00	1018.50	1018.00	1018.00	1018.00	1018.00	1018.00	1019.00	1019.50	1021.50	1022.50	1024.00	1026.00	1027.00	1030.00	1032.00	1034.00	1035.50	1037.00	1039.50	1040.50	1042.00	1043.00	1044.50	1045.50	1047.50	1048.00	1048.50	1050.00	1051.00	1052.00	1053.00	1053.50	1054.50	1055.00	1056.50	1057.00	1058.00	1060.00	1061.50	1063.00	1065.50	1066.50	1067.50	1069.00	1071.00	1073.00	1074.00	1076.50	1077.50	1079.00	1079.50	1080.50	1082.00	1082.50	1083.00	1084.00	1084.50	1085.00	1085.00	1086.00	1086.50	1087.00
1100.50	1100.00	1098.50	1097.00	1097.00	1095.50	1094.50	1093.00	1091.50	1090.50	1089.00	1088.00	1085.50	1083.00	1081.50	1080.00	1078.50	1077.00	1075.50	1074.00	1073.00	1071.50	1070.50	1069.00	1067.50	1066.50	1066.00	1065.00	1064.50	1063.00	1062.00	1061.50	1060.50	1059.00	1057.50	1056.00	1055.00	1053.50	1052.50	1050.00	1048.50	1047.50	1046.00	1044.50	1043.50	1042.00	1041.50	1040.50	1038.00	1037.00	1035.00	1034.00	1031.50	1030.50	1029.50	1027.50	1026.50	1025.00	1024.00	1022.50	1022.00	1021.00	1021.00	1020.50	1020.00	1020.00	1020.00	1020.00	1020.00	1019.50	1018.50	1018.00	1017.50	1016.00	1015.00	1014.50	1014.00	1013.50	1013.00	1013.00	1014.00	1014.00	1015.00	1015.00	1015.50	1016.00	1017.50	1018.00	1018.50	1019.00	1019.50	1020.00	1020.00	1020.00	1020.00	1020.00	1021.00	1021.00	1022.00	1022.50	1023.00	1023.50	1025.50	1026.50	1028.00	1029.00	1030.50	1031.00	1031.00	1031.00	1031.00	1031.00	1032.00	1032.00	1031.00	1030.50	1030.00	1030.00	1029.50	1029.00	1029.00	1029.00	1029.50	1030.00	1030.00	1030.50	1031.00	1032.00	1033.00	1034.00	1035.00	1035.50	1036.50	1038.00	1038.50	1039.50	1040.00	1041.50	1042.00	1043.00	1043.50	1044.50	1045.00	1046.00	1046.50	1048.00	1048.00	1048.50	1049.00	1050.00	1050.00	1051.00	1051.00	1052.00	1052.50	1053.50	1054.00	1054.00	1054.00	1055.00	1055.00	1055.00	1056.00	1056.00	1056.00	1056.00	1056.00	1055.00	1054.00	1053.50	1053.00	1051.50	1050.50	1049.50	1048.00	1046.50	1046.00	1045.00	1044.00	1043.50	1042.50	1041.50	1040.50	1039.00	1038.00	1036.50	1035.00	1032.50	1031.00	1028.00	1026.00	1024.00	1022.00	1020.00	1018.50	1018.00	1018.00	1018.00	1018.00	1018.00	1019.00	1019.50	1021.50	1022.50	1024.00	1026.00	1027.00	1030.00	1032.00	1034.00	1035.50	1037.00	1039.50	1040.50	1042.00	1043.00	1044.50	1045.50	1047.50	1048.00	1048.50	1050.00	1051.00	1052.00	1053.00	1053.50	1054.50	1055.00	1056.50	1057.00	1058.00	1060.00	1061.50	1063.00	1065.50	1066.50	1067.50	1069.00	1071.00	1073.00	1074.00	1076.50	1077.50	1079.00	1079.50	1080.50	1082.00	1082.50	1083.00	1084.00	1084.50	1085.00	1085.00	1086.00	1086.50	1087.00
1101.00	1100.50	1099.00	1098.00	1097.50	1096.25	1095.50	1094.00	1092.50	1091.50	1090.00	1089.00	1087.00	1085.00	1083.50	1082.25	1081.00	1079.50	1077.75	1076.00	1075.00	1073.50	1072.75	1071.50	1070.00	1069.00	1068.00	1067.50	1066.50	1065.50	1064.25	1063.75	1063.00	1061.50	1060.25	1059.00	1058.00	1056.50	1055.50	1053.25	1051.75	1050.50	1049.00	1047.50	1046.50	1045.00	1044.00	1043.00	1041.00	1040.00	1037.50	1036.00	1033.75	1032.50	1031.50	1029.50	1028.50	1027.00	1026.00	1024.75	1024.00	1023.25	1023.00	1022.75	1022.50	1022.50	1022.50	1022.50	1022.50	1022.50	1022.25	1021.75	1021.25	1020.50	1019.50	1019.25	1018.50	1018.25	1018.00	1018.00	1018.50	1018.50	1019.00	1019.50	1019.75	1020.25	1021.50	1022.00	1022.25	1023.00	1023.25	1023.50	1023.50	1023.75	1024.00	1024.00	1024.50	1025.00	1026.00	1026.75	1027.25	1028.00	1030.00	1031.00	1033.00	1034.00	1035.50	1036.25	1036.75	1037.00	1037.00	1037.50	1038.00	1038.00	1037.00	1036.75	1036.50	1036.50	1036.00	1035.50	1035.50	1035.50	1035.75	1036.00	1036.00	1036.25	1036.75	1037.50	1038.25	1039.00	1040.00	1040.50	1041.25	1042.50	1043.00	1043.75	1044.00	1045.25	1045.50	1046.00	1046.25	1047.00	1047.00	1047.50	1048.25	1049.00	1048.50	1048.75	1049.00	1049.75	1050.00	1050.50	1050.50	1051.50	1052.00	1053.00	1053.50	1053.75	1054.00	1055.00	1055.50	1056.00	1056.75	1057.00	1057.25	1057.75	1057.75	1056.50	1055.50	1054.50	1053.75	1052.00	1051.00	1050.25	1049.00	1047.75	1047.00	1046.50	1045.25	1044.75	1043.75	1042.50	1041.50	1040.50	1039.50	1037.50	1036.00	1033.50	1032.00	1029.00	1027.50	1025.25	1023.50	1021.50	1020.25	1020.00	1020.00	1020.00	1020.00	1020.50	1021.25	1022.00	1024.00	1025.00	1026.50	1028.50	1030.00	1033.50	1035.50	1037.25	1038.75	1040.25	1043.00	1044.00	1045.50	1046.50	1048.00	1049.00	1051.00	1051.75	1052.50	1054.00	1055.00	1056.50	1057.00	1058.00	1059.00	1059.75	1061.25	1061.75	1063.00	1064.50	1066.50	1067.75	1070.00	1071.00	1072.00	1073.50	1075.25	1076.50	1077.50	1079.50	1080.25	1081.75	1082.25	1082.75	1084.00	1084.25	1084.75	1085.50	1085.75	1086.25	1086.50	1087.00	1087.25	1087.50
1101.50	1101.00	1099.50	1099.00	1098.00	1097.00	1096.50	1095.00	1093.50	1092.50	1091.00	1090.00	1088.50	1087.00	1085.50	1084.50	1083.50	1082.00	1080.00	1078.00	1077.00	1075.50	1075.00	1074.00	1072.50	1071.50	1070.00	1070.00	1068.50	1068.00	1066.50	1066.00	1065.50	1064.00	1063.00	1062.00	1061.00	1059.50	1058.50	1056.50	1055.00	1053.50	1052.00	1050.50	1049.50	1048.00	1046.50	1045.50	1044.00	1043.00	1040.00	1038.00	1036.00	1034.50	1033.50	1031.50	1030.50	1029.00	1028.00	1027.00	1026.00	1025.50	1025.00	1025.00	1025.00	1025.00	1025.00	1025.00	1025.00	1025.50	1026.00	1025.50	1025.00	1025.00	1024.00	1024.00	1023.00	1023.00	1023.00	1023.00	1023.00	1023.00	1023.00	1024.00	1024.00	1024.50	1025.50	1026.00	1026.00	1027.00	1027.00	1027.00	1027.00	1027.50	1028.00	1028.00	1028.00	1029.00	1030.00	1031.00	1031.50	1032.50	1034.50	1035.50	1038.00	1039.00	1040.50	1041.50	1042.50	1043.00	1043.00	1044.00	1044.00	1044.00	1043.00	1043.00	1043.00	1043.00	1042.50	1042.00	1042.00	1042.00	1042.00	1042.00	1042.00	1042.00	1042.50	1043.00	1043.50	1044.00	1045.00	1045.50	1046.00	1047.00	1047.50	1048.00	1048.00	1049.00	1049.00	1049.00	1049.00	1049.50	1049.00	1049.00	1050.00	1050.00	1049.00	1049.00	1049.00	1049.50	1050.00	1050.00	1050.00	1051.00	1051.50	1052.50	1053.00	1053.50	1054.00	1055.00	1056.00	1057.00	1057.50	1058.00	1058.50	1059.50	1059.50	1058.00	1057.00	1055.50	1054.50	1052.50	1051.50	1051.00	1050.00	1049.00	1048.00	1048.00	1046.50	1046.00	1045.00	1043.50	1042.50	1042.00	1041.00	1038.50	1037.00	1034.50	1033.00	1030.00	1029.00	1026.50	1025.00	1023.00	1022.00	1022.00	1022.00	1022.00	1022.00	1023.00	1023.50	1024.50	1026.50	1027.50	1029.00	1031.00	1033.00	1037.00	1039.00	1040.50	1042.00	1043.50	1046.50	1047.50	1049.00	1050.00	1051.50	1052.50	1054.50	1055.50	1056.50	1058.00	1059.00	1061.00	1061.00	1062.50	1063.50	1064.50	1066.00	1066.50	1068.00	1069.00	1071.50	1072.50	1074.50	1075.50	1076.50	1078.00	1079.50	1080.00	1081.00	1082.50	1083.00	1084.50	1085.00	1085.00	1086.00	1086.00	1086.50	1087.00	1087.00	1087.50	1088.00	1088.00	1088.00	1088.00
1101.50	1101.00	1099.50	1099.00	1098.00	1097.00	1096.50	1095.00	1093.50	1092.50	1091.00	1090.00	1088.50	1087.00	1085.50	1084.50	1083.50	1082.00	1080.00	1078.00	1077.00	1075.50	1075.00	1074.00	1072.50	1071.50	1070.00	1070.00	1068.50	1068.00	1066.50	1066.00	1065.50	1064.00	1063.00	1062.00	1061.00	1059.50	1058.50	1056.50	1055.00	1053.50	1052.00	1050.50	1049.50	1048.00	1046.50	1045.50	1044.00	1043.00	1040.00	1038.00	1036.00	1034.50	1033.50	1031.50	1030.50	1029.00	1028.00	1027.00	1026.00	1025.50	1025.00	1025.00	1025.00	1025.00	1025.00	1025.00	1025.00	1025.50	1026.00	1025.50	1025.00	1025.00	1024.00	1024.00	1023.00	1023.00	1023.00	1023.00	1023.00	1023.00	1023.00	1024.00	1024.00	1024.50	1025.50	1026.00	1026.00	1027.00	1027.00	1027.00	1027.00	1027.50	1028.00	1028.00	1028.00	1029.00	1030.00	1031.00	1031.50	1032.50	1034.50	1035.50	1038.00	1039.00	1040.50	1041.50	1042.50	1043.00	1043.00	1044.00	1044.00	1044.00	1043.00	1043.00	1043.00	1043.00	1042.50	1042.00	1042.00	1042.00	1042.00	1042.00	1042.00	1042.00	1042.50	1043.00	1043.50	1044.00	1045.00	1045.50	1046.00	1047.00	1047.50	1048.00	1048.00	1049.00	1049.00	1049.00	1049.00	1049.50	1049.00	1049.00	1050.00	1050.00	1049.00	1049.00	1049.00	1049.50	1050.00	1050.00	1050.00	1051.00	1051.50	1052.50	1053.00	1053.50	1054.00	1055.00	1056.00	1057.00	1057.50	1058.00	1058.50	1059.50	1059.50	1058.00	1057.00	1055.50	1054.50	1052.50	1051.50	1051.00	1050.00	1049.00	1048.00	1048.00	1046.50	1046.00	1045.00	1043.50	1042.50	1042.00	1041.00	1038.50	1037.00	1034.50	1033.00	1030.00	1029.00	1026.50	1025.00	1023.00	1022.00	1022.00	1022.00	1022.00	1022.00	1023.00	1023.50	1024.50	1026.50	1027.50	1029.00	1031.00	1033.00	1037.00	1039.00	1040.50	1042.00	1043.50	1046.50	1047.50	1049.00	1050.00	1051.50	1052.50	1054.50	1055.50	1056.50	1058.00	1059.00	1061.00	1061.00	1062.50	1063.50	1064.50	1066.00	1066.50	1068.00	1069.00	1071.50	1072.50	1074.50	1075.50	1076.50	1078.00	1079.50	1080.00	1081.00	1082.50	1083.00	1084.50	1085.00	1085.00	1086.00	1086.00	1086.50	1087.00	1087.00	1087.50	1088.00	1088.00	1088.00	1088.00
1102.00	1101.00	1100.00	1099.50	1098.50	1097.75	1097.25	1096.00	1094.75	1094.00	1092.50	1092.00	1090.50	1089.00	1087.50	1086.50	1085.50	1084.00	1082.25	1080.50	1079.50	1078.00	1077.25	1076.00	1074.50	1073.50	1072.00	1072.00	1070.50	1070.00	1068.75	1068.25	1067.50	1066.00	1065.25	1064.00	1063.00	1061.75	1061.00	1059.00	1057.50	1056.00	1054.50	1053.00	1052.00	1050.50	1049.00	1048.00	1046.50	1045.50	1042.50	1040.50	1038.75	1037.25	1036.00	1033.50	1032.50	1031.00	1030.00	1029.25	1028.50	1027.75	1027.25	1027.25	1027.50	1027.50	1028.00	1028.00	1028.50	1029.00	1029.50	1029.25	1029.00	1029.50	1028.50	1028.50	1028.00	1027.50	1027.50	1027.50	1027.50	1027.50	1027.50	1028.00	1028.50	1028.75	1029.75	1030.00	1030.25	1031.00	1031.00	1031.00	1031.00	1031.25	1031.50	1031.50	1031.50	1032.50	1033.50	1034.75	1035.50	1036.50	1038.50	1039.50	1042.00	1043.00	1044.75	1046.00	1048.00	1048.75	1049.00	1049.50	1050.00	1050.00	1049.50	1049.50	1049.50	1049.50	1049.00	1048.50	1048.50	1048.50	1048.00	1048.00	1048.00	1048.00	1048.25	1048.50	1048.75	1049.50	1050.00	1050.25	1050.50	1051.25	1051.75	1052.00	1052.00	1052.50	1052.25	1052.00	1052.00	1052.00	1051.50	1051.00	1051.25	1050.50	1049.75	1049.25	1049.00	1049.00	1049.00	1049.00	1049.00	1050.00	1050.25	1051.00	1051.75	1052.50	1053.00	1054.00	1055.50	1056.50	1057.25	1057.50	1058.00	1058.75	1058.50	1057.50	1056.50	1055.25	1054.50	1052.75	1052.00	1051.25	1050.50	1049.25	1048.50	1048.00	1046.75	1046.25	1045.00	1043.50	1042.50	1041.50	1040.50	1038.25	1036.50	1034.00	1032.75	1030.00	1029.00	1027.00	1026.00	1024.50	1024.00	1024.25	1024.75	1025.00	1025.50	1026.50	1027.50	1028.50	1030.75	1032.00	1033.50	1035.50	1037.50	1041.50	1043.00	1045.00	1046.25	1047.50	1050.50	1051.75	1053.50	1054.50	1056.50	1057.50	1059.50	1060.50	1061.50	1063.00	1064.00	1066.00	1066.50	1068.00	1069.00	1070.00	1071.75	1072.25	1073.50	1074.50	1076.00	1077.00	1078.50	1079.50	1080.50	1081.50	1082.50	1083.00	1084.00	1084.75	1085.00	1086.25	1086.50	1086.50	1087.00	1087.00	1087.25	1087.50	1087.50	1088.00	1088.50	1088.50	1088.50	1088.50
1102.50	1101.00	1100.50	1100.00	1099.00	1098.50	1098.00	1097.00	1096.00	1095.50	1094.00	1094.00	1092.50	1091.00	1089.50	1088.50	1087.50	1086.00	1084.50	1083.00	1082.00	1080.50	1079.50	1078.00	1076.50	1075.50	1074.00	1074.00	1072.50	1072.00	1071.00	1070.50	1069.50	1068.00	1067.50	1066.00	1065.00	1064.00	1063.50	1061.50	1060.00	1058.50	1057.00	1055.50	1054.50	1053.00	1051.50	1050.50	1049.00	1048.00	1045.00	1043.00	1041.50	1040.00	1038.50	1035.50	1034.50	1033.00	1032.00	1031.50	1031.00	1030.00	1029.50	1029.50	1030.00	1030.00	1031.00	1031.00	1032.00	1032.50	1033.00	1033.00	1033.00	1034.00	1033.00	1033.00	1033.00	1032.00	1032.00	1032.00	1032.00	1032.00	1032.00	1032.00	1033.00	1033.00	1034.00	1034.00	1034.50	1035.00	1035.00	1035.00	1035.00	1035.00	1035.00	1035.00	1035.00	1036.00	1037.00	1038.50	1039.50	1040.50	1042.50	1043.50	1046.00	1047.00	1049.00	1050.50	1053.50	1054.50	1055.00	1055.00	1056.00	1056.00	1056.00	1056.00	1056.00	1056.00	1055.50	1055.00	1055.00	1055.00	1054.00	1054.00	1054.00	1054.00	1054.00	1054.00	1054.00	1055.00	1055.00	1055.00	1055.00	1055.50	1056.00	1056.00	1056.00	1056.00	1055.50	1055.00	1055.00	1054.50	1054.00	1053.00	1052.50	1051.00	1050.50	1049.50	1049.00	1048.50	1048.00	1048.00	1048.00	1049.00	1049.00	1049.50	1050.50	1051.50	1052.00	1053.00	1055.00	1056.00	1057.00	1057.00	1057.50	1058.00	1057.50	1057.00	1056.00	1055.00	1054.50	1053.00	1052.50	1051.50	1051.00	1049.50	1049.00	1048.00	1047.00	1046.50	1045.00	1043.50	1042.50	1041.00	1040.00	1038.00	1036.00	1033.50	1032.50	1030.00	1029.00	1027.50	1027.00	1026.00	1026.00	1026.50	1027.50	1028.00	1029.00	1030.00	1031.50	1032.50	1035.00	1036.50	1038.00	1040.00	1042.00	1046.00	1047.00	1049.50	1050.50	1051.50	1054.50	1056.00	1058.00	1059.00	1061.50	1062.50	1064.50	1065.50	1066.50	1068.00	1069.00	1071.00	1072.00	1073.50	1074.50	1075.50	1077.50	1078.00	1079.00	1080.00	1080.50	1081.50	1082.50	1083.50	1084.50	1085.00	1085.50	1086.00	1087.00	1087.00	1087.00	1088.00	1088.00	1088.00	1088.00	1088.00	1088.00	1088.00	1088.00	1088.50	1089.00	1089.00	1089.00	1089.00
1102.50	1101.00	1100.50	1100.00	1099.00	1098.50	1098.00	1097.00	1096.00	1095.50	1094.00	1094.00	1092.50	1091.00	1089.50	1088.50	1087.50	1086.00	1084.50	1083.00	1082.00	1080.50	1079.50	1078.00	1076.50	1075.50	1074.00	1074.00	1072.50	1072.00	1071.00	1070.50	1069.50	1068.00	1067.50	1066.00	1065.00	1064.00	1063.50	1061.50	1060.00	1058.50	1057.00	1055.50	1054.50	1053.00	1051.50	1050.50	1049.00	1048.00	1045.00	1043.00	1041.50	1040.00	1038.50	1035.50	1034.50	1033.00	1032.00	1031.50	1031.00	1030.00	1029.50	1029.50	1030.00	1030.00	1031.00	1031.00	1032.00	1032.50	1033.00	1033.00	1033.00	1034.00	1033.00	1033.00	1033.00	1032.00	1032.00	1032.00	1032.00	1032.00	1032.00	1032.00	1033.00	1033.00	1034.00	1034.00	1034.50	1035.00	1035.00	1035.00	1035.00	1035.00	1035.00	1035.00	1035.00	1036.00	1037.00	1038.50	1039.50	1040.50	1042.50	1043.50	1046.00	1047.00	1049.00	1050.50	1053.50	1054.50	1055.00	1055.00	1056.00	1056.00	1056.00	1056.00	1056.00	1056.00	1055.50	1055.00	1055.00	1055.00	1054.00	1054.00	1054.00	1054.00	1054.00	1054.00	1054.00	1055.00	1055.00	1055.00	1055.00	1055.50	1056.00	1056.00	1056.00	1056.00	1055.50	1055.00	1055.00	1054.50	1054.00	1053.00	1052.50	1051.00	1050.50	1049.50	1049.00	1048.50	1048.00	1048.00	1048.00	1049.00	1049.00	1049.50	1050.50	1051.50	1052.00	1053.00	1055.00	1056.00	1057.00	1057.00	1057.50	1058.00	1057.50	1057.00	1056.00	1055.00	1054.50	1053.00	1052.50	1051.50	1051.00	1049.50	1049.00	1048.00	1047.00	1046.50	1045.00	1043.50	1042.50	1041.00	1040.00	1038.00	1036.00	1033.50	1032.50	1030.00	1029.00	1027.50	1027.00	1026.00	1026.00	1026.50	1027.50	1028.00	1029.00	1030.00	1031.50	1032.50	1035.00	1036.50	1038.00	1040.00	1042.00	1046.00	1047.00	1049.50	1050.50	1051.50	1054.50	1056.00	1058.00	1059.00	1061.50	1062.50	1064.50	1065.50	1066.50	1068.00	1069.00	1071.00	1072.00	1073.50	1074.50	1075.50	1077.50	1078.00	1079.00	1080.00	1080.50	1081.50	1082.50	1083.50	1084.50	1085.00	1085.50	1086.00	1087.00	1087.00	1087.00	1088.00	1088.00	1088.00	1088.00	1088.00	1088.00	1088.00	1088.00	1088.50	1089.00	1089.00	1089.00	1089.00
1102.50	1101.00	1100.50	1100.00	1099.00	1098.50	1098.00	1097.00	1096.00	1095.50	1094.00	1094.00	1092.50	1091.00	1089.50	1088.50	1087.50	1086.00	1084.50	1083.00	1082.00	1080.50	1079.50	1078.00	1076.50	1075.50	1074.00	1074.00	1072.50	1072.00	1071.00	1070.50	1069.50	1068.00	1067.50	1066.00	1065.00	1064.00	1063.50	1061.50	1060.00	1058.50	1057.00	1055.50	1054.50	1053.00	1051.50	1050.50	1049.00	1048.00	1045.00	1043.00	1041.50	1040.00	1038.50	1035.50	1034.50	1033.00	1032.00	1031.50	1031.00	1030.00	1029.50	1029.50	1030.00	1030.00	1031.00	1031.00	1032.00	1032.50	1033.00	1033.00	1033.00	1034.00	1033.00	1033.00	1033.00	1032.00	1032.00	1032.00	1032.00	1032.00	1032.00	1032.00	1033.00	1033.00	1034.00	1034.00	1034.50	1035.00	1035.00	1035.00	1035.00	1035.00	1035.00	1035.00	1035.00	1036.00	1037.00	1038.50	1039.50	1040.50	1042.50	1043.50	1046.00	1047.00	1049.00	1050.50	1053.50	1054.50	1055.00	1055.00	1056.00	1056.00	1056.00	1056.00	1056.00	1056.00	1055.50	1055.00	1055.00	1055.00	1054.00	1054.00	1054.00	1054.00	1054.00	1054.00	1054.00	1055.00	1055.00	1055.00	1055.00	1055.50	1056.00	1056.00	1056.00	1056.00	1055.50	1055.00	1055.00	1054.50	1054.00	1053.00	1052.50	1051.00	1050.50	1049.50	1049.00	1048.50	1048.00	1048.00	1048.00	1049.00	1049.00	1049.50	1050.50	1051.50	1052.00	1053.00	1055.00	1056.00	1057.00	1057.00	1057.50	1058.00	1057.50	1057.00	1056.00	1055.00	1054.50	1053.00	1052.50	1051.50	1051.00	1049.50	1049.00	1048.00	1047.00	1046.50	1045.00	1043.50	1042.50	1041.00	1040.00	1038.00	1036.00	1033.50	1032.50	1030.00	1029.00	1027.50	1027.00	1026.00	1026.00	1026.50	1027.50	1028.00	1029.00	1030.00	1031.50	1032.50	1035.00	1036.50	1038.00	1040.00	1042.00	1046.00	1047.00	1049.50	1050.50	1051.50	1054.50	1056.00	1058.00	1059.00	1061.50	1062.50	1064.50	1065.50	1066.50	1068.00	1069.00	1071.00	1072.00	1073.50	1074.50	1075.50	1077.50	1078.00	1079.00	1080.00	1080.50	1081.50	1082.50	1083.50	1084.50	1085.00	1085.50	1086.00	1087.00	1087.00	1087.00	1088.00	1088.00	1088.00	1088.00	1088.00	1088.00	1088.00	1088.00	1088.50	1089.00	1089.00	1089.00	1089.00
1104.00	1103.00	1102.00	1101.00	1101.00	1101.00	1100.50	1099.50	1098.50	1098.00	1097.00	1097.00	1095.50	1095.00	1093.50	1092.50	1091.50	1090.00	1088.00	1086.00	1085.00	1083.50	1082.50	1081.00	1079.50	1078.50	1078.00	1077.00	1076.00	1075.00	1074.50	1074.00	1073.50	1072.00	1071.50	1070.00	1070.00	1068.50	1067.50	1066.50	1065.50	1064.50	1062.00	1060.50	1059.50	1058.00	1056.50	1055.50	1054.00	1053.00	1050.00	1048.00	1046.50	1045.50	1044.50	1041.50	1041.00	1040.00	1039.00	1038.00	1037.00	1037.00	1036.50	1036.50	1037.00	1037.00	1038.00	1039.00	1039.50	1040.00	1040.50	1041.50	1042.00	1042.00	1042.00	1042.00	1042.00	1041.00	1041.00	1041.00	1041.00	1041.00	1041.00	1041.00	1041.00	1041.50	1042.00	1042.00	1042.00	1042.00	1042.00	1042.00	1042.00	1042.00	1042.00	1042.00	1042.00	1042.00	1043.00	1044.50	1045.50	1046.50	1049.00	1051.00	1053.00	1055.00	1057.50	1059.00	1061.50	1062.50	1063.50	1065.00	1066.00	1067.00	1067.00	1068.00	1068.00	1067.50	1067.00	1066.50	1066.00	1066.00	1065.00	1065.00	1065.00	1065.00	1064.50	1064.00	1064.00	1063.00	1063.00	1063.00	1063.00	1063.00	1063.00	1063.00	1062.00	1062.00	1061.50	1061.00	1059.50	1058.50	1057.00	1056.00	1054.50	1053.00	1051.50	1050.50	1050.00	1049.00	1048.50	1048.00	1048.00	1048.50	1049.00	1049.50	1050.50	1051.50	1052.00	1054.00	1056.00	1057.00	1058.00	1058.00	1058.50	1058.50	1058.00	1057.00	1056.00	1054.50	1054.00	1052.50	1052.00	1051.50	1051.00	1049.50	1049.00	1048.00	1046.50	1045.50	1044.00	1042.50	1041.50	1040.00	1039.00	1037.50	1035.00	1034.50	1034.00	1033.00	1033.00	1032.00	1031.00	1031.00	1031.50	1033.00	1036.00	1037.50	1039.00	1040.00	1042.50	1043.50	1046.50	1048.00	1050.00	1052.00	1054.00	1057.00	1058.00	1059.50	1060.50	1061.50	1064.50	1065.50	1068.00	1069.00	1071.00	1072.50	1075.00	1076.50	1077.50	1079.00	1080.00	1082.00	1083.00	1084.50	1085.00	1085.50	1087.00	1087.50	1088.00	1088.00	1089.00	1089.00	1090.00	1090.00	1090.50	1091.00	1091.00	1091.00	1091.00	1091.50	1092.00	1092.00	1092.00	1092.00	1092.00	1092.00	1092.00	1092.00	1091.00	1091.00	1091.00	1091.00	1091.00	1091.00
1104.00	1103.00	1102.00	1101.00	1101.00	1101.00	1100.50	1099.50	1098.50	1098.00	1097.00	1097.00	1095.50	1095.00	1093.50	1092.50	1091.50	1090.00	1088.00	1086.00	1085.00	1083.50	1082.50	1081.00	1079.50	1078.50	1078.00	1077.00	1076.00	1075.00	1074.50	1074.00	1073.50	1072.00	1071.50	1070.00	1070.00	1068.50	1067.50	1066.50	1065.50	1064.50	1062.00	1060.50	1059.50	1058.00	1056.50	1055.50	1054.00	1053.00	1050.00	1048.00	1046.50	1045.50	1044.50	1041.50	1041.00	1040.00	1039.00	1038.00	1037.00	1037.00	1036.50	1036.50	1037.00	1037.00	1038.00	1039.00	1039.50	1040.00	1040.50	1041.50	1042.00	1042.00	1042.00	1042.00	1042.00	1041.00	1041.00	1041.00	1041.00	1041.00	1041.00	1041.00	1041.00	1041.50	1042.00	1042.00	1042.00	1042.00	1042.00	1042.00	1042.00	1042.00	1042.00	1042.00	1042.00	1042.00	1043.00	1044.50	1045.50	1046.50	1049.00	1051.00	1053.00	1055.00	1057.50	1059.00	1061.50	1062.50	1063.50	1065.00	1066.00	1067.00	1067.00	1068.00	1068.00	1067.50	1067.00	1066.50	1066.00	1066.00	1065.00	1065.00	1065.00	1065.00	1064.50	1064.00	1064.00	1063.00	1063.00	1063.00	1063.00	1063.00	1063.00	1063.00	1062.00	1062.00	1061.50	1061.00	1059.50	1058.50	1057.00	1056.00	1054.50	1053.00	1051.50	1050.50	1050.00	1049.00	1048.50	1048.00	1048.00	1048.50	1049.00	1049.50	1050.50	1051.50	1052.00	1054.00	1056.00	1057.00	1058.00	1058.00	1058.50	1058.50	1058.00	1057.00	1056.00	1054.50	1054.00	1052.50	1052.00	1051.50	1051.00	1049.50	1049.00	1048.00	1046.50	1045.50	1044.00	1042.50	1041.50	1040.00	1039.00	1037.50	1035.00	1034.50	1034.00	1033.00	1033.00	1032.00	1031.00	1031.00	1031.50	1033.00	1036.00	1037.50	1039.00	1040.00	1042.50	1043.50	1046.50	1048.00	1050.00	1052.00	1054.00	1057.00	1058.00	1059.50	1060.50	1061.50	1064.50	1065.50	1068.00	1069.00	1071.00	1072.50	1075.00	1076.50	1077.50	1079.00	1080.00	1082.00	1083.00	1084.50	1085.00	1085.50	1087.00	1087.50	1088.00	1088.00	1089.00	1089.00	1090.00	1090.00	1090.50	1091.00	1091.00	1091.00	1091.00	1091.50	1092.00	1092.00	1092.00	1092.00	1092.00	1092.00	1092.00	1092.00	1091.00	1091.00	1091.00	1091.00	1091.00	1091.00
1104.00	1103.00	1102.00	1101.00	1101.00	1101.00	1100.50	1099.50	1098.50	1098.00	1097.00	1097.00	1095.50	1095.00	1093.50	1092.50	1091.50	1090.00	1088.00	1086.00	1085.00	1083.50	1082.50	1081.00	1079.50	1078.50	1078.00	1077.00	1076.00	1075.00	1074.50	1074.00	1073.50	1072.00	1071.50	1070.00	1070.00	1068.50	1067.50	1066.50	1065.50	1064.50	1062.00	1060.50	1059.50	1058.00	1056.50	1055.50	1054.00	1053.00	1050.00	1048.00	1046.50	1045.50	1044.50	1041.50	1041.00	1040.00	1039.00	1038.00	1037.00	1037.00	1036.50	1036.50	1037.00	1037.00	1038.00	1039.00	1039.50	1040.00	1040.50	1041.50	1042.00	1042.00	1042.00	1042.00	1042.00	1041.00	1041.00	1041.00	1041.00	1041.00	1041.00	1041.00	1041.00	1041.50	1042.00	1042.00	1042.00	1042.00	1042.00	1042.00	1042.00	1042.00	1042.00	1042.00	1042.00	1042.00	1043.00	1044.50	1045.50	1046.50	1049.00	1051.00	1053.00	1055.00	1057.50	1059.00	1061.50	1062.50	1063.50	1065.00	1066.00	1067.00	1067.00	1068.00	1068.00	1067.50	1067.00	1066.50	1066.00	1066.00	1065.00	1065.00	1065.00	1065.00	1064.50	1064.00	1064.00	1063.00	1063.00	1063.00	1063.00	1063.00	1063.00	1063.00	1062.00	1062.00	1061.50	1061.00	1059.50	1058.50	1057.00	1056.00	1054.50	1053.00	1051.50	1050.50	1050.00	1049.00	1048.50	1048.00	1048.00	1048.50	1049.00	1049.50	1050.50	1051.50	1052.00	1054.00	1056.00	1057.00	1058.00	1058.00	1058.50	1058.50	1058.00	1057.00	1056.00	1054.50	1054.00	1052.50	1052.00	1051.50	1051.00	1049.50	1049.00	1048.00	1046.50	1045.50	1044.00	1042.50	1041.50	1040.00	1039.00	1037.50	1035.00	1034.50	1034.00	1033.00	1033.00	1032.00	1031.00	1031.00	1031.50	1033.00	1036.00	1037.50	1039.00	1040.00	1042.50	1043.50	1046.50	1048.00	1050.00	1052.00	1054.00	1057.00	1058.00	1059.50	1060.50	1061.50	1064.50	1065.50	1068.00	1069.00	1071.00	1072.50	1075.00	1076.50	1077.50	1079.00	1080.00	1082.00	1083.00	1084.50	1085.00	1085.50	1087.00	1087.50	1088.00	1088.00	1089.00	1089.00	1090.00	1090.00	1090.50	1091.00	1091.00	1091.00	1091.00	1091.50	1092.00	1092.00	1092.00	1092.00	1092.00	1092.00	1092.00	1092.00	1091.00	1091.00	1091.00	1091.00	1091.00	1091.00
1106.00	1105.50	1104.50	1103.50	1103.50	1102.75	1102.25	1101.25	1100.25	1099.75	1098.50	1098.50	1097.00	1096.00	1095.00	1094.00	1093.00	1091.50	1089.75	1088.00	1087.00	1085.00	1084.00	1082.50	1081.00	1080.25	1079.50	1078.50	1077.75	1077.00	1076.25	1075.75	1075.25	1074.00	1073.75	1072.50	1072.50	1071.25	1070.50	1069.00	1068.25	1067.25	1065.00	1063.50	1062.50	1061.00	1059.50	1058.50	1057.00	1056.00	1053.50	1052.00	1050.50	1049.50	1048.50	1046.50	1045.75	1044.50	1043.50	1042.75	1042.00	1041.75	1041.25	1041.25	1041.50	1041.75	1042.50	1043.00	1043.75	1044.25	1044.75	1045.25	1045.75	1046.00	1045.50	1045.50	1045.50	1044.75	1044.50	1044.50	1044.50	1044.50	1044.50	1044.50	1044.50	1045.00	1045.50	1045.50	1045.50	1045.50	1045.50	1045.50	1045.50	1045.00	1045.00	1045.00	1045.00	1045.00	1046.00	1047.50	1048.50	1049.50	1052.00	1053.75	1056.00	1058.00	1060.25	1062.00	1065.00	1066.00	1067.00	1068.50	1069.50	1070.50	1071.00	1072.00	1072.00	1071.50	1071.00	1070.75	1070.50	1070.00	1069.50	1069.50	1069.25	1069.00	1068.75	1068.50	1068.50	1067.50	1067.50	1067.25	1067.00	1066.50	1066.25	1066.00	1065.00	1064.50	1064.00	1063.00	1061.75	1060.50	1059.00	1058.00	1056.50	1054.50	1053.00	1052.00	1051.50	1050.50	1050.00	1049.50	1049.50	1050.25	1050.50	1051.50	1052.25	1053.00	1054.00	1055.50	1057.50	1058.50	1059.00	1059.00	1059.25	1059.00	1058.50	1057.50	1057.00	1055.50	1054.75	1053.00	1052.50	1052.00	1051.50	1050.00	1049.50	1048.50	1047.25	1046.50	1045.00	1043.50	1042.50	1041.00	1040.50	1039.00	1037.50	1037.00	1036.50	1036.00	1036.00	1035.75	1035.50	1035.75	1036.50	1037.75	1040.75	1042.25	1044.50	1046.00	1048.50	1049.75	1053.00	1054.50	1056.25	1058.00	1060.00	1062.50	1063.50	1065.00	1066.00	1067.00	1069.50	1070.50	1072.50	1073.50	1075.25	1076.25	1078.25	1079.50	1080.75	1082.50	1083.50	1085.00	1086.00	1087.25	1087.75	1088.50	1090.00	1090.50	1091.00	1091.00	1091.75	1092.00	1092.50	1092.50	1093.00	1093.50	1093.75	1094.00	1094.00	1094.75	1095.00	1095.25	1095.50	1095.50	1096.00	1095.75	1095.50	1095.50	1095.00	1094.75	1094.50	1094.50	1094.25	1094.00
1108.00	1108.00	1107.00	1106.00	1106.00	1104.50	1104.00	1103.00	1102.00	1101.50	1100.00	1100.00	1098.50	1097.00	1096.50	1095.50	1094.50	1093.00	1091.50	1090.00	1089.00	1086.50	1085.50	1084.00	1082.50	1082.00	1081.00	1080.00	1079.50	1079.00	1078.00	1077.50	1077.00	1076.00	1076.00	1075.00	1075.00	1074.00	1073.50	1071.50	1071.00	1070.00	1068.00	1066.50	1065.50	1064.00	1062.50	1061.50	1060.00	1059.00	1057.00	1056.00	1054.50	1053.50	1052.50	1051.50	1050.50	1049.00	1048.00	1047.50	1047.00	1046.50	1046.00	1046.00	1046.00	1046.50	1047.00	1047.00	1048.00	1048.50	1049.00	1049.00	1049.50	1050.00	1049.00	1049.00	1049.00	1048.50	1048.00	1048.00	1048.00	1048.00	1048.00	1048.00	1048.00	1048.50	1049.00	1049.00	1049.00	1049.00	1049.00	1049.00	1049.00	1048.00	1048.00	1048.00	1048.00	1048.00	1049.00	1050.50	1051.50	1052.50	1055.00	1056.50	1059.00	1061.00	1063.00	1065.00	1068.50	1069.50	1070.50	1072.00	1073.00	1074.00	1075.00	1076.00	1076.00	1075.50	1075.00	1075.00	1075.00	1074.00	1074.00	1074.00	1073.50	1073.00	1073.00	1073.00	1073.00	1072.00	1072.00	1071.50	1071.00	1070.00	1069.50	1069.00	1068.00	1067.00	1066.50	1065.00	1064.00	1062.50	1061.00	1060.00	1058.50	1056.00	1054.50	1053.50	1053.00	1052.00	1051.50	1051.00	1051.00	1052.00	1052.00	1053.50	1054.00	1054.50	1056.00	1057.00	1059.00	1060.00	1060.00	1060.00	1060.00	1059.50	1059.00	1058.00	1058.00	1056.50	1055.50	1053.50	1053.00	1052.50	1052.00	1050.50	1050.00	1049.00	1048.00	1047.50	1046.00	1044.50	1043.50	1042.00	1042.00	1040.50	1040.00	1039.50	1039.00	1039.00	1039.00	1039.50	1040.00	1040.50	1041.50	1042.50	1045.50	1047.00	1050.00	1052.00	1054.50	1056.00	1059.50	1061.00	1062.50	1064.00	1066.00	1068.00	1069.00	1070.50	1071.50	1072.50	1074.50	1075.50	1077.00	1078.00	1079.50	1080.00	1081.50	1082.50	1084.00	1086.00	1087.00	1088.00	1089.00	1090.00	1090.50	1091.50	1093.00	1093.50	1094.00	1094.00	1094.50	1095.00	1095.00	1095.00	1095.50	1096.00	1096.50	1097.00	1097.00	1098.00	1098.00	1098.50	1099.00	1099.00	1100.00	1099.50	1099.00	1099.00	1099.00	1098.50	1098.00	1098.00	1097.50	1097.00
1108.00	1108.00	1107.00	1106.00	1106.00	1104.50	1104.00	1103.00	1102.00	1101.50	1100.00	1100.00	1098.50	1097.00	1096.50	1095.50	1094.50	1093.00	1091.50	1090.00	1089.00	1086.50	1085.50	1084.00	1082.50	1082.00	1081.00	1080.00	1079.50	1079.00	1078.00	1077.50	1077.00	1076.00	1076.00	1075.00	1075.00	1074.00	1073.50	1071.50	1071.00	1070.00	1068.00	1066.50	1065.50	1064.00	1062.50	1061.50	1060.00	1059.00	1057.00	1056.00	1054.50	1053.50	1052.50	1051.50	1050.50	1049.00	1048.00	1047.50	1047.00	1046.50	1046.00	1046.00	1046.00	1046.50	1047.00	1047.00	1048.00	1048.50	1049.00	1049.00	1049.50	1050.00	1049.00	1049.00	1049.00	1048.50	1048.00	1048.00	1048.00	1048.00	1048.00	1048.00	1048.00	1048.50	1049.00	1049.00	1049.00	1049.00	1049.00	1049.00	1049.00	1048.00	1048.00	1048.00	1048.00	1048.00	1049.00	1050.50	1051.50	1052.50	1055.00	1056.50	1059.00	1061.00	1063.00	1065.00	1068.50	1069.50	1070.50	1072.00	1073.00	1074.00	1075.00	1076.00	1076.00	1075.50	1075.00	1075.00	1075.00	1074.00	1074.00	1074.00	1073.50	1073.00	1073.00	1073.00	1073.00	1072.00	1072.00	1071.50	1071.00	1070.00	1069.50	1069.00	1068.00	1067.00	1066.50	1065.00	1064.00	1062.50	1061.00	1060.00	1058.50	1056.00	1054.50	1053.50	1053.00	1052.00	1051.50	1051.00	1051.00	1052.00	1052.00	1053.50	1054.00	1054.50	1056.00	1057.00	1059.00	1060.00	1060.00	1060.00	1060.00	1059.50	1059.00	1058.00	1058.00	1056.50	1055.50	1053.50	1053.00	1052.50	1052.00	1050.50	1050.00	1049.00	1048.00	1047.50	1046.00	1044.50	1043.50	1042.00	1042.00	1040.50	1040.00	1039.50	1039.00	1039.00	1039.00	1039.50	1040.00	1040.50	1041.50	1042.50	1045.50	1047.00	1050.00	1052.00	1054.50	1056.00	1059.50	1061.00	1062.50	1064.00	1066.00	1068.00	1069.00	1070.50	1071.50	1072.50	1074.50	1075.50	1077.00	1078.00	1079.50	1080.00	1081.50	1082.50	1084.00	1086.00	1087.00	1088.00	1089.00	1090.00	1090.50	1091.50	1093.00	1093.50	1094.00	1094.00	1094.50	1095.00	1095.00	1095.00	1095.50	1096.00	1096.50	1097.00	1097.00	1098.00	1098.00	1098.50	1099.00	1099.00	1100.00	1099.50	1099.00	1099.00	1099.00	1098.50	1098.00	1098.00	1097.50	1097.00
1111.50	1111.50	1110.25	1109.00	1108.50	1107.50	1106.75	1105.50	1104.25	1103.25	1101.50	1101.00	1099.50	1098.00	1097.00	1096.00	1095.25	1094.00	1092.50	1091.50	1090.50	1088.50	1087.50	1086.00	1084.75	1084.25	1083.00	1082.00	1081.50	1081.00	1080.00	1079.75	1079.50	1078.50	1078.50	1077.50	1077.50	1076.75	1076.00	1074.50	1074.00	1073.25	1071.50	1070.00	1069.00	1068.00	1066.50	1065.50	1064.00	1063.00	1061.50	1060.50	1059.50	1058.50	1057.75	1056.75	1056.00	1055.00	1054.00	1053.50	1053.00	1052.25	1052.00	1051.75	1051.50	1051.75	1052.50	1052.50	1053.00	1053.25	1053.25	1053.00	1053.25	1053.50	1052.50	1052.25	1052.00	1051.75	1051.50	1051.50	1051.50	1051.50	1051.50	1051.00	1051.50	1051.75	1052.00	1052.00	1052.00	1052.00	1052.00	1052.00	1052.00	1051.25	1051.00	1051.00	1051.00	1051.00	1052.00	1053.00	1054.00	1055.00	1057.50	1059.00	1061.50	1063.00	1065.50	1067.25	1070.50	1071.50	1072.50	1074.50	1075.00	1076.50	1077.50	1078.00	1078.00	1077.75	1077.50	1077.50	1077.50	1077.00	1077.00	1077.00	1076.50	1076.00	1076.00	1076.00	1075.50	1075.00	1074.50	1073.75	1073.25	1072.25	1071.75	1071.25	1070.50	1069.25	1068.75	1067.50	1066.25	1065.00	1063.50	1062.50	1061.00	1059.00	1057.50	1056.50	1056.00	1055.00	1054.50	1054.50	1054.50	1055.00	1055.25	1056.50	1057.00	1057.50	1059.00	1060.00	1061.50	1062.00	1062.00	1061.75	1061.50	1061.00	1060.25	1059.50	1059.00	1057.75	1057.00	1055.25	1054.75	1054.25	1053.50	1052.50	1052.00	1051.00	1050.25	1049.50	1048.25	1047.25	1046.75	1046.00	1046.00	1045.25	1045.00	1044.50	1044.00	1044.00	1044.00	1044.75	1045.00	1046.25	1047.50	1048.75	1051.75	1053.50	1056.50	1058.50	1061.25	1062.75	1066.00	1067.50	1069.00	1070.50	1072.00	1074.00	1075.00	1076.50	1077.50	1078.25	1079.25	1080.00	1081.00	1081.50	1082.75	1083.00	1084.50	1085.25	1086.25	1088.00	1089.00	1090.50	1091.50	1092.50	1093.00	1093.75	1095.25	1095.75	1096.00	1096.50	1097.00	1097.50	1098.00	1098.25	1098.75	1099.50	1100.25	1101.00	1101.00	1102.25	1102.50	1103.25	1103.75	1104.00	1105.00	1104.75	1104.50	1104.50	1104.00	1103.75	1103.50	1103.00	1102.50	1102.00
1115.00	1115.00	1113.50	1112.00	1111.00	1110.50	1109.50	1108.00	1106.50	1105.00	1103.00	1102.00	1100.50	1099.00	1097.50	1096.50	1096.00	1095.00	1093.50	1093.00	1092.00	1090.50	1089.50	1088.00	1087.00	1086.50	1085.00	1084.00	1083.50	1083.00	1082.00	1082.00	1082.00	1081.00	1081.00	1080.00	1080.00	1079.50	1078.50	1077.50	1077.00	1076.50	1075.00	1073.50	1072.50	1072.00	1070.50	1069.50	1068.00	1067.00	1066.00	1065.00	1064.50	1063.50	1063.00	1062.00	1061.50	1061.00	1060.00	1059.50	1059.00	1058.00	1058.00	1057.50	1057.00	1057.00	1058.00	1058.00	1058.00	1058.00	1057.50	1057.00	1057.00	1057.00	1056.00	1055.50	1055.00	1055.00	1055.00	1055.00	1055.00	1055.00	1055.00	1054.00	1055.00	1055.00	1055.00	1055.00	1055.00	1055.00	1055.00	1055.00	1055.00	1054.50	1054.00	1054.00	1054.00	1054.00	1055.00	1055.50	1056.50	1057.50	1060.00	1061.50	1064.00	1065.00	1068.00	1069.50	1072.50	1073.50	1074.50	1077.00	1077.00	1079.00	1080.00	1080.00	1080.00	1080.00	1080.00	1080.00	1080.00	1080.00	1080.00	1080.00	1079.50	1079.00	1079.00	1079.00	1078.00	1078.00	1077.00	1076.00	1075.50	1074.50	1074.00	1073.50	1073.00	1071.50	1071.00	1070.00	1068.50	1067.50	1066.00	1065.00	1063.50	1062.00	1060.50	1059.50	1059.00	1058.00	1057.50	1058.00	1058.00	1058.00	1058.50	1059.50	1060.00	1060.50	1062.00	1063.00	1064.00	1064.00	1064.00	1063.50	1063.00	1062.50	1061.50	1061.00	1060.00	1059.00	1058.50	1057.00	1056.50	1056.00	1055.00	1054.50	1054.00	1053.00	1052.50	1051.50	1050.50	1050.00	1050.00	1050.00	1050.00	1050.00	1050.00	1049.50	1049.00	1049.00	1049.00	1050.00	1050.00	1052.00	1053.50	1055.00	1058.00	1060.00	1063.00	1065.00	1068.00	1069.50	1072.50	1074.00	1075.50	1077.00	1078.00	1080.00	1081.00	1082.50	1083.50	1084.00	1084.00	1084.50	1085.00	1085.00	1086.00	1086.00	1087.50	1088.00	1088.50	1090.00	1091.00	1093.00	1094.00	1095.00	1095.50	1096.00	1097.50	1098.00	1098.00	1099.00	1099.50	1100.00	1101.00	1101.50	1102.00	1103.00	1104.00	1105.00	1105.00	1106.50	1107.00	1108.00	1108.50	1109.00	1110.00	1110.00	1110.00	1110.00	1109.00	1109.00	1109.00	1108.00	1107.50	1107.00
1119.50	1119.00	1117.50	1116.00	1115.00	1114.00	1112.75	1110.75	1109.00	1107.50	1105.50	1104.00	1102.25	1100.50	1098.50	1097.50	1096.75	1095.50	1094.00	1093.50	1092.50	1091.50	1090.50	1089.25	1088.50	1088.00	1087.00	1086.00	1085.50	1085.00	1084.50	1084.50	1084.25	1083.50	1083.50	1083.00	1083.00	1082.50	1081.75	1080.75	1080.25	1079.75	1078.50	1077.50	1076.75	1076.00	1075.00	1074.25	1073.00	1072.50	1071.00	1070.50	1070.00	1069.25	1068.75	1067.75	1067.25	1067.00	1066.00	1065.50	1064.50	1063.75	1063.50	1063.25	1062.50	1062.50	1063.50	1063.50	1063.50	1063.25	1062.25	1061.25	1060.75	1060.50	1060.00	1059.50	1059.00	1058.75	1058.50	1058.50	1058.50	1058.00	1058.00	1057.50	1058.00	1058.00	1058.00	1057.75	1057.50	1057.50	1057.50	1057.50	1057.50	1057.25	1057.00	1057.00	1057.00	1057.25	1058.00	1058.75	1059.50	1060.50	1063.25	1064.50	1067.00	1068.00	1070.25	1071.75	1074.50	1075.50	1076.50	1078.50	1078.50	1080.00	1081.00	1081.00	1081.00	1081.00	1081.00	1081.25	1081.50	1081.50	1081.50	1081.50	1080.75	1080.50	1080.50	1080.00	1079.50	1079.00	1078.50	1077.50	1077.00	1076.25	1076.00	1075.50	1075.00	1073.75	1073.25	1072.50	1071.00	1070.00	1069.00	1068.00	1066.50	1065.00	1064.00	1063.25	1062.75	1062.00	1061.75	1062.00	1062.00	1062.25	1062.75	1063.50	1064.00	1064.50	1065.50	1066.50	1067.50	1067.00	1066.75	1066.25	1065.75	1064.75	1064.00	1063.00	1062.00	1061.25	1060.75	1059.50	1059.25	1059.00	1058.50	1058.00	1057.50	1057.00	1056.75	1056.25	1055.75	1055.50	1055.50	1055.50	1055.50	1055.50	1055.50	1055.50	1055.50	1055.50	1056.00	1057.25	1057.50	1059.50	1061.00	1062.25	1065.00	1067.00	1070.00	1072.00	1074.75	1076.00	1078.75	1080.25	1081.50	1083.00	1084.00	1085.50	1086.00	1087.25	1088.00	1088.25	1088.00	1088.25	1088.50	1088.50	1088.50	1088.50	1089.75	1090.25	1090.75	1092.00	1093.00	1094.50	1095.50	1096.75	1097.50	1098.25	1100.00	1100.75	1101.50	1102.00	1103.00	1103.75	1105.00	1105.50	1106.25	1107.50	1108.75	1109.50	1110.00	1111.50	1112.25	1113.75	1114.25	1114.75	1116.00	1116.00	1116.00	1116.00	1115.50	1115.50	1115.00	1114.50	1113.50	1113.00
1124.00	1123.00	1121.50	1120.00	1119.00	1117.50	1116.00	1113.50	1111.50	1110.00	1108.00	1106.00	1104.00	1102.00	1099.50	1098.50	1097.50	1096.00	1094.50	1094.00	1093.00	1092.50	1091.50	1090.50	1090.00	1089.50	1089.00	1088.00	1087.50	1087.00	1087.00	1087.00	1086.50	1086.00	1086.00	1086.00	1086.00	1085.50	1085.00	1084.00	1083.50	1083.00	1082.00	1081.50	1081.00	1080.00	1079.50	1079.00	1078.00	1078.00	1076.00	1076.00	1075.50	1075.00	1074.50	1073.50	1073.00	1073.00	1072.00	1071.50	1070.00	1069.50	1069.00	1069.00	1068.00	1068.00	1069.00	1069.00	1069.00	1068.50	1067.00	1065.50	1064.50	1064.00	1064.00	1063.50	1063.00	1062.50	1062.00	1062.00	1062.00	1061.00	1061.00	1061.00	1061.00	1061.00	1061.00	1060.50	1060.00	1060.00	1060.00	1060.00	1060.00	1060.00	1060.00	1060.00	1060.00	1060.50	1061.00	1062.00	1062.50	1063.50	1066.50	1067.50	1070.00	1071.00	1072.50	1074.00	1076.50	1077.50	1078.50	1080.00	1080.00	1081.00	1082.00	1082.00	1082.00	1082.00	1082.00	1082.50	1083.00	1083.00	1083.00	1083.00	1082.00	1082.00	1082.00	1081.00	1081.00	1080.00	1080.00	1079.00	1078.50	1078.00	1078.00	1077.50	1077.00	1076.00	1075.50	1075.00	1073.50	1072.50	1072.00	1071.00	1069.50	1068.00	1067.50	1067.00	1066.50	1066.00	1066.00	1066.00	1066.00	1066.50	1067.00	1067.50	1068.00	1068.50	1069.00	1070.00	1071.00	1070.00	1069.50	1069.00	1068.50	1067.00	1066.50	1065.00	1064.00	1063.50	1063.00	1062.00	1062.00	1062.00	1062.00	1061.50	1061.00	1061.00	1061.00	1061.00	1061.00	1061.00	1061.00	1061.00	1061.00	1061.00	1061.00	1061.50	1062.00	1062.00	1063.00	1064.50	1065.00	1067.00	1068.50	1069.50	1072.00	1074.00	1077.00	1079.00	1081.50	1082.50	1085.00	1086.50	1087.50	1089.00	1090.00	1091.00	1091.00	1092.00	1092.50	1092.50	1092.00	1092.00	1092.00	1092.00	1091.00	1091.00	1092.00	1092.50	1093.00	1094.00	1095.00	1096.00	1097.00	1098.50	1099.50	1100.50	1102.50	1103.50	1105.00	1105.00	1106.50	1107.50	1109.00	1109.50	1110.50	1112.00	1113.50	1114.00	1115.00	1116.50	1117.50	1119.50	1120.00	1120.50	1122.00	1122.00	1122.00	1122.00	1122.00	1122.00	1121.00	1121.00	1119.50	1119.00
1124.00	1123.00	1121.50	1120.00	1119.00	1117.50	1116.00	1113.50	1111.50	1110.00	1108.00	1106.00	1104.00	1102.00	1099.50	1098.50	1097.50	1096.00	1094.50	1094.00	1093.00	1092.50	1091.50	1090.50	1090.00	1089.50	1089.00	1088.00	1087.50	1087.00	1087.00	1087.00	1086.50	1086.00	1086.00	1086.00	1086.00	1085.50	1085.00	1084.00	1083.50	1083.00	1082.00	1081.50	1081.00	1080.00	1079.50	1079.00	1078.00	1078.00	1076.00	1076.00	1075.50	1075.00	1074.50	1073.50	1073.00	1073.00	1072.00	1071.50	1070.00	1069.50	1069.00	1069.00	1068.00	1068.00	1069.00	1069.00	1069.00	1068.50	1067.00	1065.50	1064.50	1064.00	1064.00	1063.50	1063.00	1062.50	1062.00	1062.00	1062.00	1061.00	1061.00	1061.00	1061.00	1061.00	1061.00	1060.50	1060.00	1060.00	1060.00	1060.00	1060.00	1060.00	1060.00	1060.00	1060.00	1060.50	1061.00	1062.00	1062.50	1063.50	1066.50	1067.50	1070.00	1071.00	1072.50	1074.00	1076.50	1077.50	1078.50	1080.00	1080.00	1081.00	1082.00	1082.00	1082.00	1082.00	1082.00	1082.50	1083.00	1083.00	1083.00	1083.00	1082.00	1082.00	1082.00	1081.00	1081.00	1080.00	1080.00	1079.00	1078.50	1078.00	1078.00	1077.50	1077.00	1076.00	1075.50	1075.00	1073.50	1072.50	1072.00	1071.00	1069.50	1068.00	1067.50	1067.00	1066.50	1066.00	1066.00	1066.00	1066.00	1066.50	1067.00	1067.50	1068.00	1068.50	1069.00	1070.00	1071.00	1070.00	1069.50	1069.00	1068.50	1067.00	1066.50	1065.00	1064.00	1063.50	1063.00	1062.00	1062.00	1062.00	1062.00	1061.50	1061.00	1061.00	1061.00	1061.00	1061.00	1061.00	1061.00	1061.00	1061.00	1061.00	1061.00	1061.50	1062.00	1062.00	1063.00	1064.50	1065.00	1067.00	1068.50	1069.50	1072.00	1074.00	1077.00	1079.00	1081.50	1082.50	1085.00	1086.50	1087.50	1089.00	1090.00	1091.00	1091.00	1092.00	1092.50	1092.50	1092.00	1092.00	1092.00	1092.00	1091.00	1091.00	1092.00	1092.50	1093.00	1094.00	1095.00	1096.00	1097.00	1098.50	1099.50	1100.50	1102.50	1103.50	1105.00	1105.00	1106.50	1107.50	1109.00	1109.50	1110.50	1112.00	1113.50	1114.00	1115.00	1116.50	1117.50	1119.50	1120.00	1120.50	1122.00	1122.00	1122.00	1122.00	1122.00	1122.00	1121.00	1121.00	1119.50	1119.00
1129.50	1128.50	1127.00	1125.50	1124.00	1121.75	1120.25	1117.75	1115.25	1113.50	1111.00	1109.00	1106.50	1104.00	1101.25	1100.00	1099.00	1097.00	1095.50	1095.00	1094.00	1093.25	1092.75	1092.25	1092.00	1091.50	1091.00	1090.50	1090.00	1089.50	1089.50	1089.50	1089.25	1089.00	1089.00	1089.00	1089.00	1088.25	1088.00	1087.50	1087.25	1086.75	1086.00	1085.75	1085.50	1085.00	1084.25	1084.00	1083.00	1083.00	1081.50	1081.50	1081.00	1080.50	1080.00	1079.00	1078.50	1078.00	1077.50	1076.50	1075.50	1075.00	1074.50	1074.50	1074.00	1074.00	1074.00	1074.00	1073.75	1073.00	1071.50	1070.00	1069.25	1068.50	1068.00	1067.25	1066.50	1066.00	1065.50	1065.25	1065.00	1064.25	1064.00	1064.00	1064.00	1064.00	1063.50	1063.25	1063.00	1063.00	1063.00	1063.00	1063.00	1063.00	1063.00	1063.00	1063.50	1064.00	1064.50	1065.75	1066.50	1067.25	1069.50	1070.50	1072.50	1073.50	1075.00	1076.25	1078.00	1079.00	1080.00	1081.00	1081.00	1082.00	1082.50	1082.50	1082.50	1082.50	1082.75	1083.25	1083.50	1083.50	1083.50	1083.50	1083.00	1083.00	1083.00	1082.50	1082.25	1081.50	1081.50	1080.50	1080.25	1080.00	1079.75	1079.25	1079.00	1078.25	1077.75	1077.50	1076.25	1075.50	1075.00	1074.00	1072.75	1071.50	1071.00	1070.50	1070.25	1070.00	1070.00	1070.00	1070.00	1070.25	1070.50	1071.00	1071.50	1072.00	1072.50	1073.00	1074.00	1073.50	1072.75	1072.25	1071.50	1069.75	1069.25	1068.00	1067.00	1066.75	1066.50	1066.00	1066.00	1066.25	1066.50	1066.25	1066.50	1066.50	1066.50	1066.50	1066.75	1067.00	1067.00	1067.00	1067.00	1067.25	1067.50	1068.25	1068.50	1069.00	1070.00	1071.25	1072.00	1073.75	1075.00	1076.00	1078.75	1080.50	1083.00	1085.00	1087.00	1087.75	1089.75	1091.00	1092.00	1093.00	1094.00	1094.50	1094.50	1095.00	1095.25	1095.25	1094.75	1094.50	1094.50	1094.50	1093.50	1093.50	1094.00	1094.25	1094.75	1096.00	1097.00	1098.50	1099.50	1101.00	1102.25	1103.50	1105.75	1107.00	1108.50	1109.50	1111.00	1112.00	1113.75	1114.50	1115.50	1117.00	1118.50	1119.50	1120.50	1122.00	1123.00	1125.00	1125.50	1126.00	1127.00	1127.50	1127.50	1127.50	1127.50	1127.50	1126.50	1126.50	1125.00	1124.50
1135.00	1134.00	1132.50	1131.00	1129.00	1126.00	1124.50	1122.00	1119.00	1117.00	1114.00	1112.00	1109.00	1106.00	1103.00	1101.50	1100.50	1098.00	1096.50	1096.00	1095.00	1094.00	1094.00	1094.00	1094.00	1093.50	1093.00	1093.00	1092.50	1092.00	1092.00	1092.00	1092.00	1092.00	1092.00	1092.00	1092.00	1091.00	1091.00	1091.00	1091.00	1090.50	1090.00	1090.00	1090.00	1090.00	1089.00	1089.00	1088.00	1088.00	1087.00	1087.00	1086.50	1086.00	1085.50	1084.50	1084.00	1083.00	1083.00	1081.50	1081.00	1080.50	1080.00	1080.00	1080.00	1080.00	1079.00	1079.00	1078.50	1077.50	1076.00	1074.50	1074.00	1073.00	1072.00	1071.00	1070.00	1069.50	1069.00	1068.50	1068.00	1067.50	1067.00	1067.00	1067.00	1067.00	1066.00	1066.00	1066.00	1066.00	1066.00	1066.00	1066.00	1066.00	1066.00	1066.00	1067.00	1067.50	1068.00	1069.50	1070.50	1071.00	1072.50	1073.50	1075.00	1076.00	1077.50	1078.50	1079.50	1080.50	1081.50	1082.00	1082.00	1083.00	1083.00	1083.00	1083.00	1083.00	1083.50	1084.00	1084.00	1084.00	1084.00	1084.00	1084.00	1084.00	1084.00	1084.00	1083.50	1083.00	1083.00	1082.00	1082.00	1082.00	1081.50	1081.00	1081.00	1080.50	1080.00	1080.00	1079.00	1078.50	1078.00	1077.00	1076.00	1075.00	1074.50	1074.00	1074.00	1074.00	1074.00	1074.00	1074.00	1074.00	1074.00	1074.50	1075.00	1075.50	1076.00	1076.00	1077.00	1077.00	1076.00	1075.50	1074.50	1072.50	1072.00	1071.00	1070.00	1070.00	1070.00	1070.00	1070.00	1070.50	1071.00	1071.00	1072.00	1072.00	1072.00	1072.00	1072.50	1073.00	1073.00	1073.00	1073.00	1073.50	1074.00	1075.00	1075.00	1076.00	1077.00	1078.00	1079.00	1080.50	1081.50	1082.50	1085.50	1087.00	1089.00	1091.00	1092.50	1093.00	1094.50	1095.50	1096.50	1097.00	1098.00	1098.00	1098.00	1098.00	1098.00	1098.00	1097.50	1097.00	1097.00	1097.00	1096.00	1096.00	1096.00	1096.00	1096.50	1098.00	1099.00	1101.00	1102.00	1103.50	1105.00	1106.50	1109.00	1110.50	1112.00	1114.00	1115.50	1116.50	1118.50	1119.50	1120.50	1122.00	1123.50	1125.00	1126.00	1127.50	1128.50	1130.50	1131.00	1131.50	1132.00	1133.00	1133.00	1133.00	1133.00	1133.00	1132.00	1132.00	1130.50	1130.00
1135.00	1134.00	1132.50	1131.00	1129.00	1126.00	1124.50	1122.00	1119.00	1117.00	1114.00	1112.00	1109.00	1106.00	1103.00	1101.50	1100.50	1098.00	1096.50	1096.00	1095.00	1094.00	1094.00	1094.00	1094.00	1093.50	1093.00	1093.00	1092.50	1092.00	1092.00	1092.00	1092.00	1092.00	1092.00	1092.00	1092.00	1091.00	1091.00	1091.00	1091.00	1090.50	1090.00	1090.00	1090.00	1090.00	1089.00	1089.00	1088.00	1088.00	1087.00	1087.00	1086.50	1086.00	1085.50	1084.50	1084.00	1083.00	1083.00	1081.50	1081.00	1080.50	1080.00	1080.00	1080.00	1080.00	1079.00	1079.00	1078.50	1077.50	1076.00	1074.50	1074.00	1073.00	1072.00	1071.00	1070.00	1069.50	1069.00	1068.50	1068.00	1067.50	1067.00	1067.00	1067.00	1067.00	1066.00	1066.00	1066.00	1066.00	1066.00	1066.00	1066.00	1066.00	1066.00	1066.00	1067.00	1067.50	1068.00	1069.50	1070.50	1071.00	1072.50	1073.50	1075.00	1076.00	1077.50	1078.50	1079.50	1080.50	1081.50	1082.00	1082.00	1083.00	1083.00	1083.00	1083.00	1083.00	1083.50	1084.00	1084.00	1084.00	1084.00	1084.00	1084.00	1084.00	1084.00	1084.00	1083.50	1083.00	1083.00	1082.00	1082.00	1082.00	1081.50	1081.00	1081.00	1080.50	1080.00	1080.00	1079.00	1078.50	1078.00	1077.00	1076.00	1075.00	1074.50	1074.00	1074.00	1074.00	1074.00	1074.00	1074.00	1074.00	1074.00	1074.50	1075.00	1075.50	1076.00	1076.00	1077.00	1077.00	1076.00	1075.50	1074.50	1072.50	1072.00	1071.00	1070.00	1070.00	1070.00	1070.00	1070.00	1070.50	1071.00	1071.00	1072.00	1072.00	1072.00	1072.00	1072.50	1073.00	1073.00	1073.00	1073.00	1073.50	1074.00	1075.00	1075.00	1076.00	1077.00	1078.00	1079.00	1080.50	1081.50	1082.50	1085.50	1087.00	1089.00	1091.00	1092.50	1093.00	1094.50	1095.50	1096.50	1097.00	1098.00	1098.00	1098.00	1098.00	1098.00	1098.00	1097.50	1097.00	1097.00	1097.00	1096.00	1096.00	1096.00	1096.00	1096.50	1098.00	1099.00	1101.00	1102.00	1103.50	1105.00	1106.50	1109.00	1110.50	1112.00	1114.00	1115.50	1116.50	1118.50	1119.50	1120.50	1122.00	1123.50	1125.00	1126.00	1127.50	1128.50	1130.50	1131.00	1131.50	1132.00	1133.00	1133.00	1133.00	1133.00	1133.00	1132.00	1132.00	1130.50	1130.00
1140.75	1139.00	1137.50	1136.00	1134.00	1131.00	1129.25	1126.50	1123.50	1121.50	1118.00	1116.00	1113.00	1109.50	1106.50	1104.75	1103.25	1100.50	1099.00	1098.00	1097.50	1096.50	1096.50	1096.50	1096.50	1096.25	1096.00	1095.50	1095.25	1095.00	1095.00	1095.00	1095.00	1095.00	1095.00	1095.00	1095.00	1094.50	1094.25	1094.25	1094.50	1094.25	1094.00	1094.00	1094.00	1094.00	1093.50	1093.25	1092.50	1092.50	1091.50	1091.50	1090.75	1090.25	1089.50	1088.50	1087.75	1087.00	1086.50	1085.25	1084.50	1084.00	1083.50	1083.25	1083.00	1083.00	1082.00	1082.00	1081.75	1081.00	1080.00	1079.00	1078.25	1077.00	1076.00	1074.75	1073.50	1072.50	1071.75	1071.25	1070.50	1070.25	1070.00	1070.00	1070.00	1070.00	1069.50	1069.50	1069.50	1069.50	1070.00	1070.00	1070.00	1070.00	1070.25	1070.50	1071.00	1071.75	1072.50	1073.75	1074.25	1074.75	1076.00	1076.75	1078.00	1078.50	1080.00	1080.75	1081.50	1082.25	1082.75	1083.00	1083.00	1083.50	1084.00	1084.00	1084.00	1084.00	1084.50	1085.00	1085.00	1085.00	1085.00	1085.00	1085.00	1085.00	1085.00	1085.00	1084.75	1084.50	1084.50	1083.75	1083.50	1083.50	1083.25	1083.00	1083.00	1082.75	1082.50	1082.00	1081.50	1081.25	1080.50	1080.00	1079.25	1078.50	1078.00	1077.50	1077.50	1077.00	1077.00	1077.00	1077.00	1077.00	1077.00	1077.75	1078.00	1078.00	1078.00	1078.00	1078.50	1078.50	1078.00	1077.75	1077.00	1075.50	1074.75	1074.00	1073.50	1073.50	1073.50	1074.00	1074.25	1075.00	1075.50	1076.00	1076.50	1077.00	1077.00	1077.25	1078.00	1078.50	1078.50	1078.50	1078.50	1079.00	1080.00	1080.75	1081.00	1082.00	1083.00	1083.75	1085.00	1086.00	1087.00	1087.75	1090.00	1091.50	1093.50	1095.00	1096.00	1096.50	1097.75	1098.25	1099.00	1099.50	1100.00	1099.50	1099.50	1099.00	1098.75	1098.50	1098.00	1097.50	1097.50	1097.50	1097.00	1097.00	1097.50	1097.75	1098.50	1100.00	1101.50	1104.00	1105.50	1107.25	1108.75	1110.00	1113.00	1114.50	1116.50	1118.00	1120.00	1121.00	1123.00	1124.00	1125.00	1126.50	1128.00	1129.50	1130.50	1132.00	1133.00	1134.75	1135.25	1136.00	1136.50	1137.00	1137.25	1137.00	1137.00	1137.00	1136.50	1136.00	1135.00	1134.50
1146.50	1144.00	1142.50	1141.00	1139.00	1136.00	1134.00	1131.00	1128.00	1126.00	1122.00	1120.00	1117.00	1113.00	1110.00	1108.00	1106.00	1103.00	1101.50	1100.00	1100.00	1099.00	1099.00	1099.00	1099.00	1099.00	1099.00	1098.00	1098.00	1098.00	1098.00	1098.00	1098.00	1098.00	1098.00	1098.00	1098.00	1098.00	1097.50	1097.50	1098.00	1098.00	1098.00	1098.00	1098.00	1098.00	1098.00	1097.50	1097.00	1097.00	1096.00	1096.00	1095.00	1094.50	1093.50	1092.50	1091.50	1091.00	1090.00	1089.00	1088.00	1087.50	1087.00	1086.50	1086.00	1086.00	1085.00	1085.00	1085.00	1084.50	1084.00	1083.50	1082.50	1081.00	1080.00	1078.50	1077.00	1075.50	1074.50	1074.00	1073.00	1073.00	1073.00	1073.00	1073.00	1073.00	1073.00	1073.00	1073.00	1073.00	1074.00	1074.00	1074.00	1074.00	1074.50	1075.00	1075.00	1076.00	1077.00	1078.00	1078.00	1078.50	1079.50	1080.00	1081.00	1081.00	1082.50	1083.00	1083.50	1084.00	1084.00	1084.00	1084.00	1084.00	1085.00	1085.00	1085.00	1085.00	1085.50	1086.00	1086.00	1086.00	1086.00	1086.00	1086.00	1086.00	1086.00	1086.00	1086.00	1086.00	1086.00	1085.50	1085.00	1085.00	1085.00	1085.00	1085.00	1085.00	1085.00	1084.00	1084.00	1084.00	1083.00	1083.00	1082.50	1082.00	1081.50	1081.00	1081.00	1080.00	1080.00	1080.00	1080.00	1080.00	1080.00	1081.00	1081.00	1080.50	1080.00	1080.00	1080.00	1080.00	1080.00	1080.00	1079.50	1078.50	1077.50	1077.00	1077.00	1077.00	1077.00	1078.00	1078.50	1079.50	1080.00	1081.00	1081.00	1082.00	1082.00	1082.50	1083.50	1084.00	1084.00	1084.00	1084.00	1084.50	1086.00	1086.50	1087.00	1088.00	1089.00	1089.50	1091.00	1091.50	1092.50	1093.00	1094.50	1096.00	1098.00	1099.00	1099.50	1100.00	1101.00	1101.00	1101.50	1102.00	1102.00	1101.00	1101.00	1100.00	1099.50	1099.00	1098.50	1098.00	1098.00	1098.00	1098.00	1098.00	1099.00	1099.50	1100.50	1102.00	1104.00	1107.00	1109.00	1111.00	1112.50	1113.50	1117.00	1118.50	1121.00	1122.00	1124.50	1125.50	1127.50	1128.50	1129.50	1131.00	1132.50	1134.00	1135.00	1136.50	1137.50	1139.00	1139.50	1140.50	1141.00	1141.00	1141.50	1141.00	1141.00	1141.00	1141.00	1140.00	1139.50	1139.00
1146.50	1144.00	1142.50	1141.00	1139.00	1136.00	1134.00	1131.00	1128.00	1126.00	1122.00	1120.00	1117.00	1113.00	1110.00	1108.00	1106.00	1103.00	1101.50	1100.00	1100.00	1099.00	1099.00	1099.00	1099.00	1099.00	1099.00	1098.00	1098.00	1098.00	1098.00	1098.00	1098.00	1098.00	1098.00	1098.00	1098.00	1098.00	1097.50	1097.50	1098.00	1098.00	1098.00	1098.00	1098.00	1098.00	1098.00	1097.50	1097.00	1097.00	1096.00	1096.00	1095.00	1094.50	1093.50	1092.50	1091.50	1091.00	1090.00	1089.00	1088.00	1087.50	1087.00	1086.50	1086.00	1086.00	1085.00	1085.00	1085.00	1084.50	1084.00	1083.50	1082.50	1081.00	1080.00	1078.50	1077.00	1075.50	1074.50	1074.00	1073.00	1073.00	1073.00	1073.00	1073.00	1073.00	1073.00	1073.00	1073.00	1073.00	1074.00	1074.00	1074.00	1074.00	1074.50	1075.00	1075.00	1076.00	1077.00	1078.00	1078.00	1078.50	1079.50	1080.00	1081.00	1081.00	1082.50	1083.00	1083.50	1084.00	1084.00	1084.00	1084.00	1084.00	1085.00	1085.00	1085.00	1085.00	1085.50	1086.00	1086.00	1086.00	1086.00	1086.00	1086.00	1086.00	1086.00	1086.00	1086.00	1086.00	1086.00	1085.50	1085.00	1085.00	1085.00	1085.00	1085.00	1085.00	1085.00	1084.00	1084.00	1084.00	1083.00	1083.00	1082.50	1082.00	1081.50	1081.00	1081.00	1080.00	1080.00	1080.00	1080.00	1080.00	1080.00	1081.00	1081.00	1080.50	1080.00	1080.00	1080.00	1080.00	1080.00	1080.00	1079.50	1078.50	1077.50	1077.00	1077.00	1077.00	1077.00	1078.00	1078.50	1079.50	1080.00	1081.00	1081.00	1082.00	1082.00	1082.50	1083.50	1084.00	1084.00	1084.00	1084.00	1084.50	1086.00	1086.50	1087.00	1088.00	1089.00	1089.50	1091.00	1091.50	1092.50	1093.00	1094.50	1096.00	1098.00	1099.00	1099.50	1100.00	1101.00	1101.00	1101.50	1102.00	1102.00	1101.00	1101.00	1100.00	1099.50	1099.00	1098.50	1098.00	1098.00	1098.00	1098.00	1098.00	1099.00	1099.50	1100.50	1102.00	1104.00	1107.00	1109.00	1111.00	1112.50	1113.50	1117.00	1118.50	1121.00	1122.00	1124.50	1125.50	1127.50	1128.50	1129.50	1131.00	1132.50	1134.00	1135.00	1136.50	1137.50	1139.00	1139.50	1140.50	1141.00	1141.00	1141.50	1141.00	1141.00	1141.00	1141.00	1140.00	1139.50	1139.00
1146.50	1144.00	1142.50	1141.00	1139.00	1136.00	1134.00	1131.00	1128.00	1126.00	1122.00	1120.00	1117.00	1113.00	1110.00	1108.00	1106.00	1103.00	1101.50	1100.00	1100.00	1099.00	1099.00	1099.00	1099.00	1099.00	1099.00	1098.00	1098.00	1098.00	1098.00	1098.00	1098.00	1098.00	1098.00	1098.00	1098.00	1098.00	1097.50	1097.50	1098.00	1098.00	1098.00	1098.00	1098.00	1098.00	1098.00	1097.50	1097.00	1097.00	1096.00	1096.00	1095.00	1094.50	1093.50	1092.50	1091.50	1091.00	1090.00	1089.00	1088.00	1087.50	1087.00	1086.50	1086.00	1086.00	1085.00	1085.00	1085.00	1084.50	1084.00	1083.50	1082.50	1081.00	1080.00	1078.50	1077.00	1075.50	1074.50	1074.00	1073.00	1073.00	1073.00	1073.00	1073.00	1073.00	1073.00	1073.00	1073.00	1073.00	1074.00	1074.00	1074.00	1074.00	1074.50	1075.00	1075.00	1076.00	1077.00	1078.00	1078.00	1078.50	1079.50	1080.00	1081.00	1081.00	1082.50	1083.00	1083.50	1084.00	1084.00	1084.00	1084.00	1084.00	1085.00	1085.00	1085.00	1085.00	1085.50	1086.00	1086.00	1086.00	1086.00	1086.00	1086.00	1086.00	1086.00	1086.00	1086.00	1086.00	1086.00	1085.50	1085.00	1085.00	1085.00	1085.00	1085.00	1085.00	1085.00	1084.00	1084.00	1084.00	1083.00	1083.00	1082.50	1082.00	1081.50	1081.00	1081.00	1080.00	1080.00	1080.00	1080.00	1080.00	1080.00	1081.00	1081.00	1080.50	1080.00	1080.00	1080.00	1080.00	1080.00	1080.00	1079.50	1078.50	1077.50	1077.00	1077.00	1077.00	1077.00	1078.00	1078.50	1079.50	1080.00	1081.00	1081.00	1082.00	1082.00	1082.50	1083.50	1084.00	1084.00	1084.00	1084.00	1084.50	1086.00	1086.50	1087.00	1088.00	1089.00	1089.50	1091.00	1091.50	1092.50	1093.00	1094.50	1096.00	1098.00	1099.00	1099.50	1100.00	1101.00	1101.00	1101.50	1102.00	1102.00	1101.00	1101.00	1100.00	1099.50	1099.00	1098.50	1098.00	1098.00	1098.00	1098.00	1098.00	1099.00	1099.50	1100.50	1102.00	1104.00	1107.00	1109.00	1111.00	1112.50	1113.50	1117.00	1118.50	1121.00	1122.00	1124.50	1125.50	1127.50	1128.50	1129.50	1131.00	1132.50	1134.00	1135.00	1136.50	1137.50	1139.00	1139.50	1140.50	1141.00	1141.00	1141.50	1141.00	1141.00	1141.00	1141.00	1140.00	1139.50	1139.00
1153.00	1152.00	1150.50	1149.00	1147.00	1144.50	1143.00	1140.00	1137.00	1135.00	1131.00	1129.00	1126.00	1122.00	1119.00	1117.50	1116.00	1113.00	1111.50	1109.00	1108.00	1107.00	1107.00	1107.00	1106.50	1106.00	1106.00	1106.00	1105.50	1105.00	1105.00	1104.50	1104.50	1105.00	1105.00	1105.00	1105.00	1105.50	1106.00	1106.00	1106.00	1106.00	1106.00	1105.00	1104.50	1104.00	1103.00	1103.00	1103.00	1102.00	1101.00	1100.00	1098.50	1098.00	1097.50	1095.50	1095.00	1094.00	1094.00	1093.50	1093.00	1091.50	1090.50	1089.50	1089.00	1089.00	1089.00	1089.00	1090.00	1090.50	1091.00	1090.50	1089.50	1088.00	1087.00	1085.50	1084.00	1082.50	1081.50	1080.50	1079.00	1078.00	1079.00	1079.00	1079.50	1080.00	1081.00	1081.00	1081.50	1082.00	1083.00	1083.00	1084.00	1084.00	1084.50	1085.00	1085.00	1086.00	1086.00	1087.00	1087.00	1087.00	1087.00	1087.00	1087.00	1087.00	1087.00	1087.00	1087.00	1087.00	1087.00	1087.00	1087.00	1087.00	1086.00	1086.00	1086.00	1086.50	1087.00	1087.00	1088.00	1088.00	1088.00	1088.00	1088.50	1089.00	1089.00	1089.00	1089.00	1089.00	1089.00	1089.00	1089.00	1088.50	1088.00	1088.00	1088.00	1088.00	1088.00	1088.00	1088.00	1088.00	1087.00	1087.00	1086.50	1086.00	1086.00	1086.00	1086.00	1085.50	1085.00	1085.00	1084.00	1084.00	1083.50	1083.00	1082.50	1082.00	1082.00	1081.00	1081.00	1081.00	1081.00	1081.00	1081.00	1081.00	1081.00	1081.00	1082.00	1082.50	1083.00	1084.50	1085.00	1085.50	1087.00	1088.00	1089.00	1090.00	1091.00	1091.50	1092.50	1093.00	1093.50	1094.00	1095.00	1095.00	1095.00	1096.00	1096.00	1097.00	1097.00	1098.00	1098.00	1099.00	1099.50	1100.00	1101.00	1101.50	1103.00	1103.00	1103.00	1103.00	1103.00	1103.00	1103.00	1103.00	1103.00	1102.00	1102.00	1101.00	1100.50	1099.50	1098.50	1098.00	1099.00	1099.00	1099.50	1100.50	1102.50	1103.50	1105.00	1108.00	1111.00	1115.00	1117.00	1119.00	1121.00	1122.50	1125.50	1127.00	1130.00	1131.00	1132.50	1133.50	1135.50	1136.50	1137.50	1139.00	1140.50	1142.00	1143.00	1144.50	1145.00	1146.00	1146.50	1147.00	1147.00	1147.00	1147.00	1147.00	1147.00	1147.00	1147.00	1147.00	1147.00	1146.00
1153.00	1152.00	1150.50	1149.00	1147.00	1144.50	1143.00	1140.00	1137.00	1135.00	1131.00	1129.00	1126.00	1122.00	1119.00	1117.50	1116.00	1113.00	1111.50	1109.00	1108.00	1107.00	1107.00	1107.00	1106.50	1106.00	1106.00	1106.00	1105.50	1105.00	1105.00	1104.50	1104.50	1105.00	1105.00	1105.00	1105.00	1105.50	1106.00	1106.00	1106.00	1106.00	1106.00	1105.00	1104.50	1104.00	1103.00	1103.00	1103.00	1102.00	1101.00	1100.00	1098.50	1098.00	1097.50	1095.50	1095.00	1094.00	1094.00	1093.50	1093.00	1091.50	1090.50	1089.50	1089.00	1089.00	1089.00	1089.00	1090.00	1090.50	1091.00	1090.50	1089.50	1088.00	1087.00	1085.50	1084.00	1082.50	1081.50	1080.50	1079.00	1078.00	1079.00	1079.00	1079.50	1080.00	1081.00	1081.00	1081.50	1082.00	1083.00	1083.00	1084.00	1084.00	1084.50	1085.00	1085.00	1086.00	1086.00	1087.00	1087.00	1087.00	1087.00	1087.00	1087.00	1087.00	1087.00	1087.00	1087.00	1087.00	1087.00	1087.00	1087.00	1087.00	1086.00	1086.00	1086.00	1086.50	1087.00	1087.00	1088.00	1088.00	1088.00	1088.00	1088.50	1089.00	1089.00	1089.00	1089.00	1089.00	1089.00	1089.00	1089.00	1088.50	1088.00	1088.00	1088.00	1088.00	1088.00	1088.00	1088.00	1088.00	1087.00	1087.00	1086.50	1086.00	1086.00	1086.00	1086.00	1085.50	1085.00	1085.00	1084.00	1084.00	1083.50	1083.00	1082.50	1082.00	1082.00	1081.00	1081.00	1081.00	1081.00	1081.00	1081.00	1081.00	1081.00	1081.00	1082.00	1082.50	1083.00	1084.50	1085.00	1085.50	1087.00	1088.00	1089.00	1090.00	1091.00	1091.50	1092.50	1093.00	1093.50	1094.00	1095.00	1095.00	1095.00	1096.00	1096.00	1097.00	1097.00	1098.00	1098.00	1099.00	1099.50	1100.00	1101.00	1101.50	1103.00	1103.00	1103.00	1103.00	1103.00	1103.00	1103.00	1103.00	1103.00	1102.00	1102.00	1101.00	1100.50	1099.50	1098.50	1098.00	1099.00	1099.00	1099.50	1100.50	1102.50	1103.50	1105.00	1108.00	1111.00	1115.00	1117.00	1119.00	1121.00	1122.50	1125.50	1127.00	1130.00	1131.00	1132.50	1133.50	1135.50	1136.50	1137.50	1139.00	1140.50	1142.00	1143.00	1144.50	1145.00	1146.00	1146.50	1147.00	1147.00	1147.00	1147.00	1147.00	1147.00	1147.00	1147.00	1147.00	1147.00	1146.00
1153.00	1152.00	1150.50	1149.00	1147.00	1144.50	1143.00	1140.00	1137.00	1135.00	1131.00	1129.00	1126.00	1122.00	1119.00	1117.50	1116.00	1113.00	1111.50	1109.00	1108.00	1107.00	1107.00	1107.00	1106.50	1106.00	1106.00	1106.00	1105.50	1105.00	1105.00	1104.50	1104.50	1105.00	1105.00	1105.00	1105.00	1105.50	1106.00	1106.00	1106.00	1106.00	1106.00	1105.00	1104.50	1104.00	1103.00	1103.00	1103.00	1102.00	1101.00	1100.00	1098.50	1098.00	1097.50	1095.50	1095.00	1094.00	1094.00	1093.50	1093.00	1091.50	1090.50	1089.50	1089.00	1089.00	1089.00	1089.00	1090.00	1090.50	1091.00	1090.50	1089.50	1088.00	1087.00	1085.50	1084.00	1082.50	1081.50	1080.50	1079.00	1078.00	1079.00	1079.00	1079.50	1080.00	1081.00	1081.00	1081.50	1082.00	1083.00	1083.00	1084.00	1084.00	1084.50	1085.00	1085.00	1086.00	1086.00	1087.00	1087.00	1087.00	1087.00	1087.00	1087.00	1087.00	1087.00	1087.00	1087.00	1087.00	1087.00	1087.00	1087.00	1087.00	1086.00	1086.00	1086.00	1086.50	1087.00	1087.00	1088.00	1088.00	1088.00	1088.00	1088.50	1089.00	1089.00	1089.00	1089.00	1089.00	1089.00	1089.00	1089.00	1088.50	1088.00	1088.00	1088.00	1088.00	1088.00	1088.00	1088.00	1088.00	1087.00	1087.00	1086.50	1086.00	1086.00	1086.00	1086.00	1085.50	1085.00	1085.00	1084.00	1084.00	1083.50	1083.00	1082.50	1082.00	1082.00	1081.00	1081.00	1081.00	1081.00	1081.00	1081.00	1081.00	1081.00	1081.00	1082.00	1082.50	1083.00	1084.50	1085.00	1085.50	1087.00	1088.00	1089.00	1090.00	1091.00	1091.50	1092.50	1093.00	1093.50	1094.00	1095.00	1095.00	1095.00	1096.00	1096.00	1097.00	1097.00	1098.00	1098.00	1099.00	1099.50	1100.00	1101.00	1101.50	1103.00	1103.00	1103.00	1103.00	1103.00	1103.00	1103.00	1103.00	1103.00	1102.00	1102.00	1101.00	1100.50	1099.50	1098.50	1098.00	1099.00	1099.00	1099.50	1100.50	1102.50	1103.50	1105.00	1108.00	1111.00	1115.00	1117.00	1119.00	1121.00	1122.50	1125.50	1127.00	1130.00	1131.00	1132.50	1133.50	1135.50	1136.50	1137.50	1139.00	1140.50	1142.00	1143.00	1144.50	1145.00	1146.00	1146.50	1147.00	1147.00	1147.00	1147.00	1147.00	1147.00	1147.00	1147.00	1147.00	1147.00	1146.00
1154.75	1154.00	1152.50	1151.00	1149.50	1147.25	1145.75	1143.25	1140.75	1139.00	1136.00	1134.00	1131.00	1127.50	1124.50	1122.75	1121.00	1118.50	1117.00	1114.50	1113.50	1112.50	1112.25	1111.75	1111.25	1110.75	1110.50	1110.00	1109.75	1109.50	1109.00	1108.75	1108.75	1109.00	1109.00	1109.00	1109.00	1109.25	1109.50	1109.00	1108.75	1108.50	1108.00	1107.25	1106.50	1105.50	1104.75	1104.25	1104.00	1103.00	1101.50	1100.50	1098.50	1097.75	1097.25	1095.50	1095.00	1094.00	1094.00	1093.75	1093.50	1092.50	1091.75	1091.25	1091.00	1091.00	1091.00	1091.50	1092.75	1093.50	1094.00	1093.50	1092.75	1091.50	1090.50	1089.50	1088.00	1086.50	1085.50	1084.25	1082.50	1081.50	1082.50	1083.00	1083.75	1084.25	1085.50	1085.75	1086.25	1087.00	1087.50	1087.75	1088.50	1089.00	1089.50	1090.00	1090.50	1091.25	1091.50	1092.00	1091.75	1091.50	1091.00	1090.75	1090.50	1090.00	1089.50	1089.25	1088.75	1088.50	1088.50	1088.50	1088.00	1088.00	1087.50	1087.50	1087.50	1087.75	1088.00	1088.00	1088.50	1088.50	1089.00	1089.00	1089.75	1090.00	1090.00	1090.00	1090.25	1090.50	1090.50	1090.25	1090.00	1089.50	1089.00	1089.00	1089.00	1088.50	1088.50	1089.00	1089.00	1089.00	1088.50	1088.50	1087.75	1087.50	1087.50	1087.50	1087.50	1087.25	1086.75	1086.50	1085.50	1084.75	1084.25	1083.25	1082.75	1082.25	1082.00	1081.00	1081.00	1081.00	1081.00	1081.00	1081.00	1081.00	1081.00	1081.50	1082.50	1083.50	1084.25	1086.00	1086.50	1087.00	1088.50	1090.25	1091.50	1092.50	1093.50	1094.00	1095.00	1095.75	1096.50	1097.00	1098.00	1098.00	1098.50	1099.25	1099.50	1100.00	1100.50	1101.00	1101.00	1101.75	1102.25	1102.50	1103.00	1103.25	1104.00	1104.00	1104.00	1104.00	1104.00	1104.00	1103.75	1103.50	1103.50	1102.50	1102.00	1101.25	1100.75	1100.00	1099.25	1099.25	1100.00	1100.50	1101.50	1102.75	1105.75	1107.00	1108.75	1112.00	1115.00	1119.00	1121.00	1123.50	1125.50	1127.00	1129.75	1131.25	1133.50	1134.50	1136.25	1137.50	1139.25	1140.00	1141.00	1142.00	1143.50	1145.00	1145.50	1146.75	1147.00	1147.75	1148.25	1148.50	1148.50	1148.50	1148.50	1149.00	1149.00	1149.00	1149.00	1149.00	1149.50	1149.00
1156.50	1156.00	1154.50	1153.00	1152.00	1150.00	1148.50	1146.50	1144.50	1143.00	1141.00	1139.00	1136.00	1133.00	1130.00	1128.00	1126.00	1124.00	1122.50	1120.00	1119.00	1118.00	1117.50	1116.50	1116.00	1115.50	1115.00	1114.00	1114.00	1114.00	1113.00	1113.00	1113.00	1113.00	1113.00	1113.00	1113.00	1113.00	1113.00	1112.00	1111.50	1111.00	1110.00	1109.50	1108.50	1107.00	1106.50	1105.50	1105.00	1104.00	1102.00	1101.00	1098.50	1097.50	1097.00	1095.50	1095.00	1094.00	1094.00	1094.00	1094.00	1093.50	1093.00	1093.00	1093.00	1093.00	1093.00	1094.00	1095.50	1096.50	1097.00	1096.50	1096.00	1095.00	1094.00	1093.50	1092.00	1090.50	1089.50	1088.00	1086.00	1085.00	1086.00	1087.00	1088.00	1088.50	1090.00	1090.50	1091.00	1092.00	1092.00	1092.50	1093.00	1094.00	1094.50	1095.00	1096.00	1096.50	1097.00	1097.00	1096.50	1096.00	1095.00	1094.50	1094.00	1093.00	1092.00	1091.50	1090.50	1090.00	1090.00	1090.00	1089.00	1089.00	1089.00	1089.00	1089.00	1089.00	1089.00	1089.00	1089.00	1089.00	1090.00	1090.00	1091.00	1091.00	1091.00	1091.00	1091.50	1092.00	1092.00	1091.50	1091.00	1090.50	1090.00	1090.00	1090.00	1089.00	1089.00	1090.00	1090.00	1090.00	1090.00	1090.00	1089.00	1089.00	1089.00	1089.00	1089.00	1089.00	1088.50	1088.00	1087.00	1085.50	1085.00	1083.50	1083.00	1082.50	1082.00	1081.00	1081.00	1081.00	1081.00	1081.00	1081.00	1081.00	1081.00	1082.00	1083.00	1084.50	1085.50	1087.50	1088.00	1088.50	1090.00	1092.50	1094.00	1095.00	1096.00	1096.50	1097.50	1098.50	1099.50	1100.00	1101.00	1101.00	1102.00	1102.50	1103.00	1103.00	1104.00	1104.00	1104.00	1104.50	1105.00	1105.00	1105.00	1105.00	1105.00	1105.00	1105.00	1105.00	1105.00	1105.00	1104.50	1104.00	1104.00	1103.00	1102.00	1101.50	1101.00	1100.50	1100.00	1100.50	1101.00	1102.00	1103.50	1105.00	1109.00	1110.50	1112.50	1116.00	1119.00	1123.00	1125.00	1128.00	1130.00	1131.50	1134.00	1135.50	1137.00	1138.00	1140.00	1141.50	1143.00	1143.50	1144.50	1145.00	1146.50	1148.00	1148.00	1149.00	1149.00	1149.50	1150.00	1150.00	1150.00	1150.00	1150.00	1151.00	1151.00	1151.00	1151.00	1151.00	1152.00	1152.00
1156.50	1156.00	1154.50	1153.00	1152.00	1150.00	1148.50	1146.50	1144.50	1143.00	1141.00	1139.00	1136.00	1133.00	1130.00	1128.00	1126.00	1124.00	1122.50	1120.00	1119.00	1118.00	1117.50	1116.50	1116.00	1115.50	1115.00	1114.00	1114.00	1114.00	1113.00	1113.00	1113.00	1113.00	1113.00	1113.00	1113.00	1113.00	1113.00	1112.00	1111.50	1111.00	1110.00	1109.50	1108.50	1107.00	1106.50	1105.50	1105.00	1104.00	1102.00	1101.00	1098.50	1097.50	1097.00	1095.50	1095.00	1094.00	1094.00	1094.00	1094.00	1093.50	1093.00	1093.00	1093.00	1093.00	1093.00	1094.00	1095.50	1096.50	1097.00	1096.50	1096.00	1095.00	1094.00	1093.50	1092.00	1090.50	1089.50	1088.00	1086.00	1085.00	1086.00	1087.00	1088.00	1088.50	1090.00	1090.50	1091.00	1092.00	1092.00	1092.50	1093.00	1094.00	1094.50	1095.00	1096.00	1096.50	1097.00	1097.00	1096.50	1096.00	1095.00	1094.50	1094.00	1093.00	1092.00	1091.50	1090.50	1090.00	1090.00	1090.00	1089.00	1089.00	1089.00	1089.00	1089.00	1089.00	1089.00	1089.00	1089.00	1089.00	1090.00	1090.00	1091.00	1091.00	1091.00	1091.00	1091.50	1092.00	1092.00	1091.50	1091.00	1090.50	1090.00	1090.00	1090.00	1089.00	1089.00	1090.00	1090.00	1090.00	1090.00	1090.00	1089.00	1089.00	1089.00	1089.00	1089.00	1089.00	1088.50	1088.00	1087.00	1085.50	1085.00	1083.50	1083.00	1082.50	1082.00	1081.00	1081.00	1081.00	1081.00	1081.00	1081.00	1081.00	1081.00	1082.00	1083.00	1084.50	1085.50	1087.50	1088.00	1088.50	1090.00	1092.50	1094.00	1095.00	1096.00	1096.50	1097.50	1098.50	1099.50	1100.00	1101.00	1101.00	1102.00	1102.50	1103.00	1103.00	1104.00	1104.00	1104.00	1104.50	1105.00	1105.00	1105.00	1105.00	1105.00	1105.00	1105.00	1105.00	1105.00	1105.00	1104.50	1104.00	1104.00	1103.00	1102.00	1101.50	1101.00	1100.50	1100.00	1100.50	1101.00	1102.00	1103.50	1105.00	1109.00	1110.50	1112.50	1116.00	1119.00	1123.00	1125.00	1128.00	1130.00	1131.50	1134.00	1135.50	1137.00	1138.00	1140.00	1141.50	1143.00	1143.50	1144.50	1145.00	1146.50	1148.00	1148.00	1149.00	1149.00	1149.50	1150.00	1150.00	1150.00	1150.00	1150.00	1151.00	1151.00	1151.00	1151.00	1151.00	1152.00	1152.00
1157.50	1157.00	1155.75	1154.50	1153.50	1152.25	1151.00	1149.25	1147.50	1146.25	1144.50	1142.50	1140.00	1137.50	1135.00	1133.25	1131.75	1129.50	1128.00	1126.00	1125.00	1123.75	1123.00	1121.75	1121.00	1120.50	1119.50	1119.00	1118.50	1118.50	1117.50	1117.50	1117.50	1117.50	1117.50	1117.00	1117.00	1117.00	1116.50	1114.75	1114.00	1113.25	1112.00	1111.00	1110.00	1108.50	1107.50	1106.50	1105.50	1104.50	1102.00	1101.00	1098.50	1097.50	1096.75	1095.00	1094.50	1094.00	1094.00	1094.25	1094.50	1094.75	1094.75	1095.00	1095.50	1095.75	1096.00	1097.00	1098.50	1099.50	1100.00	1099.75	1099.75	1099.50	1098.50	1097.50	1096.00	1094.50	1093.50	1092.00	1090.00	1089.50	1090.50	1091.00	1091.75	1092.25	1093.50	1094.00	1094.50	1095.00	1095.25	1095.75	1096.50	1097.50	1098.00	1098.50	1099.50	1099.75	1100.50	1100.00	1099.50	1099.00	1098.00	1097.50	1096.50	1096.00	1094.75	1094.00	1092.75	1092.25	1091.75	1091.50	1090.50	1090.50	1090.50	1090.50	1090.50	1090.25	1090.00	1090.00	1090.00	1090.50	1091.00	1091.00	1091.75	1092.00	1092.00	1092.00	1092.25	1092.50	1092.50	1092.25	1091.75	1091.00	1090.50	1090.50	1090.00	1089.50	1089.50	1090.00	1090.00	1090.00	1090.00	1090.00	1089.50	1089.50	1089.50	1089.75	1090.00	1089.75	1089.25	1089.00	1088.50	1087.00	1086.50	1085.00	1084.25	1083.50	1082.50	1082.00	1081.50	1081.50	1081.00	1081.25	1081.50	1081.50	1081.75	1083.00	1084.00	1085.50	1086.50	1089.00	1089.75	1090.75	1092.50	1094.75	1096.50	1097.50	1098.75	1099.50	1100.50	1101.50	1102.25	1103.00	1103.50	1104.00	1105.00	1105.25	1105.50	1106.00	1106.50	1106.50	1107.00	1107.25	1107.50	1107.50	1107.50	1107.50	1107.50	1107.50	1107.00	1106.75	1106.50	1106.25	1105.75	1105.50	1105.00	1104.00	1103.50	1103.00	1102.50	1102.25	1102.25	1103.00	1104.00	1105.00	1106.75	1108.50	1113.00	1114.75	1116.75	1120.00	1123.00	1127.00	1129.00	1131.50	1133.50	1135.00	1137.25	1138.75	1140.50	1141.50	1142.75	1144.00	1145.50	1146.00	1147.00	1147.50	1148.75	1149.50	1150.00	1150.50	1150.50	1150.75	1151.25	1151.50	1151.50	1151.50	1151.75	1152.50	1152.50	1152.75	1153.00	1153.50	1154.25	1154.50
1158.50	1158.00	1157.00	1156.00	1155.00	1154.50	1153.50	1152.00	1150.50	1149.50	1148.00	1146.00	1144.00	1142.00	1140.00	1138.50	1137.50	1135.00	1133.50	1132.00	1131.00	1129.50	1128.50	1127.00	1126.00	1125.50	1124.00	1124.00	1123.00	1123.00	1122.00	1122.00	1122.00	1122.00	1122.00	1121.00	1121.00	1121.00	1120.00	1117.50	1116.50	1115.50	1114.00	1112.50	1111.50	1110.00	1108.50	1107.50	1106.00	1105.00	1102.00	1101.00	1098.50	1097.50	1096.50	1094.50	1094.00	1094.00	1094.00	1094.50	1095.00	1096.00	1096.50	1097.00	1098.00	1098.50	1099.00	1100.00	1101.50	1102.50	1103.00	1103.00	1103.50	1104.00	1103.00	1101.50	1100.00	1098.50	1097.50	1096.00	1094.00	1094.00	1095.00	1095.00	1095.50	1096.00	1097.00	1097.50	1098.00	1098.00	1098.50	1099.00	1100.00	1101.00	1101.50	1102.00	1103.00	1103.00	1104.00	1103.00	1102.50	1102.00	1101.00	1100.50	1099.00	1099.00	1097.50	1096.50	1095.00	1094.50	1093.50	1093.00	1092.00	1092.00	1092.00	1092.00	1092.00	1091.50	1091.00	1091.00	1091.00	1092.00	1092.00	1092.00	1092.50	1093.00	1093.00	1093.00	1093.00	1093.00	1093.00	1093.00	1092.50	1091.50	1091.00	1091.00	1090.00	1090.00	1090.00	1090.00	1090.00	1090.00	1090.00	1090.00	1090.00	1090.00	1090.00	1090.50	1091.00	1090.50	1090.00	1090.00	1090.00	1088.50	1088.00	1086.50	1085.50	1084.50	1083.00	1083.00	1082.00	1082.00	1081.00	1081.50	1082.00	1082.00	1082.50	1084.00	1085.00	1086.50	1087.50	1090.50	1091.50	1093.00	1095.00	1097.00	1099.00	1100.00	1101.50	1102.50	1103.50	1104.50	1105.00	1106.00	1106.00	1107.00	1108.00	1108.00	1108.00	1109.00	1109.00	1109.00	1110.00	1110.00	1110.00	1110.00	1110.00	1110.00	1110.00	1110.00	1109.00	1108.50	1108.00	1107.50	1107.00	1107.00	1106.00	1105.00	1105.00	1104.50	1104.00	1104.00	1104.50	1105.50	1107.00	1108.00	1110.00	1112.00	1117.00	1119.00	1121.00	1124.00	1127.00	1131.00	1133.00	1135.00	1137.00	1138.50	1140.50	1142.00	1144.00	1145.00	1145.50	1146.50	1148.00	1148.50	1149.50	1150.00	1151.00	1151.00	1152.00	1152.00	1152.00	1152.00	1152.50	1153.00	1153.00	1153.00	1153.50	1154.00	1154.00	1154.50	1155.00	1156.00	1156.50	1157.00
1158.50	1158.00	1157.00	1156.00	1155.00	1154.50	1153.50	1152.00	1150.50	1149.50	1148.00	1146.00	1144.00	1142.00	1140.00	1138.50	1137.50	1135.00	1133.50	1132.00	1131.00	1129.50	1128.50	1127.00	1126.00	1125.50	1124.00	1124.00	1123.00	1123.00	1122.00	1122.00	1122.00	1122.00	1122.00	1121.00	1121.00	1121.00	1120.00	1117.50	1116.50	1115.50	1114.00	1112.50	1111.50	1110.00	1108.50	1107.50	1106.00	1105.00	1102.00	1101.00	1098.50	1097.50	1096.50	1094.50	1094.00	1094.00	1094.00	1094.50	1095.00	1096.00	1096.50	1097.00	1098.00	1098.50	1099.00	1100.00	1101.50	1102.50	1103.00	1103.00	1103.50	1104.00	1103.00	1101.50	1100.00	1098.50	1097.50	1096.00	1094.00	1094.00	1095.00	1095.00	1095.50	1096.00	1097.00	1097.50	1098.00	1098.00	1098.50	1099.00	1100.00	1101.00	1101.50	1102.00	1103.00	1103.00	1104.00	1103.00	1102.50	1102.00	1101.00	1100.50	1099.00	1099.00	1097.50	1096.50	1095.00	1094.50	1093.50	1093.00	1092.00	1092.00	1092.00	1092.00	1092.00	1091.50	1091.00	1091.00	1091.00	1092.00	1092.00	1092.00	1092.50	1093.00	1093.00	1093.00	1093.00	1093.00	1093.00	1093.00	1092.50	1091.50	1091.00	1091.00	1090.00	1090.00	1090.00	1090.00	1090.00	1090.00	1090.00	1090.00	1090.00	1090.00	1090.00	1090.50	1091.00	1090.50	1090.00	1090.00	1090.00	1088.50	1088.00	1086.50	1085.50	1084.50	1083.00	1083.00	1082.00	1082.00	1081.00	1081.50	1082.00	1082.00	1082.50	1084.00	1085.00	1086.50	1087.50	1090.50	1091.50	1093.00	1095.00	1097.00	1099.00	1100.00	1101.50	1102.50	1103.50	1104.50	1105.00	1106.00	1106.00	1107.00	1108.00	1108.00	1108.00	1109.00	1109.00	1109.00	1110.00	1110.00	1110.00	1110.00	1110.00	1110.00	1110.00	1110.00	1109.00	1108.50	1108.00	1107.50	1107.00	1107.00	1106.00	1105.00	1105.00	1104.50	1104.00	1104.00	1104.50	1105.50	1107.00	1108.00	1110.00	1112.00	1117.00	1119.00	1121.00	1124.00	1127.00	1131.00	1133.00	1135.00	1137.00	1138.50	1140.50	1142.00	1144.00	1145.00	1145.50	1146.50	1148.00	1148.50	1149.50	1150.00	1151.00	1151.00	1152.00	1152.00	1152.00	1152.00	1152.50	1153.00	1153.00	1153.00	1153.50	1154.00	1154.00	1154.50	1155.00	1156.00	1156.50	1157.00
1159.00	1158.50	1157.25	1156.50	1155.50	1155.25	1154.50	1153.25	1152.00	1151.25	1150.00	1148.50	1146.75	1145.00	1143.75	1142.50	1141.50	1139.50	1138.00	1136.50	1135.50	1134.00	1133.00	1131.75	1130.75	1130.00	1129.00	1128.50	1127.50	1127.00	1126.00	1126.00	1126.00	1125.50	1125.25	1124.50	1124.00	1123.75	1122.50	1120.00	1119.00	1117.75	1116.00	1114.25	1113.00	1111.50	1109.50	1108.50	1107.00	1105.50	1103.00	1101.50	1099.50	1098.50	1097.50	1096.25	1096.00	1096.00	1096.00	1097.00	1097.50	1098.75	1099.25	1099.75	1101.00	1102.00	1103.00	1103.50	1105.00	1105.75	1106.25	1106.75	1107.25	1107.50	1106.50	1105.50	1104.00	1102.50	1101.50	1100.25	1098.50	1098.25	1098.50	1098.50	1098.50	1098.50	1099.00	1099.25	1099.50	1099.50	1099.75	1100.00	1101.00	1101.75	1102.25	1103.00	1103.50	1104.00	1104.50	1104.00	1103.75	1103.50	1102.50	1102.00	1101.00	1100.50	1099.25	1098.50	1096.75	1096.00	1095.00	1094.50	1093.50	1093.50	1093.50	1093.25	1093.00	1092.75	1092.25	1092.00	1092.00	1092.50	1093.00	1093.00	1093.25	1093.50	1093.50	1093.50	1093.50	1093.50	1093.50	1093.25	1092.75	1092.00	1091.50	1091.25	1090.50	1090.00	1090.00	1090.00	1090.00	1090.00	1090.00	1090.50	1090.50	1091.00	1091.25	1091.75	1092.00	1092.25	1092.00	1092.00	1092.00	1090.75	1090.50	1089.00	1088.00	1087.00	1085.50	1085.50	1084.50	1084.50	1083.50	1084.00	1084.50	1084.75	1085.25	1086.50	1087.50	1089.00	1090.25	1093.25	1094.50	1096.00	1098.50	1100.50	1102.50	1103.50	1105.00	1105.75	1106.50	1107.50	1108.00	1109.00	1109.00	1110.00	1111.00	1111.00	1111.00	1112.00	1112.00	1112.00	1113.00	1113.00	1113.00	1113.00	1113.50	1113.50	1113.00	1112.50	1111.75	1111.25	1110.50	1110.25	1109.75	1109.50	1109.00	1108.00	1108.00	1107.75	1107.50	1107.75	1108.75	1110.00	1111.50	1112.50	1115.00	1117.00	1121.50	1123.50	1125.50	1128.00	1130.50	1134.50	1136.00	1138.50	1140.25	1141.50	1143.50	1144.50	1146.00	1147.00	1147.50	1148.25	1149.50	1150.00	1151.00	1151.50	1152.25	1152.50	1153.50	1153.50	1153.50	1153.50	1153.75	1154.25	1154.50	1154.50	1155.00	1155.50	1155.75	1156.25	1157.00	1157.50	1158.50	1159.00
1159.50	1159.00	1157.50	1157.00	1156.00	1156.00	1155.50	1154.50	1153.50	1153.00	1152.00	1151.00	1149.50	1148.00	1147.50	1146.50	1145.50	1144.00	1142.50	1141.00	1140.00	1138.50	1137.50	1136.50	1135.50	1134.50	1134.00	1133.00	1132.00	1131.00	1130.00	1130.00	1130.00	1129.00	1128.50	1128.00	1127.00	1126.50	1125.00	1122.50	1121.50	1120.00	1118.00	1116.00	1114.50	1113.00	1110.50	1109.50	1108.00	1106.00	1104.00	1102.00	1100.50	1099.50	1098.50	1098.00	1098.00	1098.00	1098.00	1099.50	1100.00	1101.50	1102.00	1102.50	1104.00	1105.50	1107.00	1107.00	1108.50	1109.00	1109.50	1110.50	1111.00	1111.00	1110.00	1109.50	1108.00	1106.50	1105.50	1104.50	1103.00	1102.50	1102.00	1102.00	1101.50	1101.00	1101.00	1101.00	1101.00	1101.00	1101.00	1101.00	1102.00	1102.50	1103.00	1104.00	1104.00	1105.00	1105.00	1105.00	1105.00	1105.00	1104.00	1103.50	1103.00	1102.00	1101.00	1100.50	1098.50	1097.50	1096.50	1096.00	1095.00	1095.00	1095.00	1094.50	1094.00	1094.00	1093.50	1093.00	1093.00	1093.00	1094.00	1094.00	1094.00	1094.00	1094.00	1094.00	1094.00	1094.00	1094.00	1093.50	1093.00	1092.50	1092.00	1091.50	1091.00	1090.00	1090.00	1090.00	1090.00	1090.00	1090.00	1091.00	1091.00	1092.00	1092.50	1093.00	1093.00	1094.00	1094.00	1094.00	1094.00	1093.00	1093.00	1091.50	1090.50	1089.50	1088.00	1088.00	1087.00	1087.00	1086.00	1086.50	1087.00	1087.50	1088.00	1089.00	1090.00	1091.50	1093.00	1096.00	1097.50	1099.00	1102.00	1104.00	1106.00	1107.00	1108.50	1109.00	1109.50	1110.50	1111.00	1112.00	1112.00	1113.00	1114.00	1114.00	1114.00	1115.00	1115.00	1115.00	1116.00	1116.00	1116.00	1116.00	1117.00	1117.00	1116.00	1115.00	1114.50	1114.00	1113.00	1113.00	1112.50	1112.00	1112.00	1111.00	1111.00	1111.00	1111.00	1111.50	1113.00	1114.50	1116.00	1117.00	1120.00	1122.00	1126.00	1128.00	1130.00	1132.00	1134.00	1138.00	1139.00	1142.00	1143.50	1144.50	1146.50	1147.00	1148.00	1149.00	1149.50	1150.00	1151.00	1151.50	1152.50	1153.00	1153.50	1154.00	1155.00	1155.00	1155.00	1155.00	1155.00	1155.50	1156.00	1156.00	1156.50	1157.00	1157.50	1158.00	1159.00	1159.00	1160.50	1161.00
1159.50	1159.00	1157.50	1157.00	1156.00	1156.00	1155.50	1154.50	1153.50	1153.00	1152.00	1151.00	1149.50	1148.00	1147.50	1146.50	1145.50	1144.00	1142.50	1141.00	1140.00	1138.50	1137.50	1136.50	1135.50	1134.50	1134.00	1133.00	1132.00	1131.00	1130.00	1130.00	1130.00	1129.00	1128.50	1128.00	1127.00	1126.50	1125.00	1122.50	1121.50	1120.00	1118.00	1116.00	1114.50	1113.00	1110.50	1109.50	1108.00	1106.00	1104.00	1102.00	1100.50	1099.50	1098.50	1098.00	1098.00	1098.00	1098.00	1099.50	1100.00	1101.50	1102.00	1102.50	1104.00	1105.50	1107.00	1107.00	1108.50	1109.00	1109.50	1110.50	1111.00	1111.00	1110.00	1109.50	1108.00	1106.50	1105.50	1104.50	1103.00	1102.50	1102.00	1102.00	1101.50	1101.00	1101.00	1101.00	1101.00	1101.00	1101.00	1101.00	1102.00	1102.50	1103.00	1104.00	1104.00	1105.00	1105.00	1105.00	1105.00	1105.00	1104.00	1103.50	1103.00	1102.00	1101.00	1100.50	1098.50	1097.50	1096.50	1096.00	1095.00	1095.00	1095.00	1094.50	1094.00	1094.00	1093.50	1093.00	1093.00	1093.00	1094.00	1094.00	1094.00	1094.00	1094.00	1094.00	1094.00	1094.00	1094.00	1093.50	1093.00	1092.50	1092.00	1091.50	1091.00	1090.00	1090.00	1090.00	1090.00	1090.00	1090.00	1091.00	1091.00	1092.00	1092.50	1093.00	1093.00	1094.00	1094.00	1094.00	1094.00	1093.00	1093.00	1091.50	1090.50	1089.50	1088.00	1088.00	1087.00	1087.00	1086.00	1086.50	1087.00	1087.50	1088.00	1089.00	1090.00	1091.50	1093.00	1096.00	1097.50	1099.00	1102.00	1104.00	1106.00	1107.00	1108.50	1109.00	1109.50	1110.50	1111.00	1112.00	1112.00	1113.00	1114.00	1114.00	1114.00	1115.00	1115.00	1115.00	1116.00	1116.00	1116.00	1116.00	1117.00	1117.00	1116.00	1115.00	1114.50	1114.00	1113.00	1113.00	1112.50	1112.00	1112.00	1111.00	1111.00	1111.00	1111.00	1111.50	1113.00	1114.50	1116.00	1117.00	1120.00	1122.00	1126.00	1128.00	1130.00	1132.00	1134.00	1138.00	1139.00	1142.00	1143.50	1144.50	1146.50	1147.00	1148.00	1149.00	1149.50	1150.00	1151.00	1151.50	1152.50	1153.00	1153.50	1154.00	1155.00	1155.00	1155.00	1155.00	1155.00	1155.50	1156.00	1156.00	1156.50	1157.00	1157.50	1158.00	1159.00	1159.00	1160.50	1161.00
1160.25	1159.50	1158.00	1157.00	1156.00	1156.00	1155.50	1154.75	1154.25	1153.75	1153.00	1152.00	1151.25	1150.00	1149.75	1149.00	1148.25	1147.00	1146.00	1144.50	1143.50	1142.25	1141.50	1140.25	1139.00	1138.00	1137.00	1136.00	1135.25	1134.00	1133.00	1132.75	1132.50	1131.50	1131.00	1130.50	1129.50	1129.00	1127.50	1125.00	1124.00	1122.50	1120.50	1118.25	1117.00	1115.00	1112.75	1111.50	1110.00	1108.00	1106.00	1104.50	1103.50	1102.75	1102.00	1101.75	1102.00	1102.50	1102.50	1104.00	1104.50	1105.75	1106.25	1107.00	1108.50	1110.00	1111.00	1111.50	1112.50	1113.00	1113.25	1113.75	1114.00	1114.00	1113.50	1112.75	1111.50	1110.00	1109.00	1108.00	1106.00	1105.00	1104.00	1104.00	1103.00	1102.25	1101.50	1101.25	1101.00	1100.50	1100.50	1100.50	1101.00	1101.25	1101.75	1103.00	1103.50	1104.75	1105.00	1105.50	1105.75	1106.00	1105.00	1104.75	1104.00	1103.50	1102.25	1101.75	1100.00	1099.00	1098.25	1097.50	1096.50	1096.50	1096.50	1095.75	1095.50	1095.50	1095.00	1094.50	1094.50	1094.50	1095.00	1095.00	1095.00	1095.00	1095.00	1095.00	1095.00	1095.00	1095.00	1094.25	1094.00	1093.25	1092.75	1092.25	1091.50	1091.00	1091.00	1091.00	1091.00	1091.00	1091.50	1092.00	1092.25	1093.50	1094.50	1095.25	1095.50	1096.50	1096.75	1097.00	1097.00	1096.50	1096.50	1095.00	1094.25	1093.50	1092.50	1092.00	1091.00	1091.00	1090.50	1090.75	1091.25	1092.00	1092.75	1094.00	1095.00	1096.50	1098.00	1101.00	1102.50	1103.75	1106.50	1108.25	1110.00	1111.00	1112.00	1112.75	1113.25	1114.00	1114.50	1115.50	1115.50	1116.25	1117.00	1117.25	1117.50	1118.00	1118.50	1118.50	1119.00	1119.00	1119.00	1119.00	1119.50	1119.50	1119.00	1118.50	1118.00	1117.50	1117.00	1117.00	1116.50	1116.00	1116.50	1116.00	1116.00	1116.25	1116.50	1117.00	1118.75	1120.00	1121.50	1122.50	1125.25	1127.00	1130.75	1132.25	1134.00	1136.00	1137.50	1141.00	1142.00	1144.25	1145.50	1146.25	1148.00	1148.50	1149.50	1150.50	1151.00	1151.50	1152.50	1152.75	1153.50	1154.00	1154.75	1155.00	1156.00	1156.00	1156.00	1156.00	1156.25	1156.75	1157.00	1157.25	1157.75	1158.50	1159.00	1159.50	1160.50	1161.00	1162.00	1162.50
1161.00	1160.00	1158.50	1157.00	1156.00	1156.00	1155.50	1155.00	1155.00	1154.50	1154.00	1153.00	1153.00	1152.00	1152.00	1151.50	1151.00	1150.00	1149.50	1148.00	1147.00	1146.00	1145.50	1144.00	1142.50	1141.50	1140.00	1139.00	1138.50	1137.00	1136.00	1135.50	1135.00	1134.00	1133.50	1133.00	1132.00	1131.50	1130.00	1127.50	1126.50	1125.00	1123.00	1120.50	1119.50	1117.00	1115.00	1113.50	1112.00	1110.00	1108.00	1107.00	1106.50	1106.00	1105.50	1105.50	1106.00	1107.00	1107.00	1108.50	1109.00	1110.00	1110.50	1111.50	1113.00	1114.50	1115.00	1116.00	1116.50	1117.00	1117.00	1117.00	1117.00	1117.00	1117.00	1116.00	1115.00	1113.50	1112.50	1111.50	1109.00	1107.50	1106.00	1106.00	1104.50	1103.50	1102.00	1101.50	1101.00	1100.00	1100.00	1100.00	1100.00	1100.00	1100.50	1102.00	1103.00	1104.50	1105.00	1106.00	1106.50	1107.00	1106.00	1106.00	1105.00	1105.00	1103.50	1103.00	1101.50	1100.50	1100.00	1099.00	1098.00	1098.00	1098.00	1097.00	1097.00	1097.00	1096.50	1096.00	1096.00	1096.00	1096.00	1096.00	1096.00	1096.00	1096.00	1096.00	1096.00	1096.00	1096.00	1095.00	1095.00	1094.00	1093.50	1093.00	1092.00	1092.00	1092.00	1092.00	1092.00	1092.00	1093.00	1093.00	1093.50	1095.00	1096.50	1097.50	1098.00	1099.00	1099.50	1100.00	1100.00	1100.00	1100.00	1098.50	1098.00	1097.50	1097.00	1096.00	1095.00	1095.00	1095.00	1095.00	1095.50	1096.50	1097.50	1099.00	1100.00	1101.50	1103.00	1106.00	1107.50	1108.50	1111.00	1112.50	1114.00	1115.00	1115.50	1116.50	1117.00	1117.50	1118.00	1119.00	1119.00	1119.50	1120.00	1120.50	1121.00	1121.00	1122.00	1122.00	1122.00	1122.00	1122.00	1122.00	1122.00	1122.00	1122.00	1122.00	1121.50	1121.00	1121.00	1121.00	1120.50	1120.00	1121.00	1121.00	1121.00	1121.50	1122.00	1122.50	1124.50	1125.50	1127.00	1128.00	1130.50	1132.00	1135.50	1136.50	1138.00	1140.00	1141.00	1144.00	1145.00	1146.50	1147.50	1148.00	1149.50	1150.00	1151.00	1152.00	1152.50	1153.00	1154.00	1154.00	1154.50	1155.00	1156.00	1156.00	1157.00	1157.00	1157.00	1157.00	1157.50	1158.00	1158.00	1158.50	1159.00	1160.00	1160.50	1161.00	1162.00	1163.00	1163.50	1164.00
1161.00	1160.00	1158.50	1157.00	1156.00	1156.00	1155.50	1155.00	1155.00	1154.50	1154.00	1153.00	1153.00	1152.00	1152.00	1151.50	1151.00	1150.00	1149.50	1148.00	1147.00	1146.00	1145.50	1144.00	1142.50	1141.50	1140.00	1139.00	1138.50	1137.00	1136.00	1135.50	1135.00	1134.00	1133.50	1133.00	1132.00	1131.50	1130.00	1127.50	1126.50	1125.00	1123.00	1120.50	1119.50	1117.00	1115.00	1113.50	1112.00	1110.00	1108.00	1107.00	1106.50	1106.00	1105.50	1105.50	1106.00	1107.00	1107.00	1108.50	1109.00	1110.00	1110.50	1111.50	1113.00	1114.50	1115.00	1116.00	1116.50	1117.00	1117.00	1117.00	1117.00	1117.00	1117.00	1116.00	1115.00	1113.50	1112.50	1111.50	1109.00	1107.50	1106.00	1106.00	1104.50	1103.50	1102.00	1101.50	1101.00	1100.00	1100.00	1100.00	1100.00	1100.00	1100.50	1102.00	1103.00	1104.50	1105.00	1106.00	1106.50	1107.00	1106.00	1106.00	1105.00	1105.00	1103.50	1103.00	1101.50	1100.50	1100.00	1099.00	1098.00	1098.00	1098.00	1097.00	1097.00	1097.00	1096.50	1096.00	1096.00	1096.00	1096.00	1096.00	1096.00	1096.00	1096.00	1096.00	1096.00	1096.00	1096.00	1095.00	1095.00	1094.00	1093.50	1093.00	1092.00	1092.00	1092.00	1092.00	1092.00	1092.00	1093.00	1093.00	1093.50	1095.00	1096.50	1097.50	1098.00	1099.00	1099.50	1100.00	1100.00	1100.00	1100.00	1098.50	1098.00	1097.50	1097.00	1096.00	1095.00	1095.00	1095.00	1095.00	1095.50	1096.50	1097.50	1099.00	1100.00	1101.50	1103.00	1106.00	1107.50	1108.50	1111.00	1112.50	1114.00	1115.00	1115.50	1116.50	1117.00	1117.50	1118.00	1119.00	1119.00	1119.50	1120.00	1120.50	1121.00	1121.00	1122.00	1122.00	1122.00	1122.00	1122.00	1122.00	1122.00	1122.00	1122.00	1122.00	1121.50	1121.00	1121.00	1121.00	1120.50	1120.00	1121.00	1121.00	1121.00	1121.50	1122.00	1122.50	1124.50	1125.50	1127.00	1128.00	1130.50	1132.00	1135.50	1136.50	1138.00	1140.00	1141.00	1144.00	1145.00	1146.50	1147.50	1148.00	1149.50	1150.00	1151.00	1152.00	1152.50	1153.00	1154.00	1154.00	1154.50	1155.00	1156.00	1156.00	1157.00	1157.00	1157.00	1157.00	1157.50	1158.00	1158.00	1158.50	1159.00	1160.00	1160.50	1161.00	1162.00	1163.00	1163.50	1164.00
1161.00	1160.00	1158.50	1157.00	1156.00	1156.00	1155.50	1155.00	1155.00	1154.50	1154.00	1153.00	1153.00	1152.00	1152.00	1151.50	1151.00	1150.00	1149.50	1148.00	1147.00	1146.00	1145.50	1144.00	1142.50	1141.50	1140.00	1139.00	1138.50	1137.00	1136.00	1135.50	1135.00	1134.00	1133.50	1133.00	1132.00	1131.50	1130.00	1127.50	1126.50	1125.00	1123.00	1120.50	1119.50	1117.00	1115.00	1113.50	1112.00	1110.00	1108.00	1107.00	1106.50	1106.00	1105.50	1105.50	1106.00	1107.00	1107.00	1108.50	1109.00	1110.00	1110.50	1111.50	1113.00	1114.50	1115.00	1116.00	1116.50	1117.00	1117.00	1117.00	1117.00	1117.00	1117.00	1116.00	1115.00	1113.50	1112.50	1111.50	1109.00	1107.50	1106.00	1106.00	1104.50	1103.50	1102.00	1101.50	1101.00	1100.00	1100.00	1100.00	1100.00	1100.00	1100.50	1102.00	1103.00	1104.50	1105.00	1106.00	1106.50	1107.00	1106.00	1106.00	1105.00	1105.00	1103.50	1103.00	1101.50	1100.50	1100.00	1099.00	1098.00	1098.00	1098.00	1097.00	1097.00	1097.00	1096.50	1096.00	1096.00	1096.00	1096.00	1096.00	1096.00	1096.00	1096.00	1096.00	1096.00	1096.00	1096.00	1095.00	1095.00	1094.00	1093.50	1093.00	1092.00	1092.00	1092.00	1092.00	1092.00	1092.00	1093.00	1093.00	1093.50	1095.00	1096.50	1097.50	1098.00	1099.00	1099.50	1100.00	1100.00	1100.00	1100.00	1098.50	1098.00	1097.50	1097.00	1096.00	1095.00	1095.00	1095.00	1095.00	1095.50	1096.50	1097.50	1099.00	1100.00	1101.50	1103.00	1106.00	1107.50	1108.50	1111.00	1112.50	1114.00	1115.00	1115.50	1116.50	1117.00	1117.50	1118.00	1119.00	1119.00	1119.50	1120.00	1120.50	1121.00	1121.00	1122.00	1122.00	1122.00	1122.00	1122.00	1122.00	1122.00	1122.00	1122.00	1122.00	1121.50	1121.00	1121.00	1121.00	1120.50	1120.00	1121.00	1121.00	1121.00	1121.50	1122.00	1122.50	1124.50	1125.50	1127.00	1128.00	1130.50	1132.00	1135.50	1136.50	1138.00	1140.00	1141.00	1144.00	1145.00	1146.50	1147.50	1148.00	1149.50	1150.00	1151.00	1152.00	1152.50	1153.00	1154.00	1154.00	1154.50	1155.00	1156.00	1156.00	1157.00	1157.00	1157.00	1157.00	1157.50	1158.00	1158.00	1158.50	1159.00	1160.00	1160.50	1161.00	1162.00	1163.00	1163.50	1164.00
1162.50	1161.00	1160.50	1159.00	1159.00	1158.00	1157.50	1156.50	1156.00	1156.00	1156.00	1155.00	1155.00	1155.00	1155.00	1155.00	1155.00	1154.00	1154.00	1153.00	1152.00	1151.50	1150.50	1149.00	1147.50	1146.50	1145.00	1144.00	1142.50	1141.00	1140.00	1139.50	1138.50	1138.00	1138.00	1137.00	1137.00	1135.50	1134.50	1132.50	1131.50	1130.50	1129.00	1126.50	1125.50	1123.00	1121.00	1119.50	1119.00	1118.00	1117.00	1116.00	1116.00	1116.00	1116.00	1117.00	1117.50	1118.00	1119.00	1119.50	1120.00	1121.00	1121.50	1122.00	1123.00	1123.50	1124.00	1125.00	1125.00	1125.00	1125.00	1124.50	1124.00	1123.00	1123.00	1122.00	1121.00	1119.00	1117.50	1116.50	1115.00	1112.50	1111.00	1109.00	1107.00	1105.50	1103.50	1102.50	1101.50	1100.00	1099.50	1099.00	1099.00	1099.00	1099.50	1101.00	1102.00	1103.00	1104.00	1105.50	1106.00	1106.00	1107.00	1107.00	1107.00	1106.00	1105.50	1105.00	1104.00	1103.50	1103.00	1102.00	1102.00	1101.00	1100.00	1100.00	1100.00	1100.00	1100.00	1100.00	1100.00	1100.00	1100.00	1100.00	1100.00	1100.00	1100.00	1100.00	1100.00	1100.00	1100.00	1099.00	1098.50	1098.00	1097.50	1097.00	1097.00	1097.00	1097.00	1097.00	1097.00	1097.00	1098.00	1098.00	1099.00	1100.00	1101.50	1102.50	1103.50	1105.50	1106.50	1107.00	1107.00	1107.00	1107.00	1106.50	1106.00	1106.00	1106.00	1105.00	1105.00	1105.00	1105.50	1106.00	1106.50	1107.50	1108.00	1109.00	1109.00	1111.00	1112.50	1114.50	1115.50	1116.50	1118.00	1120.50	1121.00	1121.00	1122.00	1122.50	1123.00	1123.50	1124.00	1124.00	1125.00	1125.50	1126.00	1126.00	1126.50	1127.00	1127.00	1127.50	1128.00	1128.00	1128.00	1128.00	1128.00	1128.00	1128.00	1128.00	1128.00	1128.00	1128.50	1129.00	1129.00	1129.00	1130.00	1130.00	1131.00	1132.50	1133.00	1133.50	1135.50	1136.50	1137.00	1138.00	1140.50	1141.50	1143.50	1144.50	1145.00	1146.00	1147.00	1149.00	1149.00	1150.50	1151.00	1151.50	1152.50	1153.50	1154.00	1155.00	1155.50	1156.00	1156.50	1157.00	1157.00	1158.00	1158.00	1158.00	1159.00	1159.00	1159.00	1159.00	1159.50	1160.00	1160.00	1160.50	1161.00	1162.00	1163.00	1163.50	1165.00	1166.00	1166.50	1167.00
1162.50	1161.00	1160.50	1159.00	1159.00	1158.00	1157.50	1156.50	1156.00	1156.00	1156.00	1155.00	1155.00	1155.00	1155.00	1155.00	1155.00	1154.00	1154.00	1153.00	1152.00	1151.50	1150.50	1149.00	1147.50	1146.50	1145.00	1144.00	1142.50	1141.00	1140.00	1139.50	1138.50	1138.00	1138.00	1137.00	1137.00	1135.50	1134.50	1132.50	1131.50	1130.50	1129.00	1126.50	1125.50	1123.00	1121.00	1119.50	1119.00	1118.00	1117.00	1116.00	1116.00	1116.00	1116.00	1117.00	1117.50	1118.00	1119.00	1119.50	1120.00	1121.00	1121.50	1122.00	1123.00	1123.50	1124.00	1125.00	1125.00	1125.00	1125.00	1124.50	1124.00	1123.00	1123.00	1122.00	1121.00	1119.00	1117.50	1116.50	1115.00	1112.50	1111.00	1109.00	1107.00	1105.50	1103.50	1102.50	1101.50	1100.00	1099.50	1099.00	1099.00	1099.00	1099.50	1101.00	1102.00	1103.00	1104.00	1105.50	1106.00	1106.00	1107.00	1107.00	1107.00	1106.00	1105.50	1105.00	1104.00	1103.50	1103.00	1102.00	1102.00	1101.00	1100.00	1100.00	1100.00	1100.00	1100.00	1100.00	1100.00	1100.00	1100.00	1100.00	1100.00	1100.00	1100.00	1100.00	1100.00	1100.00	1100.00	1099.00	1098.50	1098.00	1097.50	1097.00	1097.00	1097.00	1097.00	1097.00	1097.00	1097.00	1098.00	1098.00	1099.00	1100.00	1101.50	1102.50	1103.50	1105.50	1106.50	1107.00	1107.00	1107.00	1107.00	1106.50	1106.00	1106.00	1106.00	1105.00	1105.00	1105.00	1105.50	1106.00	1106.50	1107.50	1108.00	1109.00	1109.00	1111.00	1112.50	1114.50	1115.50	1116.50	1118.00	1120.50	1121.00	1121.00	1122.00	1122.50	1123.00	1123.50	1124.00	1124.00	1125.00	1125.50	1126.00	1126.00	1126.50	1127.00	1127.00	1127.50	1128.00	1128.00	1128.00	1128.00	1128.00	1128.00	1128.00	1128.00	1128.00	1128.00	1128.50	1129.00	1129.00	1129.00	1130.00	1130.00	1131.00	1132.50	1133.00	1133.50	1135.50	1136.50	1137.00	1138.00	1140.50	1141.50	1143.50	1144.50	1145.00	1146.00	1147.00	1149.00	1149.00	1150.50	1151.00	1151.50	1152.50	1153.50	1154.00	1155.00	1155.50	1156.00	1156.50	1157.00	1157.00	1158.00	1158.00	1158.00	1159.00	1159.00	1159.00	1159.00	1159.50	1160.00	1160.00	1160.50	1161.00	1162.00	1163.00	1163.50	1165.00	1166.00	1166.50	1167.00
1162.50	1161.00	1160.50	1159.00	1159.00	1158.00	1157.50	1156.50	1156.00	1156.00	1156.00	1155.00	1155.00	1155.00	1155.00	1155.00	1155.00	1154.00	1154.00	1153.00	1152.00	1151.50	1150.50	1149.00	1147.50	1146.50	1145.00	1144.00	1142.50	1141.00	1140.00	1139.50	1138.50	1138.00	1138.00	1137.00	1137.00	1135.50	1134.50	1132.50	1131.50	1130.50	1129.00	1126.50	1125.50	1123.00	1121.00	1119.50	1119.00	1118.00	1117.00	1116.00	1116.00	1116.00	1116.00	1117.00	1117.50	1118.00	1119.00	1119.50	1120.00	1121.00	1121.50	1122.00	1123.00	1123.50	1124.00	1125.00	1125.00	1125.00	1125.00	1124.50	1124.00	1123.00	1123.00	1122.00	1121.00	1119.00	1117.50	1116.50	1115.00	1112.50	1111.00	1109.00	1107.00	1105.50	1103.50	1102.50	1101.50	1100.00	1099.50	1099.00	1099.00	1099.00	1099.50	1101.00	1102.00	1103.00	1104.00	1105.50	1106.00	1106.00	1107.00	1107.00	1107.00	1106.00	1105.50	1105.00	1104.00	1103.50	1103.00	1102.00	1102.00	1101.00	1100.00	1100.00	1100.00	1100.00	1100.00	1100.00	1100.00	1100.00	1100.00	1100.00	1100.00	1100.00	1100.00	1100.00	1100.00	1100.00	1100.00	1099.00	1098.50	1098.00	1097.50	1097.00	1097.00	1097.00	1097.00	1097.00	1097.00	1097.00	1098.00	1098.00	1099.00	1100.00	1101.50	1102.50	1103.50	1105.50	1106.50	1107.00	1107.00	1107.00	1107.00	1106.50	1106.00	1106.00	1106.00	1105.00	1105.00	1105.00	1105.50	1106.00	1106.50	1107.50	1108.00	1109.00	1109.00	1111.00	1112.50	1114.50	1115.50	1116.50	1118.00	1120.50	1121.00	1121.00	1122.00	1122.50	1123.00	1123.50	1124.00	1124.00	1125.00	1125.50	1126.00	1126.00	1126.50	1127.00	1127.00	1127.50	1128.00	1128.00	1128.00	1128.00	1128.00	1128.00	1128.00	1128.00	1128.00	1128.00	1128.50	1129.00	1129.00	1129.00	1130.00	1130.00	1131.00	1132.50	1133.00	1133.50	1135.50	1136.50	1137.00	1138.00	1140.50	1141.50	1143.50	1144.50	1145.00	1146.00	1147.00	1149.00	1149.00	1150.50	1151.00	1151.50	1152.50	1153.50	1154.00	1155.00	1155.50	1156.00	1156.50	1157.00	1157.00	1158.00	1158.00	1158.00	1159.00	1159.00	1159.00	1159.00	1159.50	1160.00	1160.00	1160.50	1161.00	1162.00	1163.00	1163.50	1165.00	1166.00	1166.50	1167.00
1165.00	1164.00	1163.50	1162.00	1162.00	1161.00	1160.50	1159.50	1159.00	1158.50	1158.00	1158.00	1157.00	1157.00	1157.00	1157.00	1157.00	1157.00	1156.00	1155.00	1155.00	1154.00	1153.50	1151.50	1149.50	1148.50	1147.00	1146.00	1145.00	1144.00	1143.00	1142.50	1142.00	1141.00	1141.00	1141.00	1140.00	1140.00	1139.50	1138.50	1137.50	1136.50	1135.00	1133.50	1132.50	1131.00	1129.50	1128.50	1127.00	1127.00	1126.00	1126.00	1127.00	1127.00	1127.00	1127.50	1128.00	1128.00	1129.00	1129.00	1130.00	1130.00	1130.00	1130.50	1131.00	1131.00	1132.00	1132.00	1132.00	1131.50	1130.50	1129.50	1129.00	1128.00	1128.00	1127.00	1126.00	1124.50	1123.50	1122.50	1120.00	1118.00	1116.00	1114.00	1112.00	1110.00	1107.50	1106.50	1105.00	1103.00	1102.50	1102.00	1102.00	1101.50	1102.00	1102.00	1103.00	1103.50	1105.00	1106.50	1107.50	1108.00	1109.00	1109.50	1110.00	1109.00	1109.00	1108.50	1107.50	1107.00	1106.50	1106.00	1105.00	1104.00	1103.00	1103.50	1104.00	1104.00	1104.00	1104.00	1104.00	1104.00	1104.00	1104.00	1104.00	1104.50	1105.00	1105.00	1105.50	1105.00	1105.00	1105.00	1105.00	1104.50	1104.00	1104.00	1104.00	1103.50	1103.00	1103.00	1103.50	1104.00	1104.00	1104.00	1105.00	1106.00	1107.00	1107.50	1109.00	1111.50	1112.00	1113.00	1113.00	1114.00	1114.00	1113.50	1113.00	1113.00	1113.00	1114.00	1114.00	1114.00	1114.00	1114.00	1114.00	1115.00	1115.50	1116.00	1117.00	1118.50	1119.50	1121.00	1121.50	1122.50	1124.00	1125.00	1126.00	1126.00	1126.50	1127.00	1127.50	1128.00	1128.50	1129.00	1129.00	1130.50	1131.00	1131.00	1131.00	1131.00	1132.00	1132.00	1133.00	1133.00	1133.00	1133.00	1132.00	1132.50	1133.00	1133.00	1133.00	1133.00	1134.00	1134.00	1134.50	1136.00	1136.00	1138.00	1139.00	1139.50	1140.50	1141.50	1143.00	1143.50	1145.00	1146.00	1146.50	1147.50	1148.50	1149.00	1149.50	1150.00	1151.00	1152.00	1153.00	1153.50	1154.00	1154.50	1155.50	1156.00	1157.00	1157.00	1157.50	1158.00	1159.00	1159.00	1159.50	1160.00	1160.00	1160.00	1160.00	1160.00	1160.00	1161.00	1161.00	1161.50	1162.00	1162.50	1163.00	1164.00	1164.50	1165.50	1166.00	1167.00	1167.50	1168.00
1165.00	1164.00	1163.50	1162.00	1162.00	1161.00	1160.50	1159.50	1159.00	1158.50	1158.00	1158.00	1157.00	1157.00	1157.00	1157.00	1157.00	1157.00	1156.00	1155.00	1155.00	1154.00	1153.50	1151.50	1149.50	1148.50	1147.00	1146.00	1145.00	1144.00	1143.00	1142.50	1142.00	1141.00	1141.00	1141.00	1140.00	1140.00	1139.50	1138.50	1137.50	1136.50	1135.00	1133.50	1132.50	1131.00	1129.50	1128.50	1127.00	1127.00	1126.00	1126.00	1127.00	1127.00	1127.00	1127.50	1128.00	1128.00	1129.00	1129.00	1130.00	1130.00	1130.00	1130.50	1131.00	1131.00	1132.00	1132.00	1132.00	1131.50	1130.50	1129.50	1129.00	1128.00	1128.00	1127.00	1126.00	1124.50	1123.50	1122.50	1120.00	1118.00	1116.00	1114.00	1112.00	1110.00	1107.50	1106.50	1105.00	1103.00	1102.50	1102.00	1102.00	1101.50	1102.00	1102.00	1103.00	1103.50	1105.00	1106.50	1107.50	1108.00	1109.00	1109.50	1110.00	1109.00	1109.00	1108.50	1107.50	1107.00	1106.50	1106.00	1105.00	1104.00	1103.00	1103.50	1104.00	1104.00	1104.00	1104.00	1104.00	1104.00	1104.00	1104.00	1104.00	1104.50	1105.00	1105.00	1105.50	1105.00	1105.00	1105.00	1105.00	1104.50	1104.00	1104.00	1104.00	1103.50	1103.00	1103.00	1103.50	1104.00	1104.00	1104.00	1105.00	1106.00	1107.00	1107.50	1109.00	1111.50	1112.00	1113.00	1113.00	1114.00	1114.00	1113.50	1113.00	1113.00	1113.00	1114.00	1114.00	1114.00	1114.00	1114.00	1114.00	1115.00	1115.50	1116.00	1117.00	1118.50	1119.50	1121.00	1121.50	1122.50	1124.00	1125.00	1126.00	1126.00	1126.50	1127.00	1127.50	1128.00	1128.50	1129.00	1129.00	1130.50	1131.00	1131.00	1131.00	1131.00	1132.00	1132.00	1133.00	1133.00	1133.00	1133.00	1132.00	1132.50	1133.00	1133.00	1133.00	1133.00	1134.00	1134.00	1134.50	1136.00	1136.00	1138.00	1139.00	1139.50	1140.50	1141.50	1143.00	1143.50	1145.00	1146.00	1146.50	1147.50	1148.50	1149.00	1149.50	1150.00	1151.00	1152.00	1153.00	1153.50	1154.00	1154.50	1155.50	1156.00	1157.00	1157.00	1157.50	1158.00	1159.00	1159.00	1159.50	1160.00	1160.00	1160.00	1160.00	1160.00	1160.00	1161.00	1161.00	1161.50	1162.00	1162.50	1163.00	1164.00	1164.50	1165.50	1166.00	1167.00	1167.50	1168.00
1165.00	1164.00	1163.50	1162.00	1162.00	1161.00	1160.50	1159.50	1159.00	1158.50	1158.00	1158.00	1157.00	1157.00	1157.00	1157.00	1157.00	1157.00	1156.00	1155.00	1155.00	1154.00	1153.50	1151.50	1149.50	1148.50	1147.00	1146.00	1145.00	1144.00	1143.00	1142.50	1142.00	1141.00	1141.00	1141.00	1140.00	1140.00	1139.50	1138.50	1137.50	1136.50	1135.00	1133.50	1132.50	1131.00	1129.50	1128.50	1127.00	1127.00	1126.00	1126.00	1127.00	1127.00	1127.00	1127.50	1128.00	1128.00	1129.00	1129.00	1130.00	1130.00	1130.00	1130.50	1131.00	1131.00	1132.00	1132.00	1132.00	1131.50	1130.50	1129.50	1129.00	1128.00	1128.00	1127.00	1126.00	1124.50	1123.50	1122.50	1120.00	1118.00	1116.00	1114.00	1112.00	1110.00	1107.50	1106.50	1105.00	1103.00	1102.50	1102.00	1102.00	1101.50	1102.00	1102.00	1103.00	1103.50	1105.00	1106.50	1107.50	1108.00	1109.00	1109.50	1110.00	1109.00	1109.00	1108.50	1107.50	1107.00	1106.50	1106.00	1105.00	1104.00	1103.00	1103.50	1104.00	1104.00	1104.00	1104.00	1104.00	1104.00	1104.00	1104.00	1104.00	1104.50	1105.00	1105.00	1105.50	1105.00	1105.00	1105.00	1105.00	1104.50	1104.00	1104.00	1104.00	1103.50	1103.00	1103.00	1103.50	1104.00	1104.00	1104.00	1105.00	1106.00	1107.00	1107.50	1109.00	1111.50	1112.00	1113.00	1113.00	1114.00	1114.00	1113.50	1113.00	1113.00	1113.00	1114.00	1114.00	1114.00	1114.00	1114.00	1114.00	1115.00	1115.50	1116.00	1117.00	1118.50	1119.50	1121.00	1121.50	1122.50	1124.00	1125.00	1126.00	1126.00	1126.50	1127.00	1127.50	1128.00	1128.50	1129.00	1129.00	1130.50	1131.00	1131.00	1131.00	1131.00	1132.00	1132.00	1133.00	1133.00	1133.00	1133.00	1132.00	1132.50	1133.00	1133.00	1133.00	1133.00	1134.00	1134.00	1134.50	1136.00	1136.00	1138.00	1139.00	1139.50	1140.50	1141.50	1143.00	1143.50	1145.00	1146.00	1146.50	1147.50	1148.50	1149.00	1149.50	1150.00	1151.00	1152.00	1153.00	1153.50	1154.00	1154.50	1155.50	1156.00	1157.00	1157.00	1157.50	1158.00	1159.00	1159.00	1159.50	1160.00	1160.00	1160.00	1160.00	1160.00	1160.00	1161.00	1161.00	1161.50	1162.00	1162.50	1163.00	1164.00	1164.50	1165.50	1166.00	1167.00	1167.50	1168.00
1166.50	1165.50	1165.00	1164.00	1163.50	1162.75	1162.25	1161.25	1160.50	1160.00	1159.50	1159.50	1158.50	1158.50	1158.25	1158.00	1158.00	1157.50	1156.75	1155.50	1155.50	1154.25	1153.75	1152.25	1150.50	1149.50	1148.50	1147.50	1146.25	1145.00	1144.25	1143.50	1143.00	1142.50	1142.50	1142.00	1141.50	1141.50	1141.25	1140.75	1140.00	1139.25	1138.00	1137.00	1136.25	1135.00	1133.75	1133.00	1131.50	1131.50	1130.50	1130.00	1130.50	1130.50	1130.50	1130.75	1131.25	1131.50	1132.00	1132.25	1133.00	1133.00	1133.00	1133.25	1133.50	1133.50	1134.00	1134.00	1133.75	1133.25	1132.25	1131.25	1130.75	1130.00	1129.50	1128.75	1128.00	1126.50	1125.75	1125.00	1123.00	1121.25	1119.00	1117.50	1115.25	1113.50	1111.00	1110.00	1108.75	1107.00	1106.25	1105.75	1105.50	1105.25	1105.50	1105.50	1106.00	1106.50	1107.50	1108.75	1109.50	1110.25	1111.25	1111.75	1112.00	1111.50	1111.00	1110.50	1109.50	1109.00	1108.50	1108.00	1107.00	1106.00	1105.50	1105.75	1106.00	1106.00	1106.00	1106.00	1106.50	1106.50	1106.50	1106.50	1107.00	1107.25	1107.50	1108.00	1108.25	1108.00	1108.00	1108.00	1108.00	1107.75	1107.50	1107.50	1107.50	1107.25	1107.00	1107.00	1107.25	1107.50	1107.50	1107.50	1108.50	1109.00	1109.75	1110.50	1111.50	1113.25	1113.75	1115.00	1115.50	1116.50	1116.50	1116.75	1116.50	1116.50	1116.50	1117.00	1117.00	1116.50	1116.50	1116.25	1116.00	1117.00	1117.50	1118.00	1118.50	1119.75	1120.50	1121.75	1122.50	1123.25	1124.50	1125.75	1126.50	1127.00	1127.75	1128.25	1129.00	1129.50	1130.00	1130.50	1131.00	1131.75	1132.50	1132.50	1132.75	1133.00	1134.00	1134.00	1135.00	1135.00	1135.00	1135.00	1134.50	1134.75	1135.00	1135.00	1135.00	1135.00	1135.75	1136.00	1136.50	1138.00	1138.00	1140.00	1141.00	1141.50	1142.50	1143.50	1145.00	1145.50	1147.00	1148.00	1148.75	1149.50	1150.75	1151.00	1151.50	1152.00	1152.50	1153.50	1154.00	1154.50	1155.00	1155.50	1156.75	1157.00	1158.00	1158.00	1158.75	1159.00	1159.50	1159.75	1160.25	1160.50	1161.00	1161.00	1161.00	1161.00	1161.00	1161.50	1161.75	1162.25	1162.50	1163.25	1163.50	1164.50	1165.00	1166.00	1166.50	1167.50	1167.75	1168.50
1168.00	1167.00	1166.50	1166.00	1165.00	1164.50	1164.00	1163.00	1162.00	1161.50	1161.00	1161.00	1160.00	1160.00	1159.50	1159.00	1159.00	1158.00	1157.50	1156.00	1156.00	1154.50	1154.00	1153.00	1151.50	1150.50	1150.00	1149.00	1147.50	1146.00	1145.50	1144.50	1144.00	1144.00	1144.00	1143.00	1143.00	1143.00	1143.00	1143.00	1142.50	1142.00	1141.00	1140.50	1140.00	1139.00	1138.00	1137.50	1136.00	1136.00	1135.00	1134.00	1134.00	1134.00	1134.00	1134.00	1134.50	1135.00	1135.00	1135.50	1136.00	1136.00	1136.00	1136.00	1136.00	1136.00	1136.00	1136.00	1135.50	1135.00	1134.00	1133.00	1132.50	1132.00	1131.00	1130.50	1130.00	1128.50	1128.00	1127.50	1126.00	1124.50	1122.00	1121.00	1118.50	1117.00	1114.50	1113.50	1112.50	1111.00	1110.00	1109.50	1109.00	1109.00	1109.00	1109.00	1109.00	1109.50	1110.00	1111.00	1111.50	1112.50	1113.50	1114.00	1114.00	1114.00	1113.00	1112.50	1111.50	1111.00	1110.50	1110.00	1109.00	1108.00	1108.00	1108.00	1108.00	1108.00	1108.00	1108.00	1109.00	1109.00	1109.00	1109.00	1110.00	1110.00	1110.00	1111.00	1111.00	1111.00	1111.00	1111.00	1111.00	1111.00	1111.00	1111.00	1111.00	1111.00	1111.00	1111.00	1111.00	1111.00	1111.00	1111.00	1112.00	1112.00	1112.50	1113.50	1114.00	1115.00	1115.50	1117.00	1118.00	1119.00	1119.00	1120.00	1120.00	1120.00	1120.00	1120.00	1120.00	1119.00	1119.00	1118.50	1118.00	1119.00	1119.50	1120.00	1120.00	1121.00	1121.50	1122.50	1123.50	1124.00	1125.00	1126.50	1127.00	1128.00	1129.00	1129.50	1130.50	1131.00	1131.50	1132.00	1133.00	1133.00	1134.00	1134.00	1134.50	1135.00	1136.00	1136.00	1137.00	1137.00	1137.00	1137.00	1137.00	1137.00	1137.00	1137.00	1137.00	1137.00	1137.50	1138.00	1138.50	1140.00	1140.00	1142.00	1143.00	1143.50	1144.50	1145.50	1147.00	1147.50	1149.00	1150.00	1151.00	1151.50	1153.00	1153.00	1153.50	1154.00	1154.00	1155.00	1155.00	1155.50	1156.00	1156.50	1158.00	1158.00	1159.00	1159.00	1160.00	1160.00	1160.00	1160.50	1161.00	1161.00	1162.00	1162.00	1162.00	1162.00	1162.00	1162.00	1162.50	1163.00	1163.00	1164.00	1164.00	1165.00	1165.50	1166.50	1167.00	1168.00	1168.00	1169.00
1168.00	1167.00	1166.50	1166.00	1165.00	1164.50	1164.00	1163.00	1162.00	1161.50	1161.00	1161.00	1160.00	1160.00	1159.50	1159.00	1159.00	1158.00	1157.50	1156.00	1156.00	1154.50	1154.00	1153.00	1151.50	1150.50	1150.00	1149.00	1147.50	1146.00	1145.50	1144.50	1144.00	1144.00	1144.00	1143.00	1143.00	1143.00	1143.00	1143.00	1142.50	1142.00	1141.00	1140.50	1140.00	1139.00	1138.00	1137.50	1136.00	1136.00	1135.00	1134.00	1134.00	1134.00	1134.00	1134.00	1134.50	1135.00	1135.00	1135.50	1136.00	1136.00	1136.00	1136.00	1136.00	1136.00	1136.00	1136.00	1135.50	1135.00	1134.00	1133.00	1132.50	1132.00	1131.00	1130.50	1130.00	1128.50	1128.00	1127.50	1126.00	1124.50	1122.00	1121.00	1118.50	1117.00	1114.50	1113.50	1112.50	1111.00	1110.00	1109.50	1109.00	1109.00	1109.00	1109.00	1109.00	1109.50	1110.00	1111.00	1111.50	1112.50	1113.50	1114.00	1114.00	1114.00	1113.00	1112.50	1111.50	1111.00	1110.50	1110.00	1109.00	1108.00	1108.00	1108.00	1108.00	1108.00	1108.00	1108.00	1109.00	1109.00	1109.00	1109.00	1110.00	1110.00	1110.00	1111.00	1111.00	1111.00	1111.00	1111.00	1111.00	1111.00	1111.00	1111.00	1111.00	1111.00	1111.00	1111.00	1111.00	1111.00	1111.00	1111.00	1112.00	1112.00	1112.50	1113.50	1114.00	1115.00	1115.50	1117.00	1118.00	1119.00	1119.00	1120.00	1120.00	1120.00	1120.00	1120.00	1120.00	1119.00	1119.00	1118.50	1118.00	1119.00	1119.50	1120.00	1120.00	1121.00	1121.50	1122.50	1123.50	1124.00	1125.00	1126.50	1127.00	1128.00	1129.00	1129.50	1130.50	1131.00	1131.50	1132.00	1133.00	1133.00	1134.00	1134.00	1134.50	1135.00	1136.00	1136.00	1137.00	1137.00	1137.00	1137.00	1137.00	1137.00	1137.00	1137.00	1137.00	1137.00	1137.50	1138.00	1138.50	1140.00	1140.00	1142.00	1143.00	1143.50	1144.50	1145.50	1147.00	1147.50	1149.00	1150.00	1151.00	1151.50	1153.00	1153.00	1153.50	1154.00	1154.00	1155.00	1155.00	1155.50	1156.00	1156.50	1158.00	1158.00	1159.00	1159.00	1160.00	1160.00	1160.00	1160.50	1161.00	1161.00	1162.00	1162.00	1162.00	1162.00	1162.00	1162.00	1162.50	1163.00	1163.00	1164.00	1164.00	1165.00	1165.50	1166.50	1167.00	1168.00	1168.00	1169.00
1168.00	1167.00	1166.50	1166.00	1165.00	1164.50	1164.00	1163.00	1162.00	1161.50	1161.00	1161.00	1160.00	1160.00	1159.50	1159.00	1159.00	1158.00	1157.50	1156.00	1156.00	1154.50	1154.00	1153.00	1151.50	1150.50	1150.00	1149.00	1147.50	1146.00	1145.50	1144.50	1144.00	1144.00	1144.00	1143.00	1143.00	1143.00	1143.00	1143.00	1142.50	1142.00	1141.00	1140.50	1140.00	1139.00	1138.00	1137.50	1136.00	1136.00	1135.00	1134.00	1134.00	1134.00	1134.00	1134.00	1134.50	1135.00	1135.00	1135.50	1136.00	1136.00	1136.00	1136.00	1136.00	1136.00	1136.00	1136.00	1135.50	1135.00	1134.00	1133.00	1132.50	1132.00	1131.00	1130.50	1130.00	1128.50	1128.00	1127.50	1126.00	1124.50	1122.00	1121.00	1118.50	1117.00	1114.50	1113.50	1112.50	1111.00	1110.00	1109.50	1109.00	1109.00	1109.00	1109.00	1109.00	1109.50	1110.00	1111.00	1111.50	1112.50	1113.50	1114.00	1114.00	1114.00	1113.00	1112.50	1111.50	1111.00	1110.50	1110.00	1109.00	1108.00	1108.00	1108.00	1108.00	1108.00	1108.00	1108.00	1109.00	1109.00	1109.00	1109.00	1110.00	1110.00	1110.00	1111.00	1111.00	1111.00	1111.00	1111.00	1111.00	1111.00	1111.00	1111.00	1111.00	1111.00	1111.00	1111.00	1111.00	1111.00	1111.00	1111.00	1112.00	1112.00	1112.50	1113.50	1114.00	1115.00	1115.50	1117.00	1118.00	1119.00	1119.00	1120.00	1120.00	1120.00	1120.00	1120.00	1120.00	1119.00	1119.00	1118.50	1118.00	1119.00	1119.50	1120.00	1120.00	1121.00	1121.50	1122.50	1123.50	1124.00	1125.00	1126.50	1127.00	1128.00	1129.00	1129.50	1130.50	1131.00	1131.50	1132.00	1133.00	1133.00	1134.00	1134.00	1134.50	1135.00	1136.00	1136.00	1137.00	1137.00	1137.00	1137.00	1137.00	1137.00	1137.00	1137.00	1137.00	1137.00	1137.50	1138.00	1138.50	1140.00	1140.00	1142.00	1143.00	1143.50	1144.50	1145.50	1147.00	1147.50	1149.00	1150.00	1151.00	1151.50	1153.00	1153.00	1153.50	1154.00	1154.00	1155.00	1155.00	1155.50	1156.00	1156.50	1158.00	1158.00	1159.00	1159.00	1160.00	1160.00	1160.00	1160.50	1161.00	1161.00	1162.00	1162.00	1162.00	1162.00	1162.00	1162.00	1162.50	1163.00	1163.00	1164.00	1164.00	1165.00	1165.50	1166.50	1167.00	1168.00	1168.00	1169.00
1171.00	1170.00	1170.00	1169.00	1168.00	1167.50	1166.50	1165.50	1165.00	1164.50	1163.00	1163.00	1162.00	1161.00	1160.50	1160.00	1159.50	1159.00	1158.00	1157.00	1156.00	1155.00	1154.50	1153.00	1151.50	1151.00	1150.00	1149.00	1148.50	1148.00	1146.50	1146.00	1146.00	1146.00	1146.00	1146.00	1146.00	1146.50	1147.00	1147.00	1147.00	1147.00	1146.00	1146.00	1145.50	1145.00	1144.00	1143.50	1143.00	1142.00	1140.00	1139.00	1138.00	1138.00	1138.00	1138.00	1138.00	1138.00	1138.00	1138.00	1138.00	1139.00	1139.00	1139.00	1139.00	1138.50	1138.00	1138.00	1137.00	1136.50	1135.50	1135.00	1134.50	1134.00	1134.00	1133.00	1133.00	1132.00	1132.00	1131.50	1131.00	1130.50	1129.00	1128.00	1127.50	1126.50	1124.50	1123.50	1122.50	1122.00	1121.00	1120.50	1120.00	1120.00	1120.00	1120.00	1120.00	1120.00	1120.00	1121.00	1121.00	1121.00	1121.00	1120.50	1120.00	1119.00	1118.50	1117.50	1115.50	1115.00	1114.50	1114.00	1113.00	1113.00	1113.00	1113.00	1113.00	1113.00	1113.00	1113.00	1114.00	1114.00	1114.00	1114.00	1114.50	1115.00	1115.00	1115.00	1116.00	1116.00	1117.00	1117.00	1117.00	1117.00	1117.00	1117.00	1118.00	1118.00	1118.00	1118.00	1118.00	1118.00	1118.00	1118.00	1118.00	1118.00	1118.00	1118.00	1118.50	1119.00	1119.00	1119.00	1119.00	1119.50	1120.00	1120.50	1121.00	1121.00	1121.00	1121.00	1121.00	1120.00	1120.00	1120.00	1120.00	1120.00	1120.00	1120.00	1120.00	1121.00	1121.00	1122.00	1122.50	1123.50	1124.00	1125.50	1127.00	1128.00	1129.50	1130.50	1132.00	1133.00	1133.50	1134.00	1135.00	1135.00	1135.00	1136.00	1136.00	1137.00	1137.00	1138.00	1139.00	1139.00	1139.00	1139.00	1139.00	1139.00	1139.00	1139.00	1139.50	1140.00	1140.00	1140.50	1141.00	1142.00	1142.00	1144.00	1144.00	1145.50	1146.50	1147.50	1148.50	1149.50	1151.00	1151.00	1152.50	1153.00	1154.00	1154.00	1154.50	1155.00	1155.00	1156.00	1156.00	1156.50	1157.00	1157.50	1158.50	1159.00	1160.00	1160.00	1161.00	1161.00	1161.50	1162.00	1162.00	1162.00	1163.00	1163.00	1163.00	1163.00	1163.00	1163.50	1164.00	1164.00	1164.00	1164.50	1165.00	1165.00	1166.00	1166.50	1167.00	1168.00	1168.00	1168.00
1171.00	1170.00	1170.00	1169.00	1168.00	1167.50	1166.50	1165.50	1165.00	1164.50	1163.00	1163.00	1162.00	1161.00	1160.50	1160.00	1159.50	1159.00	1158.00	1157.00	1156.00	1155.00	1154.50	1153.00	1151.50	1151.00	1150.00	1149.00	1148.50	1148.00	1146.50	1146.00	1146.00	1146.00	1146.00	1146.00	1146.00	1146.50	1147.00	1147.00	1147.00	1147.00	1146.00	1146.00	1145.50	1145.00	1144.00	1143.50	1143.00	1142.00	1140.00	1139.00	1138.00	1138.00	1138.00	1138.00	1138.00	1138.00	1138.00	1138.00	1138.00	1139.00	1139.00	1139.00	1139.00	1138.50	1138.00	1138.00	1137.00	1136.50	1135.50	1135.00	1134.50	1134.00	1134.00	1133.00	1133.00	1132.00	1132.00	1131.50	1131.00	1130.50	1129.00	1128.00	1127.50	1126.50	1124.50	1123.50	1122.50	1122.00	1121.00	1120.50	1120.00	1120.00	1120.00	1120.00	1120.00	1120.00	1120.00	1121.00	1121.00	1121.00	1121.00	1120.50	1120.00	1119.00	1118.50	1117.50	1115.50	1115.00	1114.50	1114.00	1113.00	1113.00	1113.00	1113.00	1113.00	1113.00	1113.00	1113.00	1114.00	1114.00	1114.00	1114.00	1114.50	1115.00	1115.00	1115.00	1116.00	1116.00	1117.00	1117.00	1117.00	1117.00	1117.00	1117.00	1118.00	1118.00	1118.00	1118.00	1118.00	1118.00	1118.00	1118.00	1118.00	1118.00	1118.00	1118.00	1118.50	1119.00	1119.00	1119.00	1119.00	1119.50	1120.00	1120.50	1121.00	1121.00	1121.00	1121.00	1121.00	1120.00	1120.00	1120.00	1120.00	1120.00	1120.00	1120.00	1120.00	1121.00	1121.00	1122.00	1122.50	1123.50	1124.00	1125.50	1127.00	1128.00	1129.50	1130.50	1132.00	1133.00	1133.50	1134.00	1135.00	1135.00	1135.00	1136.00	1136.00	1137.00	1137.00	1138.00	1139.00	1139.00	1139.00	1139.00	1139.00	1139.00	1139.00	1139.00	1139.50	1140.00	1140.00	1140.50	1141.00	1142.00	1142.00	1144.00	1144.00	1145.50	1146.50	1147.50	1148.50	1149.50	1151.00	1151.00	1152.50	1153.00	1154.00	1154.00	1154.50	1155.00	1155.00	1156.00	1156.00	1156.50	1157.00	1157.50	1158.50	1159.00	1160.00	1160.00	1161.00	1161.00	1161.50	1162.00	1162.00	1162.00	1163.00	1163.00	1163.00	1163.00	1163.00	1163.50	1164.00	1164.00	1164.00	1164.50	1165.00	1165.00	1166.00	1166.50	1167.00	1168.00	1168.00	1168.00
1171.00	1170.00	1170.00	1169.00	1168.00	1167.50	1166.50	1165.50	1165.00	1164.50	1163.00	1163.00	1162.00	1161.00	1160.50	1160.00	1159.50	1159.00	1158.00	1157.00	1156.00	1155.00	1154.50	1153.00	1151.50	1151.00	1150.00	1149.00	1148.50	1148.00	1146.50	1146.00	1146.00	1146.00	1146.00	1146.00	1146.00	1146.50	1147.00	1147.00	1147.00	1147.00	1146.00	1146.00	1145.50	1145.00	1144.00	1143.50	1143.00	1142.00	1140.00	1139.00	1138.00	1138.00	1138.00	1138.00	1138.00	1138.00	1138.00	1138.00	1138.00	1139.00	1139.00	1139.00	1139.00	1138.50	1138.00	1138.00	1137.00	1136.50	1135.50	1135.00	1134.50	1134.00	1134.00	1133.00	1133.00	1132.00	1132.00	1131.50	1131.00	1130.50	1129.00	1128.00	1127.50	1126.50	1124.50	1123.50	1122.50	1122.00	1121.00	1120.50	1120.00	1120.00	1120.00	1120.00	1120.00	1120.00	1120.00	1121.00	1121.00	1121.00	1121.00	1120.50	1120.00	1119.00	1118.50	1117.50	1115.50	1115.00	1114.50	1114.00	1113.00	1113.00	1113.00	1113.00	1113.00	1113.00	1113.00	1113.00	1114.00	1114.00	1114.00	1114.00	1114.50	1115.00	1115.00	1115.00	1116.00	1116.00	1117.00	1117.00	1117.00	1117.00	1117.00	1117.00	1118.00	1118.00	1118.00	1118.00	1118.00	1118.00	1118.00	1118.00	1118.00	1118.00	1118.00	1118.00	1118.50	1119.00	1119.00	1119.00	1119.00	1119.50	1120.00	1120.50	1121.00	1121.00	1121.00	1121.00	1121.00	1120.00	1120.00	1120.00	1120.00	1120.00	1120.00	1120.00	1120.00	1121.00	1121.00	1122.00	1122.50	1123.50	1124.00	1125.50	1127.00	1128.00	1129.50	1130.50	1132.00	1133.00	1133.50	1134.00	1135.00	1135.00	1135.00	1136.00	1136.00	1137.00	1137.00	1138.00	1139.00	1139.00	1139.00	1139.00	1139.00	1139.00	1139.00	1139.00	1139.50	1140.00	1140.00	1140.50	1141.00	1142.00	1142.00	1144.00	1144.00	1145.50	1146.50	1147.50	1148.50	1149.50	1151.00	1151.00	1152.50	1153.00	1154.00	1154.00	1154.50	1155.00	1155.00	1156.00	1156.00	1156.50	1157.00	1157.50	1158.50	1159.00	1160.00	1160.00	1161.00	1161.00	1161.50	1162.00	1162.00	1162.00	1163.00	1163.00	1163.00	1163.00	1163.00	1163.50	1164.00	1164.00	1164.00	1164.50	1165.00	1165.00	1166.00	1166.50	1167.00	1168.00	1168.00	1168.00
1172.00	1172.00	1171.50	1171.00	1170.00	1169.00	1168.50	1167.50	1166.50	1165.50	1165.00	1164.00	1163.00	1162.00	1160.50	1160.00	1159.50	1158.00	1157.00	1156.00	1155.00	1154.00	1153.50	1152.50	1151.50	1151.00	1150.00	1150.00	1149.00	1148.00	1147.50	1147.50	1148.00	1148.00	1148.00	1149.00	1149.00	1149.00	1149.00	1150.00	1150.00	1150.00	1150.00	1149.50	1149.00	1148.00	1147.50	1146.50	1146.00	1145.00	1143.00	1143.00	1141.50	1141.00	1140.50	1139.50	1139.00	1139.00	1139.00	1139.00	1139.00	1139.00	1139.00	1139.00	1139.00	1138.50	1138.00	1138.00	1137.50	1137.00	1137.00	1136.50	1136.00	1136.00	1136.00	1135.00	1135.00	1135.00	1135.00	1135.00	1135.00	1135.00	1135.00	1135.00	1135.00	1134.50	1133.50	1133.00	1132.50	1132.00	1132.00	1131.50	1131.00	1131.00	1131.00	1131.00	1131.00	1130.50	1130.00	1129.50	1128.50	1128.00	1127.00	1126.50	1125.00	1124.00	1122.50	1122.00	1120.50	1119.50	1119.00	1118.00	1118.00	1118.00	1118.00	1117.50	1117.00	1117.00	1117.00	1117.50	1118.00	1118.00	1118.00	1119.00	1119.00	1119.00	1119.00	1119.00	1120.00	1120.00	1120.00	1120.00	1120.50	1121.00	1121.50	1122.00	1122.00	1123.00	1123.00	1123.00	1123.00	1123.00	1122.00	1122.00	1122.00	1122.00	1122.00	1122.00	1122.00	1122.00	1122.00	1121.00	1121.00	1121.00	1121.00	1121.00	1121.00	1121.00	1121.00	1121.00	1121.00	1121.00	1120.00	1120.00	1120.00	1120.00	1120.00	1120.00	1120.00	1121.00	1121.00	1122.50	1123.50	1124.00	1125.00	1126.50	1128.00	1129.00	1130.50	1131.50	1133.00	1134.50	1135.00	1136.00	1136.00	1137.00	1137.00	1137.00	1137.00	1138.00	1138.00	1138.50	1139.00	1140.00	1140.00	1140.50	1141.00	1141.00	1141.00	1141.00	1141.00	1141.00	1141.50	1142.00	1142.00	1143.00	1143.00	1145.00	1146.00	1146.50	1147.50	1148.00	1149.50	1150.00	1151.00	1152.00	1152.50	1153.00	1153.50	1154.00	1154.00	1155.00	1155.00	1156.00	1156.00	1157.00	1157.50	1158.50	1159.00	1159.50	1160.00	1160.00	1161.00	1161.00	1162.00	1162.00	1162.00	1162.00	1163.00	1163.00	1163.00	1163.00	1163.00	1163.00	1163.00	1163.50	1164.00	1164.00	1164.50	1165.00	1165.00	1165.50	1166.00	1166.00	1166.00	1166.00
1172.00	1172.00	1171.50	1171.00	1170.00	1169.00	1168.50	1167.50	1166.50	1165.50	1165.00	1164.00	1163.00	1162.00	1160.50	1160.00	1159.50	1158.00	1157.00	1156.00	1155.00	1154.00	1153.50	1152.50	1151.50	1151.00	1150.00	1150.00	1149.00	1148.00	1147.50	1147.50	1148.00	1148.00	1148.00	1149.00	1149.00	1149.00	1149.00	1150.00	1150.00	1150.00	1150.00	1149.50	1149.00	1148.00	1147.50	1146.50	1146.00	1145.00	1143.00	1143.00	1141.50	1141.00	1140.50	1139.50	1139.00	1139.00	1139.00	1139.00	1139.00	1139.00	1139.00	1139.00	1139.00	1138.50	1138.00	1138.00	1137.50	1137.00	1137.00	1136.50	1136.00	1136.00	1136.00	1135.00	1135.00	1135.00	1135.00	1135.00	1135.00	1135.00	1135.00	1135.00	1135.00	1134.50	1133.50	1133.00	1132.50	1132.00	1132.00	1131.50	1131.00	1131.00	1131.00	1131.00	1131.00	1130.50	1130.00	1129.50	1128.50	1128.00	1127.00	1126.50	1125.00	1124.00	1122.50	1122.00	1120.50	1119.50	1119.00	1118.00	1118.00	1118.00	1118.00	1117.50	1117.00	1117.00	1117.00	1117.50	1118.00	1118.00	1118.00	1119.00	1119.00	1119.00	1119.00	1119.00	1120.00	1120.00	1120.00	1120.00	1120.50	1121.00	1121.50	1122.00	1122.00	1123.00	1123.00	1123.00	1123.00	1123.00	1122.00	1122.00	1122.00	1122.00	1122.00	1122.00	1122.00	1122.00	1122.00	1121.00	1121.00	1121.00	1121.00	1121.00	1121.00	1121.00	1121.00	1121.00	1121.00	1121.00	1120.00	1120.00	1120.00	1120.00	1120.00	1120.00	1120.00	1121.00	1121.00	1122.50	1123.50	1124.00	1125.00	1126.50	1128.00	1129.00	1130.50	1131.50	1133.00	1134.50	1135.00	1136.00	1136.00	1137.00	1137.00	1137.00	1137.00	1138.00	1138.00	1138.50	1139.00	1140.00	1140.00	1140.50	1141.00	1141.00	1141.00	1141.00	1141.00	1141.00	1141.50	1142.00	1142.00	1143.00	1143.00	1145.00	1146.00	1146.50	1147.50	1148.00	1149.50	1150.00	1151.00	1152.00	1152.50	1153.00	1153.50	1154.00	1154.00	1155.00	1155.00	1156.00	1156.00	1157.00	1157.50	1158.50	1159.00	1159.50	1160.00	1160.00	1161.00	1161.00	1162.00	1162.00	1162.00	1162.00	1163.00	1163.00	1163.00	1163.00	1163.00	1163.00	1163.00	1163.50	1164.00	1164.00	1164.50	1165.00	1165.00	1165.50	1166.00	1166.00	1166.00	1166.00
1172.00	1172.00	1171.50	1171.00	1170.00	1169.00	1168.50	1167.50	1166.50	1165.50	1165.00	1164.00	1163.00	1162.00	1160.50	1160.00	1159.50	1158.00	1157.00	1156.00	1155.00	1154.00	1153.50	1152.50	1151.50	1151.00	1150.00	1150.00	1149.00	1148.00	1147.50	1147.50	1148.00	1148.00	1148.00	1149.00	1149.00	1149.00	1149.00	1150.00	1150.00	1150.00	1150.00	1149.50	1149.00	1148.00	1147.50	1146.50	1146.00	1145.00	1143.00	1143.00	1141.50	1141.00	1140.50	1139.50	1139.00	1139.00	1139.00	1139.00	1139.00	1139.00	1139.00	1139.00	1139.00	1138.50	1138.00	1138.00	1137.50	1137.00	1137.00	1136.50	1136.00	1136.00	1136.00	1135.00	1135.00	1135.00	1135.00	1135.00	1135.00	1135.00	1135.00	1135.00	1135.00	1134.50	1133.50	1133.00	1132.50	1132.00	1132.00	1131.50	1131.00	1131.00	1131.00	1131.00	1131.00	1130.50	1130.00	1129.50	1128.50	1128.00	1127.00	1126.50	1125.00	1124.00	1122.50	1122.00	1120.50	1119.50	1119.00	1118.00	1118.00	1118.00	1118.00	1117.50	1117.00	1117.00	1117.00	1117.50	1118.00	1118.00	1118.00	1119.00	1119.00	1119.00	1119.00	1119.00	1120.00	1120.00	1120.00	1120.00	1120.50	1121.00	1121.50	1122.00	1122.00	1123.00	1123.00	1123.00	1123.00	1123.00	1122.00	1122.00	1122.00	1122.00	1122.00	1122.00	1122.00	1122.00	1122.00	1121.00	1121.00	1121.00	1121.00	1121.00	1121.00	1121.00	1121.00	1121.00	1121.00	1121.00	1120.00	1120.00	1120.00	1120.00	1120.00	1120.00	1120.00	1121.00	1121.00	1122.50	1123.50	1124.00	1125.00	1126.50	1128.00	1129.00	1130.50	1131.50	1133.00	1134.50	1135.00	1136.00	1136.00	1137.00	1137.00	1137.00	1137.00	1138.00	1138.00	1138.50	1139.00	1140.00	1140.00	1140.50	1141.00	1141.00	1141.00	1141.00	1141.00	1141.00	1141.50	1142.00	1142.00	1143.00	1143.00	1145.00	1146.00	1146.50	1147.50	1148.00	1149.50	1150.00	1151.00	1152.00	1152.50	1153.00	1153.50	1154.00	1154.00	1155.00	1155.00	1156.00	1156.00	1157.00	1157.50	1158.50	1159.00	1159.50	1160.00	1160.00	1161.00	1161.00	1162.00	1162.00	1162.00	1162.00	1163.00	1163.00	1163.00	1163.00	1163.00	1163.00	1163.00	1163.50	1164.00	1164.00	1164.50	1165.00	1165.00	1165.50	1166.00	1166.00	1166.00	1166.00
1172.50	1172.50	1171.75	1171.00	1170.50	1169.50	1169.00	1168.00	1167.00	1166.00	1165.50	1164.50	1163.50	1162.50	1161.00	1160.25	1159.50	1158.50	1157.25	1156.00	1155.00	1153.75	1153.25	1152.25	1151.25	1150.75	1150.00	1149.50	1149.00	1148.00	1147.75	1147.75	1148.25	1148.50	1148.50	1149.50	1149.50	1150.00	1150.00	1150.75	1151.00	1151.00	1151.00	1150.25	1150.00	1149.00	1148.50	1147.75	1147.00	1146.00	1144.50	1144.00	1142.50	1142.00	1141.50	1140.50	1140.00	1140.00	1139.50	1139.50	1139.50	1139.25	1139.00	1139.00	1139.00	1138.75	1138.50	1138.50	1137.75	1137.50	1137.50	1137.25	1137.00	1136.50	1137.00	1136.50	1136.50	1136.50	1136.50	1136.75	1137.00	1137.00	1137.50	1137.50	1138.00	1137.75	1136.75	1136.50	1136.25	1136.00	1136.00	1135.75	1135.50	1135.25	1135.00	1134.50	1134.50	1133.75	1133.50	1132.50	1131.50	1130.75	1129.25	1128.75	1127.50	1126.50	1125.00	1124.25	1123.00	1122.00	1121.50	1120.50	1120.50	1120.00	1120.00	1119.75	1119.50	1119.50	1119.50	1119.75	1120.00	1120.00	1120.25	1121.00	1121.00	1120.75	1120.50	1120.50	1121.50	1121.50	1121.50	1121.50	1122.00	1122.50	1122.75	1123.25	1123.50	1124.25	1124.50	1124.50	1124.50	1124.50	1124.00	1124.00	1124.00	1123.50	1123.50	1123.50	1123.25	1123.00	1122.75	1122.00	1122.00	1122.00	1122.00	1122.00	1122.00	1122.00	1122.00	1122.00	1122.00	1122.00	1121.25	1121.00	1121.00	1121.00	1121.00	1121.50	1121.50	1122.50	1122.75	1124.25	1125.00	1125.75	1127.00	1128.50	1130.00	1131.00	1132.00	1132.75	1133.75	1135.00	1135.50	1136.50	1137.00	1137.50	1137.50	1137.50	1137.50	1138.00	1138.50	1138.75	1139.50	1140.25	1140.50	1141.00	1141.50	1141.50	1141.50	1141.50	1141.50	1141.75	1142.25	1142.75	1143.00	1143.50	1144.00	1145.50	1146.00	1147.00	1147.75	1148.25	1149.50	1150.25	1151.00	1152.00	1152.75	1153.00	1153.50	1154.00	1154.00	1155.00	1155.00	1156.00	1156.00	1157.00	1157.50	1158.25	1159.00	1159.25	1160.00	1160.00	1160.75	1161.00	1161.75	1162.00	1162.00	1162.00	1162.50	1162.50	1162.50	1162.50	1162.50	1162.50	1162.50	1162.75	1163.00	1163.25	1163.75	1164.00	1164.00	1164.25	1164.50	1164.50	1164.50	1165.00
1173.00	1173.00	1172.00	1171.00	1171.00	1170.00	1169.50	1168.50	1167.50	1166.50	1166.00	1165.00	1164.00	1163.00	1161.50	1160.50	1159.50	1159.00	1157.50	1156.00	1155.00	1153.50	1153.00	1152.00	1151.00	1150.50	1150.00	1149.00	1149.00	1148.00	1148.00	1148.00	1148.50	1149.00	1149.00	1150.00	1150.00	1151.00	1151.00	1151.50	1152.00	1152.00	1152.00	1151.00	1151.00	1150.00	1149.50	1149.00	1148.00	1147.00	1146.00	1145.00	1143.50	1143.00	1142.50	1141.50	1141.00	1141.00	1140.00	1140.00	1140.00	1139.50	1139.00	1139.00	1139.00	1139.00	1139.00	1139.00	1138.00	1138.00	1138.00	1138.00	1138.00	1137.00	1138.00	1138.00	1138.00	1138.00	1138.00	1138.50	1139.00	1139.00	1140.00	1140.00	1141.00	1141.00	1140.00	1140.00	1140.00	1140.00	1140.00	1140.00	1140.00	1139.50	1139.00	1138.00	1138.00	1137.00	1137.00	1135.50	1134.50	1133.50	1131.50	1131.00	1130.00	1129.00	1127.50	1126.50	1125.50	1124.50	1124.00	1123.00	1123.00	1122.00	1122.00	1122.00	1122.00	1122.00	1122.00	1122.00	1122.00	1122.00	1122.50	1123.00	1123.00	1122.50	1122.00	1122.00	1123.00	1123.00	1123.00	1123.00	1123.50	1124.00	1124.00	1124.50	1125.00	1125.50	1126.00	1126.00	1126.00	1126.00	1126.00	1126.00	1126.00	1125.00	1125.00	1125.00	1124.50	1124.00	1123.50	1123.00	1123.00	1123.00	1123.00	1123.00	1123.00	1123.00	1123.00	1123.00	1123.00	1123.00	1122.50	1122.00	1122.00	1122.00	1122.00	1123.00	1123.00	1124.00	1124.50	1126.00	1126.50	1127.50	1129.00	1130.50	1132.00	1133.00	1133.50	1134.00	1134.50	1135.50	1136.00	1137.00	1138.00	1138.00	1138.00	1138.00	1138.00	1138.00	1139.00	1139.00	1140.00	1140.50	1141.00	1141.50	1142.00	1142.00	1142.00	1142.00	1142.00	1142.50	1143.00	1143.50	1144.00	1144.00	1145.00	1146.00	1146.00	1147.50	1148.00	1148.50	1149.50	1150.50	1151.00	1152.00	1153.00	1153.00	1153.50	1154.00	1154.00	1155.00	1155.00	1156.00	1156.00	1157.00	1157.50	1158.00	1159.00	1159.00	1160.00	1160.00	1160.50	1161.00	1161.50	1162.00	1162.00	1162.00	1162.00	1162.00	1162.00	1162.00	1162.00	1162.00	1162.00	1162.00	1162.00	1162.50	1163.00	1163.00	1163.00	1163.00	1163.00	1163.00	1163.00	1164.00
1173.00	1173.00	1172.00	1171.00	1171.00	1170.00	1169.50	1168.50	1167.50	1166.50	1166.00	1165.00	1164.00	1163.00	1161.50	1160.50	1159.50	1159.00	1157.50	1156.00	1155.00	1153.50	1153.00	1152.00	1151.00	1150.50	1150.00	1149.00	1149.00	1148.00	1148.00	1148.00	1148.50	1149.00	1149.00	1150.00	1150.00	1151.00	1151.00	1151.50	1152.00	1152.00	1152.00	1151.00	1151.00	1150.00	1149.50	1149.00	1148.00	1147.00	1146.00	1145.00	1143.50	1143.00	1142.50	1141.50	1141.00	1141.00	1140.00	1140.00	1140.00	1139.50	1139.00	1139.00	1139.00	1139.00	1139.00	1139.00	1138.00	1138.00	1138.00	1138.00	1138.00	1137.00	1138.00	1138.00	1138.00	1138.00	1138.00	1138.50	1139.00	1139.00	1140.00	1140.00	1141.00	1141.00	1140.00	1140.00	1140.00	1140.00	1140.00	1140.00	1140.00	1139.50	1139.00	1138.00	1138.00	1137.00	1137.00	1135.50	1134.50	1133.50	1131.50	1131.00	1130.00	1129.00	1127.50	1126.50	1125.50	1124.50	1124.00	1123.00	1123.00	1122.00	1122.00	1122.00	1122.00	1122.00	1122.00	1122.00	1122.00	1122.00	1122.50	1123.00	1123.00	1122.50	1122.00	1122.00	1123.00	1123.00	1123.00	1123.00	1123.50	1124.00	1124.00	1124.50	1125.00	1125.50	1126.00	1126.00	1126.00	1126.00	1126.00	1126.00	1126.00	1125.00	1125.00	1125.00	1124.50	1124.00	1123.50	1123.00	1123.00	1123.00	1123.00	1123.00	1123.00	1123.00	1123.00	1123.00	1123.00	1123.00	1122.50	1122.00	1122.00	1122.00	1122.00	1123.00	1123.00	1124.00	1124.50	1126.00	1126.50	1127.50	1129.00	1130.50	1132.00	1133.00	1133.50	1134.00	1134.50	1135.50	1136.00	1137.00	1138.00	1138.00	1138.00	1138.00	1138.00	1138.00	1139.00	1139.00	1140.00	1140.50	1141.00	1141.50	1142.00	1142.00	1142.00	1142.00	1142.00	1142.50	1143.00	1143.50	1144.00	1144.00	1145.00	1146.00	1146.00	1147.50	1148.00	1148.50	1149.50	1150.50	1151.00	1152.00	1153.00	1153.00	1153.50	1154.00	1154.00	1155.00	1155.00	1156.00	1156.00	1157.00	1157.50	1158.00	1159.00	1159.00	1160.00	1160.00	1160.50	1161.00	1161.50	1162.00	1162.00	1162.00	1162.00	1162.00	1162.00	1162.00	1162.00	1162.00	1162.00	1162.00	1162.00	1162.50	1163.00	1163.00	1163.00	1163.00	1163.00	1163.00	1163.00	1164.00
1173.00	1173.00	1172.00	1171.00	1171.00	1169.75	1169.25	1168.25	1167.25	1166.50	1165.50	1165.00	1163.75	1163.00	1161.50	1160.75	1160.00	1159.00	1157.50	1156.00	1155.00	1153.50	1152.75	1151.50	1150.50	1150.00	1149.50	1148.50	1148.50	1148.00	1147.75	1148.00	1148.25	1149.00	1149.00	1150.00	1150.00	1151.00	1151.00	1151.75	1152.00	1152.00	1152.00	1151.50	1151.50	1150.50	1150.00	1149.50	1148.50	1148.00	1146.50	1146.00	1144.50	1144.00	1143.50	1142.50	1142.00	1142.00	1141.00	1141.00	1141.00	1140.25	1140.00	1140.00	1140.00	1140.00	1140.00	1140.00	1139.50	1139.50	1139.50	1139.50	1139.50	1139.00	1140.00	1140.00	1140.00	1140.25	1140.50	1140.75	1141.00	1141.50	1142.00	1142.50	1143.00	1143.00	1142.50	1142.50	1142.50	1142.50	1142.50	1142.50	1142.00	1141.75	1141.25	1140.50	1140.00	1139.25	1139.00	1137.50	1136.50	1135.50	1133.75	1133.25	1132.00	1131.00	1130.00	1129.00	1127.75	1127.00	1126.25	1125.50	1125.00	1124.50	1124.50	1124.50	1124.50	1124.50	1124.50	1124.50	1124.50	1124.50	1124.50	1124.50	1124.50	1124.25	1124.00	1124.00	1124.50	1124.50	1124.50	1124.50	1124.75	1125.00	1125.25	1125.75	1126.50	1126.75	1127.00	1127.00	1127.50	1127.50	1127.50	1127.00	1127.00	1126.50	1126.25	1126.00	1125.75	1125.50	1125.25	1125.00	1124.50	1124.50	1124.50	1124.50	1124.75	1125.00	1125.00	1125.00	1125.00	1125.50	1125.25	1125.00	1125.00	1125.00	1125.25	1126.00	1126.00	1127.00	1127.50	1129.00	1129.50	1130.50	1132.00	1133.00	1134.00	1135.00	1135.50	1136.25	1137.00	1137.75	1138.00	1138.50	1139.00	1139.00	1139.00	1138.75	1138.50	1139.00	1139.50	1139.50	1140.50	1141.00	1141.50	1142.00	1142.50	1142.75	1143.00	1143.00	1143.00	1143.25	1144.00	1144.50	1145.00	1145.00	1146.00	1147.00	1147.50	1148.50	1149.00	1149.25	1150.25	1151.00	1151.50	1152.00	1153.00	1153.25	1153.75	1154.25	1154.50	1155.50	1155.50	1156.50	1156.50	1157.25	1157.75	1158.00	1159.00	1159.25	1160.00	1160.00	1160.25	1160.75	1161.25	1161.50	1161.50	1161.50	1161.00	1161.00	1161.00	1161.00	1161.00	1161.00	1161.00	1161.00	1161.00	1161.25	1161.50	1161.50	1161.50	1161.75	1161.50	1161.50	1161.50	1162.00
1173.00	1173.00	1172.00	1171.00	1171.00	1169.50	1169.00	1168.00	1167.00	1166.50	1165.00	1165.00	1163.50	1163.00	1161.50	1161.00	1160.50	1159.00	1157.50	1156.00	1155.00	1153.50	1152.50	1151.00	1150.00	1149.50	1149.00	1148.00	1148.00	1148.00	1147.50	1148.00	1148.00	1149.00	1149.00	1150.00	1150.00	1151.00	1151.00	1152.00	1152.00	1152.00	1152.00	1152.00	1152.00	1151.00	1150.50	1150.00	1149.00	1149.00	1147.00	1147.00	1145.50	1145.00	1144.50	1143.50	1143.00	1143.00	1142.00	1142.00	1142.00	1141.00	1141.00	1141.00	1141.00	1141.00	1141.00	1141.00	1141.00	1141.00	1141.00	1141.00	1141.00	1141.00	1142.00	1142.00	1142.00	1142.50	1143.00	1143.00	1143.00	1144.00	1144.00	1145.00	1145.00	1145.00	1145.00	1145.00	1145.00	1145.00	1145.00	1145.00	1144.00	1144.00	1143.50	1143.00	1142.00	1141.50	1141.00	1139.50	1138.50	1137.50	1136.00	1135.50	1134.00	1133.00	1132.50	1131.50	1130.00	1129.50	1128.50	1128.00	1127.00	1127.00	1127.00	1127.00	1127.00	1127.00	1127.00	1127.00	1127.00	1127.00	1126.50	1126.00	1126.00	1126.00	1126.00	1126.00	1126.00	1126.00	1126.00	1126.00	1126.00	1126.00	1126.50	1127.00	1128.00	1128.00	1128.00	1128.00	1129.00	1129.00	1129.00	1128.00	1128.00	1128.00	1127.50	1127.00	1127.00	1127.00	1127.00	1127.00	1126.00	1126.00	1126.00	1126.00	1126.50	1127.00	1127.00	1127.00	1127.00	1128.00	1128.00	1128.00	1128.00	1128.00	1128.50	1129.00	1129.00	1130.00	1130.50	1132.00	1132.50	1133.50	1135.00	1135.50	1136.00	1137.00	1137.50	1138.50	1139.50	1140.00	1140.00	1140.00	1140.00	1140.00	1140.00	1139.50	1139.00	1140.00	1140.00	1140.00	1141.00	1141.50	1142.00	1142.50	1143.00	1143.50	1144.00	1144.00	1144.00	1144.00	1145.00	1145.50	1146.00	1146.00	1147.00	1148.00	1149.00	1149.50	1150.00	1150.00	1151.00	1151.50	1152.00	1152.00	1153.00	1153.50	1154.00	1154.50	1155.00	1156.00	1156.00	1157.00	1157.00	1157.50	1158.00	1158.00	1159.00	1159.50	1160.00	1160.00	1160.00	1160.50	1161.00	1161.00	1161.00	1161.00	1160.00	1160.00	1160.00	1160.00	1160.00	1160.00	1160.00	1160.00	1160.00	1160.00	1160.00	1160.00	1160.00	1160.50	1160.00	1160.00	1160.00	1160.00
1173.00	1173.00	1172.00	1171.00	1171.00	1169.50	1169.00	1168.00	1167.00	1166.50	1165.00	1165.00	1163.50	1163.00	1161.50	1161.00	1160.50	1159.00	1157.50	1156.00	1155.00	1153.50	1152.50	1151.00	1150.00	1149.50	1149.00	1148.00	1148.00	1148.00	1147.50	1148.00	1148.00	1149.00	1149.00	1150.00	1150.00	1151.00	1151.00	1152.00	1152.00	1152.00	1152.00	1152.00	1152.00	1151.00	1150.50	1150.00	1149.00	1149.00	1147.00	1147.00	1145.50	1145.00	1144.50	1143.50	1143.00	1143.00	1142.00	1142.00	1142.00	1141.00	1141.00	1141.00	1141.00	1141.00	1141.00	1141.00	1141.00	1141.00	1141.00	1141.00	1141.00	1141.00	1142.00	1142.00	1142.00	1142.50	1143.00	1143.00	1143.00	1144.00	1144.00	1145.00	1145.00	1145.00	1145.00	1145.00	1145.00	1145.00	1145.00	1145.00	1144.00	1144.00	1143.50	1143.00	1142.00	1141.50	1141.00	1139.50	1138.50	1137.50	1136.00	1135.50	1134.00	1133.00	1132.50	1131.50	1130.00	1129.50	1128.50	1128.00	1127.00	1127.00	1127.00	1127.00	1127.00	1127.00	1127.00	1127.00	1127.00	1127.00	1126.50	1126.00	1126.00	1126.00	1126.00	1126.00	1126.00	1126.00	1126.00	1126.00	1126.00	1126.00	1126.50	1127.00	1128.00	1128.00	1128.00	1128.00	1129.00	1129.00	1129.00	1128.00	1128.00	1128.00	1127.50	1127.00	1127.00	1127.00	1127.00	1127.00	1126.00	1126.00	1126.00	1126.00	1126.50	1127.00	1127.00	1127.00	1127.00	1128.00	1128.00	1128.00	1128.00	1128.00	1128.50	1129.00	1129.00	1130.00	1130.50	1132.00	1132.50	1133.50	1135.00	1135.50	1136.00	1137.00	1137.50	1138.50	1139.50	1140.00	1140.00	1140.00	1140.00	1140.00	1140.00	1139.50	1139.00	1140.00	1140.00	1140.00	1141.00	1141.50	1142.00	1142.50	1143.00	1143.50	1144.00	1144.00	1144.00	1144.00	1145.00	1145.50	1146.00	1146.00	1147.00	1148.00	1149.00	1149.50	1150.00	1150.00	1151.00	1151.50	1152.00	1152.00	1153.00	1153.50	1154.00	1154.50	1155.00	1156.00	1156.00	1157.00	1157.00	1157.50	1158.00	1158.00	1159.00	1159.50	1160.00	1160.00	1160.00	1160.50	1161.00	1161.00	1161.00	1161.00	1160.00	1160.00	1160.00	1160.00	1160.00	1160.00	1160.00	1160.00	1160.00	1160.00	1160.00	1160.00	1160.00	1160.50	1160.00	1160.00	1160.00	1160.00
1173.00	1173.00	1172.00	1171.00	1171.00	1169.75	1169.25	1168.25	1167.50	1167.00	1166.00	1165.50	1164.25	1163.50	1162.00	1161.25	1160.50	1159.00	1157.50	1156.00	1154.50	1153.00	1152.00	1150.75	1149.75	1149.25	1148.50	1148.00	1147.50	1147.00	1146.75	1147.00	1147.25	1148.00	1148.25	1149.00	1149.50	1150.25	1150.50	1151.50	1151.50	1151.50	1151.50	1151.50	1151.50	1151.00	1150.75	1150.25	1149.50	1149.50	1148.00	1148.00	1146.75	1146.25	1145.75	1144.75	1144.50	1144.50	1143.50	1143.50	1143.50	1143.00	1143.00	1143.00	1143.00	1143.00	1143.00	1143.00	1143.25	1143.50	1143.50	1143.50	1143.50	1144.00	1144.50	1144.75	1145.00	1145.25	1145.75	1146.00	1146.00	1146.50	1146.50	1147.00	1147.00	1147.00	1147.00	1147.00	1147.00	1147.00	1146.75	1146.50	1145.50	1145.50	1145.00	1144.50	1143.50	1143.25	1142.50	1141.25	1140.50	1139.50	1138.25	1137.50	1136.00	1135.50	1134.50	1133.75	1132.25	1131.75	1131.00	1130.00	1129.50	1129.50	1129.00	1129.00	1129.00	1129.00	1129.00	1129.00	1128.50	1128.50	1128.25	1128.00	1128.00	1128.00	1128.00	1127.50	1127.50	1127.50	1127.50	1127.50	1127.50	1128.00	1128.25	1128.50	1129.50	1129.50	1129.50	1129.50	1130.00	1130.00	1130.00	1129.50	1129.50	1129.50	1129.25	1129.00	1129.00	1128.50	1128.50	1128.50	1128.00	1128.00	1128.00	1128.25	1128.75	1129.00	1129.00	1129.50	1129.50	1130.50	1130.75	1131.00	1131.00	1131.50	1131.75	1132.50	1132.50	1133.50	1133.75	1135.00	1135.25	1136.00	1137.00	1137.75	1138.50	1139.00	1139.75	1140.25	1141.00	1141.50	1141.50	1141.50	1141.50	1141.50	1141.50	1141.00	1140.50	1141.00	1141.00	1141.25	1142.00	1142.50	1143.00	1143.25	1144.00	1144.25	1145.00	1145.00	1145.00	1145.00	1146.00	1146.50	1147.00	1147.00	1148.00	1149.00	1150.00	1150.50	1151.00	1151.00	1152.00	1152.25	1153.00	1153.00	1154.00	1154.25	1155.00	1155.25	1155.75	1156.50	1156.50	1157.50	1157.50	1158.00	1158.50	1158.50	1159.25	1159.75	1160.00	1160.00	1160.00	1160.25	1160.50	1160.25	1160.00	1160.00	1159.25	1159.00	1159.00	1159.00	1159.00	1158.50	1158.50	1158.50	1158.50	1158.50	1158.50	1158.50	1158.50	1158.75	1158.50	1158.00	1158.00	1158.00
1173.00	1173.00	1172.00	1171.00	1171.00	1170.00	1169.50	1168.50	1168.00	1167.50	1167.00	1166.00	1165.00	1164.00	1162.50	1161.50	1160.50	1159.00	1157.50	1156.00	1154.00	1152.50	1151.50	1150.50	1149.50	1149.00	1148.00	1148.00	1147.00	1146.00	1146.00	1146.00	1146.50	1147.00	1147.50	1148.00	1149.00	1149.50	1150.00	1151.00	1151.00	1151.00	1151.00	1151.00	1151.00	1151.00	1151.00	1150.50	1150.00	1150.00	1149.00	1149.00	1148.00	1147.50	1147.00	1146.00	1146.00	1146.00	1145.00	1145.00	1145.00	1145.00	1145.00	1145.00	1145.00	1145.00	1145.00	1145.00	1145.50	1146.00	1146.00	1146.00	1146.00	1147.00	1147.00	1147.50	1148.00	1148.00	1148.50	1149.00	1149.00	1149.00	1149.00	1149.00	1149.00	1149.00	1149.00	1149.00	1149.00	1149.00	1148.50	1148.00	1147.00	1147.00	1146.50	1146.00	1145.00	1145.00	1144.00	1143.00	1142.50	1141.50	1140.50	1139.50	1138.00	1138.00	1136.50	1136.00	1134.50	1134.00	1133.50	1132.00	1132.00	1132.00	1131.00	1131.00	1131.00	1131.00	1131.00	1131.00	1130.00	1130.00	1130.00	1130.00	1130.00	1130.00	1130.00	1129.00	1129.00	1129.00	1129.00	1129.00	1129.00	1130.00	1130.00	1130.00	1131.00	1131.00	1131.00	1131.00	1131.00	1131.00	1131.00	1131.00	1131.00	1131.00	1131.00	1131.00	1131.00	1130.00	1130.00	1130.00	1130.00	1130.00	1130.00	1130.50	1131.00	1131.00	1131.00	1132.00	1132.00	1133.00	1133.50	1134.00	1134.00	1135.00	1135.00	1136.00	1136.00	1137.00	1137.00	1138.00	1138.00	1138.50	1139.00	1140.00	1141.00	1141.00	1142.00	1142.00	1142.50	1143.00	1143.00	1143.00	1143.00	1143.00	1143.00	1142.50	1142.00	1142.00	1142.00	1142.50	1143.00	1143.50	1144.00	1144.00	1145.00	1145.00	1146.00	1146.00	1146.00	1146.00	1147.00	1147.50	1148.00	1148.00	1149.00	1150.00	1151.00	1151.50	1152.00	1152.00	1153.00	1153.00	1154.00	1154.00	1155.00	1155.00	1156.00	1156.00	1156.50	1157.00	1157.00	1158.00	1158.00	1158.50	1159.00	1159.00	1159.50	1160.00	1160.00	1160.00	1160.00	1160.00	1160.00	1159.50	1159.00	1159.00	1158.50	1158.00	1158.00	1158.00	1158.00	1157.00	1157.00	1157.00	1157.00	1157.00	1157.00	1157.00	1157.00	1157.00	1157.00	1156.00	1156.00	1156.00
1173.00	1173.00	1172.00	1171.00	1171.00	1170.00	1169.50	1168.50	1168.00	1167.50	1167.00	1166.00	1165.00	1164.00	1162.50	1161.50	1160.50	1159.00	1157.50	1156.00	1154.00	1152.50	1151.50	1150.50	1149.50	1149.00	1148.00	1148.00	1147.00	1146.00	1146.00	1146.00	1146.50	1147.00	1147.50	1148.00	1149.00	1149.50	1150.00	1151.00	1151.00	1151.00	1151.00	1151.00	1151.00	1151.00	1151.00	1150.50	1150.00	1150.00	1149.00	1149.00	1148.00	1147.50	1147.00	1146.00	1146.00	1146.00	1145.00	1145.00	1145.00	1145.00	1145.00	1145.00	1145.00	1145.00	1145.00	1145.00	1145.50	1146.00	1146.00	1146.00	1146.00	1147.00	1147.00	1147.50	1148.00	1148.00	1148.50	1149.00	1149.00	1149.00	1149.00	1149.00	1149.00	1149.00	1149.00	1149.00	1149.00	1149.00	1148.50	1148.00	1147.00	1147.00	1146.50	1146.00	1145.00	1145.00	1144.00	1143.00	1142.50	1141.50	1140.50	1139.50	1138.00	1138.00	1136.50	1136.00	1134.50	1134.00	1133.50	1132.00	1132.00	1132.00	1131.00	1131.00	1131.00	1131.00	1131.00	1131.00	1130.00	1130.00	1130.00	1130.00	1130.00	1130.00	1130.00	1129.00	1129.00	1129.00	1129.00	1129.00	1129.00	1130.00	1130.00	1130.00	1131.00	1131.00	1131.00	1131.00	1131.00	1131.00	1131.00	1131.00	1131.00	1131.00	1131.00	1131.00	1131.00	1130.00	1130.00	1130.00	1130.00	1130.00	1130.00	1130.50	1131.00	1131.00	1131.00	1132.00	1132.00	1133.00	1133.50	1134.00	1134.00	1135.00	1135.00	1136.00	1136.00	1137.00	1137.00	1138.00	1138.00	1138.50	1139.00	1140.00	1141.00	1141.00	1142.00	1142.00	1142.50	1143.00	1143.00	1143.00	1143.00	1143.00	1143.00	1142.50	1142.00	1142.00	1142.00	1142.50	1143.00	1143.50	1144.00	1144.00	1145.00	1145.00	1146.00	1146.00	1146.00	1146.00	1147.00	1147.50	1148.00	1148.00	1149.00	1150.00	1151.00	1151.50	1152.00	1152.00	1153.00	1153.00	1154.00	1154.00	1155.00	1155.00	1156.00	1156.00	1156.50	1157.00	1157.00	1158.00	1158.00	1158.50	1159.00	1159.00	1159.50	1160.00	1160.00	1160.00	1160.00	1160.00	1160.00	1159.50	1159.00	1159.00	1158.50	1158.00	1158.00	1158.00	1158.00	1157.00	1157.00	1157.00	1157.00	1157.00	1157.00	1157.00	1157.00	1157.00	1157.00	1156.00	1156.00	1156.00
1173.00	1173.00	1172.00	1171.00	1171.00	1170.00	1169.50	1168.50	1168.00	1167.50	1167.00	1166.00	1165.00	1164.00	1162.50	1161.50	1160.50	1159.00	1157.50	1156.00	1154.00	1152.50	1151.50	1150.50	1149.50	1149.00	1148.00	1148.00	1147.00	1146.00	1146.00	1146.00	1146.50	1147.00	1147.50	1148.00	1149.00	1149.50	1150.00	1151.00	1151.00	1151.00	1151.00	1151.00	1151.00	1151.00	1151.00	1150.50	1150.00	1150.00	1149.00	1149.00	1148.00	1147.50	1147.00	1146.00	1146.00	1146.00	1145.00	1145.00	1145.00	1145.00	1145.00	1145.00	1145.00	1145.00	1145.00	1145.00	1145.50	1146.00	1146.00	1146.00	1146.00	1147.00	1147.00	1147.50	1148.00	1148.00	1148.50	1149.00	1149.00	1149.00	1149.00	1149.00	1149.00	1149.00	1149.00	1149.00	1149.00	1149.00	1148.50	1148.00	1147.00	1147.00	1146.50	1146.00	1145.00	1145.00	1144.00	1143.00	1142.50	1141.50	1140.50	1139.50	1138.00	1138.00	1136.50	1136.00	1134.50	1134.00	1133.50	1132.00	1132.00	1132.00	1131.00	1131.00	1131.00	1131.00	1131.00	1131.00	1130.00	1130.00	1130.00	1130.00	1130.00	1130.00	1130.00	1129.00	1129.00	1129.00	1129.00	1129.00	1129.00	1130.00	1130.00	1130.00	1131.00	1131.00	1131.00	1131.00	1131.00	1131.00	1131.00	1131.00	1131.00	1131.00	1131.00	1131.00	1131.00	1130.00	1130.00	1130.00	1130.00	1130.00	1130.00	1130.50	1131.00	1131.00	1131.00	1132.00	1132.00	1133.00	1133.50	1134.00	1134.00	1135.00	1135.00	1136.00	1136.00	1137.00	1137.00	1138.00	1138.00	1138.50	1139.00	1140.00	1141.00	1141.00	1142.00	1142.00	1142.50	1143.00	1143.00	1143.00	1143.00	1143.00	1143.00	1142.50	1142.00	1142.00	1142.00	1142.50	1143.00	1143.50	1144.00	1144.00	1145.00	1145.00	1146.00	1146.00	1146.00	1146.00	1147.00	1147.50	1148.00	1148.00	1149.00	1150.00	1151.00	1151.50	1152.00	1152.00	1153.00	1153.00	1154.00	1154.00	1155.00	1155.00	1156.00	1156.00	1156.50	1157.00	1157.00	1158.00	1158.00	1158.50	1159.00	1159.00	1159.50	1160.00	1160.00	1160.00	1160.00	1160.00	1160.00	1159.50	1159.00	1159.00	1158.50	1158.00	1158.00	1158.00	1158.00	1157.00	1157.00	1157.00	1157.00	1157.00	1157.00	1157.00	1157.00	1157.00	1157.00	1156.00	1156.00	1156.00
1173.25	1173.00	1172.00	1171.50	1171.00	1170.25	1169.75	1169.00	1168.50	1168.00	1167.50	1167.00	1165.75	1164.50	1163.50	1162.25	1161.00	1159.50	1158.00	1156.50	1155.00	1153.50	1152.50	1151.25	1150.25	1149.75	1148.50	1148.00	1147.00	1146.00	1146.00	1145.75	1145.75	1146.00	1146.50	1147.00	1147.50	1148.25	1148.75	1149.75	1150.00	1150.25	1150.50	1150.75	1151.00	1151.00	1151.00	1150.75	1150.50	1150.50	1150.00	1149.50	1148.75	1148.25	1147.75	1147.00	1147.00	1147.00	1146.50	1146.50	1146.50	1146.50	1146.50	1146.50	1146.50	1146.75	1147.00	1147.00	1147.50	1148.00	1148.25	1148.50	1148.50	1149.50	1149.50	1149.75	1150.50	1150.50	1150.75	1151.25	1151.50	1151.50	1151.00	1151.00	1151.00	1151.00	1151.00	1150.75	1150.50	1150.00	1149.50	1149.00	1148.50	1148.00	1147.75	1147.00	1146.50	1146.00	1145.50	1144.50	1144.00	1143.25	1142.25	1141.50	1140.00	1140.00	1138.75	1138.25	1137.00	1136.50	1136.00	1134.50	1134.50	1134.00	1133.50	1133.50	1133.25	1133.00	1133.00	1133.00	1132.50	1132.50	1132.25	1132.00	1132.00	1131.75	1131.50	1131.00	1131.00	1131.00	1131.00	1131.00	1131.00	1131.50	1131.50	1131.50	1132.50	1132.25	1132.00	1132.00	1132.00	1132.00	1132.50	1132.50	1132.50	1132.50	1132.50	1132.25	1132.00	1131.50	1131.50	1131.50	1131.50	1132.00	1132.00	1132.25	1132.50	1132.50	1133.00	1133.50	1134.00	1134.50	1135.50	1136.00	1136.25	1137.50	1137.50	1138.00	1138.00	1138.75	1139.00	1139.75	1140.00	1140.25	1140.50	1141.50	1142.00	1142.00	1142.75	1143.00	1143.25	1143.50	1143.50	1143.50	1144.00	1144.00	1144.00	1143.75	1143.75	1144.00	1144.00	1144.25	1144.50	1144.75	1145.00	1145.00	1146.00	1146.00	1146.50	1146.50	1147.00	1147.00	1148.00	1148.50	1149.00	1149.00	1150.00	1151.00	1151.50	1152.00	1152.50	1152.75	1153.50	1153.75	1154.50	1155.00	1155.50	1155.75	1156.75	1157.00	1157.25	1157.50	1157.50	1158.50	1158.50	1159.25	1159.50	1159.50	1159.75	1160.00	1160.00	1160.00	1160.00	1160.00	1159.75	1159.25	1158.75	1158.50	1157.75	1157.50	1157.00	1157.00	1157.00	1156.00	1156.00	1156.00	1155.50	1155.50	1155.50	1155.00	1155.00	1155.00	1154.50	1154.00	1153.75	1153.50
1173.50	1173.00	1172.00	1172.00	1171.00	1170.50	1170.00	1169.50	1169.00	1168.50	1168.00	1168.00	1166.50	1165.00	1164.50	1163.00	1161.50	1160.00	1158.50	1157.00	1156.00	1154.50	1153.50	1152.00	1151.00	1150.50	1149.00	1148.00	1147.00	1146.00	1146.00	1145.50	1145.00	1145.00	1145.50	1146.00	1146.00	1147.00	1147.50	1148.50	1149.00	1149.50	1150.00	1150.50	1151.00	1151.00	1151.00	1151.00	1151.00	1151.00	1151.00	1150.00	1149.50	1149.00	1148.50	1148.00	1148.00	1148.00	1148.00	1148.00	1148.00	1148.00	1148.00	1148.00	1148.00	1148.50	1149.00	1149.00	1149.50	1150.00	1150.50	1151.00	1151.00	1152.00	1152.00	1152.00	1153.00	1153.00	1153.00	1153.50	1154.00	1154.00	1153.00	1153.00	1153.00	1153.00	1153.00	1152.50	1152.00	1151.00	1150.50	1150.00	1150.00	1149.00	1149.00	1148.00	1148.00	1147.00	1147.00	1146.00	1145.50	1145.00	1144.00	1143.50	1142.00	1142.00	1141.00	1140.50	1139.50	1139.00	1138.50	1137.00	1137.00	1136.00	1136.00	1136.00	1135.50	1135.00	1135.00	1135.00	1135.00	1135.00	1134.50	1134.00	1134.00	1133.50	1133.00	1133.00	1133.00	1133.00	1133.00	1133.00	1133.00	1133.00	1133.00	1133.00	1134.00	1133.50	1133.00	1133.00	1133.00	1133.00	1134.00	1134.00	1134.00	1134.00	1134.00	1133.50	1133.00	1133.00	1133.00	1133.00	1133.00	1134.00	1134.00	1134.00	1134.00	1134.00	1135.00	1135.00	1136.00	1136.00	1137.50	1138.00	1138.50	1140.00	1140.00	1140.00	1140.00	1140.50	1141.00	1141.50	1142.00	1142.00	1142.00	1143.00	1143.00	1143.00	1143.50	1144.00	1144.00	1144.00	1144.00	1144.00	1145.00	1145.00	1145.00	1145.00	1145.50	1146.00	1146.00	1146.00	1146.00	1146.00	1146.00	1146.00	1147.00	1147.00	1147.00	1147.00	1148.00	1148.00	1149.00	1149.50	1150.00	1150.00	1151.00	1152.00	1152.00	1152.50	1153.00	1153.50	1154.00	1154.50	1155.00	1156.00	1156.00	1156.50	1157.50	1158.00	1158.00	1158.00	1158.00	1159.00	1159.00	1160.00	1160.00	1160.00	1160.00	1160.00	1160.00	1160.00	1160.00	1160.00	1159.50	1159.00	1158.50	1158.00	1157.00	1157.00	1156.00	1156.00	1156.00	1155.00	1155.00	1155.00	1154.00	1154.00	1154.00	1153.00	1153.00	1153.00	1152.00	1152.00	1151.50	1151.00
1173.50	1173.00	1172.00	1172.00	1171.00	1170.50	1170.00	1169.50	1169.00	1168.50	1168.00	1168.00	1166.50	1165.00	1164.50	1163.00	1161.50	1160.00	1158.50	1157.00	1156.00	1154.50	1153.50	1152.00	1151.00	1150.50	1149.00	1148.00	1147.00	1146.00	1146.00	1145.50	1145.00	1145.00	1145.50	1146.00	1146.00	1147.00	1147.50	1148.50	1149.00	1149.50	1150.00	1150.50	1151.00	1151.00	1151.00	1151.00	1151.00	1151.00	1151.00	1150.00	1149.50	1149.00	1148.50	1148.00	1148.00	1148.00	1148.00	1148.00	1148.00	1148.00	1148.00	1148.00	1148.00	1148.50	1149.00	1149.00	1149.50	1150.00	1150.50	1151.00	1151.00	1152.00	1152.00	1152.00	1153.00	1153.00	1153.00	1153.50	1154.00	1154.00	1153.00	1153.00	1153.00	1153.00	1153.00	1152.50	1152.00	1151.00	1150.50	1150.00	1150.00	1149.00	1149.00	1148.00	1148.00	1147.00	1147.00	1146.00	1145.50	1145.00	1144.00	1143.50	1142.00	1142.00	1141.00	1140.50	1139.50	1139.00	1138.50	1137.00	1137.00	1136.00	1136.00	1136.00	1135.50	1135.00	1135.00	1135.00	1135.00	1135.00	1134.50	1134.00	1134.00	1133.50	1133.00	1133.00	1133.00	1133.00	1133.00	1133.00	1133.00	1133.00	1133.00	1133.00	1134.00	1133.50	1133.00	1133.00	1133.00	1133.00	1134.00	1134.00	1134.00	1134.00	1134.00	1133.50	1133.00	1133.00	1133.00	1133.00	1133.00	1134.00	1134.00	1134.00	1134.00	1134.00	1135.00	1135.00	1136.00	1136.00	1137.50	1138.00	1138.50	1140.00	1140.00	1140.00	1140.00	1140.50	1141.00	1141.50	1142.00	1142.00	1142.00	1143.00	1143.00	1143.00	1143.50	1144.00	1144.00	1144.00	1144.00	1144.00	1145.00	1145.00	1145.00	1145.00	1145.50	1146.00	1146.00	1146.00	1146.00	1146.00	1146.00	1146.00	1147.00	1147.00	1147.00	1147.00	1148.00	1148.00	1149.00	1149.50	1150.00	1150.00	1151.00	1152.00	1152.00	1152.50	1153.00	1153.50	1154.00	1154.50	1155.00	1156.00	1156.00	1156.50	1157.50	1158.00	1158.00	1158.00	1158.00	1159.00	1159.00	1160.00	1160.00	1160.00	1160.00	1160.00	1160.00	1160.00	1160.00	1160.00	1159.50	1159.00	1158.50	1158.00	1157.00	1157.00	1156.00	1156.00	1156.00	1155.00	1155.00	1155.00	1154.00	1154.00	1154.00	1153.00	1153.00	1153.00	1152.00	1152.00	1151.50	1151.00
1174.25	1174.00	1173.00	1172.50	1172.00	1171.50	1171.00	1170.75	1170.50	1170.00	1169.50	1169.50	1168.25	1167.50	1166.25	1164.75	1163.50	1161.50	1160.00	1158.50	1157.50	1156.50	1155.50	1154.00	1152.75	1152.00	1150.00	1149.00	1147.75	1147.00	1146.50	1146.00	1145.50	1145.50	1145.75	1146.00	1146.00	1146.75	1147.25	1148.00	1148.50	1149.00	1150.00	1150.25	1150.75	1151.00	1151.50	1151.50	1151.50	1151.50	1151.50	1151.00	1150.25	1149.75	1149.25	1149.00	1149.00	1149.00	1149.00	1149.00	1149.00	1149.50	1149.50	1149.50	1149.50	1149.75	1150.00	1150.00	1150.75	1151.00	1151.50	1152.00	1152.00	1153.00	1153.00	1153.50	1154.00	1154.50	1154.50	1154.75	1155.00	1155.50	1155.00	1155.00	1154.50	1154.50	1154.25	1153.75	1153.25	1152.50	1151.75	1151.25	1151.00	1150.00	1149.75	1149.00	1148.50	1148.00	1147.50	1147.00	1146.75	1146.25	1145.25	1144.75	1143.50	1143.50	1142.50	1142.00	1141.00	1140.50	1140.00	1139.00	1139.00	1138.50	1138.00	1138.00	1137.75	1137.25	1137.00	1137.00	1136.50	1136.50	1136.25	1135.50	1135.50	1135.00	1134.50	1134.50	1134.50	1134.50	1134.50	1134.50	1134.50	1134.50	1134.50	1134.50	1135.00	1134.75	1134.50	1134.50	1134.50	1134.50	1135.00	1135.00	1135.00	1135.00	1135.00	1134.50	1134.00	1134.00	1134.00	1134.00	1134.00	1134.50	1134.75	1135.00	1135.00	1135.00	1136.00	1136.00	1137.00	1137.00	1138.50	1139.00	1139.50	1141.00	1141.00	1141.00	1141.00	1141.25	1141.75	1142.25	1142.50	1142.50	1142.50	1143.50	1143.50	1143.50	1143.75	1144.00	1144.25	1144.50	1144.50	1145.00	1145.50	1145.75	1146.00	1146.25	1147.00	1147.50	1148.00	1148.00	1148.00	1148.00	1148.00	1148.00	1148.50	1148.50	1148.50	1148.50	1149.00	1149.25	1150.00	1150.50	1151.00	1151.00	1151.50	1152.50	1152.50	1153.00	1153.50	1154.00	1154.50	1155.00	1155.50	1156.50	1156.50	1156.75	1157.75	1158.00	1158.25	1158.50	1158.50	1159.50	1159.50	1160.25	1160.50	1160.50	1160.50	1160.50	1160.50	1160.00	1160.00	1160.00	1159.25	1158.75	1158.25	1158.00	1156.75	1156.50	1155.50	1155.25	1154.75	1153.75	1153.50	1153.25	1152.50	1152.00	1151.75	1151.00	1150.75	1150.50	1149.50	1149.50	1148.75	1148.50
1175.00	1175.00	1174.00	1173.00	1173.00	1172.50	1172.00	1172.00	1172.00	1171.50	1171.00	1171.00	1170.00	1170.00	1168.00	1166.50	1165.50	1163.00	1161.50	1160.00	1159.00	1158.50	1157.50	1156.00	1154.50	1153.50	1151.00	1150.00	1148.50	1148.00	1147.00	1146.50	1146.00	1146.00	1146.00	1146.00	1146.00	1146.50	1147.00	1147.50	1148.00	1148.50	1150.00	1150.00	1150.50	1151.00	1152.00	1152.00	1152.00	1152.00	1152.00	1152.00	1151.00	1150.50	1150.00	1150.00	1150.00	1150.00	1150.00	1150.00	1150.00	1151.00	1151.00	1151.00	1151.00	1151.00	1151.00	1151.00	1152.00	1152.00	1152.50	1153.00	1153.00	1154.00	1154.00	1155.00	1155.00	1156.00	1156.00	1156.00	1156.00	1157.00	1157.00	1157.00	1156.00	1156.00	1155.50	1155.00	1154.50	1154.00	1153.00	1152.50	1152.00	1151.00	1150.50	1150.00	1149.00	1149.00	1148.00	1148.00	1148.00	1147.50	1146.50	1146.00	1145.00	1145.00	1144.00	1143.50	1142.50	1142.00	1141.50	1141.00	1141.00	1141.00	1140.00	1140.00	1140.00	1139.50	1139.00	1139.00	1138.00	1138.00	1138.00	1137.00	1137.00	1136.50	1136.00	1136.00	1136.00	1136.00	1136.00	1136.00	1136.00	1136.00	1136.00	1136.00	1136.00	1136.00	1136.00	1136.00	1136.00	1136.00	1136.00	1136.00	1136.00	1136.00	1136.00	1135.50	1135.00	1135.00	1135.00	1135.00	1135.00	1135.00	1135.50	1136.00	1136.00	1136.00	1137.00	1137.00	1138.00	1138.00	1139.50	1140.00	1140.50	1142.00	1142.00	1142.00	1142.00	1142.00	1142.50	1143.00	1143.00	1143.00	1143.00	1144.00	1144.00	1144.00	1144.00	1144.00	1144.50	1145.00	1145.00	1146.00	1146.00	1146.50	1147.00	1147.50	1148.50	1149.00	1150.00	1150.00	1150.00	1150.00	1150.00	1150.00	1150.00	1150.00	1150.00	1150.00	1150.00	1150.50	1151.00	1151.50	1152.00	1152.00	1152.00	1153.00	1153.00	1153.50	1154.00	1154.50	1155.00	1155.50	1156.00	1157.00	1157.00	1157.00	1158.00	1158.00	1158.50	1159.00	1159.00	1160.00	1160.00	1160.50	1161.00	1161.00	1161.00	1161.00	1161.00	1160.00	1160.00	1160.00	1159.00	1158.50	1158.00	1158.00	1156.50	1156.00	1155.00	1154.50	1153.50	1152.50	1152.00	1151.50	1151.00	1150.00	1149.50	1149.00	1148.50	1148.00	1147.00	1147.00	1146.00	1146.00
1175.00	1175.00	1174.00	1173.00	1173.00	1172.50	1172.00	1172.00	1172.00	1171.50	1171.00	1171.00	1170.00	1170.00	1168.00	1166.50	1165.50	1163.00	1161.50	1160.00	1159.00	1158.50	1157.50	1156.00	1154.50	1153.50	1151.00	1150.00	1148.50	1148.00	1147.00	1146.50	1146.00	1146.00	1146.00	1146.00	1146.00	1146.50	1147.00	1147.50	1148.00	1148.50	1150.00	1150.00	1150.50	1151.00	1152.00	1152.00	1152.00	1152.00	1152.00	1152.00	1151.00	1150.50	1150.00	1150.00	1150.00	1150.00	1150.00	1150.00	1150.00	1151.00	1151.00	1151.00	1151.00	1151.00	1151.00	1151.00	1152.00	1152.00	1152.50	1153.00	1153.00	1154.00	1154.00	1155.00	1155.00	1156.00	1156.00	1156.00	1156.00	1157.00	1157.00	1157.00	1156.00	1156.00	1155.50	1155.00	1154.50	1154.00	1153.00	1152.50	1152.00	1151.00	1150.50	1150.00	1149.00	1149.00	1148.00	1148.00	1148.00	1147.50	1146.50	1146.00	1145.00	1145.00	1144.00	1143.50	1142.50	1142.00	1141.50	1141.00	1141.00	1141.00	1140.00	1140.00	1140.00	1139.50	1139.00	1139.00	1138.00	1138.00	1138.00	1137.00	1137.00	1136.50	1136.00	1136.00	1136.00	1136.00	1136.00	1136.00	1136.00	1136.00	1136.00	1136.00	1136.00	1136.00	1136.00	1136.00	1136.00	1136.00	1136.00	1136.00	1136.00	1136.00	1136.00	1135.50	1135.00	1135.00	1135.00	1135.00	1135.00	1135.00	1135.50	1136.00	1136.00	1136.00	1137.00	1137.00	1138.00	1138.00	1139.50	1140.00	1140.50	1142.00	1142.00	1142.00	1142.00	1142.00	1142.50	1143.00	1143.00	1143.00	1143.00	1144.00	1144.00	1144.00	1144.00	1144.00	1144.50	1145.00	1145.00	1146.00	1146.00	1146.50	1147.00	1147.50	1148.50	1149.00	1150.00	1150.00	1150.00	1150.00	1150.00	1150.00	1150.00	1150.00	1150.00	1150.00	1150.00	1150.50	1151.00	1151.50	1152.00	1152.00	1152.00	1153.00	1153.00	1153.50	1154.00	1154.50	1155.00	1155.50	1156.00	1157.00	1157.00	1157.00	1158.00	1158.00	1158.50	1159.00	1159.00	1160.00	1160.00	1160.50	1161.00	1161.00	1161.00	1161.00	1161.00	1160.00	1160.00	1160.00	1159.00	1158.50	1158.00	1158.00	1156.50	1156.00	1155.00	1154.50	1153.50	1152.50	1152.00	1151.50	1151.00	1150.00	1149.50	1149.00	1148.50	1148.00	1147.00	1147.00	1146.00	1146.00
1176.25	1176.00	1175.25	1174.50	1174.50	1174.25	1174.00	1174.00	1174.00	1173.75	1173.50	1173.00	1172.50	1172.50	1170.75	1169.50	1168.50	1166.50	1164.50	1163.00	1162.00	1161.00	1160.00	1158.50	1157.00	1155.75	1153.50	1152.50	1150.75	1149.50	1148.50	1148.00	1147.25	1147.00	1147.00	1147.00	1147.00	1147.25	1147.50	1148.00	1148.50	1148.75	1150.00	1150.25	1150.75	1151.50	1152.25	1152.50	1152.50	1152.50	1152.50	1152.50	1151.50	1151.25	1151.00	1150.50	1150.50	1150.50	1150.50	1150.75	1151.00	1151.50	1151.50	1151.50	1151.50	1151.50	1151.50	1151.50	1152.00	1152.00	1152.25	1152.50	1152.50	1153.50	1153.50	1154.25	1155.00	1155.75	1156.25	1156.50	1156.50	1157.50	1157.50	1157.50	1157.00	1157.00	1156.25	1156.00	1155.50	1155.00	1154.00	1153.50	1153.00	1151.75	1151.25	1151.00	1150.00	1149.75	1149.00	1148.75	1148.50	1148.00	1147.25	1146.75	1146.00	1145.50	1144.75	1144.25	1143.50	1143.00	1142.75	1142.50	1142.50	1142.00	1141.50	1141.50	1141.50	1141.00	1140.25	1140.00	1139.50	1139.00	1139.00	1138.00	1138.00	1137.50	1137.00	1137.00	1137.00	1137.00	1137.00	1136.75	1136.50	1136.50	1136.50	1136.50	1136.50	1136.75	1137.00	1137.00	1136.75	1136.50	1136.50	1136.50	1136.50	1136.50	1136.50	1136.25	1136.00	1136.00	1136.00	1136.00	1136.00	1135.50	1136.00	1136.50	1136.50	1136.50	1137.50	1137.50	1138.00	1138.00	1139.50	1140.00	1140.50	1141.50	1141.75	1142.00	1142.00	1142.25	1142.75	1143.50	1143.50	1143.50	1143.00	1143.50	1144.00	1144.00	1144.00	1144.00	1144.75	1145.50	1145.75	1146.50	1147.00	1147.50	1148.50	1149.25	1150.00	1151.00	1152.00	1152.00	1152.00	1152.25	1152.00	1152.00	1152.25	1152.50	1152.50	1152.50	1152.50	1152.75	1153.00	1153.25	1153.50	1153.50	1153.50	1154.50	1154.50	1154.75	1155.00	1155.25	1155.75	1156.25	1156.50	1157.00	1157.25	1157.50	1158.00	1158.00	1158.50	1159.00	1159.00	1159.50	1159.50	1159.75	1160.25	1160.50	1160.50	1160.50	1160.50	1160.00	1159.50	1159.25	1158.00	1157.50	1156.75	1156.50	1155.00	1154.50	1153.50	1152.75	1152.00	1150.75	1150.25	1149.50	1149.00	1147.75	1147.25	1146.50	1146.00	1145.50	1145.00	1144.50	1144.00	1144.00
1177.50	1177.00	1176.50	1176.00	1176.00	1176.00	1176.00	1176.00	1176.00	1176.00	1176.00	1175.00	1175.00	1175.00	1173.50	1172.50	1171.50	1170.00	1167.50	1166.00	1165.00	1163.50	1162.50	1161.00	1159.50	1158.00	1156.00	1155.00	1153.00	1151.00	1150.00	1149.50	1148.50	1148.00	1148.00	1148.00	1148.00	1148.00	1148.00	1148.50	1149.00	1149.00	1150.00	1150.50	1151.00	1152.00	1152.50	1153.00	1153.00	1153.00	1153.00	1153.00	1152.00	1152.00	1152.00	1151.00	1151.00	1151.00	1151.00	1151.50	1152.00	1152.00	1152.00	1152.00	1152.00	1152.00	1152.00	1152.00	1152.00	1152.00	1152.00	1152.00	1152.00	1153.00	1153.00	1153.50	1155.00	1155.50	1156.50	1157.00	1157.00	1158.00	1158.00	1158.00	1158.00	1158.00	1157.00	1157.00	1156.50	1156.00	1155.00	1154.50	1154.00	1152.50	1152.00	1152.00	1151.00	1150.50	1150.00	1149.50	1149.00	1148.50	1148.00	1147.50	1147.00	1146.00	1145.50	1145.00	1144.50	1144.00	1144.00	1144.00	1144.00	1143.00	1143.00	1143.00	1143.00	1142.50	1141.50	1141.00	1141.00	1140.00	1140.00	1139.00	1139.00	1138.50	1138.00	1138.00	1138.00	1138.00	1138.00	1137.50	1137.00	1137.00	1137.00	1137.00	1137.00	1137.50	1138.00	1138.00	1137.50	1137.00	1137.00	1137.00	1137.00	1137.00	1137.00	1137.00	1137.00	1137.00	1137.00	1137.00	1137.00	1136.00	1136.50	1137.00	1137.00	1137.00	1138.00	1138.00	1138.00	1138.00	1139.50	1140.00	1140.50	1141.00	1141.50	1142.00	1142.00	1142.50	1143.00	1144.00	1144.00	1144.00	1143.00	1143.00	1144.00	1144.00	1144.00	1144.00	1145.00	1146.00	1146.50	1147.00	1148.00	1148.50	1150.00	1151.00	1151.50	1153.00	1154.00	1154.00	1154.00	1154.50	1154.00	1154.00	1154.50	1155.00	1155.00	1155.00	1155.00	1155.00	1155.00	1155.00	1155.00	1155.00	1155.00	1156.00	1156.00	1156.00	1156.00	1156.00	1156.50	1157.00	1157.00	1157.00	1157.50	1158.00	1158.00	1158.00	1158.50	1159.00	1159.00	1159.00	1159.00	1159.00	1159.50	1160.00	1160.00	1160.00	1160.00	1160.00	1159.00	1158.50	1157.00	1156.50	1155.50	1155.00	1153.50	1153.00	1152.00	1151.00	1150.50	1149.00	1148.50	1147.50	1147.00	1145.50	1145.00	1144.00	1143.50	1143.00	1143.00	1142.00	1142.00	1142.00
1177.50	1177.00	1176.50	1176.00	1176.00	1176.00	1176.00	1176.00	1176.00	1176.00	1176.00	1175.00	1175.00	1175.00	1173.50	1172.50	1171.50	1170.00	1167.50	1166.00	1165.00	1163.50	1162.50	1161.00	1159.50	1158.00	1156.00	1155.00	1153.00	1151.00	1150.00	1149.50	1148.50	1148.00	1148.00	1148.00	1148.00	1148.00	1148.00	1148.50	1149.00	1149.00	1150.00	1150.50	1151.00	1152.00	1152.50	1153.00	1153.00	1153.00	1153.00	1153.00	1152.00	1152.00	1152.00	1151.00	1151.00	1151.00	1151.00	1151.50	1152.00	1152.00	1152.00	1152.00	1152.00	1152.00	1152.00	1152.00	1152.00	1152.00	1152.00	1152.00	1152.00	1153.00	1153.00	1153.50	1155.00	1155.50	1156.50	1157.00	1157.00	1158.00	1158.00	1158.00	1158.00	1158.00	1157.00	1157.00	1156.50	1156.00	1155.00	1154.50	1154.00	1152.50	1152.00	1152.00	1151.00	1150.50	1150.00	1149.50	1149.00	1148.50	1148.00	1147.50	1147.00	1146.00	1145.50	1145.00	1144.50	1144.00	1144.00	1144.00	1144.00	1143.00	1143.00	1143.00	1143.00	1142.50	1141.50	1141.00	1141.00	1140.00	1140.00	1139.00	1139.00	1138.50	1138.00	1138.00	1138.00	1138.00	1138.00	1137.50	1137.00	1137.00	1137.00	1137.00	1137.00	1137.50	1138.00	1138.00	1137.50	1137.00	1137.00	1137.00	1137.00	1137.00	1137.00	1137.00	1137.00	1137.00	1137.00	1137.00	1137.00	1136.00	1136.50	1137.00	1137.00	1137.00	1138.00	1138.00	1138.00	1138.00	1139.50	1140.00	1140.50	1141.00	1141.50	1142.00	1142.00	1142.50	1143.00	1144.00	1144.00	1144.00	1143.00	1143.00	1144.00	1144.00	1144.00	1144.00	1145.00	1146.00	1146.50	1147.00	1148.00	1148.50	1150.00	1151.00	1151.50	1153.00	1154.00	1154.00	1154.00	1154.50	1154.00	1154.00	1154.50	1155.00	1155.00	1155.00	1155.00	1155.00	1155.00	1155.00	1155.00	1155.00	1155.00	1156.00	1156.00	1156.00	1156.00	1156.00	1156.50	1157.00	1157.00	1157.00	1157.50	1158.00	1158.00	1158.00	1158.50	1159.00	1159.00	1159.00	1159.00	1159.00	1159.50	1160.00	1160.00	1160.00	1160.00	1160.00	1159.00	1158.50	1157.00	1156.50	1155.50	1155.00	1153.50	1153.00	1152.00	1151.00	1150.50	1149.00	1148.50	1147.50	1147.00	1145.50	1145.00	1144.00	1143.50	1143.00	1143.00	1142.00	1142.00	1142.00
1177.50	1177.00	1176.50	1176.00	1176.00	1176.00	1176.00	1176.00	1176.00	1176.00	1176.00	1175.00	1175.00	1175.00	1173.50	1172.50	1171.50	1170.00	1167.50	1166.00	1165.00	1163.50	1162.50	1161.00	1159.50	1158.00	1156.00	1155.00	1153.00	1151.00	1150.00	1149.50	1148.50	1148.00	1148.00	1148.00	1148.00	1148.00	1148.00	1148.50	1149.00	1149.00	1150.00	1150.50	1151.00	1152.00	1152.50	1153.00	1153.00	1153.00	1153.00	1153.00	1152.00	1152.00	1152.00	1151.00	1151.00	1151.00	1151.00	1151.50	1152.00	1152.00	1152.00	1152.00	1152.00	1152.00	1152.00	1152.00	1152.00	1152.00	1152.00	1152.00	1152.00	1153.00	1153.00	1153.50	1155.00	1155.50	1156.50	1157.00	1157.00	1158.00	1158.00	1158.00	1158.00	1158.00	1157.00	1157.00	1156.50	1156.00	1155.00	1154.50	1154.00	1152.50	1152.00	1152.00	1151.00	1150.50	1150.00	1149.50	1149.00	1148.50	1148.00	1147.50	1147.00	1146.00	1145.50	1145.00	1144.50	1144.00	1144.00	1144.00	1144.00	1143.00	1143.00	1143.00	1143.00	1142.50	1141.50	1141.00	1141.00	1140.00	1140.00	1139.00	1139.00	1138.50	1138.00	1138.00	1138.00	1138.00	1138.00	1137.50	1137.00	1137.00	1137.00	1137.00	1137.00	1137.50	1138.00	1138.00	1137.50	1137.00	1137.00	1137.00	1137.00	1137.00	1137.00	1137.00	1137.00	1137.00	1137.00	1137.00	1137.00	1136.00	1136.50	1137.00	1137.00	1137.00	1138.00	1138.00	1138.00	1138.00	1139.50	1140.00	1140.50	1141.00	1141.50	1142.00	1142.00	1142.50	1143.00	1144.00	1144.00	1144.00	1143.00	1143.00	1144.00	1144.00	1144.00	1144.00	1145.00	1146.00	1146.50	1147.00	1148.00	1148.50	1150.00	1151.00	1151.50	1153.00	1154.00	1154.00	1154.00	1154.50	1154.00	1154.00	1154.50	1155.00	1155.00	1155.00	1155.00	1155.00	1155.00	1155.00	1155.00	1155.00	1155.00	1156.00	1156.00	1156.00	1156.00	1156.00	1156.50	1157.00	1157.00	1157.00	1157.50	1158.00	1158.00	1158.00	1158.50	1159.00	1159.00	1159.00	1159.00	1159.00	1159.50	1160.00	1160.00	1160.00	1160.00	1160.00	1159.00	1158.50	1157.00	1156.50	1155.50	1155.00	1153.50	1153.00	1152.00	1151.00	1150.50	1149.00	1148.50	1147.50	1147.00	1145.50	1145.00	1144.00	1143.50	1143.00	1143.00	1142.00	1142.00	1142.00
1182.50	1182.00	1182.00	1182.00	1182.00	1182.00	1182.00	1182.00	1182.00	1182.00	1181.00	1181.00	1181.00	1180.00	1179.50	1179.00	1178.50	1177.00	1175.50	1174.00	1173.00	1170.50	1169.50	1168.00	1166.00	1164.50	1163.00	1161.00	1159.50	1158.00	1156.50	1155.50	1154.50	1153.00	1152.50	1152.00	1151.00	1151.00	1151.00	1151.00	1151.00	1151.00	1151.00	1151.50	1152.00	1153.00	1153.50	1154.00	1155.00	1155.00	1155.00	1154.00	1154.00	1154.00	1153.50	1153.00	1153.00	1153.00	1153.00	1153.00	1153.00	1152.00	1152.00	1152.00	1152.00	1151.50	1151.00	1151.00	1150.50	1150.00	1149.50	1149.50	1150.00	1150.00	1150.00	1151.00	1152.00	1152.50	1153.50	1154.50	1156.00	1156.50	1158.00	1158.00	1158.50	1159.00	1159.00	1158.50	1158.00	1158.00	1156.50	1156.00	1155.00	1154.00	1153.50	1153.00	1152.00	1151.50	1151.00	1150.00	1150.00	1149.50	1148.50	1148.00	1147.00	1147.00	1146.00	1146.00	1146.00	1146.00	1146.00	1146.00	1146.00	1146.00	1146.00	1145.50	1145.00	1144.50	1143.50	1143.00	1142.00	1141.00	1140.50	1140.00	1139.00	1139.00	1138.50	1138.00	1138.00	1138.00	1138.00	1138.00	1138.00	1138.00	1138.00	1138.00	1138.00	1138.00	1138.00	1138.00	1138.00	1137.50	1137.00	1137.00	1137.00	1137.00	1137.00	1137.00	1137.00	1137.00	1137.00	1137.00	1137.00	1137.00	1137.50	1138.00	1138.00	1138.00	1139.00	1139.00	1139.00	1140.00	1140.00	1140.50	1141.00	1141.00	1141.50	1142.00	1142.00	1143.00	1143.00	1144.00	1144.00	1144.00	1144.00	1144.00	1145.00	1145.00	1145.50	1146.00	1147.00	1148.00	1148.50	1150.00	1151.00	1152.50	1154.00	1155.50	1157.00	1159.00	1159.00	1160.00	1161.00	1161.00	1161.00	1161.00	1160.00	1160.00	1160.00	1160.00	1160.00	1160.00	1160.00	1160.00	1160.00	1160.00	1160.00	1160.00	1160.00	1160.00	1160.00	1160.00	1160.00	1160.00	1159.00	1159.00	1158.50	1158.00	1158.00	1158.00	1157.50	1157.00	1157.00	1157.00	1156.00	1156.00	1156.00	1156.50	1157.00	1157.00	1157.00	1156.00	1156.00	1155.50	1154.00	1153.50	1152.50	1152.00	1151.00	1151.00	1150.00	1149.00	1148.50	1147.00	1146.50	1145.50	1144.00	1143.50	1143.00	1142.00	1141.50	1141.00	1141.00	1141.00	1141.50	1142.00
1182.50	1182.00	1182.00	1182.00	1182.00	1182.00	1182.00	1182.00	1182.00	1182.00	1181.00	1181.00	1181.00	1180.00	1179.50	1179.00	1178.50	1177.00	1175.50	1174.00	1173.00	1170.50	1169.50	1168.00	1166.00	1164.50	1163.00	1161.00	1159.50	1158.00	1156.50	1155.50	1154.50	1153.00	1152.50	1152.00	1151.00	1151.00	1151.00	1151.00	1151.00	1151.00	1151.00	1151.50	1152.00	1153.00	1153.50	1154.00	1155.00	1155.00	1155.00	1154.00	1154.00	1154.00	1153.50	1153.00	1153.00	1153.00	1153.00	1153.00	1153.00	1152.00	1152.00	1152.00	1152.00	1151.50	1151.00	1151.00	1150.50	1150.00	1149.50	1149.50	1150.00	1150.00	1150.00	1151.00	1152.00	1152.50	1153.50	1154.50	1156.00	1156.50	1158.00	1158.00	1158.50	1159.00	1159.00	1158.50	1158.00	1158.00	1156.50	1156.00	1155.00	1154.00	1153.50	1153.00	1152.00	1151.50	1151.00	1150.00	1150.00	1149.50	1148.50	1148.00	1147.00	1147.00	1146.00	1146.00	1146.00	1146.00	1146.00	1146.00	1146.00	1146.00	1146.00	1145.50	1145.00	1144.50	1143.50	1143.00	1142.00	1141.00	1140.50	1140.00	1139.00	1139.00	1138.50	1138.00	1138.00	1138.00	1138.00	1138.00	1138.00	1138.00	1138.00	1138.00	1138.00	1138.00	1138.00	1138.00	1138.00	1137.50	1137.00	1137.00	1137.00	1137.00	1137.00	1137.00	1137.00	1137.00	1137.00	1137.00	1137.00	1137.00	1137.50	1138.00	1138.00	1138.00	1139.00	1139.00	1139.00	1140.00	1140.00	1140.50	1141.00	1141.00	1141.50	1142.00	1142.00	1143.00	1143.00	1144.00	1144.00	1144.00	1144.00	1144.00	1145.00	1145.00	1145.50	1146.00	1147.00	1148.00	1148.50	1150.00	1151.00	1152.50	1154.00	1155.50	1157.00	1159.00	1159.00	1160.00	1161.00	1161.00	1161.00	1161.00	1160.00	1160.00	1160.00	1160.00	1160.00	1160.00	1160.00	1160.00	1160.00	1160.00	1160.00	1160.00	1160.00	1160.00	1160.00	1160.00	1160.00	1160.00	1159.00	1159.00	1158.50	1158.00	1158.00	1158.00	1157.50	1157.00	1157.00	1157.00	1156.00	1156.00	1156.00	1156.50	1157.00	1157.00	1157.00	1156.00	1156.00	1155.50	1154.00	1153.50	1152.50	1152.00	1151.00	1151.00	1150.00	1149.00	1148.50	1147.00	1146.50	1145.50	1144.00	1143.50	1143.00	1142.00	1141.50	1141.00	1141.00	1141.00	1141.50	1142.00
1182.50	1182.00	1182.00	1182.00	1182.00	1182.00	1182.00	1182.00	1182.00	1182.00	1181.00	1181.00	1181.00	1180.00	1179.50	1179.00	1178.50	1177.00	1175.50	1174.00	1173.00	1170.50	1169.50	1168.00	1166.00	1164.50	1163.00	1161.00	1159.50	1158.00	1156.50	1155.50	1154.50	1153.00	1152.50	1152.00	1151.00	1151.00	1151.00	1151.00	1151.00	1151.00	1151.00	1151.50	1152.00	1153.00	1153.50	1154.00	1155.00	1155.00	1155.00	1154.00	1154.00	1154.00	1153.50	1153.00	1153.00	1153.00	1153.00	1153.00	1153.00	1152.00	1152.00	1152.00	1152.00	1151.50	1151.00	1151.00	1150.50	1150.00	1149.50	1149.50	1150.00	1150.00	1150.00	1151.00	1152.00	1152.50	1153.50	1154.50	1156.00	1156.50	1158.00	1158.00	1158.50	1159.00	1159.00	1158.50	1158.00	1158.00	1156.50	1156.00	1155.00	1154.00	1153.50	1153.00	1152.00	1151.50	1151.00	1150.00	1150.00	1149.50	1148.50	1148.00	1147.00	1147.00	1146.00	1146.00	1146.00	1146.00	1146.00	1146.00	1146.00	1146.00	1146.00	1145.50	1145.00	1144.50	1143.50	1143.00	1142.00	1141.00	1140.50	1140.00	1139.00	1139.00	1138.50	1138.00	1138.00	1138.00	1138.00	1138.00	1138.00	1138.00	1138.00	1138.00	1138.00	1138.00	1138.00	1138.00	1138.00	1137.50	1137.00	1137.00	1137.00	1137.00	1137.00	1137.00	1137.00	1137.00	1137.00	1137.00	1137.00	1137.00	1137.50	1138.00	1138.00	1138.00	1139.00	1139.00	1139.00	1140.00	1140.00	1140.50	1141.00	1141.00	1141.50	1142.00	1142.00	1143.00	1143.00	1144.00	1144.00	1144.00	1144.00	1144.00	1145.00	1145.00	1145.50	1146.00	1147.00	1148.00	1148.50	1150.00	1151.00	1152.50	1154.00	1155.50	1157.00	1159.00	1159.00	1160.00	1161.00	1161.00	1161.00	1161.00	1160.00	1160.00	1160.00	1160.00	1160.00	1160.00	1160.00	1160.00	1160.00	1160.00	1160.00	1160.00	1160.00	1160.00	1160.00	1160.00	1160.00	1160.00	1159.00	1159.00	1158.50	1158.00	1158.00	1158.00	1157.50	1157.00	1157.00	1157.00	1156.00	1156.00	1156.00	1156.50	1157.00	1157.00	1157.00	1156.00	1156.00	1155.50	1154.00	1153.50	1152.50	1152.00	1151.00	1151.00	1150.00	1149.00	1148.50	1147.00	1146.50	1145.50	1144.00	1143.50	1143.00	1142.00	1141.50	1141.00	1141.00	1141.00	1141.50	1142.00
1190.00	1190.00	1190.00	1190.00	1190.00	1190.00	1189.50	1189.00	1189.00	1189.00	1188.00	1188.00	1188.00	1187.00	1186.50	1186.00	1185.50	1184.00	1182.50	1182.00	1181.00	1178.50	1177.50	1175.50	1173.50	1172.50	1171.00	1170.00	1167.50	1166.00	1164.00	1162.50	1161.50	1160.00	1158.50	1157.00	1157.00	1155.50	1154.50	1154.00	1154.00	1154.00	1154.00	1154.00	1154.00	1155.00	1155.00	1155.50	1156.00	1156.00	1156.00	1156.00	1156.00	1156.00	1156.00	1155.00	1155.00	1155.00	1155.00	1154.00	1154.00	1153.50	1153.00	1153.00	1152.00	1152.00	1151.00	1151.00	1150.00	1149.50	1148.50	1148.00	1147.50	1147.00	1147.00	1148.00	1149.00	1150.50	1151.50	1152.00	1153.00	1154.50	1157.00	1158.00	1159.50	1160.00	1160.00	1160.00	1160.00	1159.00	1158.50	1158.00	1157.00	1155.50	1155.00	1154.00	1153.00	1152.50	1152.00	1151.00	1150.50	1150.00	1149.00	1148.50	1148.00	1148.00	1147.00	1147.00	1147.00	1147.00	1147.00	1147.00	1148.00	1148.00	1148.00	1147.50	1147.00	1146.50	1145.50	1144.50	1144.00	1143.00	1141.50	1140.00	1139.50	1139.00	1138.50	1138.00	1137.00	1137.00	1137.00	1137.00	1137.00	1138.00	1138.00	1138.00	1138.00	1138.00	1138.00	1138.00	1138.00	1138.00	1138.00	1137.00	1137.00	1137.00	1137.00	1137.50	1138.00	1138.00	1138.00	1138.00	1138.00	1138.50	1139.00	1139.00	1139.00	1139.50	1140.00	1140.00	1140.00	1141.00	1142.00	1142.50	1143.00	1144.00	1144.50	1145.00	1146.00	1146.00	1146.50	1147.00	1147.00	1147.00	1147.00	1147.50	1148.00	1149.00	1149.50	1150.00	1150.50	1151.50	1152.50	1155.00	1156.00	1157.50	1160.00	1161.50	1163.00	1165.00	1165.00	1165.50	1166.00	1166.00	1166.00	1166.00	1167.00	1167.00	1167.00	1167.00	1167.00	1167.50	1168.00	1168.00	1168.50	1169.00	1169.00	1168.00	1167.00	1166.50	1166.00	1165.50	1164.00	1163.50	1162.00	1162.00	1160.50	1159.50	1157.50	1156.50	1155.50	1154.00	1154.00	1153.00	1152.00	1152.00	1152.00	1152.00	1152.00	1152.00	1152.00	1152.00	1153.00	1153.00	1153.00	1153.00	1152.50	1152.00	1151.00	1151.00	1150.00	1149.50	1149.00	1148.00	1147.50	1147.00	1146.00	1146.00	1145.50	1145.00	1145.00	1145.00	1145.00	1145.00	1146.50	1148.00
1190.00	1190.00	1190.00	1190.00	1190.00	1190.00	1189.50	1189.00	1189.00	1189.00	1188.00	1188.00	1188.00	1187.00	1186.50	1186.00	1185.50	1184.00	1182.50	1182.00	1181.00	1178.50	1177.50	1175.50	1173.50	1172.50	1171.00	1170.00	1167.50	1166.00	1164.00	1162.50	1161.50	1160.00	1158.50	1157.00	1157.00	1155.50	1154.50	1154.00	1154.00	1154.00	1154.00	1154.00	1154.00	1155.00	1155.00	1155.50	1156.00	1156.00	1156.00	1156.00	1156.00	1156.00	1156.00	1155.00	1155.00	1155.00	1155.00	1154.00	1154.00	1153.50	1153.00	1153.00	1152.00	1152.00	1151.00	1151.00	1150.00	1149.50	1148.50	1148.00	1147.50	1147.00	1147.00	1148.00	1149.00	1150.50	1151.50	1152.00	1153.00	1154.50	1157.00	1158.00	1159.50	1160.00	1160.00	1160.00	1160.00	1159.00	1158.50	1158.00	1157.00	1155.50	1155.00	1154.00	1153.00	1152.50	1152.00	1151.00	1150.50	1150.00	1149.00	1148.50	1148.00	1148.00	1147.00	1147.00	1147.00	1147.00	1147.00	1147.00	1148.00	1148.00	1148.00	1147.50	1147.00	1146.50	1145.50	1144.50	1144.00	1143.00	1141.50	1140.00	1139.50	1139.00	1138.50	1138.00	1137.00	1137.00	1137.00	1137.00	1137.00	1138.00	1138.00	1138.00	1138.00	1138.00	1138.00	1138.00	1138.00	1138.00	1138.00	1137.00	1137.00	1137.00	1137.00	1137.50	1138.00	1138.00	1138.00	1138.00	1138.00	1138.50	1139.00	1139.00	1139.00	1139.50	1140.00	1140.00	1140.00	1141.00	1142.00	1142.50	1143.00	1144.00	1144.50	1145.00	1146.00	1146.00	1146.50	1147.00	1147.00	1147.00	1147.00	1147.50	1148.00	1149.00	1149.50	1150.00	1150.50	1151.50	1152.50	1155.00	1156.00	1157.50	1160.00	1161.50	1163.00	1165.00	1165.00	1165.50	1166.00	1166.00	1166.00	1166.00	1167.00	1167.00	1167.00	1167.00	1167.00	1167.50	1168.00	1168.00	1168.50	1169.00	1169.00	1168.00	1167.00	1166.50	1166.00	1165.50	1164.00	1163.50	1162.00	1162.00	1160.50	1159.50	1157.50	1156.50	1155.50	1154.00	1154.00	1153.00	1152.00	1152.00	1152.00	1152.00	1152.00	1152.00	1152.00	1152.00	1153.00	1153.00	1153.00	1153.00	1152.50	1152.00	1151.00	1151.00	1150.00	1149.50	1149.00	1148.00	1147.50	1147.00	1146.00	1146.00	1145.50	1145.00	1145.00	1145.00	1145.00	1145.00	1146.50	1148.00
1190.00	1190.00	1190.00	1190.00	1190.00	1190.00	1189.50	1189.00	1189.00	1189.00	1188.00	1188.00	1188.00	1187.00	1186.50	1186.00	1185.50	1184.00	1182.50	1182.00	1181.00	1178.50	1177.50	1175.50	1173.50	1172.50	1171.00	1170.00	1167.50	1166.00	1164.00	1162.50	1161.50	1160.00	1158.50	1157.00	1157.00	1155.50	1154.50	1154.00	1154.00	1154.00	1154.00	1154.00	1154.00	1155.00	1155.00	1155.50	1156.00	1156.00	1156.00	1156.00	1156.00	1156.00	1156.00	1155.00	1155.00	1155.00	1155.00	1154.00	1154.00	1153.50	1153.00	1153.00	1152.00	1152.00	1151.00	1151.00	1150.00	1149.50	1148.50	1148.00	1147.50	1147.00	1147.00	1148.00	1149.00	1150.50	1151.50	1152.00	1153.00	1154.50	1157.00	1158.00	1159.50	1160.00	1160.00	1160.00	1160.00	1159.00	1158.50	1158.00	1157.00	1155.50	1155.00	1154.00	1153.00	1152.50	1152.00	1151.00	1150.50	1150.00	1149.00	1148.50	1148.00	1148.00	1147.00	1147.00	1147.00	1147.00	1147.00	1147.00	1148.00	1148.00	1148.00	1147.50	1147.00	1146.50	1145.50	1144.50	1144.00	1143.00	1141.50	1140.00	1139.50	1139.00	1138.50	1138.00	1137.00	1137.00	1137.00	1137.00	1137.00	1138.00	1138.00	1138.00	1138.00	1138.00	1138.00	1138.00	1138.00	1138.00	1138.00	1137.00	1137.00	1137.00	1137.00	1137.50	1138.00	1138.00	1138.00	1138.00	1138.00	1138.50	1139.00	1139.00	1139.00	1139.50	1140.00	1140.00	1140.00	1141.00	1142.00	1142.50	1143.00	1144.00	1144.50	1145.00	1146.00	1146.00	1146.50	1147.00	1147.00	1147.00	1147.00	1147.50	1148.00	1149.00	1149.50	1150.00	1150.50	1151.50	1152.50	1155.00	1156.00	1157.50	1160.00	1161.50	1163.00	1165.00	1165.00	1165.50	1166.00	1166.00	1166.00	1166.00	1167.00	1167.00	1167.00	1167.00	1167.00	1167.50	1168.00	1168.00	1168.50	1169.00	1169.00	1168.00	1167.00	1166.50	1166.00	1165.50	1164.00	1163.50	1162.00	1162.00	1160.50	1159.50	1157.50	1156.50	1155.50	1154.00	1154.00	1153.00	1152.00	1152.00	1152.00	1152.00	1152.00	1152.00	1152.00	1152.00	1153.00	1153.00	1153.00	1153.00	1152.50	1152.00	1151.00	1151.00	1150.00	1149.50	1149.00	1148.00	1147.50	1147.00	1146.00	1146.00	1145.50	1145.00	1145.00	1145.00	1145.00	1145.00	1146.50	1148.00
1194.25	1194.00	1194.00	1194.00	1194.00	1194.00	1193.50	1193.00	1193.00	1192.75	1192.00	1191.50	1191.25	1190.50	1189.50	1189.00	1188.50	1187.00	1185.50	1185.00	1184.00	1182.00	1181.00	1179.25	1177.50	1176.50	1175.00	1173.50	1171.50	1169.50	1167.75	1166.50	1165.25	1163.50	1162.00	1160.50	1160.00	1158.50	1157.50	1156.75	1156.50	1156.25	1156.00	1156.00	1155.75	1156.50	1156.50	1157.00	1157.50	1157.50	1157.50	1157.50	1157.25	1157.50	1157.50	1157.00	1156.75	1156.50	1156.50	1155.75	1155.50	1154.75	1154.50	1154.25	1153.50	1152.75	1152.00	1151.50	1150.50	1150.00	1148.75	1148.00	1147.50	1146.50	1147.00	1147.75	1149.00	1150.00	1151.00	1151.75	1153.00	1154.50	1156.50	1157.50	1159.00	1159.50	1160.00	1160.00	1160.00	1159.50	1159.00	1158.50	1157.50	1156.00	1155.50	1154.50	1153.50	1153.00	1152.00	1151.25	1150.50	1150.00	1149.00	1148.50	1148.00	1147.50	1147.00	1147.00	1147.00	1147.00	1147.25	1147.50	1148.00	1148.50	1148.50	1148.25	1148.00	1147.50	1146.50	1145.75	1145.00	1144.00	1142.50	1141.00	1140.50	1140.00	1139.50	1138.50	1138.00	1138.00	1138.00	1138.00	1138.00	1138.50	1138.50	1138.50	1138.50	1138.50	1138.50	1138.50	1138.50	1138.50	1138.00	1137.50	1137.50	1137.00	1137.50	1137.75	1138.00	1138.25	1138.50	1138.50	1138.50	1139.25	1139.50	1140.00	1140.00	1140.50	1141.00	1141.50	1142.00	1142.50	1143.75	1144.50	1145.25	1146.25	1147.00	1148.00	1148.50	1149.00	1149.25	1150.00	1150.00	1150.00	1150.00	1150.50	1151.00	1151.50	1152.25	1152.50	1153.00	1154.00	1155.00	1157.00	1158.00	1160.00	1162.00	1163.50	1164.75	1166.50	1166.50	1167.25	1168.00	1168.25	1168.50	1168.50	1169.00	1169.25	1169.50	1169.50	1169.50	1170.00	1170.75	1171.00	1171.25	1172.00	1172.00	1171.50	1171.00	1170.00	1169.25	1168.50	1166.75	1166.00	1164.00	1163.50	1161.75	1160.50	1157.50	1155.75	1154.25	1152.00	1151.50	1150.00	1149.00	1149.00	1149.00	1149.25	1149.50	1149.75	1150.50	1150.50	1151.75	1152.00	1152.75	1153.00	1152.75	1152.50	1152.00	1152.00	1152.00	1151.75	1151.50	1151.00	1150.75	1150.50	1150.00	1150.00	1149.75	1149.50	1149.50	1149.50	1150.00	1150.00	1151.50	1153.00
1198.50	1198.00	1198.00	1198.00	1198.00	1198.00	1197.50	1197.00	1197.00	1196.50	1196.00	1195.00	1194.50	1194.00	1192.50	1192.00	1191.50	1190.00	1188.50	1188.00	1187.00	1185.50	1184.50	1183.00	1181.50	1180.50	1179.00	1177.00	1175.50	1173.00	1171.50	1170.50	1169.00	1167.00	1165.50	1164.00	1163.00	1161.50	1160.50	1159.50	1159.00	1158.50	1158.00	1158.00	1157.50	1158.00	1158.00	1158.50	1159.00	1159.00	1159.00	1159.00	1158.50	1159.00	1159.00	1159.00	1158.50	1158.00	1158.00	1157.50	1157.00	1156.00	1156.00	1155.50	1155.00	1153.50	1153.00	1152.00	1151.00	1150.50	1149.00	1148.00	1147.50	1146.00	1147.00	1147.50	1149.00	1149.50	1150.50	1151.50	1153.00	1154.50	1156.00	1157.00	1158.50	1159.00	1160.00	1160.00	1160.00	1160.00	1159.50	1159.00	1158.00	1156.50	1156.00	1155.00	1154.00	1153.50	1152.00	1151.50	1150.50	1150.00	1149.00	1148.50	1148.00	1147.00	1147.00	1147.00	1147.00	1147.00	1147.50	1148.00	1148.00	1149.00	1149.00	1149.00	1149.00	1148.50	1147.50	1147.00	1146.00	1145.00	1143.50	1142.00	1141.50	1141.00	1140.50	1139.00	1139.00	1139.00	1139.00	1139.00	1139.00	1139.00	1139.00	1139.00	1139.00	1139.00	1139.00	1139.00	1139.00	1139.00	1138.00	1138.00	1138.00	1137.00	1138.00	1138.00	1138.00	1138.50	1139.00	1139.00	1139.00	1140.00	1140.00	1141.00	1141.00	1141.50	1142.00	1143.00	1144.00	1144.00	1145.50	1146.50	1147.50	1148.50	1149.50	1151.00	1151.00	1152.00	1152.00	1153.00	1153.00	1153.00	1153.00	1153.50	1154.00	1154.00	1155.00	1155.00	1155.50	1156.50	1157.50	1159.00	1160.00	1162.50	1164.00	1165.50	1166.50	1168.00	1168.00	1169.00	1170.00	1170.50	1171.00	1171.00	1171.00	1171.50	1172.00	1172.00	1172.00	1172.50	1173.50	1174.00	1174.00	1175.00	1175.00	1175.00	1175.00	1173.50	1172.50	1171.50	1169.50	1168.50	1166.00	1165.00	1163.00	1161.50	1157.50	1155.00	1153.00	1150.00	1149.00	1147.00	1146.00	1146.00	1146.00	1146.50	1147.00	1147.50	1149.00	1149.00	1150.50	1151.00	1152.50	1153.00	1153.00	1153.00	1153.00	1153.00	1154.00	1154.00	1154.00	1154.00	1154.00	1154.00	1154.00	1154.00	1154.00	1154.00	1154.00	1154.00	1155.00	1155.00	1156.50	1158.00
1198.50	1198.00	1198.00	1198.00	1198.00	1198.00	1197.50	1197.00	1197.00	1196.50	1196.00	1195.00	1194.50	1194.00	1192.50	1192.00	1191.50	1190.00	1188.50	1188.00	1187.00	1185.50	1184.50	1183.00	1181.50	1180.50	1179.00	1177.00	1175.50	1173.00	1171.50	1170.50	1169.00	1167.00	1165.50	1164.00	1163.00	1161.50	1160.50	1159.50	1159.00	1158.50	1158.00	1158.00	1157.50	1158.00	1158.00	1158.50	1159.00	1159.00	1159.00	1159.00	1158.50	1159.00	1159.00	1159.00	1158.50	1158.00	1158.00	1157.50	1157.00	1156.00	1156.00	1155.50	1155.00	1153.50	1153.00	1152.00	1151.00	1150.50	1149.00	1148.00	1147.50	1146.00	1147.00	1147.50	1149.00	1149.50	1150.50	1151.50	1153.00	1154.50	1156.00	1157.00	1158.50	1159.00	1160.00	1160.00	1160.00	1160.00	1159.50	1159.00	1158.00	1156.50	1156.00	1155.00	1154.00	1153.50	1152.00	1151.50	1150.50	1150.00	1149.00	1148.50	1148.00	1147.00	1147.00	1147.00	1147.00	1147.00	1147.50	1148.00	1148.00	1149.00	1149.00	1149.00	1149.00	1148.50	1147.50	1147.00	1146.00	1145.00	1143.50	1142.00	1141.50	1141.00	1140.50	1139.00	1139.00	1139.00	1139.00	1139.00	1139.00	1139.00	1139.00	1139.00	1139.00	1139.00	1139.00	1139.00	1139.00	1139.00	1138.00	1138.00	1138.00	1137.00	1138.00	1138.00	1138.00	1138.50	1139.00	1139.00	1139.00	1140.00	1140.00	1141.00	1141.00	1141.50	1142.00	1143.00	1144.00	1144.00	1145.50	1146.50	1147.50	1148.50	1149.50	1151.00	1151.00	1152.00	1152.00	1153.00	1153.00	1153.00	1153.00	1153.50	1154.00	1154.00	1155.00	1155.00	1155.50	1156.50	1157.50	1159.00	1160.00	1162.50	1164.00	1165.50	1166.50	1168.00	1168.00	1169.00	1170.00	1170.50	1171.00	1171.00	1171.00	1171.50	1172.00	1172.00	1172.00	1172.50	1173.50	1174.00	1174.00	1175.00	1175.00	1175.00	1175.00	1173.50	1172.50	1171.50	1169.50	1168.50	1166.00	1165.00	1163.00	1161.50	1157.50	1155.00	1153.00	1150.00	1149.00	1147.00	1146.00	1146.00	1146.00	1146.50	1147.00	1147.50	1149.00	1149.00	1150.50	1151.00	1152.50	1153.00	1153.00	1153.00	1153.00	1153.00	1154.00	1154.00	1154.00	1154.00	1154.00	1154.00	1154.00	1154.00	1154.00	1154.00	1154.00	1154.00	1155.00	1155.00	1156.50	1158.00
1198.50	1198.00	1198.00	1198.00	1198.00	1198.00	1197.50	1197.00	1197.00	1196.50	1196.00	1195.00	1194.50	1194.00	1192.50	1192.00	1191.50	1190.00	1188.50	1188.00	1187.00	1185.50	1184.50	1183.00	1181.50	1180.50	1179.00	1177.00	1175.50	1173.00	1171.50	1170.50	1169.00	1167.00	1165.50	1164.00	1163.00	1161.50	1160.50	1159.50	1159.00	1158.50	1158.00	1158.00	1157.50	1158.00	1158.00	1158.50	1159.00	1159.00	1159.00	1159.00	1158.50	1159.00	1159.00	1159.00	1158.50	1158.00	1158.00	1157.50	1157.00	1156.00	1156.00	1155.50	1155.00	1153.50	1153.00	1152.00	1151.00	1150.50	1149.00	1148.00	1147.50	1146.00	1147.00	1147.50	1149.00	1149.50	1150.50	1151.50	1153.00	1154.50	1156.00	1157.00	1158.50	1159.00	1160.00	1160.00	1160.00	1160.00	1159.50	1159.00	1158.00	1156.50	1156.00	1155.00	1154.00	1153.50	1152.00	1151.50	1150.50	1150.00	1149.00	1148.50	1148.00	1147.00	1147.00	1147.00	1147.00	1147.00	1147.50	1148.00	1148.00	1149.00	1149.00	1149.00	1149.00	1148.50	1147.50	1147.00	1146.00	1145.00	1143.50	1142.00	1141.50	1141.00	1140.50	1139.00	1139.00	1139.00	1139.00	1139.00	1139.00	1139.00	1139.00	1139.00	1139.00	1139.00	1139.00	1139.00	1139.00	1139.00	1138.00	1138.00	1138.00	1137.00	1138.00	1138.00	1138.00	1138.50	1139.00	1139.00	1139.00	1140.00	1140.00	1141.00	1141.00	1141.50	1142.00	1143.00	1144.00	1144.00	1145.50	1146.50	1147.50	1148.50	1149.50	1151.00	1151.00	1152.00	1152.00	1153.00	1153.00	1153.00	1153.00	1153.50	1154.00	1154.00	1155.00	1155.00	1155.50	1156.50	1157.50	1159.00	1160.00	1162.50	1164.00	1165.50	1166.50	1168.00	1168.00	1169.00	1170.00	1170.50	1171.00	1171.00	1171.00	1171.50	1172.00	1172.00	1172.00	1172.50	1173.50	1174.00	1174.00	1175.00	1175.00	1175.00	1175.00	1173.50	1172.50	1171.50	1169.50	1168.50	1166.00	1165.00	1163.00	1161.50	1157.50	1155.00	1153.00	1150.00	1149.00	1147.00	1146.00	1146.00	1146.00	1146.50	1147.00	1147.50	1149.00	1149.00	1150.50	1151.00	1152.50	1153.00	1153.00	1153.00	1153.00	1153.00	1154.00	1154.00	1154.00	1154.00	1154.00	1154.00	1154.00	1154.00	1154.00	1154.00	1154.00	1154.00	1155.00	1155.00	1156.50	1158.00
1208.00	1207.00	1207.00	1207.00	1206.00	1206.00	1205.50	1205.00	1204.50	1203.50	1202.00	1202.00	1200.50	1200.00	1198.50	1198.00	1197.50	1196.00	1194.50	1194.00	1193.00	1191.50	1190.50	1189.00	1187.50	1186.50	1185.00	1184.00	1182.50	1180.00	1178.50	1177.50	1176.50	1174.00	1172.50	1171.00	1170.00	1168.50	1167.50	1165.50	1164.50	1164.00	1163.00	1162.50	1162.00	1162.00	1162.00	1162.00	1162.00	1162.00	1162.00	1162.00	1162.00	1162.00	1162.00	1162.00	1162.00	1162.00	1162.00	1161.50	1161.00	1160.00	1159.50	1159.00	1158.00	1157.50	1156.00	1155.00	1153.50	1152.50	1151.50	1151.00	1150.50	1150.00	1150.00	1150.00	1150.00	1150.50	1151.50	1152.50	1154.00	1154.50	1156.00	1157.00	1158.00	1158.50	1159.50	1160.00	1160.00	1159.00	1159.00	1158.50	1157.00	1156.50	1155.50	1154.00	1154.00	1153.00	1152.00	1151.00	1150.50	1149.50	1148.50	1148.00	1148.00	1147.00	1147.00	1147.00	1147.00	1147.00	1147.50	1148.00	1149.00	1149.00	1150.00	1150.00	1150.00	1150.00	1149.50	1149.00	1148.00	1148.00	1146.50	1146.00	1145.00	1144.50	1143.50	1143.00	1142.50	1142.00	1142.00	1142.00	1142.00	1142.00	1142.00	1142.00	1142.00	1142.00	1142.00	1141.00	1140.50	1140.00	1140.00	1139.00	1139.00	1139.00	1139.00	1139.00	1139.00	1140.00	1140.00	1141.00	1141.00	1142.00	1142.00	1143.00	1143.50	1144.00	1144.00	1145.00	1146.00	1147.00	1148.50	1149.50	1150.50	1152.00	1152.50	1155.00	1156.00	1157.50	1158.50	1159.50	1160.00	1160.00	1160.00	1160.00	1160.00	1160.00	1160.00	1160.50	1161.00	1161.50	1162.50	1164.00	1165.00	1165.50	1167.00	1168.50	1169.00	1169.00	1169.00	1170.00	1170.00	1171.50	1172.00	1172.50	1173.50	1174.00	1175.00	1175.00	1175.50	1176.00	1177.00	1177.50	1178.00	1179.00	1179.00	1179.00	1179.00	1179.00	1179.00	1178.50	1177.50	1176.50	1172.00	1168.00	1162.00	1158.50	1152.50	1149.50	1146.50	1144.00	1143.00	1141.00	1141.00	1141.00	1141.00	1141.50	1143.00	1144.50	1146.00	1147.00	1149.50	1150.50	1153.50	1154.50	1155.50	1157.00	1157.50	1159.00	1160.00	1161.50	1162.00	1163.50	1164.00	1164.50	1165.00	1165.50	1166.00	1166.00	1167.50	1168.50	1170.00	1171.00	1171.50	1173.00
1208.00	1207.00	1207.00	1207.00	1206.00	1206.00	1205.50	1205.00	1204.50	1203.50	1202.00	1202.00	1200.50	1200.00	1198.50	1198.00	1197.50	1196.00	1194.50	1194.00	1193.00	1191.50	1190.50	1189.00	1187.50	1186.50	1185.00	1184.00	1182.50	1180.00	1178.50	1177.50	1176.50	1174.00	1172.50	1171.00	1170.00	1168.50	1167.50	1165.50	1164.50	1164.00	1163.00	1162.50	1162.00	1162.00	1162.00	1162.00	1162.00	1162.00	1162.00	1162.00	1162.00	1162.00	1162.00	1162.00	1162.00	1162.00	1162.00	1161.50	1161.00	1160.00	1159.50	1159.00	1158.00	1157.50	1156.00	1155.00	1153.50	1152.50	1151.50	1151.00	1150.50	1150.00	1150.00	1150.00	1150.00	1150.50	1151.50	1152.50	1154.00	1154.50	1156.00	1157.00	1158.00	1158.50	1159.50	1160.00	1160.00	1159.00	1159.00	1158.50	1157.00	1156.50	1155.50	1154.00	1154.00	1153.00	1152.00	1151.00	1150.50	1149.50	1148.50	1148.00	1148.00	1147.00	1147.00	1147.00	1147.00	1147.00	1147.50	1148.00	1149.00	1149.00	1150.00	1150.00	1150.00	1150.00	1149.50	1149.00	1148.00	1148.00	1146.50	1146.00	1145.00	1144.50	1143.50	1143.00	1142.50	1142.00	1142.00	1142.00	1142.00	1142.00	1142.00	1142.00	1142.00	1142.00	1142.00	1141.00	1140.50	1140.00	1140.00	1139.00	1139.00	1139.00	1139.00	1139.00	1139.00	1140.00	1140.00	1141.00	1141.00	1142.00	1142.00	1143.00	1143.50	1144.00	1144.00	1145.00	1146.00	1147.00	1148.50	1149.50	1150.50	1152.00	1152.50	1155.00	1156.00	1157.50	1158.50	1159.50	1160.00	1160.00	1160.00	1160.00	1160.00	1160.00	1160.00	1160.50	1161.00	1161.50	1162.50	1164.00	1165.00	1165.50	1167.00	1168.50	1169.00	1169.00	1169.00	1170.00	1170.00	1171.50	1172.00	1172.50	1173.50	1174.00	1175.00	1175.00	1175.50	1176.00	1177.00	1177.50	1178.00	1179.00	1179.00	1179.00	1179.00	1179.00	1179.00	1178.50	1177.50	1176.50	1172.00	1168.00	1162.00	1158.50	1152.50	1149.50	1146.50	1144.00	1143.00	1141.00	1141.00	1141.00	1141.00	1141.50	1143.00	1144.50	1146.00	1147.00	1149.50	1150.50	1153.50	1154.50	1155.50	1157.00	1157.50	1159.00	1160.00	1161.50	1162.00	1163.50	1164.00	1164.50	1165.00	1165.50	1166.00	1166.00	1167.50	1168.50	1170.00	1171.00	1171.50	1173.00
1208.00	1207.00	1207.00	1207.00	1206.00	1206.00	1205.50	1205.00	1204.50	1203.50	1202.00	1202.00	1200.50	1200.00	1198.50	1198.00	1197.50	1196.00	1194.50	1194.00	1193.00	1191.50	1190.50	1189.00	1187.50	1186.50	1185.00	1184.00	1182.50	1180.00	1178.50	1177.50	1176.50	1174.00	1172.50	1171.00	1170.00	1168.50	1167.50	1165.50	1164.50	1164.00	1163.00	1162.50	1162.00	1162.00	1162.00	1162.00	1162.00	1162.00	1162.00	1162.00	1162.00	1162.00	1162.00	1162.00	1162.00	1162.00	1162.00	1161.50	1161.00	1160.00	1159.50	1159.00	1158.00	1157.50	1156.00	1155.00	1153.50	1152.50	1151.50	1151.00	1150.50	1150.00	1150.00	1150.00	1150.00	1150.50	1151.50	1152.50	1154.00	1154.50	1156.00	1157.00	1158.00	1158.50	1159.50	1160.00	1160.00	1159.00	1159.00	1158.50	1157.00	1156.50	1155.50	1154.00	1154.00	1153.00	1152.00	1151.00	1150.50	1149.50	1148.50	1148.00	1148.00	1147.00	1147.00	1147.00	1147.00	1147.00	1147.50	1148.00	1149.00	1149.00	1150.00	1150.00	1150.00	1150.00	1149.50	1149.00	1148.00	1148.00	1146.50	1146.00	1145.00	1144.50	1143.50	1143.00	1142.50	1142.00	1142.00	1142.00	1142.00	1142.00	1142.00	1142.00	1142.00	1142.00	1142.00	1141.00	1140.50	1140.00	1140.00	1139.00	1139.00	1139.00	1139.00	1139.00	1139.00	1140.00	1140.00	1141.00	1141.00	1142.00	1142.00	1143.00	1143.50	1144.00	1144.00	1145.00	1146.00	1147.00	1148.50	1149.50	1150.50	1152.00	1152.50	1155.00	1156.00	1157.50	1158.50	1159.50	1160.00	1160.00	1160.00	1160.00	1160.00	1160.00	1160.00	1160.50	1161.00	1161.50	1162.50	1164.00	1165.00	1165.50	1167.00	1168.50	1169.00	1169.00	1169.00	1170.00	1170.00	1171.50	1172.00	1172.50	1173.50	1174.00	1175.00	1175.00	1175.50	1176.00	1177.00	1177.50	1178.00	1179.00	1179.00	1179.00	1179.00	1179.00	1179.00	1178.50	1177.50	1176.50	1172.00	1168.00	1162.00	1158.50	1152.50	1149.50	1146.50	1144.00	1143.00	1141.00	1141.00	1141.00	1141.00	1141.50	1143.00	1144.50	1146.00	1147.00	1149.50	1150.50	1153.50	1154.50	1155.50	1157.00	1157.50	1159.00	1160.00	1161.50	1162.00	1163.50	1164.00	1164.50	1165.00	1165.50	1166.00	1166.00	1167.50	1168.50	1170.00	1171.00	1171.50	1173.00
1215.50	1215.00	1214.50	1214.00	1213.00	1212.50	1212.00	1211.50	1210.50	1209.50	1208.00	1208.00	1206.50	1205.00	1203.50	1203.00	1202.50	1201.00	1199.50	1199.00	1198.00	1196.50	1195.50	1194.50	1193.50	1192.50	1191.00	1190.00	1188.50	1187.00	1185.50	1184.50	1183.50	1182.00	1180.00	1178.00	1177.00	1175.50	1174.50	1173.50	1172.50	1172.00	1171.00	1170.00	1169.50	1169.00	1168.00	1168.00	1168.00	1167.00	1167.00	1167.00	1167.00	1167.00	1167.00	1166.00	1166.00	1166.00	1166.00	1165.00	1165.00	1164.50	1164.00	1163.50	1163.00	1161.50	1161.00	1160.00	1158.50	1157.50	1156.50	1156.00	1155.50	1155.00	1154.00	1154.00	1154.00	1154.50	1155.00	1155.00	1156.00	1157.00	1158.00	1158.00	1159.00	1159.00	1159.50	1159.50	1159.00	1159.00	1158.00	1157.50	1156.00	1154.50	1154.00	1153.00	1152.00	1151.50	1151.00	1149.50	1149.00	1148.50	1147.50	1147.00	1146.00	1146.00	1146.00	1146.00	1146.00	1146.50	1147.00	1148.00	1148.00	1149.00	1149.00	1150.00	1150.50	1151.00	1151.00	1151.00	1151.00	1151.00	1150.00	1150.00	1149.00	1148.50	1148.00	1147.00	1147.00	1147.00	1147.00	1146.50	1146.00	1146.00	1145.50	1145.00	1145.00	1144.50	1144.00	1143.00	1142.50	1142.00	1141.00	1141.00	1141.00	1141.00	1141.00	1141.00	1141.00	1141.50	1142.00	1142.00	1142.00	1143.00	1143.00	1144.00	1144.50	1145.00	1145.00	1146.00	1148.00	1149.00	1150.50	1151.50	1152.50	1154.50	1155.50	1158.00	1159.00	1161.50	1162.50	1164.00	1164.50	1165.00	1165.00	1165.00	1165.00	1165.00	1165.00	1165.00	1165.50	1166.00	1166.00	1167.00	1167.00	1167.00	1167.00	1167.00	1167.50	1168.00	1168.00	1169.00	1170.00	1171.00	1171.50	1172.50	1173.50	1174.50	1175.00	1176.00	1177.00	1177.50	1179.00	1179.50	1180.00	1181.00	1181.00	1181.00	1181.00	1180.00	1179.50	1179.00	1178.00	1176.50	1171.00	1167.00	1160.50	1157.00	1152.00	1149.50	1147.00	1144.00	1143.00	1139.00	1139.00	1139.00	1139.50	1140.00	1142.50	1143.50	1146.00	1147.00	1150.00	1152.00	1156.00	1158.00	1159.50	1162.00	1164.00	1166.00	1167.00	1169.50	1170.50	1173.50	1174.50	1175.50	1177.00	1178.50	1179.50	1181.00	1182.00	1182.50	1184.00	1185.00	1185.50	1186.00
1215.50	1215.00	1214.50	1214.00	1213.00	1212.50	1212.00	1211.50	1210.50	1209.50	1208.00	1208.00	1206.50	1205.00	1203.50	1203.00	1202.50	1201.00	1199.50	1199.00	1198.00	1196.50	1195.50	1194.50	1193.50	1192.50	1191.00	1190.00	1188.50	1187.00	1185.50	1184.50	1183.50	1182.00	1180.00	1178.00	1177.00	1175.50	1174.50	1173.50	1172.50	1172.00	1171.00	1170.00	1169.50	1169.00	1168.00	1168.00	1168.00	1167.00	1167.00	1167.00	1167.00	1167.00	1167.00	1166.00	1166.00	1166.00	1166.00	1165.00	1165.00	1164.50	1164.00	1163.50	1163.00	1161.50	1161.00	1160.00	1158.50	1157.50	1156.50	1156.00	1155.50	1155.00	1154.00	1154.00	1154.00	1154.50	1155.00	1155.00	1156.00	1157.00	1158.00	1158.00	1159.00	1159.00	1159.50	1159.50	1159.00	1159.00	1158.00	1157.50	1156.00	1154.50	1154.00	1153.00	1152.00	1151.50	1151.00	1149.50	1149.00	1148.50	1147.50	1147.00	1146.00	1146.00	1146.00	1146.00	1146.00	1146.50	1147.00	1148.00	1148.00	1149.00	1149.00	1150.00	1150.50	1151.00	1151.00	1151.00	1151.00	1151.00	1150.00	1150.00	1149.00	1148.50	1148.00	1147.00	1147.00	1147.00	1147.00	1146.50	1146.00	1146.00	1145.50	1145.00	1145.00	1144.50	1144.00	1143.00	1142.50	1142.00	1141.00	1141.00	1141.00	1141.00	1141.00	1141.00	1141.00	1141.50	1142.00	1142.00	1142.00	1143.00	1143.00	1144.00	1144.50	1145.00	1145.00	1146.00	1148.00	1149.00	1150.50	1151.50	1152.50	1154.50	1155.50	1158.00	1159.00	1161.50	1162.50	1164.00	1164.50	1165.00	1165.00	1165.00	1165.00	1165.00	1165.00	1165.00	1165.50	1166.00	1166.00	1167.00	1167.00	1167.00	1167.00	1167.00	1167.50	1168.00	1168.00	1169.00	1170.00	1171.00	1171.50	1172.50	1173.50	1174.50	1175.00	1176.00	1177.00	1177.50	1179.00	1179.50	1180.00	1181.00	1181.00	1181.00	1181.00	1180.00	1179.50	1179.00	1178.00	1176.50	1171.00	1167.00	1160.50	1157.00	1152.00	1149.50	1147.00	1144.00	1143.00	1139.00	1139.00	1139.00	1139.50	1140.00	1142.50	1143.50	1146.00	1147.00	1150.00	1152.00	1156.00	1158.00	1159.50	1162.00	1164.00	1166.00	1167.00	1169.50	1170.50	1173.50	1174.50	1175.50	1177.00	1178.50	1179.50	1181.00	1182.00	1182.50	1184.00	1185.00	1185.50	1186.00
1215.50	1215.00	1214.50	1214.00	1213.00	1212.50	1212.00	1211.50	1210.50	1209.50	1208.00	1208.00	1206.50	1205.00	1203.50	1203.00	1202.50	1201.00	1199.50	1199.00	1198.00	1196.50	1195.50	1194.50	1193.50	1192.50	1191.00	1190.00	1188.50	1187.00	1185.50	1184.50	1183.50	1182.00	1180.00	1178.00	1177.00	1175.50	1174.50	1173.50	1172.50	1172.00	1171.00	1170.00	1169.50	1169.00	1168.00	1168.00	1168.00	1167.00	1167.00	1167.00	1167.00	1167.00	1167.00	1166.00	1166.00	1166.00	1166.00	1165.00	1165.00	1164.50	1164.00	1163.50	1163.00	1161.50	1161.00	1160.00	1158.50	1157.50	1156.50	1156.00	1155.50	1155.00	1154.00	1154.00	1154.00	1154.50	1155.00	1155.00	1156.00	1157.00	1158.00	1158.00	1159.00	1159.00	1159.50	1159.50	1159.00	1159.00	1158.00	1157.50	1156.00	1154.50	1154.00	1153.00	1152.00	1151.50	1151.00	1149.50	1149.00	1148.50	1147.50	1147.00	1146.00	1146.00	1146.00	1146.00	1146.00	1146.50	1147.00	1148.00	1148.00	1149.00	1149.00	1150.00	1150.50	1151.00	1151.00	1151.00	1151.00	1151.00	1150.00	1150.00	1149.00	1148.50	1148.00	1147.00	1147.00	1147.00	1147.00	1146.50	1146.00	1146.00	1145.50	1145.00	1145.00	1144.50	1144.00	1143.00	1142.50	1142.00	1141.00	1141.00	1141.00	1141.00	1141.00	1141.00	1141.00	1141.50	1142.00	1142.00	1142.00	1143.00	1143.00	1144.00	1144.50	1145.00	1145.00	1146.00	1148.00	1149.00	1150.50	1151.50	1152.50	1154.50	1155.50	1158.00	1159.00	1161.50	1162.50	1164.00	1164.50	1165.00	1165.00	1165.00	1165.00	1165.00	1165.00	1165.00	1165.50	1166.00	1166.00	1167.00	1167.00	1167.00	1167.00	1167.00	1167.50	1168.00	1168.00	1169.00	1170.00	1171.00	1171.50	1172.50	1173.50	1174.50	1175.00	1176.00	1177.00	1177.50	1179.00	1179.50	1180.00	1181.00	1181.00	1181.00	1181.00	1180.00	1179.50	1179.00	1178.00	1176.50	1171.00	1167.00	1160.50	1157.00	1152.00	1149.50	1147.00	1144.00	1143.00	1139.00	1139.00	1139.00	1139.50	1140.00	1142.50	1143.50	1146.00	1147.00	1150.00	1152.00	1156.00	1158.00	1159.50	1162.00	1164.00	1166.00	1167.00	1169.50	1170.50	1173.50	1174.50	1175.50	1177.00	1178.50	1179.50	1181.00	1182.00	1182.50	1184.00	1185.00	1185.50	1186.00
1218.50	1218.00	1217.25	1216.50	1216.00	1215.25	1214.75	1213.75	1212.75	1212.00	1210.50	1210.00	1209.00	1207.50	1206.00	1205.25	1204.50	1203.00	1201.75	1201.00	1200.50	1199.00	1198.00	1197.00	1196.00	1195.00	1193.50	1193.00	1191.50	1190.50	1189.00	1188.00	1187.00	1186.00	1184.25	1182.50	1181.50	1180.00	1179.00	1178.00	1177.00	1176.25	1175.00	1174.00	1173.50	1173.00	1172.00	1171.75	1171.50	1170.50	1170.00	1170.00	1170.00	1169.75	1169.50	1168.75	1168.50	1168.00	1168.00	1167.25	1167.00	1166.75	1166.25	1165.75	1165.50	1164.25	1163.50	1162.50	1161.50	1160.75	1159.75	1159.00	1158.50	1158.00	1157.00	1156.50	1156.50	1156.75	1157.00	1157.00	1157.50	1158.00	1159.00	1159.00	1159.25	1159.00	1159.25	1159.25	1158.75	1158.50	1157.25	1156.75	1155.50	1154.00	1153.25	1152.50	1151.50	1151.00	1150.00	1149.00	1148.50	1148.00	1147.00	1146.50	1145.50	1145.50	1145.50	1145.50	1145.50	1145.75	1146.00	1146.50	1147.00	1148.00	1148.00	1149.00	1149.50	1150.00	1150.25	1150.50	1150.50	1151.00	1150.50	1150.50	1150.00	1149.75	1149.50	1149.00	1149.00	1148.50	1148.50	1148.25	1148.00	1147.50	1147.25	1146.75	1146.50	1145.75	1145.25	1144.50	1143.50	1143.00	1142.50	1142.00	1142.00	1142.00	1141.75	1141.50	1141.50	1142.25	1142.50	1142.50	1142.50	1143.50	1143.75	1144.75	1145.25	1145.75	1146.00	1147.00	1149.00	1150.00	1151.25	1152.50	1153.50	1155.50	1156.75	1159.00	1160.00	1162.25	1163.50	1165.25	1166.00	1166.50	1166.50	1166.50	1166.50	1166.50	1167.00	1167.00	1167.25	1167.50	1167.25	1167.50	1167.50	1167.50	1167.50	1167.50	1167.75	1168.00	1168.50	1169.00	1170.00	1170.75	1171.25	1172.00	1173.00	1174.00	1174.50	1175.50	1176.75	1177.50	1179.00	1179.50	1180.25	1181.50	1181.50	1181.50	1182.00	1181.25	1180.25	1179.25	1177.25	1176.25	1173.00	1171.00	1166.50	1162.75	1155.50	1152.00	1149.00	1146.00	1144.50	1141.00	1140.50	1140.50	1140.75	1141.00	1143.50	1144.75	1147.00	1148.50	1151.50	1153.50	1157.50	1159.50	1161.50	1164.50	1166.75	1169.00	1170.50	1173.00	1174.25	1177.75	1179.00	1180.25	1182.00	1183.75	1185.00	1186.50	1187.50	1188.00	1189.00	1190.00	1190.75	1191.50
1221.50	1221.00	1220.00	1219.00	1219.00	1218.00	1217.50	1216.00	1215.00	1214.50	1213.00	1212.00	1211.50	1210.00	1208.50	1207.50	1206.50	1205.00	1204.00	1203.00	1203.00	1201.50	1200.50	1199.50	1198.50	1197.50	1196.00	1196.00	1194.50	1194.00	1192.50	1191.50	1190.50	1190.00	1188.50	1187.00	1186.00	1184.50	1183.50	1182.50	1181.50	1180.50	1179.00	1178.00	1177.50	1177.00	1176.00	1175.50	1175.00	1174.00	1173.00	1173.00	1173.00	1172.50	1172.00	1171.50	1171.00	1170.00	1170.00	1169.50	1169.00	1169.00	1168.50	1168.00	1168.00	1167.00	1166.00	1165.00	1164.50	1164.00	1163.00	1162.00	1161.50	1161.00	1160.00	1159.00	1159.00	1159.00	1159.00	1159.00	1159.00	1159.00	1160.00	1160.00	1159.50	1159.00	1159.00	1159.00	1158.50	1158.00	1156.50	1156.00	1155.00	1153.50	1152.50	1152.00	1151.00	1150.50	1149.00	1148.50	1148.00	1147.50	1146.50	1146.00	1145.00	1145.00	1145.00	1145.00	1145.00	1145.00	1145.00	1145.00	1146.00	1147.00	1147.00	1148.00	1148.50	1149.00	1149.50	1150.00	1150.00	1151.00	1151.00	1151.00	1151.00	1151.00	1151.00	1151.00	1151.00	1150.00	1150.00	1150.00	1150.00	1149.00	1149.00	1148.50	1148.00	1147.00	1146.50	1146.00	1144.50	1144.00	1144.00	1143.00	1143.00	1143.00	1142.50	1142.00	1142.00	1143.00	1143.00	1143.00	1143.00	1144.00	1144.50	1145.50	1146.00	1146.50	1147.00	1148.00	1150.00	1151.00	1152.00	1153.50	1154.50	1156.50	1158.00	1160.00	1161.00	1163.00	1164.50	1166.50	1167.50	1168.00	1168.00	1168.00	1168.00	1168.00	1169.00	1169.00	1169.00	1169.00	1168.50	1168.00	1168.00	1168.00	1168.00	1168.00	1168.00	1168.00	1169.00	1169.00	1170.00	1170.50	1171.00	1171.50	1172.50	1173.50	1174.00	1175.00	1176.50	1177.50	1179.00	1179.50	1180.50	1182.00	1182.00	1182.00	1183.00	1182.50	1181.00	1179.50	1176.50	1176.00	1175.00	1175.00	1172.50	1168.50	1159.00	1154.50	1151.00	1148.00	1146.00	1143.00	1142.00	1142.00	1142.00	1142.00	1144.50	1146.00	1148.00	1150.00	1153.00	1155.00	1159.00	1161.00	1163.50	1167.00	1169.50	1172.00	1174.00	1176.50	1178.00	1182.00	1183.50	1185.00	1187.00	1189.00	1190.50	1192.00	1193.00	1193.50	1194.00	1195.00	1196.00	1197.00
1221.50	1221.00	1220.00	1219.00	1219.00	1218.00	1217.50	1216.00	1215.00	1214.50	1213.00	1212.00	1211.50	1210.00	1208.50	1207.50	1206.50	1205.00	1204.00	1203.00	1203.00	1201.50	1200.50	1199.50	1198.50	1197.50	1196.00	1196.00	1194.50	1194.00	1192.50	1191.50	1190.50	1190.00	1188.50	1187.00	1186.00	1184.50	1183.50	1182.50	1181.50	1180.50	1179.00	1178.00	1177.50	1177.00	1176.00	1175.50	1175.00	1174.00	1173.00	1173.00	1173.00	1172.50	1172.00	1171.50	1171.00	1170.00	1170.00	1169.50	1169.00	1169.00	1168.50	1168.00	1168.00	1167.00	1166.00	1165.00	1164.50	1164.00	1163.00	1162.00	1161.50	1161.00	1160.00	1159.00	1159.00	1159.00	1159.00	1159.00	1159.00	1159.00	1160.00	1160.00	1159.50	1159.00	1159.00	1159.00	1158.50	1158.00	1156.50	1156.00	1155.00	1153.50	1152.50	1152.00	1151.00	1150.50	1149.00	1148.50	1148.00	1147.50	1146.50	1146.00	1145.00	1145.00	1145.00	1145.00	1145.00	1145.00	1145.00	1145.00	1146.00	1147.00	1147.00	1148.00	1148.50	1149.00	1149.50	1150.00	1150.00	1151.00	1151.00	1151.00	1151.00	1151.00	1151.00	1151.00	1151.00	1150.00	1150.00	1150.00	1150.00	1149.00	1149.00	1148.50	1148.00	1147.00	1146.50	1146.00	1144.50	1144.00	1144.00	1143.00	1143.00	1143.00	1142.50	1142.00	1142.00	1143.00	1143.00	1143.00	1143.00	1144.00	1144.50	1145.50	1146.00	1146.50	1147.00	1148.00	1150.00	1151.00	1152.00	1153.50	1154.50	1156.50	1158.00	1160.00	1161.00	1163.00	1164.50	1166.50	1167.50	1168.00	1168.00	1168.00	1168.00	1168.00	1169.00	1169.00	1169.00	1169.00	1168.50	1168.00	1168.00	1168.00	1168.00	1168.00	1168.00	1168.00	1169.00	1169.00	1170.00	1170.50	1171.00	1171.50	1172.50	1173.50	1174.00	1175.00	1176.50	1177.50	1179.00	1179.50	1180.50	1182.00	1182.00	1182.00	1183.00	1182.50	1181.00	1179.50	1176.50	1176.00	1175.00	1175.00	1172.50	1168.50	1159.00	1154.50	1151.00	1148.00	1146.00	1143.00	1142.00	1142.00	1142.00	1142.00	1144.50	1146.00	1148.00	1150.00	1153.00	1155.00	1159.00	1161.00	1163.50	1167.00	1169.50	1172.00	1174.00	1176.50	1178.00	1182.00	1183.50	1185.00	1187.00	1189.00	1190.50	1192.00	1193.00	1193.50	1194.00	1195.00	1196.00	1197.00
1223.25	1223.00	1222.00	1221.00	1221.00	1219.75	1219.25	1218.00	1216.75	1216.00	1214.50	1214.00	1213.00	1211.50	1210.50	1209.50	1208.50	1207.00	1206.25	1205.50	1205.00	1203.75	1203.00	1202.00	1201.00	1200.25	1199.00	1198.50	1197.50	1197.00	1195.75	1195.00	1194.25	1193.50	1192.50	1191.50	1190.50	1189.00	1188.00	1186.75	1186.00	1185.00	1183.50	1182.75	1182.00	1181.50	1180.25	1179.50	1179.00	1178.00	1176.50	1176.50	1176.00	1175.75	1175.25	1174.25	1173.75	1173.00	1172.50	1172.00	1171.50	1171.00	1170.75	1170.25	1170.00	1169.25	1168.50	1167.50	1167.25	1166.75	1165.75	1164.75	1164.25	1163.50	1163.00	1162.00	1161.50	1161.50	1161.25	1161.00	1161.00	1160.50	1161.00	1161.00	1160.25	1160.00	1159.50	1159.25	1158.50	1157.50	1156.50	1155.75	1154.50	1153.25	1152.50	1151.50	1151.00	1150.25	1149.00	1148.50	1148.00	1147.50	1146.25	1145.75	1145.00	1145.00	1144.50	1144.50	1144.25	1144.00	1144.00	1144.00	1144.50	1145.50	1145.50	1146.50	1147.00	1147.75	1148.50	1149.25	1149.50	1150.50	1151.00	1151.00	1151.50	1151.50	1151.50	1151.50	1151.50	1151.00	1151.00	1151.00	1151.00	1150.50	1150.25	1149.75	1149.00	1148.50	1148.00	1147.50	1146.25	1145.75	1145.50	1144.50	1144.50	1144.50	1143.75	1143.50	1143.50	1144.00	1144.00	1144.00	1144.00	1145.00	1145.25	1146.50	1147.00	1147.50	1148.00	1149.00	1150.50	1151.50	1152.25	1153.75	1155.00	1157.00	1158.25	1160.50	1161.50	1163.25	1164.75	1167.00	1168.00	1168.50	1168.50	1169.00	1169.00	1169.00	1170.00	1170.00	1170.00	1170.00	1169.75	1169.50	1169.50	1169.25	1169.00	1169.00	1169.00	1169.00	1169.50	1169.50	1170.00	1170.75	1171.00	1171.50	1172.50	1173.25	1174.00	1175.00	1176.00	1177.00	1178.75	1179.50	1180.50	1182.00	1182.00	1182.00	1182.50	1182.25	1181.50	1180.50	1178.50	1177.75	1176.50	1176.00	1173.50	1169.75	1161.50	1157.50	1154.75	1152.00	1150.00	1147.00	1146.00	1145.25	1144.75	1144.75	1147.00	1148.25	1150.00	1152.00	1155.00	1157.00	1161.00	1163.25	1165.75	1169.00	1172.25	1175.00	1177.00	1180.00	1181.50	1185.50	1187.00	1188.25	1190.00	1191.75	1193.00	1194.50	1195.75	1196.50	1197.00	1198.00	1198.75	1199.50
1225.00	1225.00	1224.00	1223.00	1223.00	1221.50	1221.00	1220.00	1218.50	1217.50	1216.00	1216.00	1214.50	1213.00	1212.50	1211.50	1210.50	1209.00	1208.50	1208.00	1207.00	1206.00	1205.50	1204.50	1203.50	1203.00	1202.00	1201.00	1200.50	1200.00	1199.00	1198.50	1198.00	1197.00	1196.50	1196.00	1195.00	1193.50	1192.50	1191.00	1190.50	1189.50	1188.00	1187.50	1186.50	1186.00	1184.50	1183.50	1183.00	1182.00	1180.00	1180.00	1179.00	1179.00	1178.50	1177.00	1176.50	1176.00	1175.00	1174.50	1174.00	1173.00	1173.00	1172.50	1172.00	1171.50	1171.00	1170.00	1170.00	1169.50	1168.50	1167.50	1167.00	1166.00	1166.00	1165.00	1164.00	1164.00	1163.50	1163.00	1163.00	1162.00	1162.00	1162.00	1161.00	1161.00	1160.00	1159.50	1158.50	1157.00	1156.50	1155.50	1154.00	1153.00	1152.50	1151.00	1151.00	1150.00	1149.00	1148.50	1148.00	1147.50	1146.00	1145.50	1145.00	1145.00	1144.00	1144.00	1143.50	1143.00	1143.00	1143.00	1143.00	1144.00	1144.00	1145.00	1145.50	1146.50	1147.50	1148.50	1149.00	1150.00	1151.00	1151.00	1152.00	1152.00	1152.00	1152.00	1152.00	1152.00	1152.00	1152.00	1152.00	1152.00	1151.50	1151.00	1150.00	1150.00	1149.50	1149.00	1148.00	1147.50	1147.00	1146.00	1146.00	1146.00	1145.00	1145.00	1145.00	1145.00	1145.00	1145.00	1145.00	1146.00	1146.00	1147.50	1148.00	1148.50	1149.00	1150.00	1151.00	1152.00	1152.50	1154.00	1155.50	1157.50	1158.50	1161.00	1162.00	1163.50	1165.00	1167.50	1168.50	1169.00	1169.00	1170.00	1170.00	1170.00	1171.00	1171.00	1171.00	1171.00	1171.00	1171.00	1171.00	1170.50	1170.00	1170.00	1170.00	1170.00	1170.00	1170.00	1170.00	1171.00	1171.00	1171.50	1172.50	1173.00	1174.00	1175.00	1175.50	1176.50	1178.50	1179.50	1180.50	1182.00	1182.00	1182.00	1182.00	1182.00	1182.00	1181.50	1180.50	1179.50	1178.00	1177.00	1174.50	1171.00	1164.00	1160.50	1158.50	1156.00	1154.00	1151.00	1150.00	1148.50	1147.50	1147.50	1149.50	1150.50	1152.00	1154.00	1157.00	1159.00	1163.00	1165.50	1168.00	1171.00	1175.00	1178.00	1180.00	1183.50	1185.00	1189.00	1190.50	1191.50	1193.00	1194.50	1195.50	1197.00	1198.50	1199.50	1200.00	1201.00	1201.50	1202.00
1225.00	1225.00	1224.00	1223.00	1223.00	1221.50	1221.00	1220.00	1218.50	1217.50	1216.00	1216.00	1214.50	1213.00	1212.50	1211.50	1210.50	1209.00	1208.50	1208.00	1207.00	1206.00	1205.50	1204.50	1203.50	1203.00	1202.00	1201.00	1200.50	1200.00	1199.00	1198.50	1198.00	1197.00	1196.50	1196.00	1195.00	1193.50	1192.50	1191.00	1190.50	1189.50	1188.00	1187.50	1186.50	1186.00	1184.50	1183.50	1183.00	1182.00	1180.00	1180.00	1179.00	1179.00	1178.50	1177.00	1176.50	1176.00	1175.00	1174.50	1174.00	1173.00	1173.00	1172.50	1172.00	1171.50	1171.00	1170.00	1170.00	1169.50	1168.50	1167.50	1167.00	1166.00	1166.00	1165.00	1164.00	1164.00	1163.50	1163.00	1163.00	1162.00	1162.00	1162.00	1161.00	1161.00	1160.00	1159.50	1158.50	1157.00	1156.50	1155.50	1154.00	1153.00	1152.50	1151.00	1151.00	1150.00	1149.00	1148.50	1148.00	1147.50	1146.00	1145.50	1145.00	1145.00	1144.00	1144.00	1143.50	1143.00	1143.00	1143.00	1143.00	1144.00	1144.00	1145.00	1145.50	1146.50	1147.50	1148.50	1149.00	1150.00	1151.00	1151.00	1152.00	1152.00	1152.00	1152.00	1152.00	1152.00	1152.00	1152.00	1152.00	1152.00	1151.50	1151.00	1150.00	1150.00	1149.50	1149.00	1148.00	1147.50	1147.00	1146.00	1146.00	1146.00	1145.00	1145.00	1145.00	1145.00	1145.00	1145.00	1145.00	1146.00	1146.00	1147.50	1148.00	1148.50	1149.00	1150.00	1151.00	1152.00	1152.50	1154.00	1155.50	1157.50	1158.50	1161.00	1162.00	1163.50	1165.00	1167.50	1168.50	1169.00	1169.00	1170.00	1170.00	1170.00	1171.00	1171.00	1171.00	1171.00	1171.00	1171.00	1171.00	1170.50	1170.00	1170.00	1170.00	1170.00	1170.00	1170.00	1170.00	1171.00	1171.00	1171.50	1172.50	1173.00	1174.00	1175.00	1175.50	1176.50	1178.50	1179.50	1180.50	1182.00	1182.00	1182.00	1182.00	1182.00	1182.00	1181.50	1180.50	1179.50	1178.00	1177.00	1174.50	1171.00	1164.00	1160.50	1158.50	1156.00	1154.00	1151.00	1150.00	1148.50	1147.50	1147.50	1149.50	1150.50	1152.00	1154.00	1157.00	1159.00	1163.00	1165.50	1168.00	1171.00	1175.00	1178.00	1180.00	1183.50	1185.00	1189.00	1190.50	1191.50	1193.00	1194.50	1195.50	1197.00	1198.50	1199.50	1200.00	1201.00	1201.50	1202.00
1226.50	1226.00	1225.50	1224.50	1224.00	1223.00	1222.25	1221.25	1220.00	1219.00	1217.50	1217.50	1216.00	1214.50	1214.00	1213.00	1212.00	1211.00	1210.25	1210.00	1209.00	1208.25	1207.75	1206.75	1205.75	1205.50	1204.50	1204.00	1203.50	1203.00	1202.25	1201.75	1201.50	1200.50	1200.00	1199.50	1198.50	1197.50	1196.75	1195.50	1195.00	1194.00	1192.50	1192.00	1191.00	1190.00	1188.50	1187.50	1186.50	1185.50	1184.00	1183.50	1182.25	1182.00	1181.50	1180.00	1179.50	1179.00	1178.00	1177.25	1176.50	1175.75	1175.50	1175.25	1174.50	1174.00	1173.50	1172.50	1172.25	1171.75	1171.00	1170.00	1169.50	1168.50	1168.50	1167.50	1166.50	1166.25	1165.75	1165.25	1164.50	1163.75	1163.50	1163.00	1162.25	1161.75	1160.75	1160.00	1159.00	1157.50	1156.50	1155.50	1154.50	1153.25	1152.50	1151.50	1151.00	1150.25	1149.50	1149.00	1148.50	1148.00	1146.75	1146.00	1145.50	1145.00	1144.25	1144.00	1143.50	1143.00	1143.00	1143.00	1143.00	1143.50	1143.50	1144.25	1145.00	1146.00	1147.00	1148.00	1149.00	1150.00	1151.25	1151.50	1152.75	1153.00	1153.00	1153.00	1153.50	1153.50	1153.50	1153.25	1153.00	1153.00	1152.75	1152.50	1152.00	1151.50	1151.25	1150.50	1150.00	1149.75	1149.50	1149.00	1148.50	1148.50	1147.50	1147.50	1147.50	1147.00	1147.00	1147.00	1147.00	1148.00	1148.00	1149.00	1149.50	1150.00	1150.50	1151.00	1152.00	1152.50	1153.00	1154.25	1155.50	1157.50	1158.50	1160.50	1161.50	1163.50	1164.75	1167.00	1168.00	1168.50	1169.00	1169.75	1170.00	1170.50	1171.50	1171.75	1172.00	1172.00	1172.00	1172.00	1171.50	1171.00	1170.50	1170.50	1170.25	1170.00	1170.00	1170.00	1170.50	1171.00	1171.00	1171.50	1172.50	1173.00	1174.00	1175.00	1175.50	1176.50	1178.25	1179.00	1180.00	1181.00	1181.50	1182.00	1182.50	1183.25	1183.75	1184.00	1183.25	1182.00	1180.00	1178.50	1175.50	1172.50	1166.25	1163.25	1161.50	1159.00	1157.50	1155.00	1154.00	1152.75	1152.00	1152.00	1153.50	1154.50	1156.00	1158.00	1160.50	1162.50	1166.50	1168.75	1171.00	1174.00	1178.00	1181.00	1183.50	1186.50	1188.00	1191.25	1192.75	1194.00	1195.50	1197.00	1198.00	1199.50	1200.75	1201.50	1202.50	1203.00	1204.00	1204.50
1228.00	1227.00	1227.00	1226.00	1225.00	1224.50	1223.50	1222.50	1221.50	1220.50	1219.00	1219.00	1217.50	1216.00	1215.50	1214.50	1213.50	1213.00	1212.00	1212.00	1211.00	1210.50	1210.00	1209.00	1208.00	1208.00	1207.00	1207.00	1206.50	1206.00	1205.50	1205.00	1205.00	1204.00	1203.50	1203.00	1202.00	1201.50	1201.00	1200.00	1199.50	1198.50	1197.00	1196.50	1195.50	1194.00	1192.50	1191.50	1190.00	1189.00	1188.00	1187.00	1185.50	1185.00	1184.50	1183.00	1182.50	1182.00	1181.00	1180.00	1179.00	1178.50	1178.00	1178.00	1177.00	1176.50	1176.00	1175.00	1174.50	1174.00	1173.50	1172.50	1172.00	1171.00	1171.00	1170.00	1169.00	1168.50	1168.00	1167.50	1166.00	1165.50	1165.00	1164.00	1163.50	1162.50	1161.50	1160.50	1159.50	1158.00	1156.50	1155.50	1155.00	1153.50	1152.50	1152.00	1151.00	1150.50	1150.00	1149.50	1149.00	1148.50	1147.50	1146.50	1146.00	1145.00	1144.50	1144.00	1143.50	1143.00	1143.00	1143.00	1143.00	1143.00	1143.00	1143.50	1144.50	1145.50	1146.50	1147.50	1149.00	1150.00	1151.50	1152.00	1153.50	1154.00	1154.00	1154.00	1155.00	1155.00	1155.00	1154.50	1154.00	1154.00	1154.00	1154.00	1154.00	1153.00	1153.00	1152.00	1152.00	1152.00	1152.00	1152.00	1151.00	1151.00	1150.00	1150.00	1150.00	1149.00	1149.00	1149.00	1149.00	1150.00	1150.00	1150.50	1151.00	1151.50	1152.00	1152.00	1153.00	1153.00	1153.50	1154.50	1155.50	1157.50	1158.50	1160.00	1161.00	1163.50	1164.50	1166.50	1167.50	1168.00	1169.00	1169.50	1170.00	1171.00	1172.00	1172.50	1173.00	1173.00	1173.00	1173.00	1172.00	1171.50	1171.00	1171.00	1170.50	1170.00	1170.00	1170.00	1171.00	1171.00	1171.00	1171.50	1172.50	1173.00	1174.00	1175.00	1175.50	1176.50	1178.00	1178.50	1179.50	1180.00	1181.00	1182.00	1183.00	1184.50	1185.50	1186.50	1186.00	1184.50	1182.00	1180.00	1176.50	1174.00	1168.50	1166.00	1164.50	1162.00	1161.00	1159.00	1158.00	1157.00	1156.50	1156.50	1157.50	1158.50	1160.00	1162.00	1164.00	1166.00	1170.00	1172.00	1174.00	1177.00	1181.00	1184.00	1187.00	1189.50	1191.00	1193.50	1195.00	1196.50	1198.00	1199.50	1200.50	1202.00	1203.00	1203.50	1205.00	1205.00	1206.50	1207.00
1228.00	1227.00	1227.00	1226.00	1225.00	1224.50	1223.50	1222.50	1221.50	1220.50	1219.00	1219.00	1217.50	1216.00	1215.50	1214.50	1213.50	1213.00	1212.00	1212.00	1211.00	1210.50	1210.00	1209.00	1208.00	1208.00	1207.00	1207.00	1206.50	1206.00	1205.50	1205.00	1205.00	1204.00	1203.50	1203.00	1202.00	1201.50	1201.00	1200.00	1199.50	1198.50	1197.00	1196.50	1195.50	1194.00	1192.50	1191.50	1190.00	1189.00	1188.00	1187.00	1185.50	1185.00	1184.50	1183.00	1182.50	1182.00	1181.00	1180.00	1179.00	1178.50	1178.00	1178.00	1177.00	1176.50	1176.00	1175.00	1174.50	1174.00	1173.50	1172.50	1172.00	1171.00	1171.00	1170.00	1169.00	1168.50	1168.00	1167.50	1166.00	1165.50	1165.00	1164.00	1163.50	1162.50	1161.50	1160.50	1159.50	1158.00	1156.50	1155.50	1155.00	1153.50	1152.50	1152.00	1151.00	1150.50	1150.00	1149.50	1149.00	1148.50	1147.50	1146.50	1146.00	1145.00	1144.50	1144.00	1143.50	1143.00	1143.00	1143.00	1143.00	1143.00	1143.00	1143.50	1144.50	1145.50	1146.50	1147.50	1149.00	1150.00	1151.50	1152.00	1153.50	1154.00	1154.00	1154.00	1155.00	1155.00	1155.00	1154.50	1154.00	1154.00	1154.00	1154.00	1154.00	1153.00	1153.00	1152.00	1152.00	1152.00	1152.00	1152.00	1151.00	1151.00	1150.00	1150.00	1150.00	1149.00	1149.00	1149.00	1149.00	1150.00	1150.00	1150.50	1151.00	1151.50	1152.00	1152.00	1153.00	1153.00	1153.50	1154.50	1155.50	1157.50	1158.50	1160.00	1161.00	1163.50	1164.50	1166.50	1167.50	1168.00	1169.00	1169.50	1170.00	1171.00	1172.00	1172.50	1173.00	1173.00	1173.00	1173.00	1172.00	1171.50	1171.00	1171.00	1170.50	1170.00	1170.00	1170.00	1171.00	1171.00	1171.00	1171.50	1172.50	1173.00	1174.00	1175.00	1175.50	1176.50	1178.00	1178.50	1179.50	1180.00	1181.00	1182.00	1183.00	1184.50	1185.50	1186.50	1186.00	1184.50	1182.00	1180.00	1176.50	1174.00	1168.50	1166.00	1164.50	1162.00	1161.00	1159.00	1158.00	1157.00	1156.50	1156.50	1157.50	1158.50	1160.00	1162.00	1164.00	1166.00	1170.00	1172.00	1174.00	1177.00	1181.00	1184.00	1187.00	1189.50	1191.00	1193.50	1195.00	1196.50	1198.00	1199.50	1200.50	1202.00	1203.00	1203.50	1205.00	1205.00	1206.50	1207.00
1228.00	1227.00	1227.00	1226.00	1225.00	1224.50	1223.50	1222.50	1221.50	1220.50	1219.00	1219.00	1217.50	1216.00	1215.50	1214.50	1213.50	1213.00	1212.00	1212.00	1211.00	1210.50	1210.00	1209.00	1208.00	1208.00	1207.00	1207.00	1206.50	1206.00	1205.50	1205.00	1205.00	1204.00	1203.50	1203.00	1202.00	1201.50	1201.00	1200.00	1199.50	1198.50	1197.00	1196.50	1195.50	1194.00	1192.50	1191.50	1190.00	1189.00	1188.00	1187.00	1185.50	1185.00	1184.50	1183.00	1182.50	1182.00	1181.00	1180.00	1179.00	1178.50	1178.00	1178.00	1177.00	1176.50	1176.00	1175.00	1174.50	1174.00	1173.50	1172.50	1172.00	1171.00	1171.00	1170.00	1169.00	1168.50	1168.00	1167.50	1166.00	1165.50	1165.00	1164.00	1163.50	1162.50	1161.50	1160.50	1159.50	1158.00	1156.50	1155.50	1155.00	1153.50	1152.50	1152.00	1151.00	1150.50	1150.00	1149.50	1149.00	1148.50	1147.50	1146.50	1146.00	1145.00	1144.50	1144.00	1143.50	1143.00	1143.00	1143.00	1143.00	1143.00	1143.00	1143.50	1144.50	1145.50	1146.50	1147.50	1149.00	1150.00	1151.50	1152.00	1153.50	1154.00	1154.00	1154.00	1155.00	1155.00	1155.00	1154.50	1154.00	1154.00	1154.00	1154.00	1154.00	1153.00	1153.00	1152.00	1152.00	1152.00	1152.00	1152.00	1151.00	1151.00	1150.00	1150.00	1150.00	1149.00	1149.00	1149.00	1149.00	1150.00	1150.00	1150.50	1151.00	1151.50	1152.00	1152.00	1153.00	1153.00	1153.50	1154.50	1155.50	1157.50	1158.50	1160.00	1161.00	1163.50	1164.50	1166.50	1167.50	1168.00	1169.00	1169.50	1170.00	1171.00	1172.00	1172.50	1173.00	1173.00	1173.00	1173.00	1172.00	1171.50	1171.00	1171.00	1170.50	1170.00	1170.00	1170.00	1171.00	1171.00	1171.00	1171.50	1172.50	1173.00	1174.00	1175.00	1175.50	1176.50	1178.00	1178.50	1179.50	1180.00	1181.00	1182.00	1183.00	1184.50	1185.50	1186.50	1186.00	1184.50	1182.00	1180.00	1176.50	1174.00	1168.50	1166.00	1164.50	1162.00	1161.00	1159.00	1158.00	1157.00	1156.50	1156.50	1157.50	1158.50	1160.00	1162.00	1164.00	1166.00	1170.00	1172.00	1174.00	1177.00	1181.00	1184.00	1187.00	1189.50	1191.00	1193.50	1195.00	1196.50	1198.00	1199.50	1200.50	1202.00	1203.00	1203.50	1205.00	1205.00	1206.50	1207.00
1229.25	1228.50	1228.25	1227.50	1226.50	1226.00	1225.00	1224.00	1223.00	1222.00	1221.00	1220.50	1219.00	1218.00	1217.25	1216.50	1215.50	1215.00	1214.25	1214.00	1213.00	1212.75	1212.25	1211.25	1210.50	1210.50	1210.00	1209.50	1209.25	1209.00	1208.50	1208.00	1208.00	1207.50	1207.00	1206.50	1205.50	1205.00	1204.25	1203.25	1202.75	1202.00	1200.50	1199.75	1199.00	1197.50	1196.00	1195.00	1193.50	1192.50	1191.00	1190.00	1188.50	1188.00	1187.50	1185.75	1185.00	1184.50	1183.50	1182.75	1182.00	1181.25	1180.75	1180.50	1180.00	1179.25	1178.50	1178.00	1177.25	1176.75	1176.00	1175.25	1174.75	1173.50	1173.50	1172.25	1171.50	1170.50	1170.00	1169.50	1168.00	1167.25	1166.50	1165.50	1164.75	1164.00	1162.50	1161.50	1160.50	1159.00	1158.00	1157.25	1156.50	1155.25	1154.50	1153.50	1152.50	1152.00	1151.50	1151.00	1150.50	1150.25	1149.25	1148.50	1148.00	1147.00	1146.50	1146.00	1145.25	1144.75	1144.50	1144.50	1144.00	1144.00	1144.00	1144.75	1145.50	1146.50	1147.50	1148.50	1150.00	1150.50	1152.00	1152.50	1154.00	1154.50	1154.75	1155.00	1156.00	1156.00	1156.00	1156.25	1156.00	1156.00	1156.00	1156.00	1156.00	1155.50	1155.50	1155.00	1155.00	1154.75	1154.50	1154.50	1154.00	1154.00	1153.00	1153.00	1152.75	1152.00	1152.00	1151.50	1151.50	1152.00	1152.00	1152.25	1152.50	1153.00	1153.50	1153.50	1154.00	1154.00	1154.25	1155.00	1155.75	1157.00	1158.00	1159.50	1160.00	1162.50	1163.50	1165.75	1166.75	1167.25	1168.00	1168.75	1169.50	1170.50	1171.25	1171.75	1172.00	1172.00	1172.25	1172.00	1171.50	1171.25	1171.00	1171.00	1170.50	1170.00	1170.00	1170.00	1170.50	1170.50	1170.75	1171.25	1171.75	1172.25	1173.50	1174.00	1174.75	1175.50	1177.25	1177.75	1178.50	1179.50	1180.50	1182.00	1183.00	1184.50	1185.50	1186.75	1186.25	1184.75	1182.50	1181.00	1177.75	1175.50	1171.25	1169.25	1167.75	1165.50	1164.50	1162.50	1162.00	1161.25	1160.75	1161.00	1162.25	1163.00	1164.50	1166.50	1168.50	1170.50	1174.00	1176.00	1178.00	1181.00	1184.50	1187.50	1190.00	1192.50	1194.00	1196.50	1197.75	1199.00	1200.50	1202.00	1203.00	1204.50	1205.75	1206.50	1207.50	1208.00	1209.25	1210.00
1230.50	1230.00	1229.50	1229.00	1228.00	1227.50	1226.50	1225.50	1224.50	1223.50	1223.00	1222.00	1220.50	1220.00	1219.00	1218.50	1217.50	1217.00	1216.50	1216.00	1215.00	1215.00	1214.50	1213.50	1213.00	1213.00	1213.00	1212.00	1212.00	1212.00	1211.50	1211.00	1211.00	1211.00	1210.50	1210.00	1209.00	1208.50	1207.50	1206.50	1206.00	1205.50	1204.00	1203.00	1202.50	1201.00	1199.50	1198.50	1197.00	1196.00	1194.00	1193.00	1191.50	1191.00	1190.50	1188.50	1187.50	1187.00	1186.00	1185.50	1185.00	1184.00	1183.50	1183.00	1183.00	1182.00	1181.00	1181.00	1180.00	1179.50	1178.50	1178.00	1177.50	1176.00	1176.00	1174.50	1174.00	1172.50	1172.00	1171.50	1170.00	1169.00	1168.00	1167.00	1166.00	1165.50	1163.50	1162.50	1161.50	1160.00	1159.50	1159.00	1158.00	1157.00	1156.50	1155.00	1154.00	1153.50	1153.00	1152.50	1152.00	1152.00	1151.00	1150.50	1150.00	1149.00	1148.50	1148.00	1147.00	1146.50	1146.00	1146.00	1145.00	1145.00	1145.00	1146.00	1146.50	1147.50	1148.50	1149.50	1151.00	1151.00	1152.50	1153.00	1154.50	1155.00	1155.50	1156.00	1157.00	1157.00	1157.00	1158.00	1158.00	1158.00	1158.00	1158.00	1158.00	1158.00	1158.00	1158.00	1158.00	1157.50	1157.00	1157.00	1157.00	1157.00	1156.00	1156.00	1155.50	1155.00	1155.00	1154.00	1154.00	1154.00	1154.00	1154.00	1154.00	1154.50	1155.00	1155.00	1155.00	1155.00	1155.00	1155.50	1156.00	1156.50	1157.50	1159.00	1159.00	1161.50	1162.50	1165.00	1166.00	1166.50	1167.00	1168.00	1169.00	1170.00	1170.50	1171.00	1171.00	1171.00	1171.50	1171.00	1171.00	1171.00	1171.00	1171.00	1170.50	1170.00	1170.00	1170.00	1170.00	1170.00	1170.50	1171.00	1171.00	1171.50	1173.00	1173.00	1174.00	1174.50	1176.50	1177.00	1177.50	1179.00	1180.00	1182.00	1183.00	1184.50	1185.50	1187.00	1186.50	1185.00	1183.00	1182.00	1179.00	1177.00	1174.00	1172.50	1171.00	1169.00	1168.00	1166.00	1166.00	1165.50	1165.00	1165.50	1167.00	1167.50	1169.00	1171.00	1173.00	1175.00	1178.00	1180.00	1182.00	1185.00	1188.00	1191.00	1193.00	1195.50	1197.00	1199.50	1200.50	1201.50	1203.00	1204.50	1205.50	1207.00	1208.50	1209.50	1210.00	1211.00	1212.00	1213.00
1230.50	1230.00	1229.50	1229.00	1228.00	1227.50	1226.50	1225.50	1224.50	1223.50	1223.00	1222.00	1220.50	1220.00	1219.00	1218.50	1217.50	1217.00	1216.50	1216.00	1215.00	1215.00	1214.50	1213.50	1213.00	1213.00	1213.00	1212.00	1212.00	1212.00	1211.50	1211.00	1211.00	1211.00	1210.50	1210.00	1209.00	1208.50	1207.50	1206.50	1206.00	1205.50	1204.00	1203.00	1202.50	1201.00	1199.50	1198.50	1197.00	1196.00	1194.00	1193.00	1191.50	1191.00	1190.50	1188.50	1187.50	1187.00	1186.00	1185.50	1185.00	1184.00	1183.50	1183.00	1183.00	1182.00	1181.00	1181.00	1180.00	1179.50	1178.50	1178.00	1177.50	1176.00	1176.00	1174.50	1174.00	1172.50	1172.00	1171.50	1170.00	1169.00	1168.00	1167.00	1166.00	1165.50	1163.50	1162.50	1161.50	1160.00	1159.50	1159.00	1158.00	1157.00	1156.50	1155.00	1154.00	1153.50	1153.00	1152.50	1152.00	1152.00	1151.00	1150.50	1150.00	1149.00	1148.50	1148.00	1147.00	1146.50	1146.00	1146.00	1145.00	1145.00	1145.00	1146.00	1146.50	1147.50	1148.50	1149.50	1151.00	1151.00	1152.50	1153.00	1154.50	1155.00	1155.50	1156.00	1157.00	1157.00	1157.00	1158.00	1158.00	1158.00	1158.00	1158.00	1158.00	1158.00	1158.00	1158.00	1158.00	1157.50	1157.00	1157.00	1157.00	1157.00	1156.00	1156.00	1155.50	1155.00	1155.00	1154.00	1154.00	1154.00	1154.00	1154.00	1154.00	1154.50	1155.00	1155.00	1155.00	1155.00	1155.00	1155.50	1156.00	1156.50	1157.50	1159.00	1159.00	1161.50	1162.50	1165.00	1166.00	1166.50	1167.00	1168.00	1169.00	1170.00	1170.50	1171.00	1171.00	1171.00	1171.50	1171.00	1171.00	1171.00	1171.00	1171.00	1170.50	1170.00	1170.00	1170.00	1170.00	1170.00	1170.50	1171.00	1171.00	1171.50	1173.00	1173.00	1174.00	1174.50	1176.50	1177.00	1177.50	1179.00	1180.00	1182.00	1183.00	1184.50	1185.50	1187.00	1186.50	1185.00	1183.00	1182.00	1179.00	1177.00	1174.00	1172.50	1171.00	1169.00	1168.00	1166.00	1166.00	1165.50	1165.00	1165.50	1167.00	1167.50	1169.00	1171.00	1173.00	1175.00	1178.00	1180.00	1182.00	1185.00	1188.00	1191.00	1193.00	1195.50	1197.00	1199.50	1200.50	1201.50	1203.00	1204.50	1205.50	1207.00	1208.50	1209.50	1210.00	1211.00	1212.00	1213.00
1232.00	1231.50	1231.00	1230.50	1230.00	1229.25	1228.50	1227.50	1226.50	1225.75	1225.00	1224.00	1222.75	1222.00	1221.25	1220.75	1220.00	1219.50	1218.75	1218.50	1217.50	1217.50	1217.00	1216.25	1216.00	1215.75	1215.50	1215.00	1214.75	1214.50	1214.25	1213.75	1213.50	1213.50	1212.75	1212.50	1212.00	1211.25	1210.75	1209.50	1209.00	1208.50	1207.00	1205.75	1205.00	1203.50	1202.00	1201.00	1199.50	1198.50	1196.50	1195.50	1194.25	1193.75	1193.00	1191.00	1190.25	1189.50	1189.00	1188.50	1188.00	1187.00	1186.50	1186.00	1186.00	1185.00	1184.00	1184.00	1183.00	1182.50	1181.50	1180.75	1180.00	1179.00	1178.50	1177.00	1176.00	1174.50	1173.75	1173.00	1172.00	1170.75	1169.50	1168.50	1167.75	1167.00	1165.25	1164.50	1163.50	1162.50	1161.75	1161.25	1160.50	1159.50	1159.00	1158.00	1157.00	1156.75	1156.50	1155.75	1155.50	1155.50	1154.50	1154.25	1153.50	1153.00	1152.25	1151.75	1150.50	1150.00	1149.25	1149.00	1148.50	1148.00	1148.50	1149.00	1149.25	1150.00	1151.00	1151.75	1153.00	1153.00	1154.50	1155.00	1156.25	1156.75	1157.25	1158.00	1158.50	1159.00	1159.00	1160.00	1160.25	1160.50	1160.50	1160.50	1160.50	1161.00	1161.00	1161.00	1161.00	1160.75	1160.50	1160.00	1160.00	1159.50	1159.00	1158.75	1158.25	1158.00	1157.75	1157.00	1157.00	1156.50	1156.50	1156.00	1156.00	1156.25	1156.00	1156.00	1156.00	1156.00	1156.00	1156.00	1156.00	1156.75	1157.25	1158.50	1158.50	1160.50	1161.50	1163.50	1164.25	1165.00	1166.00	1166.75	1167.50	1168.50	1169.00	1169.50	1169.50	1169.50	1169.75	1170.00	1170.00	1170.00	1170.00	1170.00	1169.75	1169.50	1169.50	1169.50	1169.50	1169.50	1169.75	1170.25	1170.50	1170.75	1172.00	1172.00	1173.00	1173.50	1175.25	1175.75	1176.50	1177.50	1178.50	1180.00	1181.50	1183.25	1184.50	1186.00	1185.75	1184.75	1183.50	1182.50	1180.25	1179.00	1176.75	1175.50	1174.25	1172.50	1171.50	1170.00	1170.00	1169.25	1169.25	1169.75	1171.25	1172.25	1174.00	1176.00	1178.00	1180.00	1183.25	1185.00	1187.00	1190.00	1193.00	1196.00	1198.00	1199.50	1200.75	1203.00	1204.00	1205.00	1206.00	1207.50	1208.50	1210.00	1211.50	1212.25	1213.00	1214.00	1215.00	1216.00
1233.50	1233.00	1232.50	1232.00	1232.00	1231.00	1230.50	1229.50	1228.50	1228.00	1227.00	1226.00	1225.00	1224.00	1223.50	1223.00	1222.50	1222.00	1221.00	1221.00	1220.00	1220.00	1219.50	1219.00	1219.00	1218.50	1218.00	1218.00	1217.50	1217.00	1217.00	1216.50	1216.00	1216.00	1215.00	1215.00	1215.00	1214.00	1214.00	1212.50	1212.00	1211.50	1210.00	1208.50	1207.50	1206.00	1204.50	1203.50	1202.00	1201.00	1199.00	1198.00	1197.00	1196.50	1195.50	1193.50	1193.00	1192.00	1192.00	1191.50	1191.00	1190.00	1189.50	1189.00	1189.00	1188.00	1187.00	1187.00	1186.00	1185.50	1184.50	1183.50	1182.50	1182.00	1181.00	1179.50	1178.00	1176.50	1175.50	1174.50	1174.00	1172.50	1171.00	1170.00	1169.50	1168.50	1167.00	1166.50	1165.50	1165.00	1164.00	1163.50	1163.00	1162.00	1161.50	1161.00	1160.00	1160.00	1160.00	1159.00	1159.00	1159.00	1158.00	1158.00	1157.00	1157.00	1156.00	1155.50	1154.00	1153.50	1152.50	1152.00	1152.00	1151.00	1152.00	1152.00	1152.00	1152.50	1153.50	1154.00	1155.00	1155.00	1156.50	1157.00	1158.00	1158.50	1159.00	1160.00	1160.00	1161.00	1161.00	1162.00	1162.50	1163.00	1163.00	1163.00	1163.00	1164.00	1164.00	1164.00	1164.00	1164.00	1164.00	1163.00	1163.00	1162.00	1162.00	1161.50	1161.00	1161.00	1160.50	1160.00	1160.00	1159.00	1159.00	1158.00	1158.00	1158.00	1157.00	1157.00	1157.00	1157.00	1157.00	1156.50	1156.00	1157.00	1157.00	1158.00	1158.00	1159.50	1160.50	1162.00	1162.50	1163.50	1165.00	1165.50	1166.00	1167.00	1167.50	1168.00	1168.00	1168.00	1168.00	1169.00	1169.00	1169.00	1169.00	1169.00	1169.00	1169.00	1169.00	1169.00	1169.00	1169.00	1169.00	1169.50	1170.00	1170.00	1171.00	1171.00	1172.00	1172.50	1174.00	1174.50	1175.50	1176.00	1177.00	1178.00	1180.00	1182.00	1183.50	1185.00	1185.00	1184.50	1184.00	1183.00	1181.50	1181.00	1179.50	1178.50	1177.50	1176.00	1175.00	1174.00	1174.00	1173.00	1173.50	1174.00	1175.50	1177.00	1179.00	1181.00	1183.00	1185.00	1188.50	1190.00	1192.00	1195.00	1198.00	1201.00	1203.00	1203.50	1204.50	1206.50	1207.50	1208.50	1209.00	1210.50	1211.50	1213.00	1214.50	1215.00	1216.00	1217.00	1218.00	1219.00
1238.00	1237.00	1237.00	1236.00	1236.00	1235.50	1235.00	1234.50	1233.50	1233.00	1232.00	1231.00	1230.50	1230.00	1229.50	1229.00	1229.00	1228.00	1227.50	1227.00	1226.00	1226.00	1226.00	1225.50	1224.50	1224.00	1224.00	1223.00	1223.00	1223.00	1222.50	1222.00	1221.50	1221.00	1220.50	1220.00	1219.00	1218.50	1218.00	1217.50	1217.00	1216.50	1215.00	1213.50	1212.50	1211.00	1209.50	1208.50	1207.00	1207.00	1205.00	1204.00	1203.00	1202.50	1201.50	1199.50	1199.00	1198.00	1198.00	1197.00	1196.00	1196.00	1196.00	1195.50	1195.00	1194.00	1194.00	1193.00	1192.00	1191.50	1190.50	1189.50	1188.50	1187.00	1186.00	1184.50	1183.00	1181.50	1181.00	1180.50	1179.00	1177.50	1177.00	1176.00	1175.50	1174.50	1173.50	1172.50	1172.00	1172.00	1171.50	1171.00	1171.00	1170.50	1170.00	1170.00	1170.00	1170.00	1170.00	1169.00	1169.00	1169.00	1168.00	1168.00	1167.00	1167.00	1166.00	1165.50	1164.50	1164.00	1163.50	1163.00	1162.00	1161.00	1161.00	1161.00	1161.00	1161.00	1161.50	1162.00	1162.00	1163.00	1163.50	1164.00	1165.00	1165.00	1165.00	1165.00	1165.50	1166.00	1167.00	1167.00	1167.50	1168.00	1168.00	1168.50	1169.00	1169.50	1170.00	1170.00	1170.00	1170.00	1170.00	1170.00	1169.00	1168.00	1168.00	1167.50	1167.00	1166.50	1166.00	1166.00	1165.00	1164.50	1163.50	1162.50	1162.00	1161.50	1161.00	1160.00	1159.00	1159.00	1158.50	1158.00	1158.00	1158.00	1157.50	1157.00	1157.00	1158.00	1158.50	1159.50	1160.50	1161.50	1163.00	1164.00	1165.00	1165.00	1166.00	1166.00	1166.00	1166.00	1166.50	1167.00	1167.00	1167.50	1168.00	1168.00	1168.00	1168.00	1168.00	1169.00	1169.00	1169.00	1169.50	1170.00	1170.00	1170.50	1171.00	1172.00	1172.50	1173.00	1174.00	1174.50	1175.50	1176.00	1177.00	1178.00	1180.00	1181.50	1182.50	1183.50	1184.00	1183.50	1183.00	1183.00	1183.00	1183.00	1182.00	1182.00	1182.00	1181.00	1181.00	1181.00	1181.00	1181.50	1182.50	1184.00	1186.50	1188.00	1190.00	1192.00	1194.00	1195.50	1199.00	1200.50	1202.00	1204.00	1206.50	1208.00	1209.00	1210.50	1211.50	1213.50	1214.00	1214.50	1215.00	1216.50	1217.00	1218.00	1219.00	1219.50	1221.00	1221.00	1222.50	1223.00
1238.00	1237.00	1237.00	1236.00	1236.00	1235.50	1235.00	1234.50	1233.50	1233.00	1232.00	1231.00	1230.50	1230.00	1229.50	1229.00	1229.00	1228.00	1227.50	1227.00	1226.00	1226.00	1226.00	1225.50	1224.50	1224.00	1224.00	1223.00	1223.00	1223.00	1222.50	1222.00	1221.50	1221.00	1220.50	1220.00	1219.00	1218.50	1218.00	1217.50	1217.00	1216.50	1215.00	1213.50	1212.50	1211.00	1209.50	1208.50	1207.00	1207.00	1205.00	1204.00	1203.00	1202.50	1201.50	1199.50	1199.00	1198.00	1198.00	1197.00	1196.00	1196.00	1196.00	1195.50	1195.00	1194.00	1194.00	1193.00	1192.00	1191.50	1190.50	1189.50	1188.50	1187.00	1186.00	1184.50	1183.00	1181.50	1181.00	1180.50	1179.00	1177.50	1177.00	1176.00	1175.50	1174.50	1173.50	1172.50	1172.00	1172.00	1171.50	1171.00	1171.00	1170.50	1170.00	1170.00	1170.00	1170.00	1170.00	1169.00	1169.00	1169.00	1168.00	1168.00	1167.00	1167.00	1166.00	1165.50	1164.50	1164.00	1163.50	1163.00	1162.00	1161.00	1161.00	1161.00	1161.00	1161.00	1161.50	1162.00	1162.00	1163.00	1163.50	1164.00	1165.00	1165.00	1165.00	1165.00	1165.50	1166.00	1167.00	1167.00	1167.50	1168.00	1168.00	1168.50	1169.00	1169.50	1170.00	1170.00	1170.00	1170.00	1170.00	1170.00	1169.00	1168.00	1168.00	1167.50	1167.00	1166.50	1166.00	1166.00	1165.00	1164.50	1163.50	1162.50	1162.00	1161.50	1161.00	1160.00	1159.00	1159.00	1158.50	1158.00	1158.00	1158.00	1157.50	1157.00	1157.00	1158.00	1158.50	1159.50	1160.50	1161.50	1163.00	1164.00	1165.00	1165.00	1166.00	1166.00	1166.00	1166.00	1166.50	1167.00	1167.00	1167.50	1168.00	1168.00	1168.00	1168.00	1168.00	1169.00	1169.00	1169.00	1169.50	1170.00	1170.00	1170.50	1171.00	1172.00	1172.50	1173.00	1174.00	1174.50	1175.50	1176.00	1177.00	1178.00	1180.00	1181.50	1182.50	1183.50	1184.00	1183.50	1183.00	1183.00	1183.00	1183.00	1182.00	1182.00	1182.00	1181.00	1181.00	1181.00	1181.00	1181.50	1182.50	1184.00	1186.50	1188.00	1190.00	1192.00	1194.00	1195.50	1199.00	1200.50	1202.00	1204.00	1206.50	1208.00	1209.00	1210.50	1211.50	1213.50	1214.00	1214.50	1215.00	1216.50	1217.00	1218.00	1219.00	1219.50	1221.00	1221.00	1222.50	1223.00
1238.00	1237.00	1237.00	1236.00	1236.00	1235.50	1235.00	1234.50	1233.50	1233.00	1232.00	1231.00	1230.50	1230.00	1229.50	1229.00	1229.00	1228.00	1227.50	1227.00	1226.00	1226.00	1226.00	1225.50	1224.50	1224.00	1224.00	1223.00	1223.00	1223.00	1222.50	1222.00	1221.50	1221.00	1220.50	1220.00	1219.00	1218.50	1218.00	1217.50	1217.00	1216.50	1215.00	1213.50	1212.50	1211.00	1209.50	1208.50	1207.00	1207.00	1205.00	1204.00	1203.00	1202.50	1201.50	1199.50	1199.00	1198.00	1198.00	1197.00	1196.00	1196.00	1196.00	1195.50	1195.00	1194.00	1194.00	1193.00	1192.00	1191.50	1190.50	1189.50	1188.50	1187.00	1186.00	1184.50	1183.00	1181.50	1181.00	1180.50	1179.00	1177.50	1177.00	1176.00	1175.50	1174.50	1173.50	1172.50	1172.00	1172.00	1171.50	1171.00	1171.00	1170.50	1170.00	1170.00	1170.00	1170.00	1170.00	1169.00	1169.00	1169.00	1168.00	1168.00	1167.00	1167.00	1166.00	1165.50	1164.50	1164.00	1163.50	1163.00	1162.00	1161.00	1161.00	1161.00	1161.00	1161.00	1161.50	1162.00	1162.00	1163.00	1163.50	1164.00	1165.00	1165.00	1165.00	1165.00	1165.50	1166.00	1167.00	1167.00	1167.50	1168.00	1168.00	1168.50	1169.00	1169.50	1170.00	1170.00	1170.00	1170.00	1170.00	1170.00	1169.00	1168.00	1168.00	1167.50	1167.00	1166.50	1166.00	1166.00	1165.00	1164.50	1163.50	1162.50	1162.00	1161.50	1161.00	1160.00	1159.00	1159.00	1158.50	1158.00	1158.00	1158.00	1157.50	1157.00	1157.00	1158.00	1158.50	1159.50	1160.50	1161.50	1163.00	1164.00	1165.00	1165.00	1166.00	1166.00	1166.00	1166.00	1166.50	1167.00	1167.00	1167.50	1168.00	1168.00	1168.00	1168.00	1168.00	1169.00	1169.00	1169.00	1169.50	1170.00	1170.00	1170.50	1171.00	1172.00	1172.50	1173.00	1174.00	1174.50	1175.50	1176.00	1177.00	1178.00	1180.00	1181.50	1182.50	1183.50	1184.00	1183.50	1183.00	1183.00	1183.00	1183.00	1182.00	1182.00	1182.00	1181.00	1181.00	1181.00	1181.00	1181.50	1182.50	1184.00	1186.50	1188.00	1190.00	1192.00	1194.00	1195.50	1199.00	1200.50	1202.00	1204.00	1206.50	1208.00	1209.00	1210.50	1211.50	1213.50	1214.00	1214.50	1215.00	1216.50	1217.00	1218.00	1219.00	1219.50	1221.00	1221.00	1222.50	1223.00
1240.50	1240.00	1240.00	1239.00	1239.00	1238.50	1238.00	1237.50	1236.50	1236.00	1235.00	1234.50	1233.75	1233.50	1233.25	1232.75	1232.50	1231.50	1231.00	1230.50	1229.50	1229.25	1229.00	1228.50	1227.75	1227.25	1227.00	1226.00	1225.75	1225.00	1224.75	1224.25	1223.75	1223.50	1222.75	1222.00	1221.50	1220.75	1220.25	1219.50	1219.00	1218.50	1217.50	1216.00	1215.00	1214.00	1212.50	1211.50	1210.00	1210.00	1208.00	1207.00	1205.75	1205.25	1204.50	1202.75	1202.25	1201.50	1201.00	1200.25	1199.50	1199.25	1199.00	1198.75	1198.00	1197.50	1197.00	1196.50	1195.25	1194.75	1193.75	1192.50	1191.50	1190.50	1189.50	1188.00	1186.50	1185.25	1184.75	1184.00	1183.00	1181.75	1181.00	1180.50	1179.75	1179.00	1178.00	1177.25	1177.00	1177.00	1176.50	1176.00	1176.50	1176.25	1176.00	1176.00	1176.00	1176.00	1176.00	1175.50	1175.50	1175.25	1174.50	1174.25	1173.50	1173.50	1172.25	1171.50	1170.50	1169.75	1169.25	1168.50	1168.00	1167.00	1166.50	1166.50	1166.50	1166.50	1166.75	1167.00	1167.00	1167.50	1167.75	1168.00	1168.50	1168.50	1168.50	1168.50	1168.75	1169.00	1170.00	1170.00	1170.25	1171.00	1171.00	1171.25	1172.00	1172.25	1172.50	1172.50	1173.00	1173.00	1172.50	1172.50	1171.75	1171.00	1170.75	1170.25	1170.00	1169.25	1168.75	1168.50	1167.50	1167.00	1166.25	1165.00	1164.25	1163.75	1163.00	1162.00	1161.00	1160.50	1160.00	1159.25	1159.00	1159.00	1158.75	1158.50	1158.50	1159.50	1159.75	1160.75	1161.50	1162.50	1163.50	1164.75	1165.50	1166.00	1167.00	1167.00	1167.00	1167.00	1167.50	1168.00	1168.00	1168.25	1168.50	1168.75	1169.00	1169.00	1169.00	1169.75	1170.00	1170.00	1170.25	1170.50	1170.75	1171.25	1171.50	1172.50	1173.00	1173.50	1174.75	1175.25	1176.00	1176.50	1177.00	1178.50	1179.50	1181.00	1181.75	1182.50	1183.00	1182.75	1183.00	1183.00	1183.00	1183.00	1183.00	1183.25	1183.50	1183.50	1183.50	1184.50	1184.50	1185.50	1186.75	1188.25	1191.00	1192.50	1194.50	1196.50	1198.50	1200.00	1203.25	1204.75	1206.25	1208.00	1210.00	1211.50	1212.00	1213.50	1214.25	1215.75	1216.25	1216.75	1217.50	1218.50	1219.00	1219.50	1220.50	1221.00	1222.50	1222.50	1223.75	1224.50
1243.00	1243.00	1243.00	1242.00	1242.00	1241.50	1241.00	1240.50	1239.50	1239.00	1238.00	1238.00	1237.00	1237.00	1237.00	1236.50	1236.00	1235.00	1234.50	1234.00	1233.00	1232.50	1232.00	1231.50	1231.00	1230.50	1230.00	1229.00	1228.50	1227.00	1227.00	1226.50	1226.00	1226.00	1225.00	1224.00	1224.00	1223.00	1222.50	1221.50	1221.00	1220.50	1220.00	1218.50	1217.50	1217.00	1215.50	1214.50	1213.00	1213.00	1211.00	1210.00	1208.50	1208.00	1207.50	1206.00	1205.50	1205.00	1204.00	1203.50	1203.00	1202.50	1202.00	1202.00	1201.00	1201.00	1200.00	1200.00	1198.50	1198.00	1197.00	1195.50	1194.50	1194.00	1193.00	1191.50	1190.00	1189.00	1188.50	1187.50	1187.00	1186.00	1185.00	1185.00	1184.00	1183.50	1182.50	1182.00	1182.00	1182.00	1181.50	1181.00	1182.00	1182.00	1182.00	1182.00	1182.00	1182.00	1182.00	1182.00	1182.00	1181.50	1181.00	1180.50	1180.00	1180.00	1178.50	1177.50	1176.50	1175.50	1175.00	1174.00	1174.00	1173.00	1172.00	1172.00	1172.00	1172.00	1172.00	1172.00	1172.00	1172.00	1172.00	1172.00	1172.00	1172.00	1172.00	1172.00	1172.00	1172.00	1173.00	1173.00	1173.00	1174.00	1174.00	1174.00	1175.00	1175.00	1175.00	1175.00	1176.00	1176.00	1175.00	1175.00	1174.50	1174.00	1173.50	1173.00	1173.00	1172.00	1171.50	1171.00	1170.00	1169.50	1169.00	1167.50	1166.50	1166.00	1165.00	1164.00	1163.00	1162.00	1161.50	1160.50	1160.00	1160.00	1160.00	1160.00	1160.00	1161.00	1161.00	1162.00	1162.50	1163.50	1164.00	1165.50	1166.00	1167.00	1168.00	1168.00	1168.00	1168.00	1168.50	1169.00	1169.00	1169.00	1169.00	1169.50	1170.00	1170.00	1170.00	1170.50	1171.00	1171.00	1171.00	1171.00	1171.50	1172.00	1172.00	1173.00	1173.50	1174.00	1175.50	1176.00	1176.50	1177.00	1177.00	1179.00	1179.00	1180.50	1181.00	1181.50	1182.00	1182.00	1183.00	1183.00	1183.00	1183.00	1184.00	1184.50	1185.00	1186.00	1186.00	1188.00	1188.00	1189.50	1191.00	1192.50	1195.50	1197.00	1199.00	1201.00	1203.00	1204.50	1207.50	1209.00	1210.50	1212.00	1213.50	1215.00	1215.00	1216.50	1217.00	1218.00	1218.50	1219.00	1220.00	1220.50	1221.00	1221.00	1222.00	1222.50	1224.00	1224.00	1225.00	1226.00
1243.00	1243.00	1243.00	1242.00	1242.00	1241.50	1241.00	1240.50	1239.50	1239.00	1238.00	1238.00	1237.00	1237.00	1237.00	1236.50	1236.00	1235.00	1234.50	1234.00	1233.00	1232.50	1232.00	1231.50	1231.00	1230.50	1230.00	1229.00	1228.50	1227.00	1227.00	1226.50	1226.00	1226.00	1225.00	1224.00	1224.00	1223.00	1222.50	1221.50	1221.00	1220.50	1220.00	1218.50	1217.50	1217.00	1215.50	1214.50	1213.00	1213.00	1211.00	1210.00	1208.50	1208.00	1207.50	1206.00	1205.50	1205.00	1204.00	1203.50	1203.00	1202.50	1202.00	1202.00	1201.00	1201.00	1200.00	1200.00	1198.50	1198.00	1197.00	1195.50	1194.50	1194.00	1193.00	1191.50	1190.00	1189.00	1188.50	1187.50	1187.00	1186.00	1185.00	1185.00	1184.00	1183.50	1182.50	1182.00	1182.00	1182.00	1181.50	1181.00	1182.00	1182.00	1182.00	1182.00	1182.00	1182.00	1182.00	1182.00	1182.00	1181.50	1181.00	1180.50	1180.00	1180.00	1178.50	1177.50	1176.50	1175.50	1175.00	1174.00	1174.00	1173.00	1172.00	1172.00	1172.00	1172.00	1172.00	1172.00	1172.00	1172.00	1172.00	1172.00	1172.00	1172.00	1172.00	1172.00	1172.00	1172.00	1173.00	1173.00	1173.00	1174.00	1174.00	1174.00	1175.00	1175.00	1175.00	1175.00	1176.00	1176.00	1175.00	1175.00	1174.50	1174.00	1173.50	1173.00	1173.00	1172.00	1171.50	1171.00	1170.00	1169.50	1169.00	1167.50	1166.50	1166.00	1165.00	1164.00	1163.00	1162.00	1161.50	1160.50	1160.00	1160.00	1160.00	1160.00	1160.00	1161.00	1161.00	1162.00	1162.50	1163.50	1164.00	1165.50	1166.00	1167.00	1168.00	1168.00	1168.00	1168.00	1168.50	1169.00	1169.00	1169.00	1169.00	1169.50	1170.00	1170.00	1170.00	1170.50	1171.00	1171.00	1171.00	1171.00	1171.50	1172.00	1172.00	1173.00	1173.50	1174.00	1175.50	1176.00	1176.50	1177.00	1177.00	1179.00	1179.00	1180.50	1181.00	1181.50	1182.00	1182.00	1183.00	1183.00	1183.00	1183.00	1184.00	1184.50	1185.00	1186.00	1186.00	1188.00	1188.00	1189.50	1191.00	1192.50	1195.50	1197.00	1199.00	1201.00	1203.00	1204.50	1207.50	1209.00	1210.50	1212.00	1213.50	1215.00	1215.00	1216.50	1217.00	1218.00	1218.50	1219.00	1220.00	1220.50	1221.00	1221.00	1222.00	1222.50	1224.00	1224.00	1225.00	1226.00
1246.00	1245.50	1245.50	1245.00	1245.00	1244.75	1244.25	1243.75	1243.00	1242.50	1241.50	1241.50	1240.75	1240.50	1240.50	1240.00	1239.50	1238.50	1238.00	1237.00	1236.50	1235.75	1235.25	1234.50	1233.75	1233.25	1232.50	1231.50	1231.00	1230.00	1229.50	1229.00	1228.50	1228.50	1227.50	1226.50	1226.50	1225.50	1225.00	1224.00	1223.50	1223.00	1222.50	1221.00	1220.25	1219.50	1218.50	1217.50	1216.00	1216.00	1214.00	1213.00	1212.00	1211.25	1210.75	1209.50	1209.00	1208.50	1207.50	1207.00	1206.50	1206.00	1205.50	1205.50	1204.50	1204.50	1203.50	1203.50	1202.25	1201.75	1200.75	1199.50	1198.50	1197.50	1197.00	1195.50	1194.00	1193.25	1192.75	1192.25	1191.50	1191.00	1190.50	1190.50	1189.50	1189.25	1188.50	1188.00	1188.00	1188.00	1187.50	1187.25	1188.00	1188.00	1188.00	1188.50	1188.50	1188.50	1188.50	1188.50	1188.50	1188.25	1187.50	1187.00	1186.50	1186.00	1185.00	1184.00	1182.50	1181.75	1181.25	1180.00	1179.50	1178.50	1178.00	1177.50	1177.50	1177.25	1177.00	1176.75	1176.50	1176.50	1176.25	1176.00	1176.00	1176.00	1176.00	1175.50	1175.50	1175.00	1175.50	1175.50	1175.50	1176.25	1176.50	1176.50	1177.00	1177.00	1177.00	1177.00	1178.00	1178.00	1177.50	1177.00	1176.75	1176.50	1175.75	1175.50	1175.25	1174.50	1174.00	1173.50	1172.50	1172.00	1171.50	1170.25	1169.50	1168.75	1167.50	1167.00	1165.50	1165.00	1164.50	1163.75	1163.50	1163.00	1163.00	1163.00	1163.50	1164.00	1164.00	1165.25	1165.75	1166.50	1167.00	1168.50	1169.00	1170.00	1170.75	1171.00	1171.25	1171.50	1171.75	1172.00	1172.50	1172.50	1172.50	1172.75	1173.00	1173.00	1173.00	1173.75	1174.00	1174.00	1174.00	1174.00	1174.25	1174.75	1175.00	1175.50	1175.75	1176.25	1177.25	1177.50	1177.75	1178.00	1178.00	1179.00	1179.00	1179.75	1180.25	1180.75	1181.75	1182.00	1183.00	1183.00	1183.50	1183.75	1185.25	1185.75	1186.25	1187.50	1188.00	1190.00	1190.50	1192.25	1193.75	1195.25	1198.50	1200.00	1202.00	1204.00	1206.00	1207.50	1210.50	1211.75	1213.00	1214.50	1216.00	1217.50	1217.50	1218.50	1219.00	1220.00	1220.25	1220.75	1221.50	1221.75	1222.00	1222.50	1223.00	1223.50	1224.50	1225.00	1226.00	1227.00
1249.00	1248.00	1248.00	1248.00	1248.00	1248.00	1247.50	1247.00	1246.50	1246.00	1245.00	1245.00	1244.50	1244.00	1244.00	1243.50	1243.00	1242.00	1241.50	1240.00	1240.00	1239.00	1238.50	1237.50	1236.50	1236.00	1235.00	1234.00	1233.50	1233.00	1232.00	1231.50	1231.00	1231.00	1230.00	1229.00	1229.00	1228.00	1227.50	1226.50	1226.00	1225.50	1225.00	1223.50	1223.00	1222.00	1221.50	1220.50	1219.00	1219.00	1217.00	1216.00	1215.50	1214.50	1214.00	1213.00	1212.50	1212.00	1211.00	1210.50	1210.00	1209.50	1209.00	1209.00	1208.00	1208.00	1207.00	1207.00	1206.00	1205.50	1204.50	1203.50	1202.50	1201.00	1201.00	1199.50	1198.00	1197.50	1197.00	1197.00	1196.00	1196.00	1196.00	1196.00	1195.00	1195.00	1194.50	1194.00	1194.00	1194.00	1193.50	1193.50	1194.00	1194.00	1194.00	1195.00	1195.00	1195.00	1195.00	1195.00	1195.00	1195.00	1194.00	1193.50	1193.00	1192.00	1191.50	1190.50	1188.50	1188.00	1187.50	1186.00	1185.00	1184.00	1184.00	1183.00	1183.00	1182.50	1182.00	1181.50	1181.00	1181.00	1180.50	1180.00	1180.00	1180.00	1180.00	1179.00	1179.00	1178.00	1178.00	1178.00	1178.00	1178.50	1179.00	1179.00	1179.00	1179.00	1179.00	1179.00	1180.00	1180.00	1180.00	1179.00	1179.00	1179.00	1178.00	1178.00	1177.50	1177.00	1176.50	1176.00	1175.00	1174.50	1174.00	1173.00	1172.50	1171.50	1170.00	1170.00	1168.00	1168.00	1167.50	1167.00	1167.00	1166.00	1166.00	1166.00	1167.00	1167.00	1167.00	1168.50	1169.00	1169.50	1170.00	1171.50	1172.00	1173.00	1173.50	1174.00	1174.50	1175.00	1175.00	1175.00	1176.00	1176.00	1176.00	1176.00	1176.00	1176.00	1176.00	1177.00	1177.00	1177.00	1177.00	1177.00	1177.00	1177.50	1178.00	1178.00	1178.00	1178.50	1179.00	1179.00	1179.00	1179.00	1179.00	1179.00	1179.00	1179.00	1179.50	1180.00	1181.50	1182.00	1183.00	1183.00	1184.00	1184.50	1186.50	1187.00	1187.50	1189.00	1190.00	1192.00	1193.00	1195.00	1196.50	1198.00	1201.50	1203.00	1205.00	1207.00	1209.00	1210.50	1213.50	1214.50	1215.50	1217.00	1218.50	1220.00	1220.00	1220.50	1221.00	1222.00	1222.00	1222.50	1223.00	1223.00	1223.00	1224.00	1224.00	1224.50	1225.00	1226.00	1227.00	1228.00
1249.00	1248.00	1248.00	1248.00	1248.00	1248.00	1247.50	1247.00	1246.50	1246.00	1245.00	1245.00	1244.50	1244.00	1244.00	1243.50	1243.00	1242.00	1241.50	1240.00	1240.00	1239.00	1238.50	1237.50	1236.50	1236.00	1235.00	1234.00	1233.50	1233.00	1232.00	1231.50	1231.00	1231.00	1230.00	1229.00	1229.00	1228.00	1227.50	1226.50	1226.00	1225.50	1225.00	1223.50	1223.00	1222.00	1221.50	1220.50	1219.00	1219.00	1217.00	1216.00	1215.50	1214.50	1214.00	1213.00	1212.50	1212.00	1211.00	1210.50	1210.00	1209.50	1209.00	1209.00	1208.00	1208.00	1207.00	1207.00	1206.00	1205.50	1204.50	1203.50	1202.50	1201.00	1201.00	1199.50	1198.00	1197.50	1197.00	1197.00	1196.00	1196.00	1196.00	1196.00	1195.00	1195.00	1194.50	1194.00	1194.00	1194.00	1193.50	1193.50	1194.00	1194.00	1194.00	1195.00	1195.00	1195.00	1195.00	1195.00	1195.00	1195.00	1194.00	1193.50	1193.00	1192.00	1191.50	1190.50	1188.50	1188.00	1187.50	1186.00	1185.00	1184.00	1184.00	1183.00	1183.00	1182.50	1182.00	1181.50	1181.00	1181.00	1180.50	1180.00	1180.00	1180.00	1180.00	1179.00	1179.00	1178.00	1178.00	1178.00	1178.00	1178.50	1179.00	1179.00	1179.00	1179.00	1179.00	1179.00	1180.00	1180.00	1180.00	1179.00	1179.00	1179.00	1178.00	1178.00	1177.50	1177.00	1176.50	1176.00	1175.00	1174.50	1174.00	1173.00	1172.50	1171.50	1170.00	1170.00	1168.00	1168.00	1167.50	1167.00	1167.00	1166.00	1166.00	1166.00	1167.00	1167.00	1167.00	1168.50	1169.00	1169.50	1170.00	1171.50	1172.00	1173.00	1173.50	1174.00	1174.50	1175.00	1175.00	1175.00	1176.00	1176.00	1176.00	1176.00	1176.00	1176.00	1176.00	1177.00	1177.00	1177.00	1177.00	1177.00	1177.00	1177.50	1178.00	1178.00	1178.00	1178.50	1179.00	1179.00	1179.00	1179.00	1179.00	1179.00	1179.00	1179.00	1179.50	1180.00	1181.50	1182.00	1183.00	1183.00	1184.00	1184.50	1186.50	1187.00	1187.50	1189.00	1190.00	1192.00	1193.00	1195.00	1196.50	1198.00	1201.50	1203.00	1205.00	1207.00	1209.00	1210.50	1213.50	1214.50	1215.50	1217.00	1218.50	1220.00	1220.00	1220.50	1221.00	1222.00	1222.00	1222.50	1223.00	1223.00	1223.00	1224.00	1224.00	1224.50	1225.00	1226.00	1227.00	1228.00
1251.50	1251.00	1251.00	1251.00	1251.00	1251.00	1250.75	1250.50	1250.00	1249.50	1249.00	1248.50	1248.00	1247.50	1247.25	1246.75	1246.25	1245.00	1244.50	1243.50	1243.00	1242.00	1241.50	1240.50	1239.50	1239.00	1238.00	1237.00	1236.50	1235.50	1234.75	1234.25	1233.75	1233.50	1232.50	1231.50	1231.00	1230.50	1230.25	1229.25	1228.75	1228.25	1228.00	1226.75	1226.25	1225.00	1224.50	1223.75	1222.50	1222.50	1221.00	1220.00	1219.25	1218.50	1217.75	1216.75	1216.25	1215.50	1215.00	1214.25	1214.00	1213.25	1213.00	1212.75	1212.00	1211.75	1211.00	1210.50	1210.00	1209.50	1208.50	1207.75	1207.00	1206.00	1205.50	1204.50	1203.50	1203.25	1202.75	1202.50	1202.00	1202.00	1202.00	1201.50	1201.00	1201.00	1200.75	1200.25	1200.00	1200.00	1199.75	1199.75	1200.00	1200.00	1200.00	1200.50	1200.50	1200.50	1200.50	1200.25	1200.00	1200.00	1199.00	1198.50	1198.00	1197.00	1196.50	1195.50	1193.75	1193.25	1192.50	1191.50	1190.50	1189.50	1189.00	1188.25	1188.00	1187.50	1186.75	1186.25	1185.50	1185.50	1185.00	1184.50	1184.00	1183.75	1183.50	1182.50	1182.25	1181.50	1181.00	1180.75	1180.50	1180.50	1180.75	1181.00	1181.00	1181.00	1181.00	1181.00	1181.50	1181.50	1181.50	1181.00	1181.00	1181.00	1180.50	1180.25	1179.75	1179.50	1179.25	1179.00	1178.50	1177.75	1177.50	1176.50	1176.25	1175.50	1174.50	1174.00	1172.50	1172.50	1172.00	1171.50	1171.50	1170.50	1170.50	1170.50	1171.00	1171.50	1171.50	1172.75	1173.25	1173.75	1174.50	1175.75	1176.50	1177.00	1178.00	1178.50	1179.00	1179.50	1179.75	1180.00	1181.00	1181.00	1181.00	1181.00	1181.00	1181.00	1181.00	1181.50	1181.50	1181.25	1181.00	1181.00	1181.00	1181.25	1181.50	1181.00	1181.00	1181.25	1181.00	1181.00	1181.00	1181.00	1180.50	1180.50	1180.50	1180.50	1180.75	1181.25	1182.75	1183.25	1184.50	1184.50	1185.75	1186.50	1188.50	1189.00	1189.50	1191.50	1192.50	1194.50	1195.50	1197.75	1199.25	1200.75	1204.25	1205.75	1208.00	1209.50	1211.75	1213.00	1216.00	1217.00	1218.00	1219.00	1220.50	1221.50	1221.50	1222.25	1222.50	1223.25	1223.50	1223.75	1224.00	1224.00	1224.25	1225.00	1225.00	1225.25	1226.00	1226.50	1227.50	1228.00
1254.00	1254.00	1254.00	1254.00	1254.00	1254.00	1254.00	1254.00	1253.50	1253.00	1253.00	1252.00	1251.50	1251.00	1250.50	1250.00	1249.50	1248.00	1247.50	1247.00	1246.00	1245.00	1244.50	1243.50	1242.50	1242.00	1241.00	1240.00	1239.50	1238.00	1237.50	1237.00	1236.50	1236.00	1235.00	1234.00	1233.00	1233.00	1233.00	1232.00	1231.50	1231.00	1231.00	1230.00	1229.50	1228.00	1227.50	1227.00	1226.00	1226.00	1225.00	1224.00	1223.00	1222.50	1221.50	1220.50	1220.00	1219.00	1219.00	1218.00	1218.00	1217.00	1217.00	1216.50	1216.00	1215.50	1215.00	1214.00	1214.00	1213.50	1212.50	1212.00	1211.50	1211.00	1210.00	1209.50	1209.00	1209.00	1208.50	1208.00	1208.00	1208.00	1208.00	1207.00	1207.00	1207.00	1207.00	1206.50	1206.00	1206.00	1206.00	1206.00	1206.00	1206.00	1206.00	1206.00	1206.00	1206.00	1206.00	1205.50	1205.00	1205.00	1204.00	1203.50	1203.00	1202.00	1201.50	1200.50	1199.00	1198.50	1197.50	1197.00	1196.00	1195.00	1194.00	1193.50	1193.00	1192.50	1191.50	1191.00	1190.00	1190.00	1189.50	1189.00	1188.00	1187.50	1187.00	1186.00	1185.50	1185.00	1184.00	1183.50	1183.00	1182.50	1182.50	1183.00	1183.00	1183.00	1183.00	1183.00	1183.00	1183.00	1183.00	1183.00	1183.00	1183.00	1183.00	1182.50	1182.00	1182.00	1182.00	1182.00	1182.00	1181.00	1181.00	1180.00	1180.00	1179.50	1179.00	1178.00	1177.00	1177.00	1176.50	1176.00	1176.00	1175.00	1175.00	1175.00	1175.00	1176.00	1176.00	1177.00	1177.50	1178.00	1179.00	1180.00	1181.00	1181.00	1182.50	1183.00	1183.50	1184.00	1184.50	1185.00	1186.00	1186.00	1186.00	1186.00	1186.00	1186.00	1186.00	1186.00	1186.00	1185.50	1185.00	1185.00	1185.00	1185.00	1185.00	1184.00	1184.00	1184.00	1183.00	1183.00	1183.00	1183.00	1182.00	1182.00	1182.00	1182.00	1182.00	1182.50	1184.00	1184.50	1186.00	1186.00	1187.50	1188.50	1190.50	1191.00	1191.50	1194.00	1195.00	1197.00	1198.00	1200.50	1202.00	1203.50	1207.00	1208.50	1211.00	1212.00	1214.50	1215.50	1218.50	1219.50	1220.50	1221.00	1222.50	1223.00	1223.00	1224.00	1224.00	1224.50	1225.00	1225.00	1225.00	1225.00	1225.50	1226.00	1226.00	1226.00	1227.00	1227.00	1228.00	1228.00
1254.00	1254.00	1254.00	1254.00	1254.00	1254.00	1254.00	1254.00	1253.50	1253.00	1253.00	1252.00	1251.50	1251.00	1250.50	1250.00	1249.50	1248.00	1247.50	1247.00	1246.00	1245.00	1244.50	1243.50	1242.50	1242.00	1241.00	1240.00	1239.50	1238.00	1237.50	1237.00	1236.50	1236.00	1235.00	1234.00	1233.00	1233.00	1233.00	1232.00	1231.50	1231.00	1231.00	1230.00	1229.50	1228.00	1227.50	1227.00	1226.00	1226.00	1225.00	1224.00	1223.00	1222.50	1221.50	1220.50	1220.00	1219.00	1219.00	1218.00	1218.00	1217.00	1217.00	1216.50	1216.00	1215.50	1215.00	1214.00	1214.00	1213.50	1212.50	1212.00	1211.50	1211.00	1210.00	1209.50	1209.00	1209.00	1208.50	1208.00	1208.00	1208.00	1208.00	1207.00	1207.00	1207.00	1207.00	1206.50	1206.00	1206.00	1206.00	1206.00	1206.00	1206.00	1206.00	1206.00	1206.00	1206.00	1206.00	1205.50	1205.00	1205.00	1204.00	1203.50	1203.00	1202.00	1201.50	1200.50	1199.00	1198.50	1197.50	1197.00	1196.00	1195.00	1194.00	1193.50	1193.00	1192.50	1191.50	1191.00	1190.00	1190.00	1189.50	1189.00	1188.00	1187.50	1187.00	1186.00	1185.50	1185.00	1184.00	1183.50	1183.00	1182.50	1182.50	1183.00	1183.00	1183.00	1183.00	1183.00	1183.00	1183.00	1183.00	1183.00	1183.00	1183.00	1183.00	1182.50	1182.00	1182.00	1182.00	1182.00	1182.00	1181.00	1181.00	1180.00	1180.00	1179.50	1179.00	1178.00	1177.00	1177.00	1176.50	1176.00	1176.00	1175.00	1175.00	1175.00	1175.00	1176.00	1176.00	1177.00	1177.50	1178.00	1179.00	1180.00	1181.00	1181.00	1182.50	1183.00	1183.50	1184.00	1184.50	1185.00	1186.00	1186.00	1186.00	1186.00	1186.00	1186.00	1186.00	1186.00	1186.00	1185.50	1185.00	1185.00	1185.00	1185.00	1185.00	1184.00	1184.00	1184.00	1183.00	1183.00	1183.00	1183.00	1182.00	1182.00	1182.00	1182.00	1182.00	1182.50	1184.00	1184.50	1186.00	1186.00	1187.50	1188.50	1190.50	1191.00	1191.50	1194.00	1195.00	1197.00	1198.00	1200.50	1202.00	1203.50	1207.00	1208.50	1211.00	1212.00	1214.50	1215.50	1218.50	1219.50	1220.50	1221.00	1222.50	1223.00	1223.00	1224.00	1224.00	1224.50	1225.00	1225.00	1225.00	1225.00	1225.50	1226.00	1226.00	1226.00	1227.00	1227.00	1228.00	1228.00
1254.00	1254.00	1254.00	1254.00	1254.00	1254.00	1254.00	1254.00	1253.50	1253.00	1253.00	1252.00	1251.50	1251.00	1250.50	1250.00	1249.50	1248.00	1247.50	1247.00	1246.00	1245.00	1244.50	1243.50	1242.50	1242.00	1241.00	1240.00	1239.50	1238.00	1237.50	1237.00	1236.50	1236.00	1235.00	1234.00	1233.00	1233.00	1233.00	1232.00	1231.50	1231.00	1231.00	1230.00	1229.50	1228.00	1227.50	1227.00	1226.00	1226.00	1225.00	1224.00	1223.00	1222.50	1221.50	1220.50	1220.00	1219.00	1219.00	1218.00	1218.00	1217.00	1217.00	1216.50	1216.00	1215.50	1215.00	1214.00	1214.00	1213.50	1212.50	1212.00	1211.50	1211.00	1210.00	1209.50	1209.00	1209.00	1208.50	1208.00	1208.00	1208.00	1208.00	1207.00	1207.00	1207.00	1207.00	1206.50	1206.00	1206.00	1206.00	1206.00	1206.00	1206.00	1206.00	1206.00	1206.00	1206.00	1206.00	1205.50	1205.00	1205.00	1204.00	1203.50	1203.00	1202.00	1201.50	1200.50	1199.00	1198.50	1197.50	1197.00	1196.00	1195.00	1194.00	1193.50	1193.00	1192.50	1191.50	1191.00	1190.00	1190.00	1189.50	1189.00	1188.00	1187.50	1187.00	1186.00	1185.50	1185.00	1184.00	1183.50	1183.00	1182.50	1182.50	1183.00	1183.00	1183.00	1183.00	1183.00	1183.00	1183.00	1183.00	1183.00	1183.00	1183.00	1183.00	1182.50	1182.00	1182.00	1182.00	1182.00	1182.00	1181.00	1181.00	1180.00	1180.00	1179.50	1179.00	1178.00	1177.00	1177.00	1176.50	1176.00	1176.00	1175.00	1175.00	1175.00	1175.00	1176.00	1176.00	1177.00	1177.50	1178.00	1179.00	1180.00	1181.00	1181.00	1182.50	1183.00	1183.50	1184.00	1184.50	1185.00	1186.00	1186.00	1186.00	1186.00	1186.00	1186.00	1186.00	1186.00	1186.00	1185.50	1185.00	1185.00	1185.00	1185.00	1185.00	1184.00	1184.00	1184.00	1183.00	1183.00	1183.00	1183.00	1182.00	1182.00	1182.00	1182.00	1182.00	1182.50	1184.00	1184.50	1186.00	1186.00	1187.50	1188.50	1190.50	1191.00	1191.50	1194.00	1195.00	1197.00	1198.00	1200.50	1202.00	1203.50	1207.00	1208.50	1211.00	1212.00	1214.50	1215.50	1218.50	1219.50	1220.50	1221.00	1222.50	1223.00	1223.00	1224.00	1224.00	1224.50	1225.00	1225.00	1225.00	1225.00	1225.50	1226.00	1226.00	1226.00	1227.00	1227.00	1228.00	1228.00
1257.00	1256.50	1256.50	1256.50	1257.00	1257.00	1257.00	1256.75	1256.25	1256.00	1256.00	1255.00	1254.50	1253.50	1253.00	1252.50	1252.00	1250.50	1250.00	1249.50	1248.50	1247.75	1247.00	1246.00	1245.25	1244.75	1243.50	1243.00	1242.25	1241.00	1240.25	1239.75	1239.25	1238.50	1237.75	1237.00	1236.00	1236.00	1235.75	1235.00	1234.75	1234.25	1234.00	1233.00	1232.75	1231.50	1231.00	1230.50	1229.50	1229.50	1228.50	1227.50	1226.75	1226.25	1225.50	1224.50	1224.00	1223.00	1223.00	1222.00	1222.00	1221.00	1221.00	1220.50	1220.00	1219.50	1219.00	1218.00	1218.00	1217.75	1217.00	1216.50	1216.25	1215.50	1215.00	1214.75	1214.50	1214.50	1214.25	1213.75	1213.50	1213.50	1213.00	1212.50	1212.50	1212.50	1212.50	1212.25	1212.00	1211.50	1211.50	1211.50	1211.00	1211.00	1210.75	1210.50	1210.50	1210.50	1210.00	1209.50	1209.00	1208.75	1207.75	1207.25	1206.50	1206.00	1205.00	1204.25	1203.00	1202.50	1201.75	1201.00	1200.50	1199.50	1198.50	1198.00	1197.50	1197.00	1196.00	1195.25	1194.50	1194.00	1193.50	1193.00	1191.75	1191.25	1190.75	1189.50	1188.50	1187.50	1186.50	1186.25	1185.75	1185.25	1185.25	1185.25	1185.00	1185.00	1185.00	1185.00	1185.00	1185.00	1185.00	1185.00	1185.50	1185.50	1185.50	1185.25	1185.00	1185.00	1185.00	1185.00	1185.00	1184.75	1185.00	1184.50	1184.50	1184.25	1184.00	1183.00	1182.00	1182.00	1181.25	1181.00	1181.00	1180.00	1180.00	1180.00	1180.00	1180.75	1181.00	1182.00	1182.50	1183.00	1184.00	1184.75	1185.50	1186.00	1187.50	1188.00	1188.75	1189.50	1189.75	1190.50	1191.00	1191.25	1191.50	1191.50	1191.50	1191.50	1191.50	1191.00	1191.00	1190.25	1189.75	1189.50	1188.75	1188.50	1188.00	1187.50	1187.00	1186.75	1185.75	1185.50	1185.25	1185.00	1184.00	1184.50	1184.50	1184.75	1185.00	1185.50	1186.75	1187.25	1188.50	1189.00	1190.00	1191.00	1193.00	1193.75	1194.50	1196.50	1197.50	1200.00	1201.00	1203.50	1205.00	1206.75	1209.75	1211.25	1213.50	1215.00	1217.00	1218.00	1220.50	1221.50	1222.25	1223.00	1224.00	1224.50	1224.50	1225.25	1225.50	1225.75	1226.25	1226.50	1226.50	1226.50	1226.75	1227.00	1227.00	1227.00	1227.50	1228.00	1228.75	1229.00
1260.00	1259.00	1259.00	1259.00	1260.00	1260.00	1260.00	1259.50	1259.00	1259.00	1259.00	1258.00	1257.50	1256.00	1255.50	1255.00	1254.50	1253.00	1252.50	1252.00	1251.00	1250.50	1249.50	1248.50	1248.00	1247.50	1246.00	1246.00	1245.00	1244.00	1243.00	1242.50	1242.00	1241.00	1240.50	1240.00	1239.00	1239.00	1238.50	1238.00	1238.00	1237.50	1237.00	1236.00	1236.00	1235.00	1234.50	1234.00	1233.00	1233.00	1232.00	1231.00	1230.50	1230.00	1229.50	1228.50	1228.00	1227.00	1227.00	1226.00	1226.00	1225.00	1225.00	1224.50	1224.00	1223.50	1223.00	1222.00	1222.00	1222.00	1221.50	1221.00	1221.00	1220.00	1220.00	1220.00	1220.00	1220.00	1220.00	1219.50	1219.00	1219.00	1218.00	1218.00	1218.00	1218.00	1218.00	1218.00	1218.00	1217.00	1217.00	1217.00	1216.00	1216.00	1215.50	1215.00	1215.00	1215.00	1214.00	1213.50	1213.00	1212.50	1211.50	1211.00	1210.00	1210.00	1208.50	1208.00	1207.00	1206.50	1206.00	1205.00	1205.00	1204.00	1203.00	1202.50	1202.00	1201.50	1200.50	1199.50	1199.00	1198.00	1197.50	1197.00	1195.50	1195.00	1194.50	1193.00	1191.50	1190.00	1189.00	1189.00	1188.50	1188.00	1188.00	1187.50	1187.00	1187.00	1187.00	1187.00	1187.00	1187.00	1187.00	1187.00	1188.00	1188.00	1188.00	1188.00	1188.00	1188.00	1188.00	1188.00	1188.00	1188.50	1189.00	1189.00	1189.00	1189.00	1189.00	1188.00	1187.00	1187.00	1186.00	1186.00	1186.00	1185.00	1185.00	1185.00	1185.00	1185.50	1186.00	1187.00	1187.50	1188.00	1189.00	1189.50	1190.00	1191.00	1192.50	1193.00	1194.00	1195.00	1195.00	1196.00	1196.00	1196.50	1197.00	1197.00	1197.00	1197.00	1197.00	1196.00	1196.00	1195.00	1194.50	1194.00	1192.50	1192.00	1191.00	1191.00	1190.00	1189.50	1188.50	1188.00	1187.50	1187.00	1186.00	1187.00	1187.00	1187.50	1188.00	1188.50	1189.50	1190.00	1191.00	1192.00	1192.50	1193.50	1195.50	1196.50	1197.50	1199.00	1200.00	1203.00	1204.00	1206.50	1208.00	1210.00	1212.50	1214.00	1216.00	1218.00	1219.50	1220.50	1222.50	1223.50	1224.00	1225.00	1225.50	1226.00	1226.00	1226.50	1227.00	1227.00	1227.50	1228.00	1228.00	1228.00	1228.00	1228.00	1228.00	1228.00	1228.00	1229.00	1229.50	1230.00
1260.00	1259.00	1259.00	1259.00	1260.00	1260.00	1260.00	1259.50	1259.00	1259.00	1259.00	1258.00	1257.50	1256.00	1255.50	1255.00	1254.50	1253.00	1252.50	1252.00	1251.00	1250.50	1249.50	1248.50	1248.00	1247.50	1246.00	1246.00	1245.00	1244.00	1243.00	1242.50	1242.00	1241.00	1240.50	1240.00	1239.00	1239.00	1238.50	1238.00	1238.00	1237.50	1237.00	1236.00	1236.00	1235.00	1234.50	1234.00	1233.00	1233.00	1232.00	1231.00	1230.50	1230.00	1229.50	1228.50	1228.00	1227.00	1227.00	1226.00	1226.00	1225.00	1225.00	1224.50	1224.00	1223.50	1223.00	1222.00	1222.00	1222.00	1221.50	1221.00	1221.00	1220.00	1220.00	1220.00	1220.00	1220.00	1220.00	1219.50	1219.00	1219.00	1218.00	1218.00	1218.00	1218.00	1218.00	1218.00	1218.00	1217.00	1217.00	1217.00	1216.00	1216.00	1215.50	1215.00	1215.00	1215.00	1214.00	1213.50	1213.00	1212.50	1211.50	1211.00	1210.00	1210.00	1208.50	1208.00	1207.00	1206.50	1206.00	1205.00	1205.00	1204.00	1203.00	1202.50	1202.00	1201.50	1200.50	1199.50	1199.00	1198.00	1197.50	1197.00	1195.50	1195.00	1194.50	1193.00	1191.50	1190.00	1189.00	1189.00	1188.50	1188.00	1188.00	1187.50	1187.00	1187.00	1187.00	1187.00	1187.00	1187.00	1187.00	1187.00	1188.00	1188.00	1188.00	1188.00	1188.00	1188.00	1188.00	1188.00	1188.00	1188.50	1189.00	1189.00	1189.00	1189.00	1189.00	1188.00	1187.00	1187.00	1186.00	1186.00	1186.00	1185.00	1185.00	1185.00	1185.00	1185.50	1186.00	1187.00	1187.50	1188.00	1189.00	1189.50	1190.00	1191.00	1192.50	1193.00	1194.00	1195.00	1195.00	1196.00	1196.00	1196.50	1197.00	1197.00	1197.00	1197.00	1197.00	1196.00	1196.00	1195.00	1194.50	1194.00	1192.50	1192.00	1191.00	1191.00	1190.00	1189.50	1188.50	1188.00	1187.50	1187.00	1186.00	1187.00	1187.00	1187.50	1188.00	1188.50	1189.50	1190.00	1191.00	1192.00	1192.50	1193.50	1195.50	1196.50	1197.50	1199.00	1200.00	1203.00	1204.00	1206.50	1208.00	1210.00	1212.50	1214.00	1216.00	1218.00	1219.50	1220.50	1222.50	1223.50	1224.00	1225.00	1225.50	1226.00	1226.00	1226.50	1227.00	1227.00	1227.50	1228.00	1228.00	1228.00	1228.00	1228.00	1228.00	1228.00	1228.00	1229.00	1229.50	1230.00
1260.00	1259.00	1259.00	1259.00	1260.00	1260.00	1260.00	1259.50	1259.00	1259.00	1259.00	1258.00	1257.50	1256.00	1255.50	1255.00	1254.50	1253.00	1252.50	1252.00	1251.00	1250.50	1249.50	1248.50	1248.00	1247.50	1246.00	1246.00	1245.00	1244.00	1243.00	1242.50	1242.00	1241.00	1240.50	1240.00	1239.00	1239.00	1238.50	1238.00	1238.00	1237.50	1237.00	1236.00	1236.00	1235.00	1234.50	1234.00	1233.00	1233.00	1232.00	1231.00	1230.50	1230.00	1229.50	1228.50	1228.00	1227.00	1227.00	1226.00	1226.00	1225.00	1225.00	1224.50	1224.00	1223.50	1223.00	1222.00	1222.00	1222.00	1221.50	1221.00	1221.00	1220.00	1220.00	1220.00	1220.00	1220.00	1220.00	1219.50	1219.00	1219.00	1218.00	1218.00	1218.00	1218.00	1218.00	1218.00	1218.00	1217.00	1217.00	1217.00	1216.00	1216.00	1215.50	1215.00	1215.00	1215.00	1214.00	1213.50	1213.00	1212.50	1211.50	1211.00	1210.00	1210.00	1208.50	1208.00	1207.00	1206.50	1206.00	1205.00	1205.00	1204.00	1203.00	1202.50	1202.00	1201.50	1200.50	1199.50	1199.00	1198.00	1197.50	1197.00	1195.50	1195.00	1194.50	1193.00	1191.50	1190.00	1189.00	1189.00	1188.50	1188.00	1188.00	1187.50	1187.00	1187.00	1187.00	1187.00	1187.00	1187.00	1187.00	1187.00	1188.00	1188.00	1188.00	1188.00	1188.00	1188.00	1188.00	1188.00	1188.00	1188.50	1189.00	1189.00	1189.00	1189.00	1189.00	1188.00	1187.00	1187.00	1186.00	1186.00	1186.00	1185.00	1185.00	1185.00	1185.00	1185.50	1186.00	1187.00	1187.50	1188.00	1189.00	1189.50	1190.00	1191.00	1192.50	1193.00	1194.00	1195.00	1195.00	1196.00	1196.00	1196.50	1197.00	1197.00	1197.00	1197.00	1197.00	1196.00	1196.00	1195.00	1194.50	1194.00	1192.50	1192.00	1191.00	1191.00	1190.00	1189.50	1188.50	1188.00	1187.50	1187.00	1186.00	1187.00	1187.00	1187.50	1188.00	1188.50	1189.50	1190.00	1191.00	1192.00	1192.50	1193.50	1195.50	1196.50	1197.50	1199.00	1200.00	1203.00	1204.00	1206.50	1208.00	1210.00	1212.50	1214.00	1216.00	1218.00	1219.50	1220.50	1222.50	1223.50	1224.00	1225.00	1225.50	1226.00	1226.00	1226.50	1227.00	1227.00	1227.50	1228.00	1228.00	1228.00	1228.00	1228.00	1228.00	1228.00	1228.00	1229.00	1229.50	1230.00
1265.00	1265.00	1264.50	1265.00	1265.00	1265.00	1265.00	1264.50	1264.00	1263.50	1263.00	1263.00	1262.00	1261.00	1260.50	1259.50	1258.50	1258.00	1257.00	1256.00	1255.00	1254.50	1254.00	1253.50	1252.50	1252.00	1251.00	1251.00	1250.00	1249.00	1248.50	1248.00	1247.50	1247.00	1246.50	1246.00	1245.00	1245.00	1244.50	1244.00	1243.50	1243.00	1243.00	1243.00	1242.50	1242.00	1242.00	1241.50	1241.00	1241.00	1240.00	1240.00	1239.00	1238.50	1238.00	1237.00	1236.50	1236.00	1235.00	1234.50	1234.00	1233.00	1232.50	1232.00	1231.00	1231.00	1231.00	1230.00	1230.00	1230.00	1229.50	1229.00	1229.00	1229.00	1229.00	1229.00	1229.00	1229.00	1229.00	1229.00	1228.00	1228.00	1228.00	1228.00	1227.50	1227.00	1227.00	1227.00	1227.00	1227.00	1226.00	1225.50	1224.00	1223.50	1223.00	1223.00	1222.00	1221.50	1221.00	1219.50	1219.00	1218.50	1217.50	1217.00	1216.00	1216.00	1215.00	1214.50	1213.50	1213.00	1213.00	1212.00	1212.00	1211.00	1211.00	1210.50	1210.00	1209.50	1208.50	1208.00	1207.00	1207.00	1205.50	1204.00	1203.50	1202.50	1201.50	1200.00	1198.50	1197.00	1196.00	1195.50	1194.50	1194.00	1194.00	1193.50	1193.00	1193.00	1193.00	1193.00	1193.00	1193.00	1193.00	1193.00	1193.50	1194.00	1194.00	1194.50	1195.00	1195.00	1195.00	1195.00	1195.00	1196.00	1196.50	1197.00	1197.00	1197.50	1198.00	1198.00	1197.00	1197.00	1196.00	1196.00	1196.00	1195.00	1195.00	1195.00	1195.00	1195.00	1195.50	1196.50	1197.00	1197.50	1198.00	1198.50	1199.00	1200.00	1200.50	1201.00	1201.50	1202.50	1203.00	1203.00	1203.00	1204.00	1204.00	1204.50	1204.00	1204.00	1203.00	1202.50	1202.00	1201.00	1200.50	1199.50	1198.50	1197.50	1196.00	1195.00	1194.50	1194.00	1193.00	1193.00	1192.50	1192.00	1192.00	1193.00	1193.00	1193.50	1194.50	1195.00	1196.50	1197.00	1198.00	1199.00	1199.50	1200.50	1202.50	1203.50	1204.50	1206.00	1208.00	1211.00	1212.00	1214.00	1215.50	1217.00	1219.50	1220.50	1222.00	1223.00	1223.50	1224.50	1226.50	1227.00	1227.00	1228.00	1228.50	1229.00	1229.00	1230.00	1230.00	1231.00	1231.00	1231.00	1231.00	1231.00	1231.00	1231.00	1231.00	1231.00	1231.00	1232.00	1232.00	1233.00
1265.00	1265.00	1264.50	1265.00	1265.00	1265.00	1265.00	1264.50	1264.00	1263.50	1263.00	1263.00	1262.00	1261.00	1260.50	1259.50	1258.50	1258.00	1257.00	1256.00	1255.00	1254.50	1254.00	1253.50	1252.50	1252.00	1251.00	1251.00	1250.00	1249.00	1248.50	1248.00	1247.50	1247.00	1246.50	1246.00	1245.00	1245.00	1244.50	1244.00	1243.50	1243.00	1243.00	1243.00	1242.50	1242.00	1242.00	1241.50	1241.00	1241.00	1240.00	1240.00	1239.00	1238.50	1238.00	1237.00	1236.50	1236.00	1235.00	1234.50	1234.00	1233.00	1232.50	1232.00	1231.00	1231.00	1231.00	1230.00	1230.00	1230.00	1229.50	1229.00	1229.00	1229.00	1229.00	1229.00	1229.00	1229.00	1229.00	1229.00	1228.00	1228.00	1228.00	1228.00	1227.50	1227.00	1227.00	1227.00	1227.00	1227.00	1226.00	1225.50	1224.00	1223.50	1223.00	1223.00	1222.00	1221.50	1221.00	1219.50	1219.00	1218.50	1217.50	1217.00	1216.00	1216.00	1215.00	1214.50	1213.50	1213.00	1213.00	1212.00	1212.00	1211.00	1211.00	1210.50	1210.00	1209.50	1208.50	1208.00	1207.00	1207.00	1205.50	1204.00	1203.50	1202.50	1201.50	1200.00	1198.50	1197.00	1196.00	1195.50	1194.50	1194.00	1194.00	1193.50	1193.00	1193.00	1193.00	1193.00	1193.00	1193.00	1193.00	1193.00	1193.50	1194.00	1194.00	1194.50	1195.00	1195.00	1195.00	1195.00	1195.00	1196.00	1196.50	1197.00	1197.00	1197.50	1198.00	1198.00	1197.00	1197.00	1196.00	1196.00	1196.00	1195.00	1195.00	1195.00	1195.00	1195.00	1195.50	1196.50	1197.00	1197.50	1198.00	1198.50	1199.00	1200.00	1200.50	1201.00	1201.50	1202.50	1203.00	1203.00	1203.00	1204.00	1204.00	1204.50	1204.00	1204.00	1203.00	1202.50	1202.00	1201.00	1200.50	1199.50	1198.50	1197.50	1196.00	1195.00	1194.50	1194.00	1193.00	1193.00	1192.50	1192.00	1192.00	1193.00	1193.00	1193.50	1194.50	1195.00	1196.50	1197.00	1198.00	1199.00	1199.50	1200.50	1202.50	1203.50	1204.50	1206.00	1208.00	1211.00	1212.00	1214.00	1215.50	1217.00	1219.50	1220.50	1222.00	1223.00	1223.50	1224.50	1226.50	1227.00	1227.00	1228.00	1228.50	1229.00	1229.00	1230.00	1230.00	1231.00	1231.00	1231.00	1231.00	1231.00	1231.00	1231.00	1231.00	1231.00	1231.00	1232.00	1232.00	1233.00
1265.00	1265.00	1264.50	1265.00	1265.00	1265.00	1265.00	1264.50	1264.00	1263.50	1263.00	1263.00	1262.00	1261.00	1260.50	1259.50	1258.50	1258.00	1257.00	1256.00	1255.00	1254.50	1254.00	1253.50	1252.50	1252.00	1251.00	1251.00	1250.00	1249.00	1248.50	1248.00	1247.50	1247.00	1246.50	1246.00	1245.00	1245.00	1244.50	1244.00	1243.50	1243.00	1243.00	1243.00	1242.50	1242.00	1242.00	1241.50	1241.00	1241.00	1240.00	1240.00	1239.00	1238.50	1238.00	1237.00	1236.50	1236.00	1235.00	1234.50	1234.00	1233.00	1232.50	1232.00	1231.00	1231.00	1231.00	1230.00	1230.00	1230.00	1229.50	1229.00	1229.00	1229.00	1229.00	1229.00	1229.00	1229.00	1229.00	1229.00	1228.00	1228.00	1228.00	1228.00	1227.50	1227.00	1227.00	1227.00	1227.00	1227.00	1226.00	1225.50	1224.00	1223.50	1223.00	1223.00	1222.00	1221.50	1221.00	1219.50	1219.00	1218.50	1217.50	1217.00	1216.00	1216.00	1215.00	1214.50	1213.50	1213.00	1213.00	1212.00	1212.00	1211.00	1211.00	1210.50	1210.00	1209.50	1208.50	1208.00	1207.00	1207.00	1205.50	1204.00	1203.50	1202.50	1201.50	1200.00	1198.50	1197.00	1196.00	1195.50	1194.50	1194.00	1194.00	1193.50	1193.00	1193.00	1193.00	1193.00	1193.00	1193.00	1193.00	1193.00	1193.50	1194.00	1194.00	1194.50	1195.00	1195.00	1195.00	1195.00	1195.00	1196.00	1196.50	1197.00	1197.00	1197.50	1198.00	1198.00	1197.00	1197.00	1196.00	1196.00	1196.00	1195.00	1195.00	1195.00	1195.00	1195.00	1195.50	1196.50	1197.00	1197.50	1198.00	1198.50	1199.00	1200.00	1200.50	1201.00	1201.50	1202.50	1203.00	1203.00	1203.00	1204.00	1204.00	1204.50	1204.00	1204.00	1203.00	1202.50	1202.00	1201.00	1200.50	1199.50	1198.50	1197.50	1196.00	1195.00	1194.50	1194.00	1193.00	1193.00	1192.50	1192.00	1192.00	1193.00	1193.00	1193.50	1194.50	1195.00	1196.50	1197.00	1198.00	1199.00	1199.50	1200.50	1202.50	1203.50	1204.50	1206.00	1208.00	1211.00	1212.00	1214.00	1215.50	1217.00	1219.50	1220.50	1222.00	1223.00	1223.50	1224.50	1226.50	1227.00	1227.00	1228.00	1228.50	1229.00	1229.00	1230.00	1230.00	1231.00	1231.00	1231.00	1231.00	1231.00	1231.00	1231.00	1231.00	1231.00	1231.00	1232.00	1232.00	1233.00
1270.00	1270.00	1270.00	1270.00	1270.00	1270.00	1269.50	1269.00	1268.50	1268.00	1267.00	1267.00	1265.50	1265.00	1264.00	1263.50	1263.00	1262.00	1260.50	1260.00	1259.00	1258.50	1258.00	1257.50	1257.00	1256.50	1256.00	1256.00	1255.00	1255.00	1254.00	1254.00	1253.50	1253.00	1252.50	1252.00	1252.00	1252.00	1251.50	1251.00	1251.00	1250.50	1250.00	1250.00	1250.00	1249.00	1249.00	1249.00	1248.00	1248.00	1248.00	1247.00	1247.00	1246.50	1246.00	1245.00	1244.50	1244.00	1243.00	1242.50	1242.00	1241.00	1240.50	1240.00	1239.00	1239.00	1238.00	1238.00	1237.00	1237.00	1237.00	1236.50	1236.00	1236.00	1236.00	1236.00	1236.00	1235.00	1235.00	1235.00	1235.00	1235.50	1235.00	1235.00	1235.00	1235.00	1234.50	1234.00	1233.50	1233.00	1232.00	1231.50	1231.00	1229.50	1229.00	1228.00	1228.00	1226.50	1226.00	1225.00	1224.50	1224.00	1223.00	1222.50	1222.00	1221.00	1220.50	1220.00	1219.50	1219.00	1219.00	1219.00	1218.00	1218.00	1218.00	1217.00	1217.00	1216.50	1216.00	1215.50	1215.00	1214.00	1213.50	1212.00	1211.00	1210.50	1209.50	1208.00	1206.50	1205.00	1205.00	1203.50	1203.00	1202.00	1201.50	1201.00	1201.00	1200.00	1200.00	1200.00	1200.00	1200.00	1200.00	1200.00	1200.50	1201.00	1201.00	1201.00	1201.50	1202.00	1202.00	1203.00	1203.00	1204.00	1204.00	1205.00	1205.50	1206.00	1206.00	1206.00	1205.00	1205.00	1205.00	1205.00	1204.50	1204.00	1204.00	1204.00	1204.00	1204.00	1204.00	1204.00	1204.00	1204.00	1205.00	1205.00	1205.00	1205.00	1206.00	1206.00	1206.50	1207.00	1207.50	1208.00	1208.00	1208.00	1208.00	1208.00	1207.50	1207.00	1207.00	1206.50	1206.00	1205.00	1204.50	1204.00	1202.50	1201.50	1201.00	1200.00	1199.50	1199.00	1199.00	1199.00	1199.00	1199.00	1200.00	1200.00	1201.00	1201.50	1202.50	1203.00	1204.00	1204.50	1206.00	1206.00	1207.50	1208.50	1210.50	1211.50	1212.50	1214.00	1216.00	1218.00	1219.00	1220.50	1222.00	1223.50	1224.50	1225.50	1227.00	1227.00	1228.50	1229.00	1230.00	1230.50	1231.00	1232.00	1232.00	1233.00	1233.00	1234.00	1234.00	1234.50	1235.00	1235.00	1235.00	1235.00	1235.00	1236.00	1236.00	1236.00	1236.00	1237.00	1237.50	1238.00
1270.00	1270.00	1270.00	1270.00	1270.00	1270.00	1269.50	1269.00	1268.50	1268.00	1267.00	1267.00	1265.50	1265.00	1264.00	1263.50	1263.00	1262.00	1260.50	1260.00	1259.00	1258.50	1258.00	1257.50	1257.00	1256.50	1256.00	1256.00	1255.00	1255.00	1254.00	1254.00	1253.50	1253.00	1252.50	1252.00	1252.00	1252.00	1251.50	1251.00	1251.00	1250.50	1250.00	1250.00	1250.00	1249.00	1249.00	1249.00	1248.00	1248.00	1248.00	1247.00	1247.00	1246.50	1246.00	1245.00	1244.50	1244.00	1243.00	1242.50	1242.00	1241.00	1240.50	1240.00	1239.00	1239.00	1238.00	1238.00	1237.00	1237.00	1237.00	1236.50	1236.00	1236.00	1236.00	1236.00	1236.00	1235.00	1235.00	1235.00	1235.00	1235.50	1235.00	1235.00	1235.00	1235.00	1234.50	1234.00	1233.50	1233.00	1232.00	1231.50	1231.00	1229.50	1229.00	1228.00	1228.00	1226.50	1226.00	1225.00	1224.50	1224.00	1223.00	1222.50	1222.00	1221.00	1220.50	1220.00	1219.50	1219.00	1219.00	1219.00	1218.00	1218.00	1218.00	1217.00	1217.00	1216.50	1216.00	1215.50	1215.00	1214.00	1213.50	1212.00	1211.00	1210.50	1209.50	1208.00	1206.50	1205.00	1205.00	1203.50	1203.00	1202.00	1201.50	1201.00	1201.00	1200.00	1200.00	1200.00	1200.00	1200.00	1200.00	1200.00	1200.50	1201.00	1201.00	1201.00	1201.50	1202.00	1202.00	1203.00	1203.00	1204.00	1204.00	1205.00	1205.50	1206.00	1206.00	1206.00	1205.00	1205.00	1205.00	1205.00	1204.50	1204.00	1204.00	1204.00	1204.00	1204.00	1204.00	1204.00	1204.00	1204.00	1205.00	1205.00	1205.00	1205.00	1206.00	1206.00	1206.50	1207.00	1207.50	1208.00	1208.00	1208.00	1208.00	1208.00	1207.50	1207.00	1207.00	1206.50	1206.00	1205.00	1204.50	1204.00	1202.50	1201.50	1201.00	1200.00	1199.50	1199.00	1199.00	1199.00	1199.00	1199.00	1200.00	1200.00	1201.00	1201.50	1202.50	1203.00	1204.00	1204.50	1206.00	1206.00	1207.50	1208.50	1210.50	1211.50	1212.50	1214.00	1216.00	1218.00	1219.00	1220.50	1222.00	1223.50	1224.50	1225.50	1227.00	1227.00	1228.50	1229.00	1230.00	1230.50	1231.00	1232.00	1232.00	1233.00	1233.00	1234.00	1234.00	1234.50	1235.00	1235.00	1235.00	1235.00	1235.00	1236.00	1236.00	1236.00	1236.00	1237.00	1237.50	1238.00
1270.00	1270.00	1270.00	1270.00	1270.00	1270.00	1269.50	1269.00	1268.50	1268.00	1267.00	1267.00	1265.50	1265.00	1264.00	1263.50	1263.00	1262.00	1260.50	1260.00	1259.00	1258.50	1258.00	1257.50	1257.00	1256.50	1256.00	1256.00	1255.00	1255.00	1254.00	1254.00	1253.50	1253.00	1252.50	1252.00	1252.00	1252.00	1251.50	1251.00	1251.00	1250.50	1250.00	1250.00	1250.00	1249.00	1249.00	1249.00	1248.00	1248.00	1248.00	1247.00	1247.00	1246.50	1246.00	1245.00	1244.50	1244.00	1243.00	1242.50	1242.00	1241.00	1240.50	1240.00	1239.00	1239.00	1238.00	1238.00	1237.00	1237.00	1237.00	1236.50	1236.00	1236.00	1236.00	1236.00	1236.00	1235.00	1235.00	1235.00	1235.00	1235.50	1235.00	1235.00	1235.00	1235.00	1234.50	1234.00	1233.50	1233.00	1232.00	1231.50	1231.00	1229.50	1229.00	1228.00	1228.00	1226.50	1226.00	1225.00	1224.50	1224.00	1223.00	1222.50	1222.00	1221.00	1220.50	1220.00	1219.50	1219.00	1219.00	1219.00	1218.00	1218.00	1218.00	1217.00	1217.00	1216.50	1216.00	1215.50	1215.00	1214.00	1213.50	1212.00	1211.00	1210.50	1209.50	1208.00	1206.50	1205.00	1205.00	1203.50	1203.00	1202.00	1201.50	1201.00	1201.00	1200.00	1200.00	1200.00	1200.00	1200.00	1200.00	1200.00	1200.50	1201.00	1201.00	1201.00	1201.50	1202.00	1202.00	1203.00	1203.00	1204.00	1204.00	1205.00	1205.50	1206.00	1206.00	1206.00	1205.00	1205.00	1205.00	1205.00	1204.50	1204.00	1204.00	1204.00	1204.00	1204.00	1204.00	1204.00	1204.00	1204.00	1205.00	1205.00	1205.00	1205.00	1206.00	1206.00	1206.50	1207.00	1207.50	1208.00	1208.00	1208.00	1208.00	1208.00	1207.50	1207.00	1207.00	1206.50	1206.00	1205.00	1204.50	1204.00	1202.50	1201.50	1201.00	1200.00	1199.50	1199.00	1199.00	1199.00	1199.00	1199.00	1200.00	1200.00	1201.00	1201.50	1202.50	1203.00	1204.00	1204.50	1206.00	1206.00	1207.50	1208.50	1210.50	1211.50	1212.50	1214.00	1216.00	1218.00	1219.00	1220.50	1222.00	1223.50	1224.50	1225.50	1227.00	1227.00	1228.50	1229.00	1230.00	1230.50	1231.00	1232.00	1232.00	1233.00	1233.00	1234.00	1234.00	1234.50	1235.00	1235.00	1235.00	1235.00	1235.00	1236.00	1236.00	1236.00	1236.00	1237.00	1237.50	1238.00
1273.00	1273.00	1272.50	1272.50	1272.50	1272.25	1271.75	1271.25	1270.75	1270.25	1269.00	1269.00	1267.75	1267.00	1266.25	1265.50	1265.00	1264.00	1262.50	1262.00	1261.00	1260.50	1260.00	1259.75	1259.25	1258.75	1258.50	1258.00	1257.50	1257.50	1257.00	1256.75	1256.25	1256.00	1255.75	1255.00	1255.00	1255.00	1254.75	1254.25	1254.00	1253.75	1253.50	1253.00	1253.00	1252.50	1252.25	1252.00	1251.50	1251.50	1251.00	1250.50	1250.50	1250.00	1249.50	1248.50	1248.00	1247.50	1246.50	1245.75	1245.00	1244.25	1243.50	1243.00	1242.50	1242.00	1241.00	1241.00	1240.25	1240.00	1239.75	1239.25	1239.00	1238.50	1238.50	1238.50	1238.50	1238.00	1238.00	1238.00	1238.00	1238.25	1238.00	1238.00	1238.00	1238.00	1237.25	1236.75	1236.25	1235.50	1234.50	1234.00	1233.50	1232.25	1232.00	1231.00	1231.00	1229.50	1229.00	1228.00	1227.50	1227.00	1226.00	1225.50	1225.00	1224.00	1223.50	1223.00	1222.75	1222.25	1222.00	1222.00	1221.00	1221.00	1220.50	1220.00	1220.00	1219.50	1219.00	1218.75	1218.50	1218.00	1217.50	1216.50	1215.25	1214.50	1213.75	1212.50	1211.00	1210.00	1209.50	1208.50	1208.00	1206.75	1206.00	1205.50	1205.00	1204.50	1204.25	1204.00	1204.00	1204.00	1204.00	1204.00	1204.25	1204.50	1204.75	1205.00	1205.25	1205.75	1206.00	1206.50	1206.50	1207.50	1207.50	1208.50	1209.00	1209.50	1209.50	1209.50	1209.00	1209.00	1208.75	1208.50	1208.25	1207.50	1207.50	1207.50	1207.50	1207.50	1207.50	1207.50	1207.25	1207.00	1207.50	1207.50	1207.50	1207.50	1208.00	1208.00	1208.25	1208.50	1208.75	1209.00	1209.00	1209.00	1209.00	1209.00	1208.75	1208.50	1208.50	1208.00	1207.50	1206.50	1206.00	1205.50	1204.50	1203.75	1203.50	1202.50	1202.25	1202.00	1202.25	1202.50	1202.75	1203.00	1204.00	1204.50	1205.00	1206.00	1206.75	1207.25	1208.25	1209.00	1210.00	1210.50	1212.00	1213.00	1215.00	1216.00	1217.00	1218.50	1220.00	1222.00	1223.00	1224.25	1225.25	1226.50	1227.75	1228.50	1230.00	1230.00	1231.25	1231.75	1232.50	1233.00	1233.50	1234.50	1234.75	1235.50	1236.00	1236.50	1236.50	1237.00	1237.50	1237.50	1237.50	1238.00	1238.00	1238.50	1239.00	1239.00	1239.50	1240.00	1241.00	1241.50
1276.00	1276.00	1275.00	1275.00	1275.00	1274.50	1274.00	1273.50	1273.00	1272.50	1271.00	1271.00	1270.00	1269.00	1268.50	1267.50	1267.00	1266.00	1264.50	1264.00	1263.00	1262.50	1262.00	1262.00	1261.50	1261.00	1261.00	1260.00	1260.00	1260.00	1260.00	1259.50	1259.00	1259.00	1259.00	1258.00	1258.00	1258.00	1258.00	1257.50	1257.00	1257.00	1257.00	1256.00	1256.00	1256.00	1255.50	1255.00	1255.00	1255.00	1254.00	1254.00	1254.00	1253.50	1253.00	1252.00	1251.50	1251.00	1250.00	1249.00	1248.00	1247.50	1246.50	1246.00	1246.00	1245.00	1244.00	1244.00	1243.50	1243.00	1242.50	1242.00	1242.00	1241.00	1241.00	1241.00	1241.00	1241.00	1241.00	1241.00	1241.00	1241.00	1241.00	1241.00	1241.00	1241.00	1240.00	1239.50	1239.00	1238.00	1237.00	1236.50	1236.00	1235.00	1235.00	1234.00	1234.00	1232.50	1232.00	1231.00	1230.50	1230.00	1229.00	1228.50	1228.00	1227.00	1226.50	1226.00	1226.00	1225.50	1225.00	1225.00	1224.00	1224.00	1223.00	1223.00	1223.00	1222.50	1222.00	1222.00	1222.00	1222.00	1221.50	1221.00	1219.50	1218.50	1218.00	1217.00	1215.50	1215.00	1214.00	1213.50	1213.00	1211.50	1210.50	1210.00	1209.00	1209.00	1208.50	1208.00	1208.00	1208.00	1208.00	1208.00	1208.00	1208.00	1208.50	1209.00	1209.00	1209.50	1210.00	1210.00	1210.00	1211.00	1211.00	1212.00	1212.50	1213.00	1213.00	1213.00	1213.00	1213.00	1212.50	1212.00	1212.00	1211.00	1211.00	1211.00	1211.00	1211.00	1211.00	1211.00	1210.50	1210.00	1210.00	1210.00	1210.00	1210.00	1210.00	1210.00	1210.00	1210.00	1210.00	1210.00	1210.00	1210.00	1210.00	1210.00	1210.00	1210.00	1210.00	1209.50	1209.00	1208.00	1207.50	1207.00	1206.50	1206.00	1206.00	1205.00	1205.00	1205.00	1205.50	1206.00	1206.50	1207.00	1208.00	1209.00	1209.00	1210.50	1211.00	1211.50	1212.50	1213.50	1214.00	1215.00	1216.50	1217.50	1219.50	1220.50	1221.50	1223.00	1224.00	1226.00	1227.00	1228.00	1228.50	1229.50	1231.00	1231.50	1233.00	1233.00	1234.00	1234.50	1235.00	1235.50	1236.00	1237.00	1237.50	1238.00	1239.00	1239.00	1239.00	1239.50	1240.00	1240.00	1240.00	1241.00	1241.00	1241.00	1242.00	1242.00	1243.00	1243.00	1244.50	1245.00
1276.00	1276.00	1275.00	1275.00	1275.00	1274.50	1274.00	1273.50	1273.00	1272.50	1271.00	1271.00	1270.00	1269.00	1268.50	1267.50	1267.00	1266.00	1264.50	1264.00	1263.00	1262.50	1262.00	1262.00	1261.50	1261.00	1261.00	1260.00	1260.00	1260.00	1260.00	1259.50	1259.00	1259.00	1259.00	1258.00	1258.00	1258.00	1258.00	1257.50	1257.00	1257.00	1257.00	1256.00	1256.00	1256.00	1255.50	1255.00	1255.00	1255.00	1254.00	1254.00	1254.00	1253.50	1253.00	1252.00	1251.50	1251.00	1250.00	1249.00	1248.00	1247.50	1246.50	1246.00	1246.00	1245.00	1244.00	1244.00	1243.50	1243.00	1242.50	1242.00	1242.00	1241.00	1241.00	1241.00	1241.00	1241.00	1241.00	1241.00	1241.00	1241.00	1241.00	1241.00	1241.00	1241.00	1240.00	1239.50	1239.00	1238.00	1237.00	1236.50	1236.00	1235.00	1235.00	1234.00	1234.00	1232.50	1232.00	1231.00	1230.50	1230.00	1229.00	1228.50	1228.00	1227.00	1226.50	1226.00	1226.00	1225.50	1225.00	1225.00	1224.00	1224.00	1223.00	1223.00	1223.00	1222.50	1222.00	1222.00	1222.00	1222.00	1221.50	1221.00	1219.50	1218.50	1218.00	1217.00	1215.50	1215.00	1214.00	1213.50	1213.00	1211.50	1210.50	1210.00	1209.00	1209.00	1208.50	1208.00	1208.00	1208.00	1208.00	1208.00	1208.00	1208.00	1208.50	1209.00	1209.00	1209.50	1210.00	1210.00	1210.00	1211.00	1211.00	1212.00	1212.50	1213.00	1213.00	1213.00	1213.00	1213.00	1212.50	1212.00	1212.00	1211.00	1211.00	1211.00	1211.00	1211.00	1211.00	1211.00	1210.50	1210.00	1210.00	1210.00	1210.00	1210.00	1210.00	1210.00	1210.00	1210.00	1210.00	1210.00	1210.00	1210.00	1210.00	1210.00	1210.00	1210.00	1210.00	1209.50	1209.00	1208.00	1207.50	1207.00	1206.50	1206.00	1206.00	1205.00	1205.00	1205.00	1205.50	1206.00	1206.50	1207.00	1208.00	1209.00	1209.00	1210.50	1211.00	1211.50	1212.50	1213.50	1214.00	1215.00	1216.50	1217.50	1219.50	1220.50	1221.50	1223.00	1224.00	1226.00	1227.00	1228.00	1228.50	1229.50	1231.00	1231.50	1233.00	1233.00	1234.00	1234.50	1235.00	1235.50	1236.00	1237.00	1237.50	1238.00	1239.00	1239.00	1239.00	1239.50	1240.00	1240.00	1240.00	1241.00	1241.00	1241.00	1242.00	1242.00	1243.00	1243.00	1244.50	1245.00
1278.50	1278.50	1277.75	1277.50	1277.50	1277.00	1276.50	1275.75	1275.00	1274.75	1273.50	1273.50	1272.50	1271.50	1270.50	1269.75	1269.25	1268.00	1267.00	1266.50	1265.50	1265.00	1264.50	1264.50	1264.00	1263.50	1263.50	1263.00	1263.00	1262.50	1262.50	1262.25	1262.00	1261.50	1261.50	1261.00	1261.00	1260.75	1260.50	1260.25	1260.00	1260.00	1259.50	1259.00	1259.00	1259.00	1258.25	1258.00	1257.50	1257.50	1257.00	1257.00	1256.50	1256.00	1255.50	1254.50	1254.00	1253.50	1252.50	1251.50	1250.50	1250.00	1249.25	1248.75	1248.50	1247.75	1247.00	1246.50	1246.25	1245.75	1245.25	1244.75	1244.50	1243.50	1243.50	1243.50	1243.50	1243.50	1243.50	1243.50	1243.50	1243.50	1243.50	1243.50	1243.50	1243.25	1242.50	1242.00	1241.50	1241.00	1240.25	1239.75	1239.50	1238.50	1238.50	1237.50	1237.50	1236.25	1235.50	1234.75	1234.00	1233.50	1232.25	1231.75	1231.00	1230.50	1229.75	1229.50	1229.00	1228.75	1228.25	1228.00	1227.50	1227.00	1226.50	1226.00	1226.00	1225.75	1225.50	1225.75	1226.00	1226.00	1225.75	1225.00	1224.25	1223.50	1222.75	1222.00	1220.50	1220.00	1219.00	1218.50	1217.75	1216.25	1215.50	1214.75	1213.50	1213.25	1212.75	1212.00	1212.00	1211.75	1211.50	1211.50	1211.50	1211.50	1211.75	1212.00	1212.00	1212.25	1212.75	1213.00	1213.00	1213.75	1214.00	1214.50	1214.75	1215.25	1215.50	1215.50	1215.50	1215.50	1215.25	1214.75	1214.50	1214.00	1214.00	1214.00	1213.50	1213.50	1213.50	1213.50	1213.25	1212.75	1212.50	1212.25	1212.00	1212.00	1212.00	1212.00	1212.00	1212.00	1212.00	1212.00	1212.00	1212.00	1212.00	1212.00	1212.00	1212.00	1212.00	1211.25	1210.50	1209.75	1209.25	1209.00	1208.25	1208.00	1208.00	1207.50	1207.50	1207.75	1208.75	1209.25	1209.75	1210.50	1211.50	1212.50	1213.00	1214.50	1215.25	1216.00	1217.50	1218.25	1219.00	1219.50	1221.00	1222.00	1224.00	1225.00	1226.00	1227.50	1228.00	1230.00	1230.50	1231.50	1232.00	1233.00	1234.25	1234.75	1236.00	1236.50	1237.25	1237.75	1238.50	1238.75	1239.00	1240.00	1240.25	1240.50	1241.00	1241.50	1241.50	1242.25	1242.50	1242.75	1243.00	1243.50	1243.75	1244.00	1245.00	1245.25	1246.50	1247.00	1248.00	1249.00
1281.00	1281.00	1280.50	1280.00	1280.00	1279.50	1279.00	1278.00	1277.00	1277.00	1276.00	1276.00	1275.00	1274.00	1272.50	1272.00	1271.50	1270.00	1269.50	1269.00	1268.00	1267.50	1267.00	1267.00	1266.50	1266.00	1266.00	1266.00	1266.00	1265.00	1265.00	1265.00	1265.00	1264.00	1264.00	1264.00	1264.00	1263.50	1263.00	1263.00	1263.00	1263.00	1262.00	1262.00	1262.00	1262.00	1261.00	1261.00	1260.00	1260.00	1260.00	1260.00	1259.00	1258.50	1258.00	1257.00	1256.50	1256.00	1255.00	1254.00	1253.00	1252.50	1252.00	1251.50	1251.00	1250.50	1250.00	1249.00	1249.00	1248.50	1248.00	1247.50	1247.00	1246.00	1246.00	1246.00	1246.00	1246.00	1246.00	1246.00	1246.00	1246.00	1246.00	1246.00	1246.00	1245.50	1245.00	1244.50	1244.00	1244.00	1243.50	1243.00	1243.00	1242.00	1242.00	1241.00	1241.00	1240.00	1239.00	1238.50	1237.50	1237.00	1235.50	1235.00	1234.00	1234.00	1233.00	1233.00	1232.00	1232.00	1231.50	1231.00	1231.00	1230.00	1230.00	1229.00	1229.00	1229.00	1229.00	1229.50	1230.00	1230.00	1230.00	1229.00	1229.00	1228.50	1227.50	1227.00	1225.50	1225.00	1224.00	1223.50	1222.50	1221.00	1220.50	1219.50	1218.00	1217.50	1217.00	1216.00	1216.00	1215.50	1215.00	1215.00	1215.00	1215.00	1215.00	1215.00	1215.00	1215.00	1215.50	1216.00	1216.00	1216.50	1217.00	1217.00	1217.00	1217.50	1218.00	1218.00	1218.00	1218.00	1218.00	1217.50	1217.00	1217.00	1217.00	1217.00	1216.00	1216.00	1216.00	1216.00	1216.00	1215.50	1215.00	1214.50	1214.00	1214.00	1214.00	1214.00	1214.00	1214.00	1214.00	1214.00	1214.00	1214.00	1214.00	1214.00	1214.00	1214.00	1214.00	1213.00	1212.00	1211.50	1211.00	1211.00	1210.00	1210.00	1210.00	1210.00	1210.00	1210.50	1212.00	1212.50	1213.00	1214.00	1215.00	1216.00	1217.00	1218.50	1219.50	1220.50	1222.50	1223.00	1224.00	1224.00	1225.50	1226.50	1228.50	1229.50	1230.50	1232.00	1232.00	1234.00	1234.00	1235.00	1235.50	1236.50	1237.50	1238.00	1239.00	1240.00	1240.50	1241.00	1242.00	1242.00	1242.00	1243.00	1243.00	1243.00	1243.00	1244.00	1244.00	1245.00	1245.00	1245.50	1246.00	1246.00	1246.50	1247.00	1248.00	1248.50	1250.00	1251.00	1251.50	1253.00
1281.00	1281.00	1280.50	1280.00	1280.00	1279.50	1279.00	1278.00	1277.00	1277.00	1276.00	1276.00	1275.00	1274.00	1272.50	1272.00	1271.50	1270.00	1269.50	1269.00	1268.00	1267.50	1267.00	1267.00	1266.50	1266.00	1266.00	1266.00	1266.00	1265.00	1265.00	1265.00	1265.00	1264.00	1264.00	1264.00	1264.00	1263.50	1263.00	1263.00	1263.00	1263.00	1262.00	1262.00	1262.00	1262.00	1261.00	1261.00	1260.00	1260.00	1260.00	1260.00	1259.00	1258.50	1258.00	1257.00	1256.50	1256.00	1255.00	1254.00	1253.00	1252.50	1252.00	1251.50	1251.00	1250.50	1250.00	1249.00	1249.00	1248.50	1248.00	1247.50	1247.00	1246.00	1246.00	1246.00	1246.00	1246.00	1246.00	1246.00	1246.00	1246.00	1246.00	1246.00	1246.00	1245.50	1245.00	1244.50	1244.00	1244.00	1243.50	1243.00	1243.00	1242.00	1242.00	1241.00	1241.00	1240.00	1239.00	1238.50	1237.50	1237.00	1235.50	1235.00	1234.00	1234.00	1233.00	1233.00	1232.00	1232.00	1231.50	1231.00	1231.00	1230.00	1230.00	1229.00	1229.00	1229.00	1229.00	1229.50	1230.00	1230.00	1230.00	1229.00	1229.00	1228.50	1227.50	1227.00	1225.50	1225.00	1224.00	1223.50	1222.50	1221.00	1220.50	1219.50	1218.00	1217.50	1217.00	1216.00	1216.00	1215.50	1215.00	1215.00	1215.00	1215.00	1215.00	1215.00	1215.00	1215.00	1215.50	1216.00	1216.00	1216.50	1217.00	1217.00	1217.00	1217.50	1218.00	1218.00	1218.00	1218.00	1218.00	1217.50	1217.00	1217.00	1217.00	1217.00	1216.00	1216.00	1216.00	1216.00	1216.00	1215.50	1215.00	1214.50	1214.00	1214.00	1214.00	1214.00	1214.00	1214.00	1214.00	1214.00	1214.00	1214.00	1214.00	1214.00	1214.00	1214.00	1214.00	1213.00	1212.00	1211.50	1211.00	1211.00	1210.00	1210.00	1210.00	1210.00	1210.00	1210.50	1212.00	1212.50	1213.00	1214.00	1215.00	1216.00	1217.00	1218.50	1219.50	1220.50	1222.50	1223.00	1224.00	1224.00	1225.50	1226.50	1228.50	1229.50	1230.50	1232.00	1232.00	1234.00	1234.00	1235.00	1235.50	1236.50	1237.50	1238.00	1239.00	1240.00	1240.50	1241.00	1242.00	1242.00	1242.00	1243.00	1243.00	1243.00	1243.00	1244.00	1244.00	1245.00	1245.00	1245.50	1246.00	1246.00	1246.50	1247.00	1248.00	1248.50	1250.00	1251.00	1251.50	1253.00
1283.25	1283.00	1282.75	1282.50	1282.50	1281.75	1281.25	1280.50	1279.75	1279.25	1278.50	1278.00	1277.25	1276.50	1275.00	1274.50	1274.00	1273.00	1272.25	1271.50	1271.00	1270.50	1270.00	1269.75	1269.25	1269.00	1268.50	1268.50	1268.50	1268.00	1267.75	1267.50	1267.50	1267.00	1267.00	1266.50	1266.50	1266.25	1265.75	1265.50	1265.25	1265.00	1264.50	1264.50	1264.50	1264.00	1263.50	1263.25	1262.50	1262.00	1262.00	1261.50	1260.75	1260.25	1260.00	1259.00	1258.50	1257.50	1257.00	1256.00	1255.00	1254.75	1254.25	1253.75	1253.00	1252.75	1252.50	1251.50	1251.50	1251.25	1250.75	1250.00	1249.50	1249.00	1249.00	1248.50	1248.50	1248.50	1248.50	1248.50	1248.50	1248.50	1248.50	1248.50	1248.50	1248.25	1248.00	1247.75	1247.50	1247.50	1247.00	1246.50	1246.50	1246.00	1245.75	1245.00	1244.50	1243.75	1243.00	1242.00	1241.25	1240.75	1239.25	1238.75	1238.00	1237.50	1236.50	1236.25	1235.25	1235.00	1234.75	1234.00	1234.00	1233.00	1233.00	1232.50	1232.50	1232.50	1232.50	1232.75	1233.00	1233.00	1233.50	1233.00	1232.75	1232.25	1231.50	1231.00	1229.75	1229.00	1228.00	1227.50	1226.50	1225.25	1224.50	1223.75	1222.50	1221.50	1220.75	1220.00	1219.50	1219.25	1218.50	1218.50	1218.25	1218.00	1217.75	1217.50	1217.50	1217.50	1217.75	1218.00	1218.50	1218.75	1219.00	1219.00	1219.00	1219.25	1219.50	1219.50	1219.50	1219.50	1219.50	1219.25	1219.00	1219.00	1219.00	1219.00	1218.50	1218.50	1218.50	1218.25	1218.00	1217.75	1217.00	1216.75	1216.50	1216.50	1216.00	1216.00	1216.25	1216.50	1216.50	1216.50	1216.50	1216.00	1216.00	1216.00	1216.25	1216.50	1216.00	1215.25	1214.50	1213.75	1213.25	1213.00	1212.25	1212.00	1212.50	1212.50	1212.50	1213.00	1214.50	1215.00	1215.75	1217.00	1218.00	1220.00	1221.00	1222.50	1223.50	1224.50	1226.50	1227.25	1228.00	1228.50	1230.00	1230.75	1232.50	1233.25	1234.00	1235.50	1236.00	1237.50	1237.50	1238.25	1238.75	1239.50	1240.50	1241.00	1242.00	1243.00	1243.50	1244.00	1245.00	1245.00	1245.25	1246.00	1245.75	1245.50	1245.50	1246.25	1246.50	1247.25	1247.50	1247.75	1248.50	1248.50	1249.00	1249.50	1250.50	1251.00	1252.50	1253.50	1254.75	1256.50
1285.50	1285.00	1285.00	1285.00	1285.00	1284.00	1283.50	1283.00	1282.50	1281.50	1281.00	1280.00	1279.50	1279.00	1277.50	1277.00	1276.50	1276.00	1275.00	1274.00	1274.00	1273.50	1273.00	1272.50	1272.00	1272.00	1271.00	1271.00	1271.00	1271.00	1270.50	1270.00	1270.00	1270.00	1270.00	1269.00	1269.00	1269.00	1268.50	1268.00	1267.50	1267.00	1267.00	1267.00	1267.00	1266.00	1266.00	1265.50	1265.00	1264.00	1264.00	1263.00	1262.50	1262.00	1262.00	1261.00	1260.50	1259.00	1259.00	1258.00	1257.00	1257.00	1256.50	1256.00	1255.00	1255.00	1255.00	1254.00	1254.00	1254.00	1253.50	1252.50	1252.00	1252.00	1252.00	1251.00	1251.00	1251.00	1251.00	1251.00	1251.00	1251.00	1251.00	1251.00	1251.00	1251.00	1251.00	1251.00	1251.00	1251.00	1250.50	1250.00	1250.00	1250.00	1249.50	1249.00	1248.00	1247.50	1247.00	1245.50	1245.00	1244.50	1243.00	1242.50	1242.00	1241.00	1240.00	1239.50	1238.50	1238.00	1238.00	1237.00	1237.00	1236.00	1236.00	1236.00	1236.00	1236.00	1236.00	1236.00	1236.00	1236.00	1237.00	1237.00	1236.50	1236.00	1235.50	1235.00	1234.00	1233.00	1232.00	1231.50	1230.50	1229.50	1228.50	1228.00	1227.00	1225.50	1224.50	1224.00	1223.00	1223.00	1222.00	1222.00	1221.50	1221.00	1220.50	1220.00	1220.00	1220.00	1220.00	1220.00	1221.00	1221.00	1221.00	1221.00	1221.00	1221.00	1221.00	1221.00	1221.00	1221.00	1221.00	1221.00	1221.00	1221.00	1221.00	1221.00	1221.00	1221.00	1221.00	1220.50	1220.00	1220.00	1219.00	1219.00	1219.00	1219.00	1218.00	1218.00	1218.50	1219.00	1219.00	1219.00	1219.00	1218.00	1218.00	1218.00	1218.50	1219.00	1218.00	1217.50	1217.00	1216.00	1215.50	1215.00	1214.50	1214.00	1215.00	1215.00	1215.00	1215.50	1217.00	1217.50	1218.50	1220.00	1221.00	1224.00	1225.00	1226.50	1227.50	1228.50	1230.50	1231.50	1232.00	1233.00	1234.50	1235.00	1236.50	1237.00	1237.50	1239.00	1240.00	1241.00	1241.00	1241.50	1242.00	1242.50	1243.50	1244.00	1245.00	1246.00	1246.50	1247.00	1248.00	1248.00	1248.50	1249.00	1248.50	1248.00	1248.00	1248.50	1249.00	1249.50	1250.00	1250.00	1251.00	1251.00	1251.50	1252.00	1253.00	1253.50	1255.00	1256.00	1258.00	1260.00
1285.50	1285.00	1285.00	1285.00	1285.00	1284.00	1283.50	1283.00	1282.50	1281.50	1281.00	1280.00	1279.50	1279.00	1277.50	1277.00	1276.50	1276.00	1275.00	1274.00	1274.00	1273.50	1273.00	1272.50	1272.00	1272.00	1271.00	1271.00	1271.00	1271.00	1270.50	1270.00	1270.00	1270.00	1270.00	1269.00	1269.00	1269.00	1268.50	1268.00	1267.50	1267.00	1267.00	1267.00	1267.00	1266.00	1266.00	1265.50	1265.00	1264.00	1264.00	1263.00	1262.50	1262.00	1262.00	1261.00	1260.50	1259.00	1259.00	1258.00	1257.00	1257.00	1256.50	1256.00	1255.00	1255.00	1255.00	1254.00	1254.00	1254.00	1253.50	1252.50	1252.00	1252.00	1252.00	1251.00	1251.00	1251.00	1251.00	1251.00	1251.00	1251.00	1251.00	1251.00	1251.00	1251.00	1251.00	1251.00	1251.00	1251.00	1250.50	1250.00	1250.00	1250.00	1249.50	1249.00	1248.00	1247.50	1247.00	1245.50	1245.00	1244.50	1243.00	1242.50	1242.00	1241.00	1240.00	1239.50	1238.50	1238.00	1238.00	1237.00	1237.00	1236.00	1236.00	1236.00	1236.00	1236.00	1236.00	1236.00	1236.00	1236.00	1237.00	1237.00	1236.50	1236.00	1235.50	1235.00	1234.00	1233.00	1232.00	1231.50	1230.50	1229.50	1228.50	1228.00	1227.00	1225.50	1224.50	1224.00	1223.00	1223.00	1222.00	1222.00	1221.50	1221.00	1220.50	1220.00	1220.00	1220.00	1220.00	1220.00	1221.00	1221.00	1221.00	1221.00	1221.00	1221.00	1221.00	1221.00	1221.00	1221.00	1221.00	1221.00	1221.00	1221.00	1221.00	1221.00	1221.00	1221.00	1221.00	1220.50	1220.00	1220.00	1219.00	1219.00	1219.00	1219.00	1218.00	1218.00	1218.50	1219.00	1219.00	1219.00	1219.00	1218.00	1218.00	1218.00	1218.50	1219.00	1218.00	1217.50	1217.00	1216.00	1215.50	1215.00	1214.50	1214.00	1215.00	1215.00	1215.00	1215.50	1217.00	1217.50	1218.50	1220.00	1221.00	1224.00	1225.00	1226.50	1227.50	1228.50	1230.50	1231.50	1232.00	1233.00	1234.50	1235.00	1236.50	1237.00	1237.50	1239.00	1240.00	1241.00	1241.00	1241.50	1242.00	1242.50	1243.50	1244.00	1245.00	1246.00	1246.50	1247.00	1248.00	1248.00	1248.50	1249.00	1248.50	1248.00	1248.00	1248.50	1249.00	1249.50	1250.00	1250.00	1251.00	1251.00	1251.50	1252.00	1253.00	1253.50	1255.00	1256.00	1258.00	1260.00
1285.50	1285.00	1285.00	1285.00	1285.00	1284.00	1283.50	1283.00	1282.50	1281.50	1281.00	1280.00	1279.50	1279.00	1277.50	1277.00	1276.50	1276.00	1275.00	1274.00	1274.00	1273.50	1273.00	1272.50	1272.00	1272.00	1271.00	1271.00	1271.00	1271.00	1270.50	1270.00	1270.00	1270.00	1270.00	1269.00	1269.00	1269.00	1268.50	1268.00	1267.50	1267.00	1267.00	1267.00	1267.00	1266.00	1266.00	1265.50	1265.00	1264.00	1264.00	1263.00	1262.50	1262.00	1262.00	1261.00	1260.50	1259.00	1259.00	1258.00	1257.00	1257.00	1256.50	1256.00	1255.00	1255.00	1255.00	1254.00	1254.00	1254.00	1253.50	1252.50	1252.00	1252.00	1252.00	1251.00	1251.00	1251.00	1251.00	1251.00	1251.00	1251.00	1251.00	1251.00	1251.00	1251.00	1251.00	1251.00	1251.00	1251.00	1250.50	1250.00	1250.00	1250.00	1249.50	1249.00	1248.00	1247.50	1247.00	1245.50	1245.00	1244.50	1243.00	1242.50	1242.00	1241.00	1240.00	1239.50	1238.50	1238.00	1238.00	1237.00	1237.00	1236.00	1236.00	1236.00	1236.00	1236.00	1236.00	1236.00	1236.00	1236.00	1237.00	1237.00	1236.50	1236.00	1235.50	1235.00	1234.00	1233.00	1232.00	1231.50	1230.50	1229.50	1228.50	1228.00	1227.00	1225.50	1224.50	1224.00	1223.00	1223.00	1222.00	1222.00	1221.50	1221.00	1220.50	1220.00	1220.00	1220.00	1220.00	1220.00	1221.00	1221.00	1221.00	1221.00	1221.00	1221.00	1221.00	1221.00	1221.00	1221.00	1221.00	1221.00	1221.00	1221.00	1221.00	1221.00	1221.00	1221.00	1221.00	1220.50	1220.00	1220.00	1219.00	1219.00	1219.00	1219.00	1218.00	1218.00	1218.50	1219.00	1219.00	1219.00	1219.00	1218.00	1218.00	1218.00	1218.50	1219.00	1218.00	1217.50	1217.00	1216.00	1215.50	1215.00	1214.50	1214.00	1215.00	1215.00	1215.00	1215.50	1217.00	1217.50	1218.50	1220.00	1221.00	1224.00	1225.00	1226.50	1227.50	1228.50	1230.50	1231.50	1232.00	1233.00	1234.50	1235.00	1236.50	1237.00	1237.50	1239.00	1240.00	1241.00	1241.00	1241.50	1242.00	1242.50	1243.50	1244.00	1245.00	1246.00	1246.50	1247.00	1248.00	1248.00	1248.50	1249.00	1248.50	1248.00	1248.00	1248.50	1249.00	1249.50	1250.00	1250.00	1251.00	1251.00	1251.50	1252.00	1253.00	1253.50	1255.00	1256.00	1258.00	1260.00
1287.75	1287.50	1287.00	1287.00	1287.00	1286.25	1285.75	1285.25	1284.50	1283.75	1283.00	1282.50	1281.50	1281.00	1279.75	1279.50	1279.00	1278.50	1278.00	1277.00	1277.00	1276.25	1276.00	1275.50	1275.00	1274.75	1274.00	1274.00	1273.75	1273.50	1273.25	1273.00	1273.00	1272.50	1272.50	1271.50	1271.50	1271.25	1270.75	1270.50	1270.00	1269.50	1269.50	1269.25	1269.00	1268.50	1268.00	1267.75	1267.00	1266.00	1265.50	1265.00	1264.00	1263.50	1263.25	1262.25	1261.75	1260.50	1260.50	1259.75	1259.00	1259.00	1258.75	1258.25	1257.50	1257.25	1257.00	1256.50	1256.50	1256.25	1255.75	1255.25	1254.75	1254.50	1254.50	1254.00	1254.00	1254.00	1254.00	1254.00	1254.00	1253.75	1253.50	1253.50	1253.50	1253.50	1253.50	1253.50	1253.50	1254.00	1253.75	1253.50	1253.50	1253.25	1252.75	1252.50	1251.50	1250.75	1250.00	1249.00	1248.25	1247.75	1246.50	1246.00	1245.00	1244.50	1243.50	1243.00	1241.75	1241.25	1241.00	1240.50	1240.00	1239.50	1239.50	1239.50	1239.50	1239.50	1239.25	1239.00	1239.00	1239.00	1239.50	1239.00	1238.75	1238.50	1238.00	1237.50	1236.50	1235.50	1235.00	1234.25	1233.50	1232.25	1231.50	1230.75	1229.50	1228.50	1227.50	1227.00	1226.00	1225.75	1225.00	1224.50	1224.25	1223.50	1223.25	1222.75	1222.50	1222.50	1222.50	1222.00	1222.50	1222.50	1222.50	1222.50	1222.50	1222.50	1222.50	1222.50	1222.50	1222.50	1223.00	1223.00	1223.00	1223.00	1223.00	1223.50	1223.50	1223.00	1223.00	1222.75	1222.50	1222.50	1222.00	1221.50	1221.50	1221.50	1221.00	1221.00	1221.25	1221.25	1221.00	1221.00	1221.00	1220.50	1220.50	1220.50	1220.75	1221.00	1220.50	1219.50	1219.00	1218.00	1217.50	1217.00	1216.25	1216.00	1216.50	1216.50	1217.00	1217.50	1219.00	1219.50	1220.75	1222.50	1223.50	1226.50	1228.00	1229.50	1230.75	1232.00	1234.00	1235.00	1236.00	1236.50	1238.00	1238.50	1240.00	1240.50	1241.00	1242.00	1243.00	1244.00	1244.00	1244.25	1244.75	1245.25	1246.25	1246.75	1247.50	1248.50	1249.00	1249.50	1250.25	1250.50	1250.75	1251.00	1250.75	1250.50	1250.50	1250.75	1251.00	1251.50	1252.00	1252.00	1253.00	1253.25	1253.75	1254.50	1255.50	1256.00	1258.00	1259.00	1261.00	1263.00
1290.00	1290.00	1289.00	1289.00	1289.00	1288.50	1288.00	1287.50	1286.50	1286.00	1285.00	1285.00	1283.50	1283.00	1282.00	1282.00	1281.50	1281.00	1281.00	1280.00	1280.00	1279.00	1279.00	1278.50	1278.00	1277.50	1277.00	1277.00	1276.50	1276.00	1276.00	1276.00	1276.00	1275.00	1275.00	1274.00	1274.00	1273.50	1273.00	1273.00	1272.50	1272.00	1272.00	1271.50	1271.00	1271.00	1270.00	1270.00	1269.00	1268.00	1267.00	1267.00	1265.50	1265.00	1264.50	1263.50	1263.00	1262.00	1262.00	1261.50	1261.00	1261.00	1261.00	1260.50	1260.00	1259.50	1259.00	1259.00	1259.00	1258.50	1258.00	1258.00	1257.50	1257.00	1257.00	1257.00	1257.00	1257.00	1257.00	1257.00	1257.00	1256.50	1256.00	1256.00	1256.00	1256.00	1256.00	1256.00	1256.00	1257.00	1257.00	1257.00	1257.00	1256.50	1256.00	1256.00	1255.00	1254.00	1253.00	1252.50	1251.50	1251.00	1250.00	1249.50	1248.00	1248.00	1247.00	1246.50	1245.00	1244.50	1244.00	1244.00	1243.00	1243.00	1243.00	1243.00	1243.00	1243.00	1242.50	1242.00	1242.00	1242.00	1242.00	1241.00	1241.00	1241.00	1240.50	1240.00	1239.00	1238.00	1238.00	1237.00	1236.50	1235.00	1234.50	1233.50	1232.00	1231.50	1230.50	1230.00	1229.00	1228.50	1228.00	1227.00	1227.00	1226.00	1226.00	1225.50	1225.00	1225.00	1225.00	1224.00	1224.00	1224.00	1224.00	1224.00	1224.00	1224.00	1224.00	1224.00	1224.00	1224.00	1225.00	1225.00	1225.00	1225.00	1225.00	1226.00	1226.00	1225.00	1225.00	1225.00	1225.00	1225.00	1225.00	1224.00	1224.00	1224.00	1224.00	1224.00	1224.00	1223.50	1223.00	1223.00	1223.00	1223.00	1223.00	1223.00	1223.00	1223.00	1223.00	1221.50	1221.00	1220.00	1219.50	1219.00	1218.00	1218.00	1218.00	1218.00	1219.00	1219.50	1221.00	1221.50	1223.00	1225.00	1226.00	1229.00	1231.00	1232.50	1234.00	1235.50	1237.50	1238.50	1240.00	1240.00	1241.50	1242.00	1243.50	1244.00	1244.50	1245.00	1246.00	1247.00	1247.00	1247.00	1247.50	1248.00	1249.00	1249.50	1250.00	1251.00	1251.50	1252.00	1252.50	1253.00	1253.00	1253.00	1253.00	1253.00	1253.00	1253.00	1253.00	1253.50	1254.00	1254.00	1255.00	1255.50	1256.00	1257.00	1258.00	1258.50	1261.00	1262.00	1264.00	1266.00
1290.00	1290.00	1289.00	1289.00	1289.00	1288.50	1288.00	1287.50	1286.50	1286.00	1285.00	1285.00	1283.50	1283.00	1282.00	1282.00	1281.50	1281.00	1281.00	1280.00	1280.00	1279.00	1279.00	1278.50	1278.00	1277.50	1277.00	1277.00	1276.50	1276.00	1276.00	1276.00	1276.00	1275.00	1275.00	1274.00	1274.00	1273.50	1273.00	1273.00	1272.50	1272.00	1272.00	1271.50	1271.00	1271.00	1270.00	1270.00	1269.00	1268.00	1267.00	1267.00	1265.50	1265.00	1264.50	1263.50	1263.00	1262.00	1262.00	1261.50	1261.00	1261.00	1261.00	1260.50	1260.00	1259.50	1259.00	1259.00	1259.00	1258.50	1258.00	1258.00	1257.50	1257.00	1257.00	1257.00	1257.00	1257.00	1257.00	1257.00	1257.00	1256.50	1256.00	1256.00	1256.00	1256.00	1256.00	1256.00	1256.00	1257.00	1257.00	1257.00	1257.00	1256.50	1256.00	1256.00	1255.00	1254.00	1253.00	1252.50	1251.50	1251.00	1250.00	1249.50	1248.00	1248.00	1247.00	1246.50	1245.00	1244.50	1244.00	1244.00	1243.00	1243.00	1243.00	1243.00	1243.00	1243.00	1242.50	1242.00	1242.00	1242.00	1242.00	1241.00	1241.00	1241.00	1240.50	1240.00	1239.00	1238.00	1238.00	1237.00	1236.50	1235.00	1234.50	1233.50	1232.00	1231.50	1230.50	1230.00	1229.00	1228.50	1228.00	1227.00	1227.00	1226.00	1226.00	1225.50	1225.00	1225.00	1225.00	1224.00	1224.00	1224.00	1224.00	1224.00	1224.00	1224.00	1224.00	1224.00	1224.00	1224.00	1225.00	1225.00	1225.00	1225.00	1225.00	1226.00	1226.00	1225.00	1225.00	1225.00	1225.00	1225.00	1225.00	1224.00	1224.00	1224.00	1224.00	1224.00	1224.00	1223.50	1223.00	1223.00	1223.00	1223.00	1223.00	1223.00	1223.00	1223.00	1223.00	1221.50	1221.00	1220.00	1219.50	1219.00	1218.00	1218.00	1218.00	1218.00	1219.00	1219.50	1221.00	1221.50	1223.00	1225.00	1226.00	1229.00	1231.00	1232.50	1234.00	1235.50	1237.50	1238.50	1240.00	1240.00	1241.50	1242.00	1243.50	1244.00	1244.50	1245.00	1246.00	1247.00	1247.00	1247.00	1247.50	1248.00	1249.00	1249.50	1250.00	1251.00	1251.50	1252.00	1252.50	1253.00	1253.00	1253.00	1253.00	1253.00	1253.00	1253.00	1253.00	1253.50	1254.00	1254.00	1255.00	1255.50	1256.00	1257.00	1258.00	1258.50	1261.00	1262.00	1264.00	1266.00
1291.50	1291.50	1290.50	1290.50	1290.00	1289.75	1289.50	1289.00	1288.25	1287.75	1287.00	1286.50	1285.75	1285.00	1284.25	1284.00	1283.75	1283.50	1283.25	1282.50	1282.50	1281.50	1281.50	1281.25	1281.00	1280.50	1280.00	1280.00	1279.25	1278.50	1278.50	1278.25	1278.00	1277.50	1277.50	1276.50	1276.50	1276.00	1275.50	1275.50	1275.00	1274.50	1274.50	1274.00	1273.50	1273.00	1272.25	1272.00	1271.00	1270.00	1269.00	1268.50	1267.50	1266.75	1266.25	1265.50	1265.00	1264.00	1264.00	1263.75	1263.50	1263.50	1263.25	1262.75	1262.50	1262.25	1262.00	1262.00	1261.50	1261.25	1260.75	1260.50	1260.25	1260.00	1260.00	1259.50	1259.50	1259.50	1259.50	1259.50	1259.50	1259.25	1259.00	1259.00	1259.00	1259.00	1259.00	1259.25	1259.50	1260.00	1260.00	1260.00	1259.50	1259.25	1258.75	1258.50	1257.50	1256.75	1256.00	1255.00	1254.25	1253.75	1252.75	1252.25	1251.00	1251.00	1249.75	1249.00	1247.75	1247.25	1246.75	1246.50	1245.50	1245.50	1245.50	1245.50	1245.50	1245.25	1244.75	1244.50	1244.00	1244.00	1243.50	1242.50	1242.50	1242.25	1241.75	1241.50	1240.50	1239.50	1239.50	1238.50	1238.00	1237.00	1236.50	1235.50	1234.50	1233.50	1232.75	1232.00	1231.50	1231.00	1230.50	1230.00	1229.50	1229.00	1228.50	1228.00	1227.50	1227.50	1227.25	1226.50	1226.50	1226.25	1226.00	1226.00	1226.00	1226.00	1226.00	1226.00	1226.00	1226.00	1226.75	1227.00	1227.00	1227.00	1227.00	1228.00	1228.00	1227.50	1227.75	1227.75	1227.50	1227.50	1227.50	1227.00	1227.00	1226.50	1226.50	1226.50	1226.25	1225.75	1225.50	1225.50	1225.50	1225.25	1225.00	1225.00	1225.00	1225.00	1224.50	1223.25	1222.50	1221.75	1221.25	1220.75	1220.00	1220.00	1220.00	1220.00	1221.25	1221.75	1223.25	1224.25	1225.75	1228.00	1229.00	1232.00	1233.50	1235.50	1237.00	1238.50	1240.50	1241.50	1243.00	1243.00	1244.50	1245.00	1246.25	1246.75	1247.25	1248.00	1248.50	1249.50	1249.50	1249.75	1250.25	1250.50	1251.50	1251.75	1252.00	1253.00	1253.25	1253.75	1254.25	1254.50	1254.50	1254.50	1254.50	1254.50	1254.50	1254.50	1254.50	1255.00	1255.50	1255.50	1256.50	1257.00	1257.75	1259.00	1260.25	1261.25	1263.50	1264.50	1266.75	1269.00
1293.00	1293.00	1292.00	1292.00	1291.00	1291.00	1291.00	1290.50	1290.00	1289.50	1289.00	1288.00	1288.00	1287.00	1286.50	1286.00	1286.00	1286.00	1285.50	1285.00	1285.00	1284.00	1284.00	1284.00	1284.00	1283.50	1283.00	1283.00	1282.00	1281.00	1281.00	1280.50	1280.00	1280.00	1280.00	1279.00	1279.00	1278.50	1278.00	1278.00	1277.50	1277.00	1277.00	1276.50	1276.00	1275.00	1274.50	1274.00	1273.00	1272.00	1271.00	1270.00	1269.50	1268.50	1268.00	1267.50	1267.00	1266.00	1266.00	1266.00	1266.00	1266.00	1265.50	1265.00	1265.00	1265.00	1265.00	1265.00	1264.00	1264.00	1263.50	1263.00	1263.00	1263.00	1263.00	1262.00	1262.00	1262.00	1262.00	1262.00	1262.00	1262.00	1262.00	1262.00	1262.00	1262.00	1262.00	1262.50	1263.00	1263.00	1263.00	1263.00	1262.00	1262.00	1261.50	1261.00	1260.00	1259.50	1259.00	1257.50	1257.00	1256.50	1255.50	1255.00	1254.00	1254.00	1252.50	1251.50	1250.50	1250.00	1249.50	1249.00	1248.00	1248.00	1248.00	1248.00	1248.00	1247.50	1247.00	1247.00	1246.00	1246.00	1245.00	1244.00	1244.00	1243.50	1243.00	1243.00	1242.00	1241.00	1241.00	1240.00	1239.50	1239.00	1238.50	1237.50	1237.00	1235.50	1235.00	1234.00	1234.00	1233.50	1233.00	1233.00	1232.00	1232.00	1231.00	1230.50	1230.00	1230.00	1229.50	1229.00	1229.00	1228.50	1228.00	1228.00	1228.00	1228.00	1228.00	1228.00	1228.00	1228.00	1228.50	1229.00	1229.00	1229.00	1229.00	1230.00	1230.00	1230.00	1230.50	1230.50	1230.00	1230.00	1230.00	1230.00	1230.00	1229.00	1229.00	1229.00	1228.50	1228.00	1228.00	1228.00	1228.00	1227.50	1227.00	1227.00	1227.00	1227.00	1226.00	1225.00	1224.00	1223.50	1223.00	1222.50	1222.00	1222.00	1222.00	1222.00	1223.50	1224.00	1225.50	1227.00	1228.50	1231.00	1232.00	1235.00	1236.00	1238.50	1240.00	1241.50	1243.50	1244.50	1246.00	1246.00	1247.50	1248.00	1249.00	1249.50	1250.00	1251.00	1251.00	1252.00	1252.00	1252.50	1253.00	1253.00	1254.00	1254.00	1254.00	1255.00	1255.00	1255.50	1256.00	1256.00	1256.00	1256.00	1256.00	1256.00	1256.00	1256.00	1256.00	1256.50	1257.00	1257.00	1258.00	1258.50	1259.50	1261.00	1262.50	1264.00	1266.00	1267.00	1269.50	1272.00
1293.00	1293.00	1292.00	1292.00	1291.00	1291.00	1291.00	1290.50	1290.00	1289.50	1289.00	1288.00	1288.00	1287.00	1286.50	1286.00	1286.00	1286.00	1285.50	1285.00	1285.00	1284.00	1284.00	1284.00	1284.00	1283.50	1283.00	1283.00	1282.00	1281.00	1281.00	1280.50	1280.00	1280.00	1280.00	1279.00	1279.00	1278.50	1278.00	1278.00	1277.50	1277.00	1277.00	1276.50	1276.00	1275.00	1274.50	1274.00	1273.00	1272.00	1271.00	1270.00	1269.50	1268.50	1268.00	1267.50	1267.00	1266.00	1266.00	1266.00	1266.00	1266.00	1265.50	1265.00	1265.00	1265.00	1265.00	1265.00	1264.00	1264.00	1263.50	1263.00	1263.00	1263.00	1263.00	1262.00	1262.00	1262.00	1262.00	1262.00	1262.00	1262.00	1262.00	1262.00	1262.00	1262.00	1262.00	1262.50	1263.00	1263.00	1263.00	1263.00	1262.00	1262.00	1261.50	1261.00	1260.00	1259.50	1259.00	1257.50	1257.00	1256.50	1255.50	1255.00	1254.00	1254.00	1252.50	1251.50	1250.50	1250.00	1249.50	1249.00	1248.00	1248.00	1248.00	1248.00	1248.00	1247.50	1247.00	1247.00	1246.00	1246.00	1245.00	1244.00	1244.00	1243.50	1243.00	1243.00	1242.00	1241.00	1241.00	1240.00	1239.50	1239.00	1238.50	1237.50	1237.00	1235.50	1235.00	1234.00	1234.00	1233.50	1233.00	1233.00	1232.00	1232.00	1231.00	1230.50	1230.00	1230.00	1229.50	1229.00	1229.00	1228.50	1228.00	1228.00	1228.00	1228.00	1228.00	1228.00	1228.00	1228.00	1228.50	1229.00	1229.00	1229.00	1229.00	1230.00	1230.00	1230.00	1230.50	1230.50	1230.00	1230.00	1230.00	1230.00	1230.00	1229.00	1229.00	1229.00	1228.50	1228.00	1228.00	1228.00	1228.00	1227.50	1227.00	1227.00	1227.00	1227.00	1226.00	1225.00	1224.00	1223.50	1223.00	1222.50	1222.00	1222.00	1222.00	1222.00	1223.50	1224.00	1225.50	1227.00	1228.50	1231.00	1232.00	1235.00	1236.00	1238.50	1240.00	1241.50	1243.50	1244.50	1246.00	1246.00	1247.50	1248.00	1249.00	1249.50	1250.00	1251.00	1251.00	1252.00	1252.00	1252.50	1253.00	1253.00	1254.00	1254.00	1254.00	1255.00	1255.00	1255.50	1256.00	1256.00	1256.00	1256.00	1256.00	1256.00	1256.00	1256.00	1256.00	1256.50	1257.00	1257.00	1258.00	1258.50	1259.50	1261.00	1262.50	1264.00	1266.00	1267.00	1269.50	1272.00
1294.50	1294.00	1293.50	1293.00	1292.50	1292.25	1292.00	1291.75	1291.25	1290.75	1290.50	1289.50	1289.50	1288.50	1288.25	1288.00	1288.00	1287.50	1287.25	1287.00	1287.00	1286.50	1286.50	1286.25	1286.00	1285.75	1285.50	1285.50	1284.50	1284.00	1283.50	1283.25	1282.75	1282.50	1282.25	1281.50	1281.50	1281.00	1280.50	1280.50	1280.00	1279.50	1279.50	1279.00	1278.25	1277.50	1276.75	1276.25	1275.50	1274.50	1273.50	1272.50	1272.00	1271.25	1270.75	1270.25	1270.00	1269.00	1269.00	1269.00	1269.00	1269.00	1268.75	1268.50	1268.50	1268.00	1268.00	1268.00	1267.25	1267.00	1266.50	1266.00	1265.75	1265.50	1265.50	1265.00	1265.00	1265.00	1265.00	1265.00	1265.00	1265.00	1265.00	1265.00	1265.00	1265.00	1265.00	1265.25	1265.50	1265.00	1265.00	1265.00	1264.00	1263.75	1263.25	1262.50	1262.00	1261.25	1260.50	1259.50	1258.75	1258.25	1257.00	1256.50	1255.50	1255.50	1254.25	1253.50	1252.50	1252.00	1251.75	1251.00	1250.50	1250.50	1250.50	1250.25	1250.00	1249.50	1248.75	1248.25	1247.50	1247.00	1246.25	1245.50	1245.00	1244.50	1244.00	1243.50	1242.75	1242.00	1242.00	1241.00	1240.75	1240.00	1239.75	1239.25	1238.50	1237.75	1237.25	1236.50	1236.25	1235.75	1235.50	1235.50	1234.50	1234.50	1234.00	1233.50	1233.00	1232.75	1232.25	1232.00	1231.50	1231.25	1230.75	1230.50	1230.50	1230.50	1230.50	1230.50	1230.50	1230.50	1231.00	1231.50	1231.50	1231.75	1232.00	1232.50	1232.50	1232.50	1232.75	1232.75	1232.75	1233.00	1233.00	1232.50	1232.50	1232.00	1231.75	1231.50	1231.00	1230.50	1230.50	1230.00	1230.00	1229.50	1229.00	1228.75	1228.50	1228.00	1227.50	1226.75	1226.00	1225.25	1224.75	1224.25	1224.00	1224.25	1224.50	1225.00	1226.50	1227.00	1228.50	1230.00	1231.50	1233.50	1235.00	1238.00	1239.00	1241.50	1242.75	1244.00	1246.00	1247.00	1248.50	1248.50	1249.75	1250.25	1251.25	1251.75	1252.25	1253.00	1253.00	1254.00	1254.00	1254.75	1255.00	1255.00	1255.75	1256.00	1256.00	1257.00	1257.00	1257.25	1257.50	1257.50	1257.50	1257.50	1257.50	1257.00	1257.50	1257.50	1257.50	1258.00	1258.50	1258.75	1259.50	1260.50	1261.75	1263.50	1265.25	1266.75	1269.00	1270.00	1272.25	1275.00
1296.00	1295.00	1295.00	1294.00	1294.00	1293.50	1293.00	1293.00	1292.50	1292.00	1292.00	1291.00	1291.00	1290.00	1290.00	1290.00	1290.00	1289.00	1289.00	1289.00	1289.00	1289.00	1289.00	1288.50	1288.00	1288.00	1288.00	1288.00	1287.00	1287.00	1286.00	1286.00	1285.50	1285.00	1284.50	1284.00	1284.00	1283.50	1283.00	1283.00	1282.50	1282.00	1282.00	1281.50	1280.50	1280.00	1279.00	1278.50	1278.00	1277.00	1276.00	1275.00	1274.50	1274.00	1273.50	1273.00	1273.00	1272.00	1272.00	1272.00	1272.00	1272.00	1272.00	1272.00	1272.00	1271.00	1271.00	1271.00	1270.50	1270.00	1269.50	1269.00	1268.50	1268.00	1268.00	1268.00	1268.00	1268.00	1268.00	1268.00	1268.00	1268.00	1268.00	1268.00	1268.00	1268.00	1268.00	1268.00	1268.00	1267.00	1267.00	1267.00	1266.00	1265.50	1265.00	1264.00	1264.00	1263.00	1262.00	1261.50	1260.50	1260.00	1258.50	1258.00	1257.00	1257.00	1256.00	1255.50	1254.50	1254.00	1254.00	1253.00	1253.00	1253.00	1253.00	1252.50	1252.00	1251.50	1250.50	1249.50	1249.00	1248.00	1247.50	1247.00	1246.00	1245.50	1245.00	1244.00	1243.50	1243.00	1243.00	1242.00	1242.00	1241.00	1241.00	1241.00	1240.00	1240.00	1239.50	1239.00	1238.50	1238.00	1238.00	1238.00	1237.00	1237.00	1237.00	1236.50	1236.00	1235.50	1235.00	1235.00	1234.00	1234.00	1233.50	1233.00	1233.00	1233.00	1233.00	1233.00	1233.00	1233.00	1233.50	1234.00	1234.00	1234.50	1235.00	1235.00	1235.00	1235.00	1235.00	1235.00	1235.50	1236.00	1236.00	1235.00	1235.00	1235.00	1234.50	1234.00	1233.50	1233.00	1233.00	1232.00	1232.00	1231.50	1231.00	1230.50	1230.00	1229.00	1229.00	1228.50	1228.00	1227.00	1226.50	1226.00	1226.00	1226.50	1227.00	1228.00	1229.50	1230.00	1231.50	1233.00	1234.50	1236.00	1238.00	1241.00	1242.00	1244.50	1245.50	1246.50	1248.50	1249.50	1251.00	1251.00	1252.00	1252.50	1253.50	1254.00	1254.50	1255.00	1255.00	1256.00	1256.00	1257.00	1257.00	1257.00	1257.50	1258.00	1258.00	1259.00	1259.00	1259.00	1259.00	1259.00	1259.00	1259.00	1259.00	1258.00	1259.00	1259.00	1259.00	1259.50	1260.00	1260.50	1261.00	1262.50	1264.00	1266.00	1268.00	1269.50	1272.00	1273.00	1275.00	1278.00
1296.00	1295.00	1295.00	1294.00	1294.00	1293.50	1293.00	1293.00	1292.50	1292.00	1292.00	1291.00	1291.00	1290.00	1290.00	1290.00	1290.00	1289.00	1289.00	1289.00	1289.00	1289.00	1289.00	1288.50	1288.00	1288.00	1288.00	1288.00	1287.00	1287.00	1286.00	1286.00	1285.50	1285.00	1284.50	1284.00	1284.00	1283.50	1283.00	1283.00	1282.50	1282.00	1282.00	1281.50	1280.50	1280.00	1279.00	1278.50	1278.00	1277.00	1276.00	1275.00	1274.50	1274.00	1273.50	1273.00	1273.00	1272.00	1272.00	1272.00	1272.00	1272.00	1272.00	1272.00	1272.00	1271.00	1271.00	1271.00	1270.50	1270.00	1269.50	1269.00	1268.50	1268.00	1268.00	1268.00	1268.00	1268.00	1268.00	1268.00	1268.00	1268.00	1268.00	1268.00	1268.00	1268.00	1268.00	1268.00	1268.00	1267.00	1267.00	1267.00	1266.00	1265.50	1265.00	1264.00	1264.00	1263.00	1262.00	1261.50	1260.50	1260.00	1258.50	1258.00	1257.00	1257.00	1256.00	1255.50	1254.50	1254.00	1254.00	1253.00	1253.00	1253.00	1253.00	1252.50	1252.00	1251.50	1250.50	1249.50	1249.00	1248.00	1247.50	1247.00	1246.00	1245.50	1245.00	1244.00	1243.50	1243.00	1243.00	1242.00	1242.00	1241.00	1241.00	1241.00	1240.00	1240.00	1239.50	1239.00	1238.50	1238.00	1238.00	1238.00	1237.00	1237.00	1237.00	1236.50	1236.00	1235.50	1235.00	1235.00	1234.00	1234.00	1233.50	1233.00	1233.00	1233.00	1233.00	1233.00	1233.00	1233.00	1233.50	1234.00	1234.00	1234.50	1235.00	1235.00	1235.00	1235.00	1235.00	1235.00	1235.50	1236.00	1236.00	1235.00	1235.00	1235.00	1234.50	1234.00	1233.50	1233.00	1233.00	1232.00	1232.00	1231.50	1231.00	1230.50	1230.00	1229.00	1229.00	1228.50	1228.00	1227.00	1226.50	1226.00	1226.00	1226.50	1227.00	1228.00	1229.50	1230.00	1231.50	1233.00	1234.50	1236.00	1238.00	1241.00	1242.00	1244.50	1245.50	1246.50	1248.50	1249.50	1251.00	1251.00	1252.00	1252.50	1253.50	1254.00	1254.50	1255.00	1255.00	1256.00	1256.00	1257.00	1257.00	1257.00	1257.50	1258.00	1258.00	1259.00	1259.00	1259.00	1259.00	1259.00	1259.00	1259.00	1259.00	1258.00	1259.00	1259.00	1259.00	1259.50	1260.00	1260.50	1261.00	1262.50	1264.00	1266.00	1268.00	1269.50	1272.00	1273.00	1275.00	1278.00
1296.00	1295.00	1295.00	1294.00	1294.00	1293.50	1293.00	1293.00	1292.50	1292.00	1292.00	1291.00	1291.00	1290.00	1290.00	1290.00	1290.00	1289.00	1289.00	1289.00	1289.00	1289.00	1289.00	1288.50	1288.00	1288.00	1288.00	1288.00	1287.00	1287.00	1286.00	1286.00	1285.50	1285.00	1284.50	1284.00	1284.00	1283.50	1283.00	1283.00	1282.50	1282.00	1282.00	1281.50	1280.50	1280.00	1279.00	1278.50	1278.00	1277.00	1276.00	1275.00	1274.50	1274.00	1273.50	1273.00	1273.00	1272.00	1272.00	1272.00	1272.00	1272.00	1272.00	1272.00	1272.00	1271.00	1271.00	1271.00	1270.50	1270.00	1269.50	1269.00	1268.50	1268.00	1268.00	1268.00	1268.00	1268.00	1268.00	1268.00	1268.00	1268.00	1268.00	1268.00	1268.00	1268.00	1268.00	1268.00	1268.00	1267.00	1267.00	1267.00	1266.00	1265.50	1265.00	1264.00	1264.00	1263.00	1262.00	1261.50	1260.50	1260.00	1258.50	1258.00	1257.00	1257.00	1256.00	1255.50	1254.50	1254.00	1254.00	1253.00	1253.00	1253.00	1253.00	1252.50	1252.00	1251.50	1250.50	1249.50	1249.00	1248.00	1247.50	1247.00	1246.00	1245.50	1245.00	1244.00	1243.50	1243.00	1243.00	1242.00	1242.00	1241.00	1241.00	1241.00	1240.00	1240.00	1239.50	1239.00	1238.50	1238.00	1238.00	1238.00	1237.00	1237.00	1237.00	1236.50	1236.00	1235.50	1235.00	1235.00	1234.00	1234.00	1233.50	1233.00	1233.00	1233.00	1233.00	1233.00	1233.00	1233.00	1233.50	1234.00	1234.00	1234.50	1235.00	1235.00	1235.00	1235.00	1235.00	1235.00	1235.50	1236.00	1236.00	1235.00	1235.00	1235.00	1234.50	1234.00	1233.50	1233.00	1233.00	1232.00	1232.00	1231.50	1231.00	1230.50	1230.00	1229.00	1229.00	1228.50	1228.00	1227.00	1226.50	1226.00	1226.00	1226.50	1227.00	1228.00	1229.50	1230.00	1231.50	1233.00	1234.50	1236.00	1238.00	1241.00	1242.00	1244.50	1245.50	1246.50	1248.50	1249.50	1251.00	1251.00	1252.00	1252.50	1253.50	1254.00	1254.50	1255.00	1255.00	1256.00	1256.00	1257.00	1257.00	1257.00	1257.50	1258.00	1258.00	1259.00	1259.00	1259.00	1259.00	1259.00	1259.00	1259.00	1259.00	1258.00	1259.00	1259.00	1259.00	1259.50	1260.00	1260.50	1261.00	1262.50	1264.00	1266.00	1268.00	1269.50	1272.00	1273.00	1275.00	1278.00
1299.00	1299.00	1298.00	1298.00	1297.00	1297.00	1296.50	1296.00	1295.50	1295.00	1295.00	1294.00	1294.00	1294.00	1293.00	1293.00	1293.00	1293.00	1293.00	1293.00	1292.00	1293.00	1293.00	1293.00	1293.00	1293.00	1292.00	1292.00	1292.00	1292.00	1291.00	1291.00	1291.00	1290.00	1289.50	1289.00	1289.00	1288.50	1288.00	1287.50	1287.00	1287.00	1286.00	1286.00	1285.50	1285.00	1284.50	1283.50	1283.00	1282.00	1281.00	1281.00	1280.50	1280.00	1280.00	1279.00	1279.00	1279.00	1279.00	1279.00	1279.00	1278.00	1278.00	1278.00	1278.00	1277.00	1277.00	1277.00	1276.00	1276.00	1275.50	1275.00	1274.50	1274.00	1274.00	1273.00	1273.00	1273.00	1273.00	1273.00	1273.00	1274.00	1274.00	1273.00	1273.00	1273.00	1273.00	1272.50	1272.00	1271.00	1270.50	1270.00	1269.00	1268.50	1268.00	1267.00	1266.00	1265.50	1265.00	1264.00	1263.50	1263.00	1261.50	1261.00	1260.00	1260.00	1259.00	1259.00	1258.00	1258.00	1258.00	1258.00	1257.00	1257.00	1257.00	1256.00	1255.50	1254.50	1253.50	1252.50	1251.00	1251.00	1249.50	1249.00	1248.00	1247.50	1247.00	1247.00	1246.00	1246.00	1245.00	1245.00	1244.50	1244.00	1244.00	1244.00	1244.00	1244.00	1244.00	1244.00	1244.00	1244.00	1244.00	1244.00	1243.00	1243.00	1243.00	1243.00	1242.50	1242.00	1241.50	1241.00	1241.00	1240.00	1240.00	1239.00	1239.00	1239.00	1239.00	1239.00	1239.00	1239.00	1239.00	1239.50	1240.00	1240.00	1240.50	1241.00	1241.00	1241.00	1241.00	1241.00	1241.00	1241.00	1241.00	1241.00	1241.00	1240.00	1239.50	1239.00	1238.50	1238.00	1237.50	1237.00	1236.00	1235.00	1235.00	1234.00	1233.50	1233.00	1233.00	1232.00	1232.00	1232.00	1232.00	1232.00	1233.00	1233.50	1234.00	1235.00	1236.50	1237.50	1239.50	1240.50	1242.00	1244.00	1245.00	1248.00	1249.00	1250.50	1251.50	1252.50	1254.50	1255.00	1256.00	1256.00	1256.00	1256.50	1257.00	1257.00	1257.50	1258.00	1258.00	1259.00	1259.00	1260.00	1260.00	1260.00	1260.00	1260.50	1261.00	1262.00	1262.00	1262.00	1262.00	1262.00	1262.00	1262.00	1262.00	1262.00	1262.00	1262.00	1262.50	1263.50	1264.50	1265.00	1266.00	1268.50	1269.50	1272.00	1273.50	1275.00	1278.00	1279.00	1281.50	1284.00
1299.00	1299.00	1298.00	1298.00	1297.00	1297.00	1296.50	1296.00	1295.50	1295.00	1295.00	1294.00	1294.00	1294.00	1293.00	1293.00	1293.00	1293.00	1293.00	1293.00	1292.00	1293.00	1293.00	1293.00	1293.00	1293.00	1292.00	1292.00	1292.00	1292.00	1291.00	1291.00	1291.00	1290.00	1289.50	1289.00	1289.00	1288.50	1288.00	1287.50	1287.00	1287.00	1286.00	1286.00	1285.50	1285.00	1284.50	1283.50	1283.00	1282.00	1281.00	1281.00	1280.50	1280.00	1280.00	1279.00	1279.00	1279.00	1279.00	1279.00	1279.00	1278.00	1278.00	1278.00	1278.00	1277.00	1277.00	1277.00	1276.00	1276.00	1275.50	1275.00	1274.50	1274.00	1274.00	1273.00	1273.00	1273.00	1273.00	1273.00	1273.00	1274.00	1274.00	1273.00	1273.00	1273.00	1273.00	1272.50	1272.00	1271.00	1270.50	1270.00	1269.00	1268.50	1268.00	1267.00	1266.00	1265.50	1265.00	1264.00	1263.50	1263.00	1261.50	1261.00	1260.00	1260.00	1259.00	1259.00	1258.00	1258.00	1258.00	1258.00	1257.00	1257.00	1257.00	1256.00	1255.50	1254.50	1253.50	1252.50	1251.00	1251.00	1249.50	1249.00	1248.00	1247.50	1247.00	1247.00	1246.00	1246.00	1245.00	1245.00	1244.50	1244.00	1244.00	1244.00	1244.00	1244.00	1244.00	1244.00	1244.00	1244.00	1244.00	1244.00	1243.00	1243.00	1243.00	1243.00	1242.50	1242.00	1241.50	1241.00	1241.00	1240.00	1240.00	1239.00	1239.00	1239.00	1239.00	1239.00	1239.00	1239.00	1239.00	1239.50	1240.00	1240.00	1240.50	1241.00	1241.00	1241.00	1241.00	1241.00	1241.00	1241.00	1241.00	1241.00	1241.00	1240.00	1239.50	1239.00	1238.50	1238.00	1237.50	1237.00	1236.00	1235.00	1235.00	1234.00	1233.50	1233.00	1233.00	1232.00	1232.00	1232.00	1232.00	1232.00	1233.00	1233.50	1234.00	1235.00	1236.50	1237.50	1239.50	1240.50	1242.00	1244.00	1245.00	1248.00	1249.00	1250.50	1251.50	1252.50	1254.50	1255.00	1256.00	1256.00	1256.00	1256.50	1257.00	1257.00	1257.50	1258.00	1258.00	1259.00	1259.00	1260.00	1260.00	1260.00	1260.00	1260.50	1261.00	1262.00	1262.00	1262.00	1262.00	1262.00	1262.00	1262.00	1262.00	1262.00	1262.00	1262.00	1262.50	1263.50	1264.50	1265.00	1266.00	1268.50	1269.50	1272.00	1273.50	1275.00	1278.00	1279.00	1281.50	1284.00
1299.00	1299.00	1298.00	1298.00	1297.00	1297.00	1296.50	1296.00	1295.50	1295.00	1295.00	1294.00	1294.00	1294.00	1293.00	1293.00	1293.00	1293.00	1293.00	1293.00	1292.00	1293.00	1293.00	1293.00	1293.00	1293.00	1292.00	1292.00	1292.00	1292.00	1291.00	1291.00	1291.00	1290.00	1289.50	1289.00	1289.00	1288.50	1288.00	1287.50	1287.00	1287.00	1286.00	1286.00	1285.50	1285.00	1284.50	1283.50	1283.00	1282.00	1281.00	1281.00	1280.50	1280.00	1280.00	1279.00	1279.00	1279.00	1279.00	1279.00	1279.00	1278.00	1278.00	1278.00	1278.00	1277.00	1277.00	1277.00	1276.00	1276.00	1275.50	1275.00	1274.50	1274.00	1274.00	1273.00	1273.00	1273.00	1273.00	1273.00	1273.00	1274.00	1274.00	1273.00	1273.00	1273.00	1273.00	1272.50	1272.00	1271.00	1270.50	1270.00	1269.00	1268.50	1268.00	1267.00	1266.00	1265.50	1265.00	1264.00	1263.50	1263.00	1261.50	1261.00	1260.00	1260.00	1259.00	1259.00	1258.00	1258.00	1258.00	1258.00	1257.00	1257.00	1257.00	1256.00	1255.50	1254.50	1253.50	1252.50	1251.00	1251.00	1249.50	1249.00	1248.00	1247.50	1247.00	1247.00	1246.00	1246.00	1245.00	1245.00	1244.50	1244.00	1244.00	1244.00	1244.00	1244.00	1244.00	1244.00	1244.00	1244.00	1244.00	1244.00	1243.00	1243.00	1243.00	1243.00	1242.50	1242.00	1241.50	1241.00	1241.00	1240.00	1240.00	1239.00	1239.00	1239.00	1239.00	1239.00	1239.00	1239.00	1239.00	1239.50	1240.00	1240.00	1240.50	1241.00	1241.00	1241.00	1241.00	1241.00	1241.00	1241.00	1241.00	1241.00	1241.00	1240.00	1239.50	1239.00	1238.50	1238.00	1237.50	1237.00	1236.00	1235.00	1235.00	1234.00	1233.50	1233.00	1233.00	1232.00	1232.00	1232.00	1232.00	1232.00	1233.00	1233.50	1234.00	1235.00	1236.50	1237.50	1239.50	1240.50	1242.00	1244.00	1245.00	1248.00	1249.00	1250.50	1251.50	1252.50	1254.50	1255.00	1256.00	1256.00	1256.00	1256.50	1257.00	1257.00	1257.50	1258.00	1258.00	1259.00	1259.00	1260.00	1260.00	1260.00	1260.00	1260.50	1261.00	1262.00	1262.00	1262.00	1262.00	1262.00	1262.00	1262.00	1262.00	1262.00	1262.00	1262.00	1262.50	1263.50	1264.50	1265.00	1266.00	1268.50	1269.50	1272.00	1273.50	1275.00	1278.00	1279.00	1281.50	1284.00
1299.00	1299.00	1298.00	1298.00	1297.00	1297.00	1296.50	1296.00	1295.50	1295.00	1295.00	1294.00	1294.00	1294.00	1293.00	1293.00	1293.00	1293.00	1293.00	1293.00	1292.00	1293.00	1293.00	1293.00	1293.00	1293.00	1292.00	1292.00	1292.00	1292.00	1291.00	1291.00	1291.00	1290.00	1289.50	1289.00	1289.00	1288.50	1288.00	1287.50	1287.00	1287.00	1286.00	1286.00	1285.50	1285.00	1284.50	1283.50	1283.00	1282.00	1281.00	1281.00	1280.50	1280.00	1280.00	1279.00	1279.00	1279.00	1279.00	1279.00	1279.00	1278.00	1278.00	1278.00	1278.00	1277.00	1277.00	1277.00	1276.00	1276.00	1275.50	1275.00	1274.50	1274.00	1274.00	1273.00	1273.00	1273.00	1273.00	1273.00	1273.00	1274.00	1274.00	1273.00	1273.00	1273.00	1273.00	1272.50	1272.00	1271.00	1270.50	1270.00	1269.00	1268.50	1268.00	1267.00	1266.00	1265.50	1265.00	1264.00	1263.50	1263.00	1261.50	1261.00	1260.00	1260.00	1259.00	1259.00	1258.00	1258.00	1258.00	1258.00	1257.00	1257.00	1257.00	1256.00	1255.50	1254.50	1253.50	1252.50	1251.00	1251.00	1249.50	1249.00	1248.00	1247.50	1247.00	1247.00	1246.00	1246.00	1245.00	1245.00	1244.50	1244.00	1244.00	1244.00	1244.00	1244.00	1244.00	1244.00	1244.00	1244.00	1244.00	1244.00	1243.00	1243.00	1243.00	1243.00	1242.50	1242.00	1241.50	1241.00	1241.00	1240.00	1240.00	1239.00	1239.00	1239.00	1239.00	1239.00	1239.00	1239.00	1239.00	1239.50	1240.00	1240.00	1240.50	1241.00	1241.00	1241.00	1241.00	1241.00	1241.00	1241.00	1241.00	1241.00	1241.00	1240.00	1239.50	1239.00	1238.50	1238.00	1237.50	1237.00	1236.00	1235.00	1235.00	1234.00	1233.50	1233.00	1233.00	1232.00	1232.00	1232.00	1232.00	1232.00	1233.00	1233.50	1234.00	1235.00	1236.50	1237.50	1239.50	1240.50	1242.00	1244.00	1245.00	1248.00	1249.00	1250.50	1251.50	1252.50	1254.50	1255.00	1256.00	1256.00	1256.00	1256.50	1257.00	1257.00	1257.50	1258.00	1258.00	1259.00	1259.00	1260.00	1260.00	1260.00	1260.00	1260.50	1261.00	1262.00	1262.00	1262.00	1262.00	1262.00	1262.00	1262.00	1262.00	1262.00	1262.00	1262.00	1262.50	1263.50	1264.50	1265.00	1266.00	1268.50	1269.50	1272.00	1273.50	1275.00	1278.00	1279.00	1281.50	1284.00
1299.00	1299.00	1298.00	1298.00	1297.00	1297.00	1296.50	1296.00	1295.50	1295.00	1295.00	1294.00	1294.00	1294.00	1293.00	1293.00	1293.00	1293.00	1293.00	1293.00	1292.00	1293.00	1293.00	1293.00	1293.00	1293.00	1292.00	1292.00	1292.00	1292.00	1291.00	1291.00	1291.00	1290.00	1289.50	1289.00	1289.00	1288.50	1288.00	1287.50	1287.00	1287.00	1286.00	1286.00	1285.50	1285.00	1284.50	1283.50	1283.00	1282.00	1281.00	1281.00	1280.50	1280.00	1280.00	1279.00	1279.00	1279.00	1279.00	1279.00	1279.00	1278.00	1278.00	1278.00	1278.00	1277.00	1277.00	1277.00	1276.00	1276.00	1275.50	1275.00	1274.50	1274.00	1274.00	1273.00	1273.00	1273.00	1273.00	1273.00	1273.00	1274.00	1274.00	1273.00	1273.00	1273.00	1273.00	1272.50	1272.00	1271.00	1270.50	1270.00	1269.00	1268.50	1268.00	1267.00	1266.00	1265.50	1265.00	1264.00	1263.50	1263.00	1261.50	1261.00	1260.00	1260.00	1259.00	1259.00	1258.00	1258.00	1258.00	1258.00	1257.00	1257.00	1257.00	1256.00	1255.50	1254.50	1253.50	1252.50	1251.00	1251.00	1249.50	1249.00	1248.00	1247.50	1247.00	1247.00	1246.00	1246.00	1245.00	1245.00	1244.50	1244.00	1244.00	1244.00	1244.00	1244.00	1244.00	1244.00	1244.00	1244.00	1244.00	1244.00	1243.00	1243.00	1243.00	1243.00	1242.50	1242.00	1241.50	1241.00	1241.00	1240.00	1240.00	1239.00	1239.00	1239.00	1239.00	1239.00	1239.00	1239.00	1239.00	1239.50	1240.00	1240.00	1240.50	1241.00	1241.00	1241.00	1241.00	1241.00	1241.00	1241.00	1241.00	1241.00	1241.00	1240.00	1239.50	1239.00	1238.50	1238.00	1237.50	1237.00	1236.00	1235.00	1235.00	1234.00	1233.50	1233.00	1233.00	1232.00	1232.00	1232.00	1232.00	1232.00	1233.00	1233.50	1234.00	1235.00	1236.50	1237.50	1239.50	1240.50	1242.00	1244.00	1245.00	1248.00	1249.00	1250.50	1251.50	1252.50	1254.50	1255.00	1256.00	1256.00	1256.00	1256.50	1257.00	1257.00	1257.50	1258.00	1258.00	1259.00	1259.00	1260.00	1260.00	1260.00	1260.00	1260.50	1261.00	1262.00	1262.00	1262.00	1262.00	1262.00	1262.00	1262.00	1262.00	1262.00	1262.00	1262.00	1262.50	1263.50	1264.50	1265.00	1266.00	1268.50	1269.50	1272.00	1273.50	1275.00	1278.00	1279.00	1281.50	1284.00
1299.00	1299.00	1298.00	1298.00	1297.00	1297.00	1296.50	1296.00	1295.50	1295.00	1295.00	1294.00	1294.00	1294.00	1293.00	1293.00	1293.00	1293.00	1293.00	1293.00	1292.00	1293.00	1293.00	1293.00	1293.00	1293.00	1292.00	1292.00	1292.00	1292.00	1291.00	1291.00	1291.00	1290.00	1289.50	1289.00	1289.00	1288.50	1288.00	1287.50	1287.00	1287.00	1286.00	1286.00	1285.50	1285.00	1284.50	1283.50	1283.00	1282.00	1281.00	1281.00	1280.50	1280.00	1280.00	1279.00	1279.00	1279.00	1279.00	1279.00	1279.00	1278.00	1278.00	1278.00	1278.00	1277.00	1277.00	1277.00	1276.00	1276.00	1275.50	1275.00	1274.50	1274.00	1274.00	1273.00	1273.00	1273.00	1273.00	1273.00	1273.00	1274.00	1274.00	1273.00	1273.00	1273.00	1273.00	1272.50	1272.00	1271.00	1270.50	1270.00	1269.00	1268.50	1268.00	1267.00	1266.00	1265.50	1265.00	1264.00	1263.50	1263.00	1261.50	1261.00	1260.00	1260.00	1259.00	1259.00	1258.00	1258.00	1258.00	1258.00	1257.00	1257.00	1257.00	1256.00	1255.50	1254.50	1253.50	1252.50	1251.00	1251.00	1249.50	1249.00	1248.00	1247.50	1247.00	1247.00	1246.00	1246.00	1245.00	1245.00	1244.50	1244.00	1244.00	1244.00	1244.00	1244.00	1244.00	1244.00	1244.00	1244.00	1244.00	1244.00	1243.00	1243.00	1243.00	1243.00	1242.50	1242.00	1241.50	1241.00	1241.00	1240.00	1240.00	1239.00	1239.00	1239.00	1239.00	1239.00	1239.00	1239.00	1239.00	1239.50	1240.00	1240.00	1240.50	1241.00	1241.00	1241.00	1241.00	1241.00	1241.00	1241.00	1241.00	1241.00	1241.00	1240.00	1239.50	1239.00	1238.50	1238.00	1237.50	1237.00	1236.00	1235.00	1235.00	1234.00	1233.50	1233.00	1233.00	1232.00	1232.00	1232.00	1232.00	1232.00	1233.00	1233.50	1234.00	1235.00	1236.50	1237.50	1239.50	1240.50	1242.00	1244.00	1245.00	1248.00	1249.00	1250.50	1251.50	1252.50	1254.50	1255.00	1256.00	1256.00	1256.00	1256.50	1257.00	1257.00	1257.50	1258.00	1258.00	1259.00	1259.00	1260.00	1260.00	1260.00	1260.00	1260.50	1261.00	1262.00	1262.00	1262.00	1262.00	1262.00	1262.00	1262.00	1262.00	1262.00	1262.00	1262.00	1262.50	1263.50	1264.50	1265.00	1266.00	1268.50	1269.50	1272.00	1273.50	1275.00	1278.00	1279.00	1281.50	1284.00
1299.00	1299.00	1298.00	1298.00	1297.00	1297.00	1296.50	1296.00	1295.50	1295.00	1295.00	1294.00	1294.00	1294.00	1293.00	1293.00	1293.00	1293.00	1293.00	1293.00	1292.00	1293.00	1293.00	1293.00	1293.00	1293.00	1292.00	1292.00	1292.00	1292.00	1291.00	1291.00	1291.00	1290.00	1289.50	1289.00	1289.00	1288.50	1288.00	1287.50	1287.00	1287.00	1286.00	1286.00	1285.50	1285.00	1284.50	1283.50	1283.00	1282.00	1281.00	1281.00	1280.50	1280.00	1280.00	1279.00	1279.00	1279.00	1279.00	1279.00	1279.00	1278.00	1278.00	1278.00	1278.00	1277.00	1277.00	1277.00	1276.00	1276.00	1275.50	1275.00	1274.50	1274.00	1274.00	1273.00	1273.00	1273.00	1273.00	1273.00	1273.00	1274.00	1274.00	1273.00	1273.00	1273.00	1273.00	1272.50	1272.00	1271.00	1270.50	1270.00	1269.00	1268.50	1268.00	1267.00	1266.00	1265.50	1265.00	1264.00	1263.50	1263.00	1261.50	1261.00	1260.00	1260.00	1259.00	1259.00	1258.00	1258.00	1258.00	1258.00	1257.00	1257.00	1257.00	1256.00	1255.50	1254.50	1253.50	1252.50	1251.00	1251.00	1249.50	1249.00	1248.00	1247.50	1247.00	1247.00	1246.00	1246.00	1245.00	1245.00	1244.50	1244.00	1244.00	1244.00	1244.00	1244.00	1244.00	1244.00	1244.00	1244.00	1244.00	1244.00	1243.00	1243.00	1243.00	1243.00	1242.50	1242.00	1241.50	1241.00	1241.00	1240.00	1240.00	1239.00	1239.00	1239.00	1239.00	1239.00	1239.00	1239.00	1239.00	1239.50	1240.00	1240.00	1240.50	1241.00	1241.00	1241.00	1241.00	1241.00	1241.00	1241.00	1241.00	1241.00	1241.00	1240.00	1239.50	1239.00	1238.50	1238.00	1237.50	1237.00	1236.00	1235.00	1235.00	1234.00	1233.50	1233.00	1233.00	1232.00	1232.00	1232.00	1232.00	1232.00	1233.00	1233.50	1234.00	1235.00	1236.50	1237.50	1239.50	1240.50	1242.00	1244.00	1245.00	1248.00	1249.00	1250.50	1251.50	1252.50	1254.50	1255.00	1256.00	1256.00	1256.00	1256.50	1257.00	1257.00	1257.50	1258.00	1258.00	1259.00	1259.00	1260.00	1260.00	1260.00	1260.00	1260.50	1261.00	1262.00	1262.00	1262.00	1262.00	1262.00	1262.00	1262.00	1262.00	1262.00	1262.00	1262.00	1262.50	1263.50	1264.50	1265.00	1266.00	1268.50	1269.50	1272.00	1273.50	1275.00	1278.00	1279.00	1281.50	1284.00
1302.00	1302.00	1302.00	1301.00	1301.00	1300.50	1300.00	1299.50	1299.00	1299.00	1298.00	1298.00	1297.50	1297.00	1296.50	1296.00	1296.00	1296.00	1296.00	1296.00	1296.00	1296.00	1296.00	1296.50	1297.00	1297.00	1297.00	1297.00	1296.50	1296.00	1296.00	1296.00	1295.50	1295.00	1294.50	1294.00	1294.00	1293.00	1292.50	1292.00	1291.50	1291.00	1291.00	1290.00	1290.00	1289.00	1289.00	1288.50	1288.00	1287.00	1287.00	1286.00	1286.00	1285.50	1285.00	1285.00	1285.00	1285.00	1285.00	1285.00	1284.00	1284.00	1283.50	1283.00	1283.00	1282.00	1281.00	1281.00	1280.50	1280.00	1279.50	1279.00	1279.00	1278.00	1278.00	1278.00	1278.00	1277.00	1277.00	1277.00	1278.00	1278.00	1278.00	1278.00	1277.00	1277.00	1276.50	1276.00	1275.50	1275.00	1274.00	1273.50	1273.00	1271.50	1271.00	1270.00	1269.00	1268.00	1267.00	1266.50	1266.00	1265.50	1264.00	1263.50	1263.00	1262.00	1262.00	1261.50	1261.00	1261.00	1261.00	1261.00	1261.00	1260.00	1260.00	1259.00	1258.50	1257.50	1256.50	1255.50	1255.00	1254.00	1253.00	1252.00	1251.50	1251.00	1251.00	1250.00	1250.00	1249.00	1249.00	1249.00	1249.00	1250.00	1250.00	1250.00	1250.00	1251.00	1251.00	1251.00	1251.00	1250.50	1250.00	1250.00	1250.00	1249.00	1249.00	1249.00	1249.00	1248.50	1248.00	1248.00	1248.00	1247.00	1247.00	1246.00	1246.00	1246.00	1246.00	1246.00	1246.00	1246.00	1246.00	1246.00	1246.00	1246.00	1246.00	1246.00	1246.00	1246.00	1246.00	1246.50	1247.00	1247.00	1246.00	1246.00	1246.00	1246.00	1245.00	1244.50	1243.50	1243.00	1242.50	1241.00	1241.00	1240.00	1240.00	1239.00	1239.00	1239.00	1239.00	1238.00	1238.00	1238.00	1238.50	1239.00	1240.50	1241.00	1242.00	1243.00	1244.50	1245.50	1248.00	1249.50	1250.50	1252.00	1253.00	1255.00	1256.00	1257.50	1258.00	1258.50	1259.50	1260.00	1260.00	1260.00	1260.00	1260.00	1260.00	1260.50	1261.00	1261.00	1261.00	1262.00	1262.00	1262.50	1263.00	1263.00	1263.00	1263.50	1264.00	1264.00	1265.00	1265.00	1266.00	1266.00	1266.00	1266.00	1266.00	1267.00	1267.00	1267.50	1268.00	1269.50	1270.50	1271.50	1273.00	1274.50	1276.00	1278.00	1280.00	1282.00	1284.00	1286.00	1288.00	1291.00
1302.00	1302.00	1302.00	1301.00	1301.00	1300.50	1300.00	1299.50	1299.00	1299.00	1298.00	1298.00	1297.50	1297.00	1296.50	1296.00	1296.00	1296.00	1296.00	1296.00	1296.00	1296.00	1296.00	1296.50	1297.00	1297.00	1297.00	1297.00	1296.50	1296.00	1296.00	1296.00	1295.50	1295.00	1294.50	1294.00	1294.00	1293.00	1292.50	1292.00	1291.50	1291.00	1291.00	1290.00	1290.00	1289.00	1289.00	1288.50	1288.00	1287.00	1287.00	1286.00	1286.00	1285.50	1285.00	1285.00	1285.00	1285.00	1285.00	1285.00	1284.00	1284.00	1283.50	1283.00	1283.00	1282.00	1281.00	1281.00	1280.50	1280.00	1279.50	1279.00	1279.00	1278.00	1278.00	1278.00	1278.00	1277.00	1277.00	1277.00	1278.00	1278.00	1278.00	1278.00	1277.00	1277.00	1276.50	1276.00	1275.50	1275.00	1274.00	1273.50	1273.00	1271.50	1271.00	1270.00	1269.00	1268.00	1267.00	1266.50	1266.00	1265.50	1264.00	1263.50	1263.00	1262.00	1262.00	1261.50	1261.00	1261.00	1261.00	1261.00	1261.00	1260.00	1260.00	1259.00	1258.50	1257.50	1256.50	1255.50	1255.00	1254.00	1253.00	1252.00	1251.50	1251.00	1251.00	1250.00	1250.00	1249.00	1249.00	1249.00	1249.00	1250.00	1250.00	1250.00	1250.00	1251.00	1251.00	1251.00	1251.00	1250.50	1250.00	1250.00	1250.00	1249.00	1249.00	1249.00	1249.00	1248.50	1248.00	1248.00	1248.00	1247.00	1247.00	1246.00	1246.00	1246.00	1246.00	1246.00	1246.00	1246.00	1246.00	1246.00	1246.00	1246.00	1246.00	1246.00	1246.00	1246.00	1246.00	1246.50	1247.00	1247.00	1246.00	1246.00	1246.00	1246.00	1245.00	1244.50	1243.50	1243.00	1242.50	1241.00	1241.00	1240.00	1240.00	1239.00	1239.00	1239.00	1239.00	1238.00	1238.00	1238.00	1238.50	1239.00	1240.50	1241.00	1242.00	1243.00	1244.50	1245.50	1248.00	1249.50	1250.50	1252.00	1253.00	1255.00	1256.00	1257.50	1258.00	1258.50	1259.50	1260.00	1260.00	1260.00	1260.00	1260.00	1260.00	1260.50	1261.00	1261.00	1261.00	1262.00	1262.00	1262.50	1263.00	1263.00	1263.00	1263.50	1264.00	1264.00	1265.00	1265.00	1266.00	1266.00	1266.00	1266.00	1266.00	1267.00	1267.00	1267.50	1268.00	1269.50	1270.50	1271.50	1273.00	1274.50	1276.00	1278.00	1280.00	1282.00	1284.00	1286.00	1288.00	1291.00
1302.00	1302.00	1302.00	1301.00	1301.00	1300.50	1300.00	1299.50	1299.00	1299.00	1298.00	1298.00	1297.50	1297.00	1296.50	1296.00	1296.00	1296.00	1296.00	1296.00	1296.00	1296.00	1296.00	1296.50	1297.00	1297.00	1297.00	1297.00	1296.50	1296.00	1296.00	1296.00	1295.50	1295.00	1294.50	1294.00	1294.00	1293.00	1292.50	1292.00	1291.50	1291.00	1291.00	1290.00	1290.00	1289.00	1289.00	1288.50	1288.00	1287.00	1287.00	1286.00	1286.00	1285.50	1285.00	1285.00	1285.00	1285.00	1285.00	1285.00	1284.00	1284.00	1283.50	1283.00	1283.00	1282.00	1281.00	1281.00	1280.50	1280.00	1279.50	1279.00	1279.00	1278.00	1278.00	1278.00	1278.00	1277.00	1277.00	1277.00	1278.00	1278.00	1278.00	1278.00	1277.00	1277.00	1276.50	1276.00	1275.50	1275.00	1274.00	1273.50	1273.00	1271.50	1271.00	1270.00	1269.00	1268.00	1267.00	1266.50	1266.00	1265.50	1264.00	1263.50	1263.00	1262.00	1262.00	1261.50	1261.00	1261.00	1261.00	1261.00	1261.00	1260.00	1260.00	1259.00	1258.50	1257.50	1256.50	1255.50	1255.00	1254.00	1253.00	1252.00	1251.50	1251.00	1251.00	1250.00	1250.00	1249.00	1249.00	1249.00	1249.00	1250.00	1250.00	1250.00	1250.00	1251.00	1251.00	1251.00	1251.00	1250.50	1250.00	1250.00	1250.00	1249.00	1249.00	1249.00	1249.00	1248.50	1248.00	1248.00	1248.00	1247.00	1247.00	1246.00	1246.00	1246.00	1246.00	1246.00	1246.00	1246.00	1246.00	1246.00	1246.00	1246.00	1246.00	1246.00	1246.00	1246.00	1246.00	1246.50	1247.00	1247.00	1246.00	1246.00	1246.00	1246.00	1245.00	1244.50	1243.50	1243.00	1242.50	1241.00	1241.00	1240.00	1240.00	1239.00	1239.00	1239.00	1239.00	1238.00	1238.00	1238.00	1238.50	1239.00	1240.50	1241.00	1242.00	1243.00	1244.50	1245.50	1248.00	1249.50	1250.50	1252.00	1253.00	1255.00	1256.00	1257.50	1258.00	1258.50	1259.50	1260.00	1260.00	1260.00	1260.00	1260.00	1260.00	1260.50	1261.00	1261.00	1261.00	1262.00	1262.00	1262.50	1263.00	1263.00	1263.00	1263.50	1264.00	1264.00	1265.00	1265.00	1266.00	1266.00	1266.00	1266.00	1266.00	1267.00	1267.00	1267.50	1268.00	1269.50	1270.50	1271.50	1273.00	1274.50	1276.00	1278.00	1280.00	1282.00	1284.00	1286.00	1288.00	1291.00
1304.00	1304.00	1303.50	1303.00	1302.50	1302.25	1301.75	1301.25	1300.75	1300.50	1300.00	1299.50	1299.25	1299.00	1298.25	1298.00	1298.00	1298.00	1298.00	1298.00	1298.00	1298.00	1298.00	1298.25	1298.75	1299.00	1299.00	1299.00	1298.50	1298.00	1298.00	1298.00	1297.75	1297.00	1296.75	1296.00	1296.00	1295.00	1294.50	1293.75	1293.25	1292.75	1292.50	1291.75	1291.50	1291.00	1290.50	1290.25	1289.50	1289.00	1289.00	1288.00	1288.00	1287.50	1287.00	1287.00	1287.00	1287.00	1286.50	1286.50	1286.00	1285.50	1285.25	1284.75	1284.50	1283.50	1283.00	1282.50	1282.00	1281.50	1281.00	1280.50	1280.25	1279.50	1279.50	1279.00	1279.00	1278.25	1278.25	1278.50	1279.00	1279.00	1279.00	1279.00	1278.50	1278.50	1278.00	1277.50	1277.25	1276.50	1275.75	1275.25	1274.50	1273.25	1272.75	1271.50	1270.50	1269.75	1268.50	1268.00	1267.25	1266.75	1265.50	1265.00	1264.50	1264.00	1263.50	1263.25	1262.50	1262.50	1262.50	1262.00	1262.00	1261.00	1261.00	1260.00	1259.50	1258.50	1257.75	1257.00	1256.50	1255.50	1255.00	1254.00	1253.75	1253.25	1253.00	1252.50	1252.50	1252.00	1252.00	1252.25	1252.50	1253.00	1253.00	1253.25	1253.50	1254.00	1254.00	1254.00	1254.00	1253.75	1253.50	1253.00	1253.00	1252.50	1252.50	1252.25	1252.00	1251.75	1251.50	1251.50	1251.00	1250.50	1250.50	1250.00	1249.75	1249.50	1249.50	1249.50	1249.00	1249.00	1249.00	1249.00	1249.00	1249.00	1249.00	1249.00	1249.00	1249.00	1249.00	1249.25	1249.50	1249.50	1249.00	1249.00	1248.50	1248.50	1247.75	1247.25	1246.50	1246.00	1245.50	1244.50	1244.00	1243.25	1242.50	1242.00	1242.00	1242.00	1242.00	1242.00	1242.00	1242.25	1242.75	1243.25	1244.50	1245.25	1246.50	1247.50	1249.00	1250.00	1252.25	1253.50	1254.50	1256.00	1257.00	1258.50	1259.00	1260.25	1260.75	1261.25	1261.75	1262.00	1262.00	1262.00	1262.00	1262.00	1262.00	1262.25	1262.50	1263.00	1263.00	1263.50	1263.50	1264.25	1264.75	1265.00	1265.50	1265.75	1266.50	1266.50	1267.25	1267.50	1268.25	1268.50	1268.50	1269.00	1269.00	1270.00	1270.00	1270.75	1271.25	1273.00	1274.00	1275.00	1276.50	1278.25	1279.75	1281.50	1284.00	1285.75	1288.00	1290.00	1291.75	1294.50
1306.00	1306.00	1305.00	1305.00	1304.00	1304.00	1303.50	1303.00	1302.50	1302.00	1302.00	1301.00	1301.00	1301.00	1300.00	1300.00	1300.00	1300.00	1300.00	1300.00	1300.00	1300.00	1300.00	1300.00	1300.50	1301.00	1301.00	1301.00	1300.50	1300.00	1300.00	1300.00	1300.00	1299.00	1299.00	1298.00	1298.00	1297.00	1296.50	1295.50	1295.00	1294.50	1294.00	1293.50	1293.00	1293.00	1292.00	1292.00	1291.00	1291.00	1291.00	1290.00	1290.00	1289.50	1289.00	1289.00	1289.00	1289.00	1288.00	1288.00	1288.00	1287.00	1287.00	1286.50	1286.00	1285.00	1285.00	1284.00	1283.50	1283.00	1282.50	1282.00	1281.50	1281.00	1281.00	1280.00	1280.00	1279.50	1279.50	1280.00	1280.00	1280.00	1280.00	1280.00	1280.00	1280.00	1279.50	1279.00	1279.00	1278.00	1277.50	1277.00	1276.00	1275.00	1274.50	1273.00	1272.00	1271.50	1270.00	1269.50	1268.50	1268.00	1267.00	1266.50	1266.00	1266.00	1265.00	1265.00	1264.00	1264.00	1264.00	1263.00	1263.00	1262.00	1262.00	1261.00	1260.50	1259.50	1259.00	1258.50	1258.00	1257.00	1257.00	1256.00	1256.00	1255.50	1255.00	1255.00	1255.00	1255.00	1255.00	1255.50	1256.00	1256.00	1256.00	1256.50	1257.00	1257.00	1257.00	1257.00	1257.00	1257.00	1257.00	1256.00	1256.00	1256.00	1256.00	1255.50	1255.00	1255.00	1255.00	1255.00	1254.00	1254.00	1254.00	1254.00	1253.50	1253.00	1253.00	1253.00	1252.00	1252.00	1252.00	1252.00	1252.00	1252.00	1252.00	1252.00	1252.00	1252.00	1252.00	1252.00	1252.00	1252.00	1252.00	1252.00	1251.00	1251.00	1250.50	1250.00	1249.50	1249.00	1248.50	1248.00	1247.00	1246.50	1245.00	1245.00	1245.00	1245.00	1245.00	1246.00	1246.00	1246.50	1247.00	1247.50	1248.50	1249.50	1251.00	1252.00	1253.50	1254.50	1256.50	1257.50	1258.50	1260.00	1261.00	1262.00	1262.00	1263.00	1263.50	1264.00	1264.00	1264.00	1264.00	1264.00	1264.00	1264.00	1264.00	1264.00	1264.00	1265.00	1265.00	1265.00	1265.00	1266.00	1266.50	1267.00	1268.00	1268.00	1269.00	1269.00	1269.50	1270.00	1270.50	1271.00	1271.00	1272.00	1272.00	1273.00	1273.00	1274.00	1274.50	1276.50	1277.50	1278.50	1280.00	1282.00	1283.50	1285.00	1288.00	1289.50	1292.00	1294.00	1295.50	1298.00
1306.00	1306.00	1305.00	1305.00	1304.00	1304.00	1303.50	1303.00	1302.50	1302.00	1302.00	1301.00	1301.00	1301.00	1300.00	1300.00	1300.00	1300.00	1300.00	1300.00	1300.00	1300.00	1300.00	1300.00	1300.50	1301.00	1301.00	1301.00	1300.50	1300.00	1300.00	1300.00	1300.00	1299.00	1299.00	1298.00	1298.00	1297.00	1296.50	1295.50	1295.00	1294.50	1294.00	1293.50	1293.00	1293.00	1292.00	1292.00	1291.00	1291.00	1291.00	1290.00	1290.00	1289.50	1289.00	1289.00	1289.00	1289.00	1288.00	1288.00	1288.00	1287.00	1287.00	1286.50	1286.00	1285.00	1285.00	1284.00	1283.50	1283.00	1282.50	1282.00	1281.50	1281.00	1281.00	1280.00	1280.00	1279.50	1279.50	1280.00	1280.00	1280.00	1280.00	1280.00	1280.00	1280.00	1279.50	1279.00	1279.00	1278.00	1277.50	1277.00	1276.00	1275.00	1274.50	1273.00	1272.00	1271.50	1270.00	1269.50	1268.50	1268.00	1267.00	1266.50	1266.00	1266.00	1265.00	1265.00	1264.00	1264.00	1264.00	1263.00	1263.00	1262.00	1262.00	1261.00	1260.50	1259.50	1259.00	1258.50	1258.00	1257.00	1257.00	1256.00	1256.00	1255.50	1255.00	1255.00	1255.00	1255.00	1255.00	1255.50	1256.00	1256.00	1256.00	1256.50	1257.00	1257.00	1257.00	1257.00	1257.00	1257.00	1257.00	1256.00	1256.00	1256.00	1256.00	1255.50	1255.00	1255.00	1255.00	1255.00	1254.00	1254.00	1254.00	1254.00	1253.50	1253.00	1253.00	1253.00	1252.00	1252.00	1252.00	1252.00	1252.00	1252.00	1252.00	1252.00	1252.00	1252.00	1252.00	1252.00	1252.00	1252.00	1252.00	1252.00	1251.00	1251.00	1250.50	1250.00	1249.50	1249.00	1248.50	1248.00	1247.00	1246.50	1245.00	1245.00	1245.00	1245.00	1245.00	1246.00	1246.00	1246.50	1247.00	1247.50	1248.50	1249.50	1251.00	1252.00	1253.50	1254.50	1256.50	1257.50	1258.50	1260.00	1261.00	1262.00	1262.00	1263.00	1263.50	1264.00	1264.00	1264.00	1264.00	1264.00	1264.00	1264.00	1264.00	1264.00	1264.00	1265.00	1265.00	1265.00	1265.00	1266.00	1266.50	1267.00	1268.00	1268.00	1269.00	1269.00	1269.50	1270.00	1270.50	1271.00	1271.00	1272.00	1272.00	1273.00	1273.00	1274.00	1274.50	1276.50	1277.50	1278.50	1280.00	1282.00	1283.50	1285.00	1288.00	1289.50	1292.00	1294.00	1295.50	1298.00
1308.00	1307.50	1307.00	1306.50	1306.00	1305.75	1305.25	1304.75	1304.25	1304.00	1303.50	1303.00	1303.00	1302.50	1302.00	1302.00	1302.00	1302.00	1302.00	1302.00	1301.50	1301.50	1301.50	1301.75	1302.25	1302.50	1302.50	1302.50	1302.25	1302.00	1302.00	1302.00	1301.75	1301.00	1301.00	1300.00	1299.50	1298.75	1298.25	1297.25	1296.75	1296.25	1295.50	1295.00	1294.50	1294.00	1293.50	1293.50	1292.50	1292.50	1292.00	1291.50	1291.25	1290.75	1290.50	1290.25	1290.00	1290.00	1289.50	1289.25	1289.00	1288.00	1287.75	1287.25	1287.00	1286.00	1285.50	1285.00	1284.25	1283.75	1283.25	1282.75	1282.25	1282.00	1282.00	1281.00	1281.00	1280.25	1280.25	1280.50	1280.50	1281.00	1281.00	1281.00	1281.00	1281.00	1280.75	1280.50	1280.50	1279.50	1279.00	1278.50	1277.50	1276.75	1276.00	1274.50	1274.00	1273.25	1272.00	1271.50	1270.75	1270.25	1269.00	1268.75	1268.00	1268.00	1267.00	1267.00	1266.00	1265.75	1265.50	1264.50	1264.50	1263.00	1263.00	1262.00	1261.50	1260.75	1260.25	1259.75	1259.50	1259.00	1259.00	1258.50	1258.50	1258.25	1258.00	1258.00	1258.00	1258.50	1258.50	1259.00	1259.50	1259.50	1259.50	1259.75	1260.00	1260.25	1260.50	1260.50	1260.00	1260.00	1260.00	1259.50	1259.25	1259.00	1259.00	1258.75	1258.50	1258.50	1258.50	1258.50	1258.00	1257.75	1257.50	1257.50	1257.25	1256.75	1256.50	1256.50	1256.00	1255.50	1255.50	1255.50	1255.50	1255.50	1255.25	1255.00	1255.00	1255.00	1255.00	1255.00	1255.00	1255.00	1254.50	1254.50	1254.00	1254.00	1253.25	1253.00	1252.50	1252.00	1251.50	1251.00	1250.50	1249.75	1248.50	1248.50	1248.50	1249.00	1249.00	1249.75	1250.00	1250.50	1251.00	1251.50	1253.00	1254.00	1255.50	1256.50	1257.75	1258.50	1260.50	1261.25	1262.00	1263.50	1264.00	1264.50	1264.50	1265.00	1265.50	1266.00	1266.00	1266.00	1266.00	1266.00	1266.00	1266.00	1266.00	1266.00	1266.00	1267.00	1267.00	1267.50	1267.50	1268.50	1269.00	1269.50	1270.50	1270.75	1271.50	1271.50	1272.25	1272.75	1273.50	1274.00	1274.25	1275.00	1275.25	1276.50	1276.50	1277.50	1278.00	1280.25	1281.50	1282.50	1284.00	1286.00	1287.50	1289.00	1292.00	1293.75	1296.00	1298.00	1299.50	1301.50
1310.00	1309.00	1309.00	1308.00	1308.00	1307.50	1307.00	1306.50	1306.00	1306.00	1305.00	1305.00	1305.00	1304.00	1304.00	1304.00	1304.00	1304.00	1304.00	1304.00	1303.00	1303.00	1303.00	1303.50	1304.00	1304.00	1304.00	1304.00	1304.00	1304.00	1304.00	1304.00	1303.50	1303.00	1303.00	1302.00	1301.00	1300.50	1300.00	1299.00	1298.50	1298.00	1297.00	1296.50	1296.00	1295.00	1295.00	1295.00	1294.00	1294.00	1293.00	1293.00	1292.50	1292.00	1292.00	1291.50	1291.00	1291.00	1291.00	1290.50	1290.00	1289.00	1288.50	1288.00	1288.00	1287.00	1286.00	1286.00	1285.00	1284.50	1284.00	1283.50	1283.00	1283.00	1283.00	1282.00	1282.00	1281.00	1281.00	1281.00	1281.00	1282.00	1282.00	1282.00	1282.00	1282.00	1282.00	1282.00	1282.00	1281.00	1280.50	1280.00	1279.00	1278.50	1277.50	1276.00	1276.00	1275.00	1274.00	1273.50	1273.00	1272.50	1271.00	1271.00	1270.00	1270.00	1269.00	1269.00	1268.00	1267.50	1267.00	1266.00	1266.00	1264.00	1264.00	1263.00	1262.50	1262.00	1261.50	1261.00	1261.00	1261.00	1261.00	1261.00	1261.00	1261.00	1261.00	1261.00	1261.00	1262.00	1262.00	1262.50	1263.00	1263.00	1263.00	1263.00	1263.00	1263.50	1264.00	1264.00	1263.00	1263.00	1263.00	1263.00	1262.50	1262.00	1262.00	1262.00	1262.00	1262.00	1262.00	1262.00	1262.00	1261.50	1261.00	1261.00	1261.00	1260.50	1260.00	1260.00	1260.00	1259.00	1259.00	1259.00	1259.00	1259.00	1258.50	1258.00	1258.00	1258.00	1258.00	1258.00	1258.00	1258.00	1257.00	1257.00	1257.00	1257.00	1256.00	1256.00	1255.50	1255.00	1254.50	1254.00	1254.00	1253.00	1252.00	1252.00	1252.00	1253.00	1253.00	1253.50	1254.00	1254.50	1255.00	1255.50	1257.50	1258.50	1260.00	1261.00	1262.00	1262.50	1264.50	1265.00	1265.50	1267.00	1267.00	1267.00	1267.00	1267.00	1267.50	1268.00	1268.00	1268.00	1268.00	1268.00	1268.00	1268.00	1268.00	1268.00	1268.00	1269.00	1269.00	1270.00	1270.00	1271.00	1271.50	1272.00	1273.00	1273.50	1274.00	1274.00	1275.00	1275.50	1276.50	1277.00	1277.50	1278.00	1278.50	1280.00	1280.00	1281.00	1281.50	1284.00	1285.50	1286.50	1288.00	1290.00	1291.50	1293.00	1296.00	1298.00	1300.00	1302.00	1303.50	1305.00
1310.00	1309.00	1309.00	1308.00	1308.00	1307.50	1307.00	1306.50	1306.00	1306.00	1305.00	1305.00	1305.00	1304.00	1304.00	1304.00	1304.00	1304.00	1304.00	1304.00	1303.00	1303.00	1303.00	1303.50	1304.00	1304.00	1304.00	1304.00	1304.00	1304.00	1304.00	1304.00	1303.50	1303.00	1303.00	1302.00	1301.00	1300.50	1300.00	1299.00	1298.50	1298.00	1297.00	1296.50	1296.00	1295.00	1295.00	1295.00	1294.00	1294.00	1293.00	1293.00	1292.50	1292.00	1292.00	1291.50	1291.00	1291.00	1291.00	1290.50	1290.00	1289.00	1288.50	1288.00	1288.00	1287.00	1286.00	1286.00	1285.00	1284.50	1284.00	1283.50	1283.00	1283.00	1283.00	1282.00	1282.00	1281.00	1281.00	1281.00	1281.00	1282.00	1282.00	1282.00	1282.00	1282.00	1282.00	1282.00	1282.00	1281.00	1280.50	1280.00	1279.00	1278.50	1277.50	1276.00	1276.00	1275.00	1274.00	1273.50	1273.00	1272.50	1271.00	1271.00	1270.00	1270.00	1269.00	1269.00	1268.00	1267.50	1267.00	1266.00	1266.00	1264.00	1264.00	1263.00	1262.50	1262.00	1261.50	1261.00	1261.00	1261.00	1261.00	1261.00	1261.00	1261.00	1261.00	1261.00	1261.00	1262.00	1262.00	1262.50	1263.00	1263.00	1263.00	1263.00	1263.00	1263.50	1264.00	1264.00	1263.00	1263.00	1263.00	1263.00	1262.50	1262.00	1262.00	1262.00	1262.00	1262.00	1262.00	1262.00	1262.00	1261.50	1261.00	1261.00	1261.00	1260.50	1260.00	1260.00	1260.00	1259.00	1259.00	1259.00	1259.00	1259.00	1258.50	1258.00	1258.00	1258.00	1258.00	1258.00	1258.00	1258.00	1257.00	1257.00	1257.00	1257.00	1256.00	1256.00	1255.50	1255.00	1254.50	1254.00	1254.00	1253.00	1252.00	1252.00	1252.00	1253.00	1253.00	1253.50	1254.00	1254.50	1255.00	1255.50	1257.50	1258.50	1260.00	1261.00	1262.00	1262.50	1264.50	1265.00	1265.50	1267.00	1267.00	1267.00	1267.00	1267.00	1267.50	1268.00	1268.00	1268.00	1268.00	1268.00	1268.00	1268.00	1268.00	1268.00	1268.00	1269.00	1269.00	1270.00	1270.00	1271.00	1271.50	1272.00	1273.00	1273.50	1274.00	1274.00	1275.00	1275.50	1276.50	1277.00	1277.50	1278.00	1278.50	1280.00	1280.00	1281.00	1281.50	1284.00	1285.50	1286.50	1288.00	1290.00	1291.50	1293.00	1296.00	1298.00	1300.00	1302.00	1303.50	1305.00
1311.25	1310.50	1310.50	1309.50	1309.50	1309.00	1308.50	1308.25	1307.75	1307.50	1307.00	1306.50	1306.50	1305.50	1305.50	1305.50	1305.50	1305.50	1305.25	1305.50	1305.00	1305.00	1305.00	1305.25	1305.50	1305.75	1306.00	1306.00	1306.00	1306.00	1305.50	1305.50	1305.25	1305.00	1304.50	1303.50	1303.00	1302.25	1301.75	1300.75	1300.25	1299.75	1299.00	1298.25	1297.75	1297.00	1296.50	1296.25	1295.50	1295.50	1294.50	1294.50	1293.75	1293.50	1293.25	1292.75	1292.25	1292.00	1292.00	1291.25	1291.00	1290.00	1289.50	1289.00	1288.50	1287.75	1287.00	1286.50	1285.75	1285.25	1284.75	1284.25	1283.75	1283.50	1283.00	1282.50	1282.50	1282.00	1282.00	1282.00	1281.50	1282.25	1282.50	1282.50	1282.50	1282.50	1282.50	1282.50	1282.50	1282.00	1281.75	1281.50	1281.00	1280.00	1279.00	1278.00	1277.50	1277.00	1276.00	1275.75	1275.25	1274.75	1273.50	1273.25	1272.50	1272.00	1271.00	1270.75	1269.75	1269.25	1268.75	1267.50	1267.50	1265.50	1265.50	1264.50	1264.00	1263.50	1263.25	1263.00	1262.50	1262.50	1263.00	1263.00	1263.50	1263.50	1263.75	1264.00	1264.50	1265.00	1265.50	1266.00	1266.50	1266.50	1266.50	1266.50	1266.50	1266.75	1267.00	1267.00	1266.50	1266.25	1266.00	1266.00	1265.75	1265.50	1265.00	1265.00	1265.00	1265.25	1265.25	1265.00	1265.00	1264.75	1264.50	1264.00	1264.00	1263.75	1263.50	1263.50	1263.00	1262.50	1262.50	1262.25	1262.00	1262.00	1261.75	1261.50	1261.00	1261.00	1261.00	1261.00	1261.00	1260.75	1260.00	1260.00	1260.00	1260.00	1259.25	1259.00	1258.75	1258.50	1258.00	1257.50	1257.50	1256.50	1256.00	1256.00	1256.00	1256.50	1256.50	1257.25	1258.00	1258.50	1259.00	1259.50	1261.50	1262.50	1263.50	1264.50	1265.50	1266.00	1267.50	1268.00	1268.25	1269.00	1269.00	1269.00	1269.00	1269.00	1269.25	1269.50	1269.50	1269.50	1269.50	1269.50	1269.75	1270.00	1270.25	1270.50	1270.50	1271.50	1271.50	1272.50	1273.00	1274.00	1274.50	1275.25	1276.25	1276.75	1277.50	1278.00	1278.75	1279.25	1280.25	1280.75	1281.25	1282.00	1282.50	1283.50	1284.00	1285.00	1285.50	1287.75	1289.25	1290.50	1292.00	1294.00	1295.50	1297.50	1300.00	1302.00	1304.00	1305.50	1307.00	1308.50
1312.50	1312.00	1312.00	1311.00	1311.00	1310.50	1310.00	1310.00	1309.50	1309.00	1309.00	1308.00	1308.00	1307.00	1307.00	1307.00	1307.00	1307.00	1306.50	1307.00	1307.00	1307.00	1307.00	1307.00	1307.00	1307.50	1308.00	1308.00	1308.00	1308.00	1307.00	1307.00	1307.00	1307.00	1306.00	1305.00	1305.00	1304.00	1303.50	1302.50	1302.00	1301.50	1301.00	1300.00	1299.50	1299.00	1298.00	1297.50	1297.00	1297.00	1296.00	1296.00	1295.00	1295.00	1294.50	1294.00	1293.50	1293.00	1293.00	1292.00	1292.00	1291.00	1290.50	1290.00	1289.00	1288.50	1288.00	1287.00	1286.50	1286.00	1285.50	1285.00	1284.50	1284.00	1283.00	1283.00	1283.00	1283.00	1283.00	1283.00	1282.00	1282.50	1283.00	1283.00	1283.00	1283.00	1283.00	1283.00	1283.00	1283.00	1283.00	1283.00	1283.00	1281.50	1280.50	1280.00	1279.00	1279.00	1278.00	1278.00	1277.50	1277.00	1276.00	1275.50	1275.00	1274.00	1273.00	1272.50	1271.50	1271.00	1270.50	1269.00	1269.00	1267.00	1267.00	1266.00	1265.50	1265.00	1265.00	1265.00	1264.00	1264.00	1265.00	1265.00	1266.00	1266.00	1266.50	1267.00	1268.00	1268.00	1269.00	1269.50	1270.00	1270.00	1270.00	1270.00	1270.00	1270.00	1270.00	1270.00	1270.00	1269.50	1269.00	1269.00	1269.00	1269.00	1268.00	1268.00	1268.00	1268.50	1268.50	1268.00	1268.00	1268.00	1268.00	1267.00	1267.00	1267.00	1267.00	1267.00	1266.00	1266.00	1266.00	1265.50	1265.00	1265.00	1265.00	1265.00	1264.00	1264.00	1264.00	1264.00	1264.00	1263.50	1263.00	1263.00	1263.00	1263.00	1262.50	1262.00	1262.00	1262.00	1261.50	1261.00	1261.00	1260.00	1260.00	1260.00	1260.00	1260.00	1260.00	1261.00	1262.00	1262.50	1263.00	1263.50	1265.50	1266.50	1267.00	1268.00	1269.00	1269.50	1270.50	1271.00	1271.00	1271.00	1271.00	1271.00	1271.00	1271.00	1271.00	1271.00	1271.00	1271.00	1271.00	1271.00	1271.50	1272.00	1272.50	1273.00	1273.00	1274.00	1274.00	1275.00	1276.00	1277.00	1277.50	1278.50	1279.50	1280.00	1281.00	1282.00	1282.50	1283.00	1284.00	1284.50	1285.00	1286.00	1286.50	1287.00	1288.00	1289.00	1289.50	1291.50	1293.00	1294.50	1296.00	1298.00	1299.50	1302.00	1304.00	1306.00	1308.00	1309.00	1310.50	1312.00
1312.50	1312.00	1312.00	1311.00	1311.00	1310.50	1310.00	1310.00	1309.50	1309.00	1309.00	1308.00	1308.00	1307.00	1307.00	1307.00	1307.00	1307.00	1306.50	1307.00	1307.00	1307.00	1307.00	1307.00	1307.00	1307.50	1308.00	1308.00	1308.00	1308.00	1307.00	1307.00	1307.00	1307.00	1306.00	1305.00	1305.00	1304.00	1303.50	1302.50	1302.00	1301.50	1301.00	1300.00	1299.50	1299.00	1298.00	1297.50	1297.00	1297.00	1296.00	1296.00	1295.00	1295.00	1294.50	1294.00	1293.50	1293.00	1293.00	1292.00	1292.00	1291.00	1290.50	1290.00	1289.00	1288.50	1288.00	1287.00	1286.50	1286.00	1285.50	1285.00	1284.50	1284.00	1283.00	1283.00	1283.00	1283.00	1283.00	1283.00	1282.00	1282.50	1283.00	1283.00	1283.00	1283.00	1283.00	1283.00	1283.00	1283.00	1283.00	1283.00	1283.00	1281.50	1280.50	1280.00	1279.00	1279.00	1278.00	1278.00	1277.50	1277.00	1276.00	1275.50	1275.00	1274.00	1273.00	1272.50	1271.50	1271.00	1270.50	1269.00	1269.00	1267.00	1267.00	1266.00	1265.50	1265.00	1265.00	1265.00	1264.00	1264.00	1265.00	1265.00	1266.00	1266.00	1266.50	1267.00	1268.00	1268.00	1269.00	1269.50	1270.00	1270.00	1270.00	1270.00	1270.00	1270.00	1270.00	1270.00	1270.00	1269.50	1269.00	1269.00	1269.00	1269.00	1268.00	1268.00	1268.00	1268.50	1268.50	1268.00	1268.00	1268.00	1268.00	1267.00	1267.00	1267.00	1267.00	1267.00	1266.00	1266.00	1266.00	1265.50	1265.00	1265.00	1265.00	1265.00	1264.00	1264.00	1264.00	1264.00	1264.00	1263.50	1263.00	1263.00	1263.00	1263.00	1262.50	1262.00	1262.00	1262.00	1261.50	1261.00	1261.00	1260.00	1260.00	1260.00	1260.00	1260.00	1260.00	1261.00	1262.00	1262.50	1263.00	1263.50	1265.50	1266.50	1267.00	1268.00	1269.00	1269.50	1270.50	1271.00	1271.00	1271.00	1271.00	1271.00	1271.00	1271.00	1271.00	1271.00	1271.00	1271.00	1271.00	1271.00	1271.50	1272.00	1272.50	1273.00	1273.00	1274.00	1274.00	1275.00	1276.00	1277.00	1277.50	1278.50	1279.50	1280.00	1281.00	1282.00	1282.50	1283.00	1284.00	1284.50	1285.00	1286.00	1286.50	1287.00	1288.00	1289.00	1289.50	1291.50	1293.00	1294.50	1296.00	1298.00	1299.50	1302.00	1304.00	1306.00	1308.00	1309.00	1310.50	1312.00
1312.50	1312.00	1312.00	1311.00	1311.00	1310.50	1310.00	1310.00	1309.50	1309.00	1309.00	1308.00	1308.00	1307.00	1307.00	1307.00	1307.00	1307.00	1306.50	1307.00	1307.00	1307.00	1307.00	1307.00	1307.00	1307.50	1308.00	1308.00	1308.00	1308.00	1307.00	1307.00	1307.00	1307.00	1306.00	1305.00	1305.00	1304.00	1303.50	1302.50	1302.00	1301.50	1301.00	1300.00	1299.50	1299.00	1298.00	1297.50	1297.00	1297.00	1296.00	1296.00	1295.00	1295.00	1294.50	1294.00	1293.50	1293.00	1293.00	1292.00	1292.00	1291.00	1290.50	1290.00	1289.00	1288.50	1288.00	1287.00	1286.50	1286.00	1285.50	1285.00	1284.50	1284.00	1283.00	1283.00	1283.00	1283.00	1283.00	1283.00	1282.00	1282.50	1283.00	1283.00	1283.00	1283.00	1283.00	1283.00	1283.00	1283.00	1283.00	1283.00	1283.00	1281.50	1280.50	1280.00	1279.00	1279.00	1278.00	1278.00	1277.50	1277.00	1276.00	1275.50	1275.00	1274.00	1273.00	1272.50	1271.50	1271.00	1270.50	1269.00	1269.00	1267.00	1267.00	1266.00	1265.50	1265.00	1265.00	1265.00	1264.00	1264.00	1265.00	1265.00	1266.00	1266.00	1266.50	1267.00	1268.00	1268.00	1269.00	1269.50	1270.00	1270.00	1270.00	1270.00	1270.00	1270.00	1270.00	1270.00	1270.00	1269.50	1269.00	1269.00	1269.00	1269.00	1268.00	1268.00	1268.00	1268.50	1268.50	1268.00	1268.00	1268.00	1268.00	1267.00	1267.00	1267.00	1267.00	1267.00	1266.00	1266.00	1266.00	1265.50	1265.00	1265.00	1265.00	1265.00	1264.00	1264.00	1264.00	1264.00	1264.00	1263.50	1263.00	1263.00	1263.00	1263.00	1262.50	1262.00	1262.00	1262.00	1261.50	1261.00	1261.00	1260.00	1260.00	1260.00	1260.00	1260.00	1260.00	1261.00	1262.00	1262.50	1263.00	1263.50	1265.50	1266.50	1267.00	1268.00	1269.00	1269.50	1270.50	1271.00	1271.00	1271.00	1271.00	1271.00	1271.00	1271.00	1271.00	1271.00	1271.00	1271.00	1271.00	1271.00	1271.50	1272.00	1272.50	1273.00	1273.00	1274.00	1274.00	1275.00	1276.00	1277.00	1277.50	1278.50	1279.50	1280.00	1281.00	1282.00	1282.50	1283.00	1284.00	1284.50	1285.00	1286.00	1286.50	1287.00	1288.00	1289.00	1289.50	1291.50	1293.00	1294.50	1296.00	1298.00	1299.50	1302.00	1304.00	1306.00	1308.00	1309.00	1310.50	1312.00
1314.00	1314.00	1313.50	1313.00	1313.00	1313.00	1312.50	1312.00	1312.00	1311.50	1311.00	1311.00	1311.00	1311.00	1310.50	1310.00	1310.00	1310.00	1310.00	1310.00	1310.00	1310.00	1310.50	1311.00	1311.00	1311.00	1311.00	1311.00	1311.00	1311.00	1311.00	1311.00	1311.00	1311.00	1310.00	1310.00	1309.00	1308.50	1308.00	1306.50	1306.00	1305.50	1305.00	1304.00	1303.50	1303.00	1301.50	1301.00	1301.00	1300.00	1300.00	1299.00	1298.50	1298.00	1297.50	1296.50	1296.00	1295.00	1295.00	1294.50	1294.00	1293.50	1293.00	1292.50	1292.00	1291.00	1290.00	1289.00	1288.50	1287.50	1286.50	1286.00	1286.00	1285.00	1285.00	1284.50	1284.00	1284.00	1284.00	1284.00	1283.00	1283.00	1283.00	1283.00	1283.00	1283.50	1284.00	1284.00	1284.00	1284.00	1284.00	1284.00	1284.00	1283.00	1283.00	1282.00	1282.00	1282.00	1281.00	1281.00	1280.50	1280.00	1279.50	1279.00	1278.00	1277.00	1276.50	1276.00	1275.00	1274.50	1274.00	1273.00	1272.00	1271.00	1271.00	1270.00	1270.00	1270.00	1270.00	1270.00	1270.00	1270.00	1270.50	1271.00	1271.50	1272.00	1272.50	1274.00	1274.00	1275.00	1275.00	1275.50	1276.00	1276.00	1276.00	1276.00	1276.00	1276.00	1276.00	1276.00	1276.00	1276.00	1276.00	1276.00	1275.00	1275.00	1275.00	1275.00	1275.00	1275.00	1275.00	1275.00	1274.00	1274.00	1274.00	1274.00	1273.50	1273.00	1273.00	1273.00	1273.00	1273.00	1273.00	1272.50	1272.00	1272.00	1272.00	1271.00	1271.00	1271.00	1271.00	1270.50	1270.00	1270.00	1270.00	1270.00	1270.00	1270.00	1270.00	1269.50	1269.00	1269.00	1269.00	1268.00	1268.00	1268.00	1268.00	1268.00	1268.00	1268.00	1268.00	1268.50	1269.00	1270.00	1270.50	1271.50	1273.00	1273.50	1274.00	1275.00	1275.00	1275.00	1276.00	1276.00	1276.00	1276.00	1275.00	1275.00	1275.00	1275.00	1275.00	1275.00	1275.00	1275.00	1275.00	1276.00	1276.50	1277.00	1278.00	1278.50	1279.50	1281.00	1281.00	1283.00	1284.00	1285.00	1285.50	1286.50	1288.50	1289.50	1291.00	1292.00	1292.50	1293.50	1294.00	1294.50	1295.00	1295.00	1296.00	1297.00	1297.00	1298.50	1299.00	1300.50	1301.50	1302.50	1304.00	1305.50	1307.00	1309.00	1311.00	1312.50	1314.00	1315.00	1315.50	1316.00
1314.00	1314.00	1313.50	1313.00	1313.00	1313.00	1312.50	1312.00	1312.00	1311.50	1311.00	1311.00	1311.00	1311.00	1310.50	1310.00	1310.00	1310.00	1310.00	1310.00	1310.00	1310.00	1310.50	1311.00	1311.00	1311.00	1311.00	1311.00	1311.00	1311.00	1311.00	1311.00	1311.00	1311.00	1310.00	1310.00	1309.00	1308.50	1308.00	1306.50	1306.00	1305.50	1305.00	1304.00	1303.50	1303.00	1301.50	1301.00	1301.00	1300.00	1300.00	1299.00	1298.50	1298.00	1297.50	1296.50	1296.00	1295.00	1295.00	1294.50	1294.00	1293.50	1293.00	1292.50	1292.00	1291.00	1290.00	1289.00	1288.50	1287.50	1286.50	1286.00	1286.00	1285.00	1285.00	1284.50	1284.00	1284.00	1284.00	1284.00	1283.00	1283.00	1283.00	1283.00	1283.00	1283.50	1284.00	1284.00	1284.00	1284.00	1284.00	1284.00	1284.00	1283.00	1283.00	1282.00	1282.00	1282.00	1281.00	1281.00	1280.50	1280.00	1279.50	1279.00	1278.00	1277.00	1276.50	1276.00	1275.00	1274.50	1274.00	1273.00	1272.00	1271.00	1271.00	1270.00	1270.00	1270.00	1270.00	1270.00	1270.00	1270.00	1270.50	1271.00	1271.50	1272.00	1272.50	1274.00	1274.00	1275.00	1275.00	1275.50	1276.00	1276.00	1276.00	1276.00	1276.00	1276.00	1276.00	1276.00	1276.00	1276.00	1276.00	1276.00	1275.00	1275.00	1275.00	1275.00	1275.00	1275.00	1275.00	1275.00	1274.00	1274.00	1274.00	1274.00	1273.50	1273.00	1273.00	1273.00	1273.00	1273.00	1273.00	1272.50	1272.00	1272.00	1272.00	1271.00	1271.00	1271.00	1271.00	1270.50	1270.00	1270.00	1270.00	1270.00	1270.00	1270.00	1270.00	1269.50	1269.00	1269.00	1269.00	1268.00	1268.00	1268.00	1268.00	1268.00	1268.00	1268.00	1268.00	1268.50	1269.00	1270.00	1270.50	1271.50	1273.00	1273.50	1274.00	1275.00	1275.00	1275.00	1276.00	1276.00	1276.00	1276.00	1275.00	1275.00	1275.00	1275.00	1275.00	1275.00	1275.00	1275.00	1275.00	1276.00	1276.50	1277.00	1278.00	1278.50	1279.50	1281.00	1281.00	1283.00	1284.00	1285.00	1285.50	1286.50	1288.50	1289.50	1291.00	1292.00	1292.50	1293.50	1294.00	1294.50	1295.00	1295.00	1296.00	1297.00	1297.00	1298.50	1299.00	1300.50	1301.50	1302.50	1304.00	1305.50	1307.00	1309.00	1311.00	1312.50	1314.00	1315.00	1315.50	1316.00
1314.00	1314.00	1313.50	1313.00	1313.00	1313.00	1312.50	1312.00	1312.00	1311.50	1311.00	1311.00	1311.00	1311.00	1310.50	1310.00	1310.00	1310.00	1310.00	1310.00	1310.00	1310.00	1310.50	1311.00	1311.00	1311.00	1311.00	1311.00	1311.00	1311.00	1311.00	1311.00	1311.00	1311.00	1310.00	1310.00	1309.00	1308.50	1308.00	1306.50	1306.00	1305.50	1305.00	1304.00	1303.50	1303.00	1301.50	1301.00	1301.00	1300.00	1300.00	1299.00	1298.50	1298.00	1297.50	1296.50	1296.00	1295.00	1295.00	1294.50	1294.00	1293.50	1293.00	1292.50	1292.00	1291.00	1290.00	1289.00	1288.50	1287.50	1286.50	1286.00	1286.00	1285.00	1285.00	1284.50	1284.00	1284.00	1284.00	1284.00	1283.00	1283.00	1283.00	1283.00	1283.00	1283.50	1284.00	1284.00	1284.00	1284.00	1284.00	1284.00	1284.00	1283.00	1283.00	1282.00	1282.00	1282.00	1281.00	1281.00	1280.50	1280.00	1279.50	1279.00	1278.00	1277.00	1276.50	1276.00	1275.00	1274.50	1274.00	1273.00	1272.00	1271.00	1271.00	1270.00	1270.00	1270.00	1270.00	1270.00	1270.00	1270.00	1270.50	1271.00	1271.50	1272.00	1272.50	1274.00	1274.00	1275.00	1275.00	1275.50	1276.00	1276.00	1276.00	1276.00	1276.00	1276.00	1276.00	1276.00	1276.00	1276.00	1276.00	1276.00	1275.00	1275.00	1275.00	1275.00	1275.00	1275.00	1275.00	1275.00	1274.00	1274.00	1274.00	1274.00	1273.50	1273.00	1273.00	1273.00	1273.00	1273.00	1273.00	1272.50	1272.00	1272.00	1272.00	1271.00	1271.00	1271.00	1271.00	1270.50	1270.00	1270.00	1270.00	1270.00	1270.00	1270.00	1270.00	1269.50	1269.00	1269.00	1269.00	1268.00	1268.00	1268.00	1268.00	1268.00	1268.00	1268.00	1268.00	1268.50	1269.00	1270.00	1270.50	1271.50	1273.00	1273.50	1274.00	1275.00	1275.00	1275.00	1276.00	1276.00	1276.00	1276.00	1275.00	1275.00	1275.00	1275.00	1275.00	1275.00	1275.00	1275.00	1275.00	1276.00	1276.50	1277.00	1278.00	1278.50	1279.50	1281.00	1281.00	1283.00	1284.00	1285.00	1285.50	1286.50	1288.50	1289.50	1291.00	1292.00	1292.50	1293.50	1294.00	1294.50	1295.00	1295.00	1296.00	1297.00	1297.00	1298.50	1299.00	1300.50	1301.50	1302.50	1304.00	1305.50	1307.00	1309.00	1311.00	1312.50	1314.00	1315.00	1315.50	1316.00
1315.00	1315.00	1315.00	1315.00	1314.00	1314.00	1314.00	1314.00	1314.00	1314.00	1314.00	1314.00	1314.00	1314.00	1314.00	1314.00	1314.00	1314.00	1314.00	1314.00	1314.00	1315.00	1315.00	1315.00	1315.50	1316.00	1315.00	1315.00	1315.00	1315.00	1315.00	1315.00	1315.00	1315.00	1314.50	1314.00	1313.00	1312.50	1311.50	1310.50	1309.50	1309.00	1308.00	1307.50	1307.00	1306.00	1305.50	1305.00	1305.00	1304.00	1304.00	1303.00	1302.50	1302.00	1301.50	1300.50	1300.00	1299.00	1299.00	1298.00	1297.00	1297.00	1296.50	1296.00	1295.00	1294.00	1293.00	1293.00	1292.00	1291.50	1290.50	1289.50	1289.00	1288.00	1288.00	1287.00	1286.00	1285.50	1285.00	1285.00	1285.00	1284.00	1284.00	1284.00	1284.00	1284.00	1284.00	1284.00	1284.00	1284.00	1284.00	1284.00	1284.00	1284.00	1284.00	1284.00	1284.00	1283.50	1283.00	1283.00	1282.50	1282.00	1282.00	1281.50	1281.00	1281.00	1280.00	1280.00	1279.00	1278.50	1278.00	1278.00	1277.00	1277.00	1276.00	1275.50	1275.00	1275.00	1275.00	1275.00	1276.00	1276.00	1276.50	1277.00	1278.00	1278.50	1279.00	1280.00	1280.50	1281.00	1281.00	1282.00	1282.00	1282.00	1282.00	1282.00	1282.00	1282.00	1282.00	1282.00	1282.00	1282.00	1282.00	1282.00	1281.50	1281.00	1281.00	1281.00	1281.00	1281.00	1281.00	1281.00	1281.00	1281.00	1281.00	1281.00	1280.50	1280.00	1280.00	1280.00	1280.00	1280.00	1280.00	1280.00	1280.00	1279.00	1279.00	1279.00	1279.00	1278.00	1278.00	1278.00	1278.00	1277.50	1277.00	1277.00	1277.00	1277.00	1277.00	1277.00	1276.50	1276.00	1276.00	1276.00	1276.00	1275.00	1275.00	1275.00	1275.00	1275.00	1276.00	1276.00	1277.00	1277.50	1278.00	1278.50	1280.00	1280.00	1281.00	1281.00	1281.00	1281.00	1281.00	1281.00	1281.00	1281.00	1281.00	1281.00	1281.00	1280.50	1280.00	1280.00	1280.50	1281.00	1281.00	1281.00	1282.50	1283.50	1285.50	1286.50	1287.50	1289.00	1290.00	1293.00	1294.00	1296.00	1297.50	1298.50	1300.50	1301.50	1303.00	1304.00	1305.50	1306.50	1307.00	1307.00	1307.50	1308.00	1308.00	1308.00	1309.00	1309.00	1309.00	1309.50	1310.00	1310.50	1311.00	1312.50	1313.50	1315.00	1316.50	1317.50	1319.00	1319.00	1319.50	1320.00
1315.00	1315.00	1315.00	1315.00	1314.00	1314.00	1314.00	1314.00	1314.00	1314.00	1314.00	1314.00	1314.00	1314.00	1314.00	1314.00	1314.00	1314.00	1314.00	1314.00	1314.00	1315.00	1315.00	1315.00	1315.50	1316.00	1315.00	1315.00	1315.00	1315.00	1315.00	1315.00	1315.00	1315.00	1314.50	1314.00	1313.00	1312.50	1311.50	1310.50	1309.50	1309.00	1308.00	1307.50	1307.00	1306.00	1305.50	1305.00	1305.00	1304.00	1304.00	1303.00	1302.50	1302.00	1301.50	1300.50	1300.00	1299.00	1299.00	1298.00	1297.00	1297.00	1296.50	1296.00	1295.00	1294.00	1293.00	1293.00	1292.00	1291.50	1290.50	1289.50	1289.00	1288.00	1288.00	1287.00	1286.00	1285.50	1285.00	1285.00	1285.00	1284.00	1284.00	1284.00	1284.00	1284.00	1284.00	1284.00	1284.00	1284.00	1284.00	1284.00	1284.00	1284.00	1284.00	1284.00	1284.00	1283.50	1283.00	1283.00	1282.50	1282.00	1282.00	1281.50	1281.00	1281.00	1280.00	1280.00	1279.00	1278.50	1278.00	1278.00	1277.00	1277.00	1276.00	1275.50	1275.00	1275.00	1275.00	1275.00	1276.00	1276.00	1276.50	1277.00	1278.00	1278.50	1279.00	1280.00	1280.50	1281.00	1281.00	1282.00	1282.00	1282.00	1282.00	1282.00	1282.00	1282.00	1282.00	1282.00	1282.00	1282.00	1282.00	1282.00	1281.50	1281.00	1281.00	1281.00	1281.00	1281.00	1281.00	1281.00	1281.00	1281.00	1281.00	1281.00	1280.50	1280.00	1280.00	1280.00	1280.00	1280.00	1280.00	1280.00	1280.00	1279.00	1279.00	1279.00	1279.00	1278.00	1278.00	1278.00	1278.00	1277.50	1277.00	1277.00	1277.00	1277.00	1277.00	1277.00	1276.50	1276.00	1276.00	1276.00	1276.00	1275.00	1275.00	1275.00	1275.00	1275.00	1276.00	1276.00	1277.00	1277.50	1278.00	1278.50	1280.00	1280.00	1281.00	1281.00	1281.00	1281.00	1281.00	1281.00	1281.00	1281.00	1281.00	1281.00	1281.00	1280.50	1280.00	1280.00	1280.50	1281.00	1281.00	1281.00	1282.50	1283.50	1285.50	1286.50	1287.50	1289.00	1290.00	1293.00	1294.00	1296.00	1297.50	1298.50	1300.50	1301.50	1303.00	1304.00	1305.50	1306.50	1307.00	1307.00	1307.50	1308.00	1308.00	1308.00	1309.00	1309.00	1309.00	1309.50	1310.00	1310.50	1311.00	1312.50	1313.50	1315.00	1316.50	1317.50	1319.00	1319.00	1319.50	1320.00