195.00	207.00	271.00	348.00	388.00	388.00	451.00	502.00	564.00	580.00	681.00	712.00	725.00	674.00	618.00	631.00	693.00	742.00	692.00	589.00	567.00	548.00	563.00	664.00	862.00	929.00	931.00	976.00	963.00	921.00	857.00	794.00	811.00	729.00	670.00	596.00	628.00	564.00	555.00	476.00	445.00	340.00	347.00	395.00	441.00	425.00	397.00	477.00	523.00	521.00	499.00	517.00	537.00	572.00	615.00	656.00	633.00	576.00	522.00	531.00	495.00	469.00	532.00	567.00	594.00	631.00	675.00	654.00	595.00	623.00	604.00	560.00	532.00	586.00	598.00	574.00	520.00	453.00	473.00	532.00	485.00	492.00	587.00	551.00	612.00	669.00	624.00	579.00	632.00	750.00	850.00	719.00	636.00	682.00	591.00	539.00	512.00	500.00	462.00	424.00	447.00	435.00	407.00	394.00	364.00	421.00	483.00	490.00	545.00	510.00	481.00	504.00	526.00	574.00	574.00	532.00	567.00	625.00	742.00	745.00	690.00	687.00	688.00	777.00	833.00	710.00	612.00	702.00	718.00	759.00	814.00	869.00	852.00	819.00	831.00	791.00	776.00	782.00	763.00	813.00	892.00	914.00	965.00	1046.00	1143.00	1294.00	1253.00	1170.00	1160.00	1137.00	1200.00	1249.00	1239.00	1151.00	1042.00	1053.00	1063.00	983.00	988.00	926.00	883.00	870.00	845.00	808.00	771.00	732.00	686.00	648.00	617.00	590.00	664.00	739.00	687.00	720.00	767.00	825.00	809.00	803.00	795.00	756.00	726.00	671.00	612.00	557.00	541.00	552.00	550.00	555.00	551.00	538.00	515.00	526.00	543.00	651.00	678.00	709.00	684.00	606.00	656.00	583.00	628.00	626.00	599.00	663.00	657.00	605.00	585.00	572.00	599.00	659.00	627.00	604.00	708.00	666.00	636.00	594.00	559.00	626.00	685.00	638.00	743.00	647.00	625.00	685.00	757.00	645.00	499.00	505.00	621.00	671.00	583.00	610.00	598.00	640.00	640.00	627.00	606.00	581.00	543.00	582.00	670.00	645.00	616.00	570.00	489.00	483.00	482.00	501.00	536.00	512.00	564.00	697.00	654.00	703.00	758.00	772.00
203.00	219.00	268.00	296.00	338.00	390.00	481.00	523.00	550.00	515.00	595.00	621.00	665.00	709.00	729.00	692.00	687.00	734.00	713.00	708.00	667.00	636.00	638.00	727.00	858.00	858.00	938.00	985.00	1026.00	940.00	827.00	741.00	695.00	659.00	607.00	645.00	667.00	540.00	476.00	436.00	390.00	344.00	427.00	429.00	467.00	449.00	369.00	402.00	424.00	438.00	472.00	516.00	581.00	601.00	596.00	567.00	588.00	550.00	529.00	484.00	476.00	561.00	557.00	523.00	559.00	616.00	682.00	649.00	597.00	562.00	623.00	643.00	602.00	496.00	526.00	508.00	456.00	456.00	540.00	579.00	570.00	495.00	661.00	608.00	619.00	692.00	721.00	699.00	762.00	765.00	745.00	699.00	675.00	660.00	665.00	635.00	562.00	501.00	454.00	508.00	518.00	476.00	472.00	390.00	374.00	424.00	463.00	502.00	522.00	577.00	577.00	607.00	614.00	636.00	504.00	533.00	592.00	679.00	675.00	623.00	618.00	594.00	611.00	758.00	799.00	606.00	610.00	706.00	778.00	841.00	839.00	842.00	868.00	787.00	741.00	703.00	733.00	718.00	763.00	792.00	804.00	933.00	1023.00	1076.00	1150.00	1157.00	1173.00	1173.00	1094.00	1115.00	1152.00	1180.00	1225.00	1210.00	1176.00	1191.00	1132.00	1077.00	1039.00	1004.00	1002.00	969.00	907.00	856.00	819.00	776.00	755.00	687.00	658.00	626.00	596.00	690.00	756.00	755.00	810.00	836.00	759.00	688.00	654.00	666.00	666.00	617.00	572.00	548.00	557.00	640.00	614.00	631.00	571.00	546.00	546.00	562.00	548.00	609.00	724.00	694.00	633.00	603.00	695.00	602.00	646.00	692.00	645.00	692.00	690.00	663.00	647.00	597.00	607.00	660.00	678.00	677.00	656.00	639.00	631.00	579.00	586.00	703.00	785.00	680.00	797.00	712.00	649.00	643.00	694.00	692.00	489.00	553.00	662.00	682.00	636.00	674.00	650.00	685.00	706.00	656.00	607.00	576.00	573.00	555.00	573.00	614.00	659.00	650.00	564.00	509.00	481.00	488.00	503.00	536.00	589.00	599.00	647.00	669.00	704.00	739.00
220.00	237.00	307.00	330.00	355.00	390.00	410.00	444.00	430.00	425.00	504.00	554.00	606.00	683.00	775.00	804.00	792.00	777.00	700.00	630.00	666.00	700.00	747.00	797.00	714.00	794.00	796.00	875.00	947.00	875.00	716.00	681.00	628.00	662.00	607.00	540.00	559.00	579.00	497.00	436.00	390.00	416.00	452.00	524.00	523.00	462.00	396.00	433.00	438.00	483.00	495.00	569.00	579.00	543.00	536.00	524.00	522.00	522.00	472.00	449.00	519.00	541.00	614.00	598.00	609.00	646.00	680.00	662.00	616.00	521.00	572.00	589.00	572.00	465.00	469.00	471.00	483.00	477.00	543.00	571.00	591.00	544.00	612.00	649.00	671.00	656.00	643.00	719.00	809.00	786.00	730.00	641.00	694.00	575.00	658.00	700.00	515.00	483.00	523.00	527.00	473.00	512.00	454.00	368.00	370.00	383.00	389.00	397.00	406.00	438.00	449.00	485.00	498.00	517.00	496.00	594.00	605.00	607.00	690.00	618.00	543.00	607.00	685.00	726.00	706.00	579.00	675.00	823.00	768.00	752.00	731.00	758.00	844.00	809.00	743.00	667.00	712.00	777.00	834.00	878.00	872.00	900.00	967.00	1000.00	1074.00	1041.00	1028.00	1074.00	1086.00	1009.00	1060.00	1133.00	1198.00	1185.00	1126.00	1155.00	1096.00	1098.00	1002.00	947.00	936.00	918.00	868.00	769.00	762.00	747.00	717.00	690.00	683.00	658.00	609.00	642.00	806.00	818.00	828.00	762.00	763.00	664.00	623.00	601.00	597.00	569.00	560.00	560.00	555.00	663.00	691.00	665.00	584.00	555.00	542.00	611.00	608.00	575.00	694.00	745.00	686.00	623.00	696.00	641.00	646.00	711.00	676.00	633.00	630.00	612.00	600.00	581.00	649.00	679.00	693.00	697.00	664.00	609.00	624.00	659.00	602.00	688.00	790.00	784.00	810.00	747.00	687.00	647.00	620.00	580.00	525.00	607.00	689.00	683.00	716.00	732.00	725.00	733.00	720.00	596.00	618.00	669.00	677.00	638.00	575.00	568.00	618.00	656.00	587.00	539.00	494.00	483.00	492.00	515.00	540.00	544.00	587.00	558.00	619.00	628.00
223.00	242.00	285.00	301.00	306.00	325.00	343.00	354.00	383.00	428.00	563.00	609.00	639.00	677.00	755.00	719.00	721.00	770.00	755.00	572.00	546.00	606.00	668.00	744.00	631.00	660.00	682.00	808.00	831.00	766.00	750.00	698.00	628.00	554.00	574.00	552.00	503.00	524.00	499.00	440.00	416.00	499.00	511.00	564.00	548.00	505.00	454.00	473.00	517.00	536.00	579.00	598.00	592.00	591.00	540.00	505.00	471.00	441.00	451.00	511.00	557.00	551.00	553.00	574.00	675.00	674.00	624.00	592.00	579.00	511.00	500.00	502.00	495.00	502.00	554.00	537.00	555.00	518.00	556.00	552.00	560.00	593.00	604.00	615.00	663.00	673.00	600.00	695.00	768.00	728.00	655.00	627.00	693.00	564.00	575.00	604.00	581.00	564.00	547.00	543.00	481.00	436.00	458.00	382.00	371.00	388.00	420.00	449.00	441.00	419.00	417.00	414.00	414.00	421.00	501.00	557.00	511.00	599.00	635.00	576.00	521.00	626.00	721.00	618.00	573.00	628.00	725.00	786.00	699.00	655.00	709.00	735.00	798.00	748.00	719.00	635.00	712.00	755.00	809.00	873.00	957.00	1038.00	1104.00	1151.00	1181.00	1047.00	994.00	961.00	969.00	1014.00	1120.00	1156.00	1155.00	1086.00	999.00	1033.00	999.00	1082.00	1040.00	976.00	936.00	883.00	813.00	824.00	839.00	836.00	818.00	753.00	702.00	663.00	630.00	639.00	838.00	786.00	798.00	733.00	667.00	651.00	609.00	586.00	588.00	613.00	623.00	587.00	563.00	689.00	689.00	637.00	575.00	557.00	556.00	641.00	666.00	610.00	683.00	739.00	718.00	673.00	707.00	719.00	717.00	687.00	641.00	612.00	603.00	592.00	570.00	556.00	596.00	621.00	636.00	668.00	666.00	626.00	684.00	718.00	663.00	674.00	736.00	803.00	778.00	736.00	689.00	621.00	591.00	558.00	520.00	621.00	744.00	696.00	760.00	785.00	785.00	751.00	680.00	636.00	720.00	770.00	751.00	740.00	624.00	586.00	589.00	651.00	625.00	573.00	548.00	535.00	499.00	493.00	490.00	499.00	505.00	503.00	502.00	510.00
257.00	291.00	407.00	426.00	407.00	421.00	411.00	411.00	422.00	457.00	531.00	542.00	567.00	637.00	706.00	671.00	626.00	674.00	729.00	632.00	530.00	550.00	622.00	640.00	578.00	560.00	641.00	678.00	781.00	677.00	656.00	642.00	681.00	584.00	534.00	496.00	473.00	441.00	463.00	471.00	504.00	600.00	613.00	591.00	549.00	506.00	516.00	557.00	560.00	527.00	574.00	548.00	538.00	535.00	521.00	432.00	439.00	496.00	556.00	538.00	489.00	490.00	597.00	625.00	669.00	665.00	616.00	569.00	533.00	585.00	568.00	548.00	581.00	528.00	606.00	612.00	587.00	531.00	616.00	630.00	594.00	637.00	615.00	655.00	692.00	730.00	637.00	620.00	716.00	681.00	596.00	652.00	708.00	614.00	558.00	530.00	570.00	541.00	503.00	489.00	522.00	469.00	405.00	371.00	371.00	384.00	423.00	479.00	531.00	519.00	514.00	524.00	506.00	480.00	436.00	439.00	449.00	463.00	508.00	502.00	497.00	563.00	584.00	535.00	524.00	676.00	692.00	687.00	642.00	618.00	677.00	663.00	716.00	687.00	637.00	654.00	781.00	765.00	765.00	815.00	896.00	1070.00	1136.00	1131.00	1151.00	1149.00	1079.00	999.00	919.00	1012.00	1067.00	1083.00	1109.00	1085.00	969.00	912.00	973.00	1032.00	1065.00	1018.00	940.00	870.00	852.00	920.00	917.00	863.00	800.00	684.00	696.00	720.00	658.00	652.00	747.00	723.00	773.00	721.00	657.00	608.00	610.00	598.00	663.00	672.00	625.00	594.00	581.00	656.00	652.00	610.00	565.00	559.00	582.00	632.00	667.00	662.00	790.00	760.00	725.00	671.00	674.00	757.00	708.00	659.00	638.00	694.00	658.00	615.00	600.00	585.00	592.00	587.00	604.00	668.00	682.00	658.00	705.00	757.00	724.00	676.00	723.00	674.00	678.00	667.00	637.00	587.00	563.00	522.00	527.00	615.00	723.00	763.00	751.00	782.00	756.00	691.00	627.00	705.00	766.00	801.00	801.00	773.00	700.00	643.00	584.00	663.00	694.00	656.00	641.00	605.00	603.00	579.00	533.00	502.00	495.00	501.00	502.00	503.00
257.00	291.00	407.00	426.00	407.00	421.00	411.00	411.00	422.00	457.00	531.00	542.00	567.00	637.00	706.00	671.00	626.00	674.00	729.00	632.00	530.00	550.00	622.00	640.00	578.00	560.00	641.00	678.00	781.00	677.00	656.00	642.00	681.00	584.00	534.00	496.00	473.00	441.00	463.00	471.00	504.00	600.00	613.00	591.00	549.00	506.00	516.00	557.00	560.00	527.00	574.00	548.00	538.00	535.00	521.00	432.00	439.00	496.00	556.00	538.00	489.00	490.00	597.00	625.00	669.00	665.00	616.00	569.00	533.00	585.00	568.00	548.00	581.00	528.00	606.00	612.00	587.00	531.00	616.00	630.00	594.00	637.00	615.00	655.00	692.00	730.00	637.00	620.00	716.00	681.00	596.00	652.00	708.00	614.00	558.00	530.00	570.00	541.00	503.00	489.00	522.00	469.00	405.00	371.00	371.00	384.00	423.00	479.00	531.00	519.00	514.00	524.00	506.00	480.00	436.00	439.00	449.00	463.00	508.00	502.00	497.00	563.00	584.00	535.00	524.00	676.00	692.00	687.00	642.00	618.00	677.00	663.00	716.00	687.00	637.00	654.00	781.00	765.00	765.00	815.00	896.00	1070.00	1136.00	1131.00	1151.00	1149.00	1079.00	999.00	919.00	1012.00	1067.00	1083.00	1109.00	1085.00	969.00	912.00	973.00	1032.00	1065.00	1018.00	940.00	870.00	852.00	920.00	917.00	863.00	800.00	684.00	696.00	720.00	658.00	652.00	747.00	723.00	773.00	721.00	657.00	608.00	610.00	598.00	663.00	672.00	625.00	594.00	581.00	656.00	652.00	610.00	565.00	559.00	582.00	632.00	667.00	662.00	790.00	760.00	725.00	671.00	674.00	757.00	708.00	659.00	638.00	694.00	658.00	615.00	600.00	585.00	592.00	587.00	604.00	668.00	682.00	658.00	705.00	757.00	724.00	676.00	723.00	674.00	678.00	667.00	637.00	587.00	563.00	522.00	527.00	615.00	723.00	763.00	751.00	782.00	756.00	691.00	627.00	705.00	766.00	801.00	801.00	773.00	700.00	643.00	584.00	663.00	694.00	656.00	641.00	605.00	603.00	579.00	533.00	502.00	495.00	501.00	502.00	503.00
278.00	317.00	444.00	488.00	507.00	502.00	426.00	377.00	411.00	468.00	438.00	495.00	566.00	616.00	644.00	627.00	578.00	602.00	680.00	586.00	508.00	546.00	578.00	601.00	483.00	527.00	568.00	655.00	755.00	697.00	548.00	516.00	576.00	604.00	559.00	521.00	527.00	490.00	442.00	432.00	499.00	586.00	536.00	535.00	528.00	496.00	488.00	544.00	523.00	471.00	507.00	475.00	525.00	480.00	432.00	454.00	490.00	475.00	463.00	459.00	529.00	567.00	574.00	593.00	663.00	651.00	596.00	561.00	592.00	694.00	642.00	620.00	596.00	563.00	631.00	622.00	590.00	564.00	613.00	664.00	654.00	652.00	617.00	647.00	715.00	693.00	632.00	561.00	586.00	570.00	557.00	720.00	756.00	618.00	570.00	527.00	571.00	548.00	512.00	482.00	443.00	441.00	413.00	381.00	372.00	373.00	402.00	484.00	528.00	488.00	520.00	521.00	597.00	611.00	558.00	503.00	466.00	466.00	473.00	474.00	483.00	490.00	496.00	500.00	507.00	529.00	536.00	549.00	557.00	569.00	572.00	598.00	613.00	619.00	642.00	686.00	771.00	822.00	832.00	846.00	854.00	986.00	1067.00	1024.00	1044.00	1127.00	1094.00	1015.00	918.00	965.00	989.00	969.00	1023.00	1019.00	889.00	888.00	970.00	932.00	1032.00	1010.00	948.00	944.00	946.00	965.00	897.00	820.00	735.00	757.00	790.00	760.00	678.00	630.00	694.00	742.00	743.00	691.00	640.00	680.00	647.00	630.00	713.00	643.00	613.00	633.00	623.00	629.00	675.00	654.00	587.00	569.00	585.00	613.00	646.00	691.00	840.00	812.00	751.00	692.00	740.00	753.00	703.00	703.00	716.00	721.00	660.00	690.00	678.00	621.00	679.00	644.00	628.00	680.00	738.00	713.00	739.00	746.00	746.00	718.00	702.00	620.00	640.00	684.00	695.00	605.00	537.00	497.00	537.00	583.00	664.00	783.00	768.00	804.00	781.00	734.00	674.00	670.00	738.00	789.00	817.00	784.00	756.00	694.00	598.00	643.00	742.00	705.00	671.00	642.00	622.00	589.00	561.00	529.00	526.00	524.00	520.00	517.00
266.00	322.00	381.00	432.00	497.00	495.00	366.00	341.00	344.00	380.00	471.00	504.00	512.00	538.00	585.00	542.00	528.00	544.00	637.00	538.00	503.00	477.00	564.00	597.00	446.00	515.00	579.00	656.00	653.00	600.00	570.00	492.00	468.00	529.00	569.00	596.00	580.00	569.00	513.00	421.00	430.00	552.00	458.00	484.00	475.00	463.00	437.00	493.00	502.00	438.00	473.00	426.00	412.00	404.00	420.00	442.00	453.00	463.00	480.00	530.00	496.00	510.00	584.00	599.00	615.00	656.00	659.00	634.00	594.00	694.00	722.00	665.00	658.00	608.00	636.00	696.00	680.00	664.00	605.00	644.00	712.00	698.00	671.00	699.00	752.00	694.00	623.00	607.00	549.00	525.00	630.00	727.00	664.00	585.00	544.00	509.00	597.00	616.00	546.00	494.00	459.00	417.00	398.00	387.00	375.00	374.00	381.00	429.00	437.00	576.00	634.00	604.00	548.00	626.00	582.00	524.00	497.00	559.00	609.00	539.00	555.00	613.00	613.00	557.00	561.00	609.00	592.00	652.00	626.00	658.00	634.00	666.00	771.00	721.00	674.00	748.00	842.00	848.00	898.00	955.00	989.00	1036.00	1030.00	988.00	946.00	1009.00	985.00	940.00	865.00	982.00	973.00	937.00	901.00	899.00	844.00	919.00	883.00	898.00	955.00	935.00	967.00	997.00	998.00	925.00	875.00	816.00	740.00	748.00	731.00	709.00	664.00	636.00	769.00	760.00	752.00	744.00	657.00	731.00	677.00	648.00	701.00	642.00	638.00	680.00	640.00	626.00	702.00	684.00	596.00	602.00	589.00	616.00	647.00	691.00	837.00	802.00	755.00	755.00	783.00	709.00	708.00	731.00	753.00	711.00	722.00	723.00	689.00	679.00	700.00	674.00	690.00	696.00	678.00	677.00	716.00	652.00	706.00	632.00	631.00	620.00	582.00	589.00	587.00	535.00	500.00	507.00	557.00	605.00	665.00	776.00	785.00	770.00	736.00	701.00	666.00	661.00	717.00	785.00	821.00	806.00	751.00	703.00	622.00	629.00	767.00	747.00	716.00	679.00	616.00	589.00	594.00	586.00	581.00	588.00	584.00	563.00
286.00	332.00	417.00	473.00	498.00	440.00	326.00	305.00	316.00	322.00	451.00	470.00	438.00	488.00	508.00	455.00	500.00	600.00	674.00	493.00	445.00	453.00	568.00	576.00	431.00	528.00	606.00	663.00	557.00	573.00	527.00	528.00	452.00	524.00	592.00	563.00	499.00	524.00	526.00	453.00	390.00	493.00	427.00	434.00	429.00	415.00	407.00	410.00	410.00	393.00	392.00	415.00	440.00	501.00	527.00	483.00	518.00	505.00	526.00	598.00	592.00	542.00	529.00	539.00	622.00	678.00	724.00	669.00	627.00	707.00	740.00	742.00	696.00	691.00	724.00	733.00	701.00	711.00	719.00	721.00	742.00	686.00	608.00	649.00	708.00	731.00	718.00	682.00	612.00	519.00	572.00	606.00	628.00	565.00	526.00	490.00	613.00	650.00	596.00	575.00	467.00	454.00	437.00	404.00	381.00	379.00	378.00	435.00	532.00	540.00	575.00	629.00	605.00	603.00	657.00	573.00	540.00	549.00	697.00	613.00	578.00	629.00	736.00	623.00	605.00	674.00	637.00	678.00	732.00	753.00	742.00	674.00	798.00	805.00	730.00	739.00	937.00	965.00	978.00	1033.00	1040.00	1051.00	1023.00	977.00	898.00	923.00	923.00	849.00	914.00	985.00	916.00	892.00	850.00	848.00	894.00	939.00	817.00	848.00	852.00	928.00	952.00	937.00	916.00	867.00	816.00	781.00	755.00	722.00	694.00	674.00	706.00	667.00	678.00	709.00	744.00	764.00	726.00	717.00	715.00	691.00	695.00	680.00	697.00	707.00	653.00	630.00	714.00	723.00	609.00	666.00	598.00	622.00	653.00	699.00	844.00	786.00	734.00	737.00	754.00	675.00	666.00	688.00	670.00	653.00	706.00	676.00	652.00	624.00	664.00	641.00	629.00	660.00	601.00	646.00	679.00	614.00	688.00	636.00	582.00	626.00	559.00	551.00	512.00	506.00	519.00	537.00	640.00	643.00	690.00	781.00	748.00	710.00	685.00	649.00	677.00	738.00	732.00	789.00	820.00	816.00	762.00	693.00	619.00	674.00	780.00	787.00	773.00	719.00	637.00	658.00	636.00	653.00	646.00	664.00	661.00	612.00
309.00	357.00	451.00	507.00	463.00	395.00	339.00	294.00	289.00	299.00	404.00	474.00	436.00	399.00	409.00	482.00	535.00	597.00	670.00	503.00	434.00	416.00	518.00	526.00	426.00	517.00	601.00	617.00	490.00	516.00	447.00	449.00	440.00	526.00	554.00	508.00	468.00	456.00	458.00	438.00	385.00	427.00	403.00	377.00	369.00	367.00	379.00	397.00	403.00	428.00	434.00	470.00	518.00	552.00	574.00	561.00	607.00	594.00	563.00	588.00	684.00	634.00	601.00	581.00	674.00	738.00	762.00	753.00	716.00	730.00	723.00	677.00	662.00	640.00	696.00	718.00	684.00	633.00	753.00	699.00	687.00	690.00	567.00	614.00	699.00	735.00	773.00	640.00	597.00	536.00	495.00	548.00	568.00	548.00	542.00	482.00	565.00	612.00	625.00	552.00	512.00	500.00	462.00	411.00	391.00	380.00	379.00	435.00	485.00	504.00	554.00	595.00	662.00	658.00	682.00	698.00	628.00	602.00	655.00	702.00	676.00	664.00	756.00	647.00	669.00	693.00	747.00	677.00	755.00	845.00	823.00	736.00	809.00	837.00	784.00	834.00	961.00	980.00	965.00	982.00	986.00	1003.00	947.00	968.00	945.00	861.00	824.00	865.00	961.00	1020.00	936.00	874.00	843.00	802.00	860.00	917.00	807.00	755.00	843.00	929.00	903.00	868.00	849.00	830.00	800.00	812.00	834.00	769.00	710.00	764.00	775.00	722.00	701.00	680.00	694.00	731.00	777.00	724.00	773.00	739.00	757.00	724.00	740.00	717.00	666.00	629.00	701.00	705.00	630.00	699.00	636.00	647.00	692.00	738.00	750.00	722.00	701.00	678.00	679.00	654.00	622.00	621.00	606.00	602.00	603.00	597.00	597.00	579.00	597.00	602.00	605.00	586.00	574.00	595.00	637.00	601.00	610.00	579.00	554.00	572.00	537.00	511.00	516.00	518.00	548.00	588.00	616.00	642.00	705.00	795.00	734.00	696.00	653.00	675.00	738.00	771.00	784.00	819.00	825.00	775.00	740.00	686.00	620.00	659.00	740.00	776.00	784.00	724.00	722.00	718.00	681.00	692.00	712.00	700.00	686.00	630.00
309.00	357.00	451.00	507.00	463.00	395.00	339.00	294.00	289.00	299.00	404.00	474.00	436.00	399.00	409.00	482.00	535.00	597.00	670.00	503.00	434.00	416.00	518.00	526.00	426.00	517.00	601.00	617.00	490.00	516.00	447.00	449.00	440.00	526.00	554.00	508.00	468.00	456.00	458.00	438.00	385.00	427.00	403.00	377.00	369.00	367.00	379.00	397.00	403.00	428.00	434.00	470.00	518.00	552.00	574.00	561.00	607.00	594.00	563.00	588.00	684.00	634.00	601.00	581.00	674.00	738.00	762.00	753.00	716.00	730.00	723.00	677.00	662.00	640.00	696.00	718.00	684.00	633.00	753.00	699.00	687.00	690.00	567.00	614.00	699.00	735.00	773.00	640.00	597.00	536.00	495.00	548.00	568.00	548.00	542.00	482.00	565.00	612.00	625.00	552.00	512.00	500.00	462.00	411.00	391.00	380.00	379.00	435.00	485.00	504.00	554.00	595.00	662.00	658.00	682.00	698.00	628.00	602.00	655.00	702.00	676.00	664.00	756.00	647.00	669.00	693.00	747.00	677.00	755.00	845.00	823.00	736.00	809.00	837.00	784.00	834.00	961.00	980.00	965.00	982.00	986.00	1003.00	947.00	968.00	945.00	861.00	824.00	865.00	961.00	1020.00	936.00	874.00	843.00	802.00	860.00	917.00	807.00	755.00	843.00	929.00	903.00	868.00	849.00	830.00	800.00	812.00	834.00	769.00	710.00	764.00	775.00	722.00	701.00	680.00	694.00	731.00	777.00	724.00	773.00	739.00	757.00	724.00	740.00	717.00	666.00	629.00	701.00	705.00	630.00	699.00	636.00	647.00	692.00	738.00	750.00	722.00	701.00	678.00	679.00	654.00	622.00	621.00	606.00	602.00	603.00	597.00	597.00	579.00	597.00	602.00	605.00	586.00	574.00	595.00	637.00	601.00	610.00	579.00	554.00	572.00	537.00	511.00	516.00	518.00	548.00	588.00	616.00	642.00	705.00	795.00	734.00	696.00	653.00	675.00	738.00	771.00	784.00	819.00	825.00	775.00	740.00	686.00	620.00	659.00	740.00	776.00	784.00	724.00	722.00	718.00	681.00	692.00	712.00	700.00	686.00	630.00
330.00	401.00	380.00	331.00	305.00	329.00	277.00	251.00	267.00	319.00	461.00	391.00	344.00	419.00	499.00	612.00	666.00	722.00	698.00	493.00	431.00	373.00	362.00	359.00	476.00	556.00	561.00	513.00	438.00	404.00	402.00	373.00	413.00	463.00	411.00	369.00	357.00	347.00	346.00	343.00	342.00	347.00	421.00	455.00	430.00	450.00	501.00	512.00	553.00	564.00	573.00	518.00	504.00	477.00	487.00	598.00	614.00	629.00	629.00	613.00	626.00	589.00	616.00	675.00	703.00	744.00	715.00	680.00	692.00	722.00	773.00	819.00	781.00	687.00	642.00	639.00	580.00	564.00	672.00	675.00	585.00	599.00	674.00	557.00	554.00	655.00	688.00	671.00	580.00	535.00	508.00	527.00	610.00	623.00	549.00	478.00	570.00	575.00	534.00	495.00	512.00	490.00	540.00	542.00	422.00	384.00	380.00	401.00	437.00	489.00	526.00	579.00	600.00	656.00	714.00	626.00	623.00	641.00	724.00	791.00	820.00	798.00	815.00	807.00	818.00	863.00	860.00	833.00	837.00	875.00	931.00	939.00	890.00	896.00	922.00	907.00	833.00	899.00	915.00	832.00	834.00	958.00	885.00	814.00	868.00	861.00	901.00	915.00	870.00	844.00	893.00	907.00	885.00	834.00	779.00	724.00	768.00	865.00	839.00	775.00	782.00	883.00	909.00	835.00	815.00	877.00	898.00	835.00	826.00	779.00	758.00	741.00	725.00	737.00	776.00	740.00	785.00	858.00	864.00	921.00	892.00	838.00	770.00	700.00	659.00	660.00	680.00	736.00	738.00	735.00	730.00	706.00	684.00	721.00	701.00	683.00	661.00	647.00	694.00	672.00	621.00	690.00	722.00	680.00	632.00	605.00	630.00	620.00	595.00	572.00	558.00	550.00	596.00	593.00	576.00	590.00	594.00	597.00	622.00	601.00	607.00	538.00	534.00	543.00	560.00	608.00	624.00	659.00	683.00	728.00	681.00	702.00	750.00	796.00	809.00	829.00	828.00	825.00	846.00	829.00	715.00	674.00	639.00	704.00	788.00	820.00	824.00	803.00	795.00	792.00	756.00	649.00	619.00	598.00	583.00	561.00
345.00	400.00	300.00	264.00	252.00	249.00	247.00	239.00	262.00	302.00	387.00	321.00	352.00	425.00	490.00	595.00	660.00	704.00	661.00	458.00	409.00	370.00	332.00	374.00	507.00	537.00	523.00	528.00	470.00	494.00	494.00	394.00	358.00	364.00	326.00	319.00	322.00	328.00	341.00	354.00	371.00	433.00	504.00	551.00	546.00	517.00	550.00	576.00	549.00	490.00	499.00	479.00	440.00	506.00	558.00	518.00	529.00	534.00	561.00	608.00	575.00	564.00	569.00	605.00	645.00	701.00	676.00	651.00	680.00	780.00	832.00	862.00	826.00	751.00	742.00	718.00	663.00	614.00	556.00	566.00	536.00	556.00	566.00	560.00	517.00	554.00	583.00	600.00	565.00	519.00	490.00	498.00	548.00	609.00	581.00	494.00	501.00	563.00	593.00	586.00	604.00	575.00	615.00	554.00	435.00	384.00	383.00	401.00	445.00	569.00	611.00	629.00	635.00	617.00	638.00	562.00	574.00	631.00	673.00	746.00	787.00	744.00	736.00	704.00	745.00	806.00	860.00	895.00	905.00	897.00	929.00	925.00	857.00	847.00	807.00	854.00	811.00	892.00	901.00	826.00	805.00	907.00	862.00	827.00	756.00	848.00	918.00	905.00	842.00	779.00	776.00	868.00	931.00	903.00	795.00	753.00	764.00	863.00	845.00	746.00	781.00	842.00	843.00	752.00	757.00	792.00	806.00	821.00	821.00	811.00	810.00	760.00	779.00	798.00	812.00	804.00	751.00	811.00	880.00	936.00	859.00	778.00	732.00	683.00	654.00	707.00	732.00	758.00	812.00	782.00	721.00	706.00	726.00	739.00	766.00	711.00	677.00	719.00	717.00	650.00	627.00	716.00	712.00	644.00	644.00	672.00	692.00	692.00	589.00	573.00	559.00	581.00	673.00	641.00	616.00	634.00	666.00	686.00	697.00	581.00	545.00	561.00	583.00	577.00	593.00	618.00	677.00	703.00	704.00	696.00	748.00	714.00	743.00	784.00	809.00	825.00	840.00	860.00	863.00	793.00	749.00	728.00	654.00	648.00	733.00	778.00	827.00	812.00	751.00	714.00	680.00	700.00	711.00	633.00	571.00	559.00
345.00	400.00	300.00	264.00	252.00	249.00	247.00	239.00	262.00	302.00	387.00	321.00	352.00	425.00	490.00	595.00	660.00	704.00	661.00	458.00	409.00	370.00	332.00	374.00	507.00	537.00	523.00	528.00	470.00	494.00	494.00	394.00	358.00	364.00	326.00	319.00	322.00	328.00	341.00	354.00	371.00	433.00	504.00	551.00	546.00	517.00	550.00	576.00	549.00	490.00	499.00	479.00	440.00	506.00	558.00	518.00	529.00	534.00	561.00	608.00	575.00	564.00	569.00	605.00	645.00	701.00	676.00	651.00	680.00	780.00	832.00	862.00	826.00	751.00	742.00	718.00	663.00	614.00	556.00	566.00	536.00	556.00	566.00	560.00	517.00	554.00	583.00	600.00	565.00	519.00	490.00	498.00	548.00	609.00	581.00	494.00	501.00	563.00	593.00	586.00	604.00	575.00	615.00	554.00	435.00	384.00	383.00	401.00	445.00	569.00	611.00	629.00	635.00	617.00	638.00	562.00	574.00	631.00	673.00	746.00	787.00	744.00	736.00	704.00	745.00	806.00	860.00	895.00	905.00	897.00	929.00	925.00	857.00	847.00	807.00	854.00	811.00	892.00	901.00	826.00	805.00	907.00	862.00	827.00	756.00	848.00	918.00	905.00	842.00	779.00	776.00	868.00	931.00	903.00	795.00	753.00	764.00	863.00	845.00	746.00	781.00	842.00	843.00	752.00	757.00	792.00	806.00	821.00	821.00	811.00	810.00	760.00	779.00	798.00	812.00	804.00	751.00	811.00	880.00	936.00	859.00	778.00	732.00	683.00	654.00	707.00	732.00	758.00	812.00	782.00	721.00	706.00	726.00	739.00	766.00	711.00	677.00	719.00	717.00	650.00	627.00	716.00	712.00	644.00	644.00	672.00	692.00	692.00	589.00	573.00	559.00	581.00	673.00	641.00	616.00	634.00	666.00	686.00	697.00	581.00	545.00	561.00	583.00	577.00	593.00	618.00	677.00	703.00	704.00	696.00	748.00	714.00	743.00	784.00	809.00	825.00	840.00	860.00	863.00	793.00	749.00	728.00	654.00	648.00	733.00	778.00	827.00	812.00	751.00	714.00	680.00	700.00	711.00	633.00	571.00	559.00
385.00	365.00	231.00	222.00	225.00	225.00	230.00	235.00	249.00	268.00	320.00	308.00	373.00	405.00	435.00	537.00	603.00	634.00	598.00	452.00	411.00	363.00	322.00	381.00	450.00	412.00	421.00	466.00	569.00	585.00	491.00	407.00	331.00	314.00	315.00	319.00	322.00	326.00	329.00	333.00	338.00	356.00	435.00	515.00	540.00	583.00	509.00	482.00	510.00	461.00	493.00	459.00	437.00	518.00	500.00	492.00	562.00	581.00	602.00	598.00	526.00	525.00	593.00	592.00	679.00	703.00	651.00	660.00	730.00	818.00	859.00	840.00	752.00	715.00	663.00	665.00	628.00	600.00	537.00	551.00	540.00	520.00	504.00	486.00	483.00	514.00	519.00	537.00	570.00	588.00	546.00	468.00	535.00	514.00	523.00	476.00	479.00	560.00	608.00	583.00	644.00	639.00	622.00	580.00	432.00	387.00	385.00	387.00	454.00	503.00	503.00	510.00	509.00	526.00	522.00	523.00	555.00	567.00	681.00	737.00	742.00	682.00	697.00	667.00	702.00	808.00	802.00	838.00	898.00	851.00	824.00	887.00	809.00	846.00	815.00	789.00	737.00	775.00	842.00	788.00	758.00	842.00	800.00	748.00	723.00	956.00	973.00	957.00	952.00	805.00	759.00	852.00	904.00	849.00	776.00	711.00	771.00	781.00	802.00	729.00	749.00	791.00	750.00	714.00	761.00	781.00	767.00	737.00	741.00	756.00	784.00	807.00	895.00	900.00	873.00	871.00	788.00	914.00	884.00	918.00	862.00	800.00	747.00	693.00	668.00	706.00	808.00	840.00	833.00	762.00	771.00	753.00	768.00	745.00	744.00	723.00	751.00	738.00	681.00	643.00	662.00	715.00	681.00	695.00	717.00	696.00	656.00	634.00	581.00	586.00	565.00	601.00	707.00	690.00	703.00	718.00	695.00	657.00	596.00	558.00	595.00	592.00	663.00	610.00	653.00	688.00	716.00	705.00	715.00	748.00	812.00	764.00	770.00	824.00	821.00	841.00	885.00	900.00	894.00	831.00	740.00	704.00	662.00	644.00	694.00	746.00	807.00	833.00	755.00	757.00	772.00	752.00	748.00	639.00	566.00	579.00
263.00	245.00	220.00	222.00	224.00	226.00	227.00	229.00	235.00	246.00	270.00	299.00	344.00	379.00	421.00	494.00	541.00	591.00	594.00	455.00	414.00	357.00	314.00	347.00	357.00	396.00	454.00	512.00	543.00	537.00	373.00	313.00	308.00	316.00	322.00	329.00	333.00	340.00	343.00	342.00	342.00	343.00	349.00	368.00	425.00	519.00	539.00	482.00	419.00	420.00	457.00	433.00	421.00	451.00	454.00	543.00	565.00	605.00	594.00	590.00	510.00	510.00	580.00	607.00	693.00	708.00	669.00	629.00	701.00	739.00	767.00	801.00	789.00	624.00	611.00	601.00	596.00	584.00	602.00	628.00	636.00	564.00	566.00	530.00	490.00	476.00	469.00	483.00	497.00	514.00	488.00	451.00	446.00	444.00	461.00	448.00	443.00	540.00	499.00	518.00	598.00	557.00	621.00	597.00	416.00	391.00	387.00	390.00	405.00	420.00	429.00	440.00	447.00	457.00	504.00	555.00	581.00	604.00	686.00	679.00	685.00	631.00	661.00	655.00	724.00	755.00	742.00	791.00	835.00	799.00	733.00	800.00	789.00	781.00	759.00	739.00	714.00	762.00	819.00	785.00	717.00	818.00	751.00	698.00	738.00	871.00	930.00	995.00	932.00	786.00	720.00	774.00	873.00	829.00	703.00	682.00	757.00	707.00	709.00	712.00	704.00	745.00	698.00	683.00	705.00	717.00	705.00	789.00	806.00	808.00	834.00	860.00	1006.00	997.00	911.00	840.00	868.00	981.00	968.00	907.00	838.00	769.00	738.00	696.00	750.00	719.00	736.00	803.00	827.00	795.00	828.00	799.00	783.00	797.00	801.00	770.00	734.00	696.00	683.00	707.00	704.00	731.00	717.00	718.00	672.00	643.00	624.00	613.00	666.00	644.00	585.00	608.00	698.00	725.00	682.00	666.00	641.00	574.00	604.00	589.00	627.00	641.00	691.00	663.00	664.00	758.00	731.00	706.00	733.00	772.00	876.00	846.00	808.00	864.00	868.00	882.00	947.00	953.00	947.00	816.00	696.00	683.00	673.00	653.00	734.00	736.00	772.00	806.00	770.00	763.00	734.00	676.00	664.00	591.00	575.00	602.00
263.00	245.00	220.00	222.00	224.00	226.00	227.00	229.00	235.00	246.00	270.00	299.00	344.00	379.00	421.00	494.00	541.00	591.00	594.00	455.00	414.00	357.00	314.00	347.00	357.00	396.00	454.00	512.00	543.00	537.00	373.00	313.00	308.00	316.00	322.00	329.00	333.00	340.00	343.00	342.00	342.00	343.00	349.00	368.00	425.00	519.00	539.00	482.00	419.00	420.00	457.00	433.00	421.00	451.00	454.00	543.00	565.00	605.00	594.00	590.00	510.00	510.00	580.00	607.00	693.00	708.00	669.00	629.00	701.00	739.00	767.00	801.00	789.00	624.00	611.00	601.00	596.00	584.00	602.00	628.00	636.00	564.00	566.00	530.00	490.00	476.00	469.00	483.00	497.00	514.00	488.00	451.00	446.00	444.00	461.00	448.00	443.00	540.00	499.00	518.00	598.00	557.00	621.00	597.00	416.00	391.00	387.00	390.00	405.00	420.00	429.00	440.00	447.00	457.00	504.00	555.00	581.00	604.00	686.00	679.00	685.00	631.00	661.00	655.00	724.00	755.00	742.00	791.00	835.00	799.00	733.00	800.00	789.00	781.00	759.00	739.00	714.00	762.00	819.00	785.00	717.00	818.00	751.00	698.00	738.00	871.00	930.00	995.00	932.00	786.00	720.00	774.00	873.00	829.00	703.00	682.00	757.00	707.00	709.00	712.00	704.00	745.00	698.00	683.00	705.00	717.00	705.00	789.00	806.00	808.00	834.00	860.00	1006.00	997.00	911.00	840.00	868.00	981.00	968.00	907.00	838.00	769.00	738.00	696.00	750.00	719.00	736.00	803.00	827.00	795.00	828.00	799.00	783.00	797.00	801.00	770.00	734.00	696.00	683.00	707.00	704.00	731.00	717.00	718.00	672.00	643.00	624.00	613.00	666.00	644.00	585.00	608.00	698.00	725.00	682.00	666.00	641.00	574.00	604.00	589.00	627.00	641.00	691.00	663.00	664.00	758.00	731.00	706.00	733.00	772.00	876.00	846.00	808.00	864.00	868.00	882.00	947.00	953.00	947.00	816.00	696.00	683.00	673.00	653.00	734.00	736.00	772.00	806.00	770.00	763.00	734.00	676.00	664.00	591.00	575.00	602.00
215.00	216.00	222.00	243.00	245.00	230.00	242.00	235.00	231.00	236.00	254.00	271.00	327.00	389.00	406.00	490.00	500.00	463.00	519.00	382.00	356.00	330.00	300.00	309.00	396.00	438.00	516.00	573.00	461.00	440.00	305.00	302.00	310.00	342.00	353.00	348.00	362.00	373.00	370.00	370.00	378.00	361.00	351.00	354.00	357.00	376.00	379.00	371.00	376.00	377.00	378.00	387.00	403.00	458.00	506.00	554.00	513.00	544.00	524.00	543.00	493.00	534.00	554.00	582.00	694.00	723.00	723.00	628.00	654.00	679.00	754.00	808.00	839.00	723.00	711.00	706.00	652.00	661.00	677.00	700.00	644.00	560.00	583.00	529.00	522.00	536.00	507.00	490.00	469.00	465.00	459.00	443.00	444.00	440.00	430.00	425.00	419.00	438.00	446.00	515.00	523.00	492.00	543.00	502.00	408.00	394.00	392.00	390.00	414.00	456.00	464.00	486.00	517.00	513.00	536.00	556.00	608.00	644.00	639.00	646.00	620.00	596.00	604.00	637.00	632.00	668.00	676.00	714.00	699.00	683.00	684.00	746.00	865.00	878.00	841.00	817.00	689.00	731.00	853.00	779.00	712.00	832.00	736.00	685.00	764.00	829.00	925.00	856.00	885.00	860.00	765.00	700.00	751.00	776.00	723.00	676.00	721.00	683.00	673.00	655.00	653.00	659.00	656.00	680.00	680.00	725.00	766.00	802.00	864.00	917.00	964.00	962.00	1062.00	997.00	903.00	903.00	970.00	986.00	909.00	856.00	852.00	790.00	747.00	742.00	815.00	757.00	789.00	806.00	914.00	854.00	900.00	842.00	901.00	839.00	763.00	741.00	719.00	747.00	751.00	738.00	725.00	738.00	756.00	674.00	655.00	669.00	714.00	680.00	636.00	618.00	593.00	627.00	744.00	699.00	669.00	612.00	589.00	659.00	662.00	609.00	660.00	754.00	721.00	725.00	730.00	759.00	729.00	714.00	770.00	795.00	839.00	914.00	869.00	891.00	900.00	857.00	847.00	818.00	830.00	736.00	744.00	746.00	692.00	667.00	770.00	781.00	776.00	757.00	731.00	717.00	688.00	615.00	603.00	588.00	582.00	602.00
264.00	244.00	244.00	286.00	296.00	271.00	334.00	365.00	310.00	264.00	239.00	242.00	248.00	259.00	278.00	334.00	308.00	296.00	316.00	316.00	311.00	296.00	285.00	322.00	445.00	516.00	574.00	540.00	389.00	323.00	302.00	317.00	343.00	387.00	389.00	368.00	380.00	421.00	408.00	402.00	426.00	382.00	379.00	380.00	377.00	381.00	388.00	400.00	401.00	400.00	402.00	395.00	394.00	396.00	408.00	464.00	492.00	546.00	507.00	474.00	482.00	495.00	567.00	618.00	652.00	609.00	604.00	591.00	624.00	674.00	706.00	743.00	797.00	773.00	822.00	770.00	702.00	718.00	701.00	673.00	607.00	555.00	581.00	562.00	604.00	611.00	601.00	549.00	530.00	553.00	512.00	446.00	499.00	464.00	465.00	462.00	423.00	424.00	413.00	411.00	411.00	419.00	424.00	454.00	483.00	394.00	399.00	411.00	428.00	491.00	549.00	618.00	629.00	646.00	661.00	630.00	627.00	627.00	536.00	567.00	568.00	535.00	540.00	589.00	617.00	618.00	685.00	625.00	663.00	676.00	707.00	740.00	922.00	928.00	890.00	873.00	762.00	677.00	745.00	698.00	720.00	805.00	708.00	674.00	751.00	775.00	800.00	830.00	880.00	735.00	700.00	700.00	765.00	784.00	734.00	680.00	701.00	686.00	651.00	677.00	684.00	718.00	722.00	745.00	716.00	735.00	757.00	896.00	949.00	978.00	976.00	998.00	1045.00	1042.00	999.00	1039.00	1109.00	992.00	942.00	911.00	882.00	823.00	837.00	780.00	822.00	829.00	850.00	899.00	987.00	974.00	939.00	923.00	930.00	908.00	812.00	784.00	795.00	749.00	670.00	706.00	684.00	701.00	707.00	697.00	708.00	761.00	718.00	719.00	631.00	615.00	660.00	659.00	718.00	685.00	619.00	610.00	680.00	689.00	703.00	654.00	682.00	796.00	774.00	762.00	751.00	745.00	734.00	724.00	760.00	757.00	829.00	853.00	938.00	952.00	975.00	899.00	883.00	840.00	786.00	777.00	772.00	722.00	679.00	673.00	733.00	768.00	805.00	787.00	697.00	670.00	638.00	628.00	654.00	609.00	592.00	603.00
350.00	299.00	268.00	276.00	310.00	312.00	410.00	484.00	483.00	427.00	254.00	241.00	242.00	245.00	248.00	254.00	257.00	265.00	263.00	265.00	267.00	270.00	279.00	330.00	474.00	570.00	537.00	413.00	295.00	303.00	336.00	373.00	373.00	376.00	394.00	390.00	385.00	474.00	461.00	426.00	481.00	378.00	410.00	410.00	410.00	414.00	413.00	426.00	428.00	428.00	430.00	436.00	424.00	414.00	412.00	456.00	546.00	541.00	457.00	462.00	539.00	563.00	592.00	621.00	555.00	595.00	634.00	662.00	653.00	746.00	766.00	793.00	812.00	828.00	845.00	773.00	724.00	668.00	620.00	597.00	584.00	584.00	644.00	626.00	657.00	631.00	616.00	595.00	592.00	536.00	490.00	473.00	506.00	515.00	530.00	487.00	472.00	467.00	449.00	436.00	406.00	397.00	393.00	396.00	413.00	394.00	405.00	416.00	438.00	550.00	607.00	655.00	613.00	591.00	641.00	656.00	573.00	538.00	487.00	493.00	503.00	508.00	540.00	568.00	587.00	585.00	618.00	701.00	752.00	789.00	821.00	815.00	855.00	806.00	846.00	769.00	803.00	718.00	650.00	691.00	763.00	753.00	676.00	679.00	757.00	708.00	776.00	855.00	782.00	723.00	657.00	742.00	783.00	747.00	690.00	650.00	640.00	624.00	743.00	773.00	783.00	770.00	779.00	732.00	728.00	737.00	747.00	814.00	863.00	852.00	881.00	912.00	960.00	993.00	1010.00	1037.00	1145.00	1143.00	1058.00	1005.00	994.00	900.00	862.00	858.00	900.00	879.00	961.00	1047.00	1104.00	1062.00	1016.00	938.00	909.00	890.00	900.00	877.00	850.00	761.00	650.00	605.00	628.00	684.00	632.00	696.00	727.00	721.00	746.00	760.00	672.00	665.00	730.00	735.00	709.00	689.00	610.00	667.00	662.00	734.00	795.00	772.00	742.00	768.00	762.00	765.00	779.00	812.00	757.00	747.00	810.00	826.00	814.00	826.00	860.00	916.00	974.00	886.00	877.00	833.00	795.00	763.00	717.00	690.00	725.00	708.00	730.00	762.00	816.00	809.00	734.00	676.00	637.00	713.00	721.00	632.00	608.00	606.00
309.00	324.00	335.00	316.00	324.00	375.00	424.00	501.00	486.00	433.00	353.00	326.00	295.00	279.00	280.00	281.00	272.00	270.00	270.00	273.00	269.00	268.00	269.00	295.00	472.00	527.00	400.00	301.00	306.00	328.00	352.00	379.00	422.00	439.00	447.00	434.00	404.00	493.00	517.00	485.00	483.00	398.00	444.00	450.00	471.00	459.00	445.00	461.00	465.00	457.00	466.00	485.00	463.00	473.00	461.00	416.00	425.00	441.00	466.00	527.00	548.00	590.00	702.00	646.00	592.00	691.00	744.00	758.00	735.00	746.00	769.00	774.00	812.00	793.00	722.00	679.00	650.00	626.00	624.00	635.00	636.00	652.00	587.00	572.00	583.00	586.00	562.00	553.00	514.00	486.00	467.00	551.00	532.00	562.00	511.00	450.00	553.00	551.00	525.00	528.00	483.00	441.00	416.00	398.00	394.00	396.00	407.00	409.00	412.00	471.00	499.00	500.00	508.00	470.00	491.00	509.00	482.00	485.00	532.00	573.00	592.00	561.00	616.00	585.00	610.00	589.00	646.00	657.00	696.00	768.00	872.00	894.00	789.00	751.00	759.00	732.00	693.00	692.00	646.00	657.00	755.00	722.00	649.00	697.00	774.00	723.00	785.00	803.00	768.00	675.00	649.00	775.00	754.00	734.00	683.00	636.00	602.00	648.00	737.00	741.00	727.00	714.00	697.00	693.00	697.00	730.00	746.00	859.00	826.00	878.00	964.00	997.00	1035.00	1090.00	1110.00	1114.00	1160.00	1200.00	1181.00	1155.00	1089.00	986.00	972.00	968.00	1023.00	980.00	1066.00	1128.00	1079.00	995.00	904.00	927.00	892.00	811.00	860.00	913.00	871.00	760.00	675.00	602.00	588.00	639.00	585.00	658.00	634.00	630.00	681.00	733.00	713.00	699.00	688.00	674.00	643.00	629.00	621.00	676.00	722.00	744.00	808.00	794.00	783.00	782.00	828.00	810.00	768.00	785.00	799.00	776.00	793.00	829.00	756.00	785.00	825.00	883.00	906.00	840.00	821.00	784.00	761.00	739.00	732.00	699.00	753.00	753.00	755.00	816.00	858.00	799.00	684.00	653.00	699.00	750.00	715.00	656.00	624.00	610.00
306.00	342.00	368.00	386.00	368.00	437.00	465.00	561.00	614.00	610.00	482.00	449.00	406.00	354.00	303.00	318.00	308.00	282.00	278.00	296.00	334.00	352.00	337.00	274.00	410.00	390.00	292.00	296.00	321.00	343.00	418.00	382.00	408.00	538.00	527.00	493.00	440.00	534.00	563.00	530.00	459.00	430.00	504.00	533.00	528.00	516.00	514.00	553.00	568.00	502.00	531.00	542.00	571.00	581.00	537.00	436.00	431.00	509.00	554.00	609.00	645.00	690.00	656.00	581.00	631.00	732.00	806.00	781.00	731.00	711.00	668.00	664.00	687.00	756.00	782.00	743.00	674.00	660.00	724.00	719.00	684.00	637.00	687.00	649.00	574.00	534.00	529.00	496.00	500.00	478.00	491.00	617.00	612.00	585.00	505.00	471.00	638.00	644.00	635.00	625.00	515.00	485.00	439.00	396.00	394.00	399.00	423.00	447.00	490.00	444.00	439.00	448.00	453.00	477.00	508.00	558.00	584.00	580.00	548.00	592.00	655.00	684.00	664.00	664.00	729.00	660.00	622.00	677.00	728.00	781.00	885.00	916.00	847.00	883.00	883.00	857.00	756.00	727.00	695.00	637.00	642.00	707.00	634.00	704.00	722.00	763.00	815.00	788.00	754.00	705.00	633.00	697.00	740.00	682.00	609.00	596.00	639.00	664.00	674.00	652.00	653.00	681.00	719.00	705.00	726.00	760.00	775.00	963.00	930.00	868.00	929.00	1011.00	1144.00	1167.00	1159.00	1191.00	1201.00	1200.00	1172.00	1156.00	1142.00	1077.00	1062.00	1041.00	1027.00	1055.00	1077.00	1108.00	1125.00	1042.00	835.00	893.00	932.00	825.00	764.00	870.00	913.00	825.00	719.00	616.00	595.00	559.00	555.00	616.00	580.00	600.00	629.00	634.00	727.00	723.00	728.00	702.00	717.00	671.00	639.00	693.00	722.00	839.00	835.00	806.00	827.00	819.00	777.00	741.00	664.00	688.00	722.00	787.00	795.00	781.00	673.00	680.00	752.00	820.00	948.00	854.00	795.00	746.00	815.00	827.00	794.00	733.00	743.00	792.00	770.00	822.00	827.00	729.00	696.00	681.00	748.00	778.00	744.00	674.00	635.00	623.00
306.00	342.00	368.00	386.00	368.00	437.00	465.00	561.00	614.00	610.00	482.00	449.00	406.00	354.00	303.00	318.00	308.00	282.00	278.00	296.00	334.00	352.00	337.00	274.00	410.00	390.00	292.00	296.00	321.00	343.00	418.00	382.00	408.00	538.00	527.00	493.00	440.00	534.00	563.00	530.00	459.00	430.00	504.00	533.00	528.00	516.00	514.00	553.00	568.00	502.00	531.00	542.00	571.00	581.00	537.00	436.00	431.00	509.00	554.00	609.00	645.00	690.00	656.00	581.00	631.00	732.00	806.00	781.00	731.00	711.00	668.00	664.00	687.00	756.00	782.00	743.00	674.00	660.00	724.00	719.00	684.00	637.00	687.00	649.00	574.00	534.00	529.00	496.00	500.00	478.00	491.00	617.00	612.00	585.00	505.00	471.00	638.00	644.00	635.00	625.00	515.00	485.00	439.00	396.00	394.00	399.00	423.00	447.00	490.00	444.00	439.00	448.00	453.00	477.00	508.00	558.00	584.00	580.00	548.00	592.00	655.00	684.00	664.00	664.00	729.00	660.00	622.00	677.00	728.00	781.00	885.00	916.00	847.00	883.00	883.00	857.00	756.00	727.00	695.00	637.00	642.00	707.00	634.00	704.00	722.00	763.00	815.00	788.00	754.00	705.00	633.00	697.00	740.00	682.00	609.00	596.00	639.00	664.00	674.00	652.00	653.00	681.00	719.00	705.00	726.00	760.00	775.00	963.00	930.00	868.00	929.00	1011.00	1144.00	1167.00	1159.00	1191.00	1201.00	1200.00	1172.00	1156.00	1142.00	1077.00	1062.00	1041.00	1027.00	1055.00	1077.00	1108.00	1125.00	1042.00	835.00	893.00	932.00	825.00	764.00	870.00	913.00	825.00	719.00	616.00	595.00	559.00	555.00	616.00	580.00	600.00	629.00	634.00	727.00	723.00	728.00	702.00	717.00	671.00	639.00	693.00	722.00	839.00	835.00	806.00	827.00	819.00	777.00	741.00	664.00	688.00	722.00	787.00	795.00	781.00	673.00	680.00	752.00	820.00	948.00	854.00	795.00	746.00	815.00	827.00	794.00	733.00	743.00	792.00	770.00	822.00	827.00	729.00	696.00	681.00	748.00	778.00	744.00	674.00	635.00	623.00
330.00	351.00	439.00	493.00	539.00	596.00	674.00	690.00	712.00	659.00	518.00	471.00	405.00	343.00	415.00	432.00	403.00	316.00	294.00	431.00	355.00	389.00	483.00	411.00	318.00	312.00	330.00	352.00	436.00	426.00	414.00	521.00	552.00	472.00	566.00	527.00	486.00	554.00	617.00	634.00	533.00	549.00	698.00	750.00	777.00	798.00	749.00	834.00	800.00	725.00	678.00	850.00	779.00	664.00	584.00	599.00	524.00	457.00	479.00	546.00	676.00	607.00	503.00	578.00	734.00	648.00	569.00	572.00	623.00	732.00	705.00	722.00	790.00	982.00	961.00	824.00	763.00	851.00	841.00	769.00	785.00	787.00	602.00	600.00	606.00	577.00	610.00	540.00	506.00	546.00	590.00	636.00	649.00	578.00	547.00	486.00	628.00	631.00	567.00	517.00	554.00	478.00	423.00	399.00	400.00	434.00	474.00	528.00	580.00	552.00	587.00	654.00	615.00	658.00	518.00	584.00	645.00	638.00	603.00	630.00	657.00	690.00	743.00	914.00	882.00	772.00	758.00	796.00	764.00	837.00	806.00	905.00	836.00	801.00	760.00	769.00	744.00	793.00	729.00	651.00	609.00	616.00	635.00	692.00	742.00	777.00	722.00	722.00	818.00	737.00	696.00	647.00	604.00	582.00	710.00	693.00	739.00	722.00	774.00	783.00	736.00	741.00	772.00	797.00	797.00	841.00	906.00	1030.00	1045.00	1040.00	1014.00	1010.00	1034.00	1025.00	972.00	959.00	968.00	1016.00	1013.00	1011.00	998.00	998.00	980.00	951.00	939.00	993.00	1039.00	1057.00	1038.00	1042.00	885.00	778.00	729.00	719.00	770.00	852.00	907.00	867.00	702.00	585.00	562.00	546.00	525.00	552.00	584.00	619.00	630.00	663.00	836.00	819.00	847.00	801.00	769.00	724.00	699.00	690.00	736.00	742.00	753.00	762.00	706.00	674.00	668.00	626.00	595.00	574.00	660.00	639.00	638.00	699.00	590.00	664.00	659.00	665.00	659.00	669.00	719.00	840.00	982.00	830.00	825.00	775.00	797.00	765.00	861.00	853.00	774.00	770.00	849.00	783.00	866.00	825.00	766.00	702.00	646.00	643.00
330.00	351.00	439.00	493.00	539.00	596.00	674.00	690.00	712.00	659.00	518.00	471.00	405.00	343.00	415.00	432.00	403.00	316.00	294.00	431.00	355.00	389.00	483.00	411.00	318.00	312.00	330.00	352.00	436.00	426.00	414.00	521.00	552.00	472.00	566.00	527.00	486.00	554.00	617.00	634.00	533.00	549.00	698.00	750.00	777.00	798.00	749.00	834.00	800.00	725.00	678.00	850.00	779.00	664.00	584.00	599.00	524.00	457.00	479.00	546.00	676.00	607.00	503.00	578.00	734.00	648.00	569.00	572.00	623.00	732.00	705.00	722.00	790.00	982.00	961.00	824.00	763.00	851.00	841.00	769.00	785.00	787.00	602.00	600.00	606.00	577.00	610.00	540.00	506.00	546.00	590.00	636.00	649.00	578.00	547.00	486.00	628.00	631.00	567.00	517.00	554.00	478.00	423.00	399.00	400.00	434.00	474.00	528.00	580.00	552.00	587.00	654.00	615.00	658.00	518.00	584.00	645.00	638.00	603.00	630.00	657.00	690.00	743.00	914.00	882.00	772.00	758.00	796.00	764.00	837.00	806.00	905.00	836.00	801.00	760.00	769.00	744.00	793.00	729.00	651.00	609.00	616.00	635.00	692.00	742.00	777.00	722.00	722.00	818.00	737.00	696.00	647.00	604.00	582.00	710.00	693.00	739.00	722.00	774.00	783.00	736.00	741.00	772.00	797.00	797.00	841.00	906.00	1030.00	1045.00	1040.00	1014.00	1010.00	1034.00	1025.00	972.00	959.00	968.00	1016.00	1013.00	1011.00	998.00	998.00	980.00	951.00	939.00	993.00	1039.00	1057.00	1038.00	1042.00	885.00	778.00	729.00	719.00	770.00	852.00	907.00	867.00	702.00	585.00	562.00	546.00	525.00	552.00	584.00	619.00	630.00	663.00	836.00	819.00	847.00	801.00	769.00	724.00	699.00	690.00	736.00	742.00	753.00	762.00	706.00	674.00	668.00	626.00	595.00	574.00	660.00	639.00	638.00	699.00	590.00	664.00	659.00	665.00	659.00	669.00	719.00	840.00	982.00	830.00	825.00	775.00	797.00	765.00	861.00	853.00	774.00	770.00	849.00	783.00	866.00	825.00	766.00	702.00	646.00	643.00
358.00	382.00	455.00	506.00	578.00	651.00	762.00	738.00	666.00	586.00	438.00	400.00	371.00	391.00	463.00	470.00	411.00	392.00	311.00	521.00	488.00	403.00	403.00	447.00	380.00	384.00	402.00	435.00	575.00	561.00	406.00	490.00	553.00	484.00	562.00	605.00	604.00	675.00	762.00	728.00	594.00	485.00	557.00	616.00	704.00	806.00	942.00	1003.00	958.00	808.00	848.00	930.00	804.00	663.00	687.00	668.00	582.00	520.00	475.00	459.00	500.00	523.00	593.00	543.00	565.00	546.00	603.00	614.00	618.00	827.00	824.00	826.00	799.00	1029.00	911.00	807.00	886.00	914.00	897.00	904.00	869.00	779.00	682.00	667.00	647.00	629.00	594.00	523.00	559.00	549.00	588.00	634.00	599.00	557.00	510.00	501.00	609.00	664.00	610.00	567.00	473.00	440.00	420.00	403.00	403.00	432.00	488.00	576.00	606.00	635.00	661.00	714.00	666.00	600.00	605.00	569.00	545.00	584.00	672.00	705.00	712.00	729.00	829.00	991.00	934.00	883.00	824.00	715.00	752.00	782.00	765.00	881.00	832.00	797.00	760.00	736.00	704.00	778.00	706.00	635.00	594.00	658.00	712.00	713.00	742.00	708.00	700.00	665.00	717.00	733.00	666.00	609.00	576.00	610.00	782.00	818.00	794.00	780.00	811.00	825.00	781.00	782.00	788.00	782.00	794.00	784.00	853.00	933.00	958.00	961.00	912.00	921.00	903.00	912.00	902.00	857.00	879.00	921.00	916.00	948.00	938.00	990.00	997.00	964.00	922.00	975.00	1015.00	1038.00	962.00	1015.00	920.00	818.00	744.00	662.00	824.00	931.00	876.00	784.00	752.00	652.00	592.00	555.00	525.00	559.00	579.00	629.00	664.00	687.00	856.00	926.00	956.00	897.00	789.00	756.00	738.00	729.00	705.00	699.00	654.00	735.00	743.00	619.00	672.00	709.00	670.00	623.00	639.00	592.00	611.00	670.00	580.00	647.00	613.00	605.00	633.00	742.00	805.00	940.00	988.00	930.00	861.00	784.00	840.00	779.00	947.00	955.00	864.00	823.00	888.00	864.00	925.00	800.00	771.00	696.00	651.00	668.00
440.00	431.00	523.00	562.00	574.00	617.00	744.00	722.00	627.00	548.00	472.00	444.00	421.00	472.00	467.00	414.00	391.00	362.00	350.00	529.00	530.00	476.00	440.00	416.00	443.00	500.00	559.00	587.00	686.00	637.00	426.00	542.00	631.00	602.00	675.00	758.00	784.00	847.00	851.00	770.00	637.00	505.00	615.00	611.00	599.00	667.00	840.00	966.00	1067.00	982.00	1001.00	857.00	756.00	753.00	791.00	673.00	592.00	521.00	514.00	481.00	577.00	684.00	795.00	722.00	616.00	642.00	609.00	692.00	715.00	726.00	812.00	892.00	944.00	1042.00	966.00	935.00	1020.00	1037.00	1022.00	940.00	835.00	765.00	624.00	626.00	627.00	593.00	554.00	608.00	633.00	624.00	646.00	651.00	630.00	528.00	530.00	589.00	632.00	592.00	561.00	553.00	464.00	436.00	417.00	406.00	406.00	454.00	456.00	480.00	511.00	561.00	619.00	710.00	695.00	605.00	673.00	683.00	585.00	639.00	670.00	803.00	818.00	860.00	808.00	886.00	864.00	850.00	891.00	762.00	684.00	728.00	789.00	860.00	746.00	764.00	809.00	782.00	690.00	784.00	724.00	625.00	589.00	692.00	716.00	779.00	744.00	657.00	678.00	665.00	635.00	682.00	619.00	569.00	646.00	775.00	726.00	799.00	767.00	776.00	734.00	751.00	700.00	746.00	763.00	773.00	704.00	733.00	750.00	841.00	903.00	917.00	865.00	809.00	781.00	830.00	816.00	853.00	837.00	856.00	903.00	941.00	914.00	942.00	969.00	964.00	924.00	938.00	985.00	1006.00	903.00	966.00	849.00	851.00	776.00	647.00	821.00	913.00	863.00	762.00	668.00	650.00	596.00	555.00	510.00	541.00	578.00	602.00	645.00	692.00	879.00	970.00	987.00	970.00	877.00	793.00	719.00	675.00	647.00	614.00	644.00	753.00	675.00	611.00	623.00	719.00	642.00	600.00	568.00	593.00	584.00	654.00	607.00	614.00	569.00	646.00	722.00	862.00	891.00	915.00	969.00	997.00	838.00	840.00	907.00	809.00	909.00	1006.00	1001.00	885.00	1004.00	1024.00	975.00	855.00	793.00	665.00	673.00	714.00
450.00	459.00	556.00	607.00	630.00	636.00	728.00	748.00	681.00	597.00	513.00	492.00	526.00	482.00	440.00	461.00	500.00	503.00	423.00	455.00	489.00	539.00	553.00	516.00	472.00	507.00	573.00	621.00	695.00	598.00	462.00	491.00	632.00	787.00	849.00	927.00	919.00	817.00	734.00	651.00	576.00	529.00	699.00	735.00	691.00	635.00	831.00	947.00	1072.00	1147.00	1098.00	888.00	893.00	866.00	807.00	653.00	570.00	575.00	603.00	526.00	537.00	628.00	766.00	747.00	740.00	789.00	689.00	730.00	765.00	758.00	763.00	806.00	927.00	1048.00	1032.00	1077.00	1127.00	1156.00	1009.00	920.00	834.00	806.00	655.00	624.00	596.00	615.00	625.00	676.00	691.00	676.00	627.00	591.00	557.00	581.00	627.00	642.00	618.00	593.00	542.00	519.00	449.00	428.00	410.00	410.00	409.00	497.00	566.00	533.00	504.00	494.00	549.00	607.00	639.00	654.00	701.00	730.00	668.00	676.00	750.00	804.00	770.00	833.00	820.00	810.00	840.00	803.00	834.00	833.00	745.00	668.00	726.00	803.00	803.00	749.00	699.00	777.00	651.00	731.00	727.00	643.00	587.00	688.00	723.00	736.00	721.00	617.00	672.00	697.00	683.00	619.00	564.00	582.00	646.00	724.00	683.00	696.00	736.00	772.00	674.00	683.00	667.00	681.00	701.00	715.00	665.00	707.00	766.00	806.00	866.00	860.00	810.00	789.00	732.00	757.00	763.00	847.00	821.00	853.00	880.00	841.00	818.00	917.00	966.00	968.00	935.00	855.00	929.00	936.00	905.00	956.00	779.00	723.00	677.00	623.00	734.00	812.00	776.00	714.00	629.00	574.00	555.00	524.00	492.00	544.00	592.00	646.00	708.00	766.00	865.00	939.00	938.00	916.00	912.00	843.00	775.00	728.00	703.00	595.00	594.00	722.00	720.00	612.00	577.00	632.00	658.00	666.00	527.00	539.00	545.00	610.00	534.00	548.00	595.00	669.00	713.00	734.00	802.00	895.00	953.00	950.00	864.00	879.00	977.00	880.00	962.00	1007.00	1021.00	992.00	1070.00	1046.00	957.00	793.00	745.00	687.00	725.00	766.00
418.00	464.00	498.00	507.00	537.00	597.00	761.00	805.00	730.00	643.00	602.00	574.00	550.00	541.00	562.00	564.00	511.00	401.00	344.00	365.00	411.00	475.00	574.00	634.00	624.00	583.00	606.00	615.00	606.00	620.00	537.00	570.00	566.00	736.00	853.00	964.00	916.00	725.00	676.00	651.00	601.00	582.00	761.00	807.00	771.00	704.00	853.00	956.00	1035.00	1076.00	1066.00	961.00	909.00	853.00	809.00	652.00	598.00	666.00	677.00	576.00	520.00	607.00	764.00	867.00	888.00	893.00	851.00	908.00	897.00	938.00	924.00	869.00	885.00	918.00	960.00	1038.00	1094.00	1133.00	1030.00	922.00	840.00	769.00	680.00	697.00	705.00	703.00	692.00	673.00	648.00	651.00	641.00	639.00	614.00	671.00	647.00	621.00	567.00	538.00	526.00	505.00	434.00	416.00	411.00	411.00	414.00	502.00	540.00	619.00	617.00	518.00	498.00	552.00	593.00	667.00	691.00	738.00	771.00	807.00	802.00	766.00	748.00	738.00	741.00	749.00	751.00	766.00	727.00	749.00	761.00	705.00	668.00	738.00	717.00	788.00	714.00	681.00	630.00	712.00	750.00	672.00	603.00	624.00	653.00	632.00	666.00	634.00	691.00	716.00	686.00	603.00	556.00	594.00	673.00	664.00	646.00	699.00	685.00	665.00	628.00	651.00	633.00	636.00	649.00	640.00	650.00	679.00	693.00	748.00	783.00	754.00	724.00	765.00	687.00	680.00	772.00	809.00	753.00	832.00	785.00	737.00	780.00	910.00	929.00	940.00	925.00	799.00	809.00	871.00	817.00	891.00	764.00	715.00	701.00	667.00	609.00	649.00	659.00	630.00	576.00	558.00	532.00	517.00	489.00	510.00	549.00	592.00	658.00	682.00	803.00	824.00	868.00	893.00	814.00	852.00	883.00	824.00	728.00	599.00	601.00	699.00	720.00	647.00	596.00	547.00	552.00	603.00	579.00	510.00	560.00	650.00	530.00	547.00	569.00	598.00	644.00	794.00	846.00	931.00	876.00	885.00	925.00	912.00	969.00	946.00	888.00	904.00	963.00	993.00	906.00	905.00	923.00	800.00	738.00	705.00	761.00	811.00
418.00	464.00	498.00	507.00	537.00	597.00	761.00	805.00	730.00	643.00	602.00	574.00	550.00	541.00	562.00	564.00	511.00	401.00	344.00	365.00	411.00	475.00	574.00	634.00	624.00	583.00	606.00	615.00	606.00	620.00	537.00	570.00	566.00	736.00	853.00	964.00	916.00	725.00	676.00	651.00	601.00	582.00	761.00	807.00	771.00	704.00	853.00	956.00	1035.00	1076.00	1066.00	961.00	909.00	853.00	809.00	652.00	598.00	666.00	677.00	576.00	520.00	607.00	764.00	867.00	888.00	893.00	851.00	908.00	897.00	938.00	924.00	869.00	885.00	918.00	960.00	1038.00	1094.00	1133.00	1030.00	922.00	840.00	769.00	680.00	697.00	705.00	703.00	692.00	673.00	648.00	651.00	641.00	639.00	614.00	671.00	647.00	621.00	567.00	538.00	526.00	505.00	434.00	416.00	411.00	411.00	414.00	502.00	540.00	619.00	617.00	518.00	498.00	552.00	593.00	667.00	691.00	738.00	771.00	807.00	802.00	766.00	748.00	738.00	741.00	749.00	751.00	766.00	727.00	749.00	761.00	705.00	668.00	738.00	717.00	788.00	714.00	681.00	630.00	712.00	750.00	672.00	603.00	624.00	653.00	632.00	666.00	634.00	691.00	716.00	686.00	603.00	556.00	594.00	673.00	664.00	646.00	699.00	685.00	665.00	628.00	651.00	633.00	636.00	649.00	640.00	650.00	679.00	693.00	748.00	783.00	754.00	724.00	765.00	687.00	680.00	772.00	809.00	753.00	832.00	785.00	737.00	780.00	910.00	929.00	940.00	925.00	799.00	809.00	871.00	817.00	891.00	764.00	715.00	701.00	667.00	609.00	649.00	659.00	630.00	576.00	558.00	532.00	517.00	489.00	510.00	549.00	592.00	658.00	682.00	803.00	824.00	868.00	893.00	814.00	852.00	883.00	824.00	728.00	599.00	601.00	699.00	720.00	647.00	596.00	547.00	552.00	603.00	579.00	510.00	560.00	650.00	530.00	547.00	569.00	598.00	644.00	794.00	846.00	931.00	876.00	885.00	925.00	912.00	969.00	946.00	888.00	904.00	963.00	993.00	906.00	905.00	923.00	800.00	738.00	705.00	761.00	811.00
400.00	417.00	447.00	502.00	578.00	611.00	704.00	775.00	788.00	743.00	573.00	520.00	521.00	496.00	506.00	462.00	403.00	349.00	398.00	476.00	436.00	401.00	481.00	561.00	639.00	662.00	723.00	744.00	641.00	649.00	643.00	647.00	679.00	719.00	805.00	915.00	931.00	808.00	762.00	702.00	626.00	602.00	752.00	815.00	847.00	805.00	834.00	923.00	962.00	1007.00	1046.00	891.00	809.00	752.00	708.00	641.00	686.00	743.00	707.00	605.00	507.00	589.00	806.00	903.00	922.00	958.00	925.00	855.00	872.00	1023.00	1050.00	1033.00	1019.00	875.00	952.00	972.00	964.00	1046.00	1006.00	958.00	872.00	821.00	784.00	794.00	773.00	738.00	739.00	716.00	711.00	703.00	662.00	651.00	631.00	618.00	583.00	551.00	576.00	591.00	584.00	543.00	434.00	415.00	415.00	410.00	443.00	579.00	631.00	641.00	691.00	583.00	509.00	515.00	559.00	600.00	642.00	665.00	733.00	824.00	852.00	830.00	833.00	819.00	788.00	747.00	707.00	689.00	677.00	673.00	677.00	679.00	636.00	667.00	656.00	679.00	667.00	651.00	619.00	696.00	721.00	689.00	619.00	569.00	593.00	675.00	690.00	639.00	707.00	698.00	687.00	589.00	557.00	592.00	610.00	631.00	745.00	725.00	654.00	624.00	593.00	588.00	593.00	598.00	608.00	650.00	660.00	684.00	682.00	749.00	771.00	720.00	681.00	698.00	665.00	651.00	722.00	764.00	708.00	725.00	718.00	708.00	774.00	869.00	880.00	886.00	878.00	782.00	735.00	810.00	758.00	822.00	806.00	774.00	736.00	677.00	564.00	563.00	574.00	579.00	549.00	514.00	505.00	494.00	490.00	495.00	526.00	556.00	602.00	589.00	702.00	715.00	794.00	849.00	786.00	733.00	827.00	816.00	717.00	563.00	653.00	719.00	647.00	611.00	631.00	605.00	566.00	552.00	514.00	496.00	525.00	600.00	594.00	611.00	626.00	688.00	697.00	719.00	742.00	762.00	718.00	789.00	847.00	890.00	911.00	964.00	1007.00	1008.00	1029.00	1033.00	925.00	858.00	863.00	805.00	710.00	762.00	751.00	773.00
521.00	593.00	595.00	603.00	628.00	623.00	682.00	691.00	646.00	620.00	625.00	653.00	633.00	590.00	547.00	549.00	491.00	404.00	419.00	587.00	550.00	541.00	524.00	493.00	461.00	461.00	472.00	540.00	668.00	774.00	924.00	919.00	889.00	976.00	980.00	987.00	976.00	867.00	785.00	692.00	618.00	674.00	820.00	881.00	941.00	980.00	953.00	978.00	1009.00	1077.00	1129.00	997.00	950.00	914.00	904.00	829.00	863.00	841.00	782.00	708.00	559.00	525.00	603.00	623.00	783.00	876.00	798.00	707.00	760.00	874.00	960.00	973.00	907.00	922.00	998.00	1021.00	1005.00	989.00	835.00	784.00	735.00	749.00	728.00	690.00	638.00	605.00	684.00	819.00	811.00	789.00	755.00	682.00	609.00	536.00	596.00	665.00	569.00	609.00	583.00	534.00	429.00	418.00	418.00	422.00	481.00	509.00	516.00	541.00	575.00	660.00	664.00	641.00	640.00	678.00	725.00	736.00	765.00	805.00	943.00	881.00	815.00	794.00	791.00	815.00	818.00	751.00	706.00	699.00	731.00	774.00	754.00	759.00	708.00	783.00	729.00	718.00	646.00	622.00	600.00	602.00	596.00	597.00	585.00	570.00	558.00	546.00	565.00	615.00	664.00	542.00	579.00	671.00	721.00	678.00	639.00	674.00	576.00	574.00	639.00	665.00	709.00	677.00	688.00	705.00	697.00	736.00	800.00	806.00	776.00	759.00	710.00	688.00	632.00	668.00	709.00	747.00	678.00	640.00	629.00	647.00	674.00	768.00	794.00	789.00	779.00	707.00	673.00	658.00	674.00	689.00	608.00	593.00	585.00	582.00	565.00	547.00	535.00	523.00	536.00	550.00	538.00	512.00	461.00	477.00	490.00	501.00	526.00	562.00	578.00	591.00	647.00	705.00	733.00	642.00	627.00	666.00	547.00	708.00	691.00	814.00	819.00	702.00	773.00	699.00	632.00	609.00	606.00	516.00	462.00	487.00	603.00	603.00	661.00	746.00	727.00	584.00	597.00	676.00	693.00	677.00	666.00	747.00	813.00	786.00	885.00	945.00	955.00	911.00	823.00	797.00	755.00	789.00	884.00	908.00	882.00	779.00
521.00	593.00	595.00	603.00	628.00	623.00	682.00	691.00	646.00	620.00	625.00	653.00	633.00	590.00	547.00	549.00	491.00	404.00	419.00	587.00	550.00	541.00	524.00	493.00	461.00	461.00	472.00	540.00	668.00	774.00	924.00	919.00	889.00	976.00	980.00	987.00	976.00	867.00	785.00	692.00	618.00	674.00	820.00	881.00	941.00	980.00	953.00	978.00	1009.00	1077.00	1129.00	997.00	950.00	914.00	904.00	829.00	863.00	841.00	782.00	708.00	559.00	525.00	603.00	623.00	783.00	876.00	798.00	707.00	760.00	874.00	960.00	973.00	907.00	922.00	998.00	1021.00	1005.00	989.00	835.00	784.00	735.00	749.00	728.00	690.00	638.00	605.00	684.00	819.00	811.00	789.00	755.00	682.00	609.00	536.00	596.00	665.00	569.00	609.00	583.00	534.00	429.00	418.00	418.00	422.00	481.00	509.00	516.00	541.00	575.00	660.00	664.00	641.00	640.00	678.00	725.00	736.00	765.00	805.00	943.00	881.00	815.00	794.00	791.00	815.00	818.00	751.00	706.00	699.00	731.00	774.00	754.00	759.00	708.00	783.00	729.00	718.00	646.00	622.00	600.00	602.00	596.00	597.00	585.00	570.00	558.00	546.00	565.00	615.00	664.00	542.00	579.00	671.00	721.00	678.00	639.00	674.00	576.00	574.00	639.00	665.00	709.00	677.00	688.00	705.00	697.00	736.00	800.00	806.00	776.00	759.00	710.00	688.00	632.00	668.00	709.00	747.00	678.00	640.00	629.00	647.00	674.00	768.00	794.00	789.00	779.00	707.00	673.00	658.00	674.00	689.00	608.00	593.00	585.00	582.00	565.00	547.00	535.00	523.00	536.00	550.00	538.00	512.00	461.00	477.00	490.00	501.00	526.00	562.00	578.00	591.00	647.00	705.00	733.00	642.00	627.00	666.00	547.00	708.00	691.00	814.00	819.00	702.00	773.00	699.00	632.00	609.00	606.00	516.00	462.00	487.00	603.00	603.00	661.00	746.00	727.00	584.00	597.00	676.00	693.00	677.00	666.00	747.00	813.00	786.00	885.00	945.00	955.00	911.00	823.00	797.00	755.00	789.00	884.00	908.00	882.00	779.00
548.00	576.00	571.00	554.00	565.00	550.00	617.00	691.00	710.00	661.00	562.00	544.00	534.00	573.00	646.00	479.00	422.00	395.00	393.00	563.00	623.00	671.00	649.00	591.00	571.00	571.00	539.00	518.00	597.00	649.00	779.00	823.00	890.00	954.00	935.00	901.00	849.00	760.00	707.00	677.00	670.00	727.00	839.00	904.00	972.00	1030.00	1096.00	1151.00	1188.00	1199.00	1233.00	1113.00	1060.00	1027.00	998.00	961.00	931.00	865.00	820.00	787.00	609.00	592.00	544.00	608.00	776.00	766.00	689.00	675.00	705.00	890.00	936.00	895.00	799.00	940.00	992.00	976.00	909.00	888.00	833.00	820.00	733.00	666.00	667.00	705.00	645.00	582.00	600.00	738.00	687.00	720.00	683.00	636.00	648.00	530.00	518.00	568.00	643.00	676.00	572.00	525.00	421.00	420.00	422.00	433.00	525.00	563.00	556.00	547.00	542.00	636.00	602.00	607.00	583.00	577.00	634.00	653.00	677.00	699.00	894.00	916.00	902.00	819.00	817.00	754.00	719.00	723.00	720.00	757.00	780.00	846.00	863.00	840.00	811.00	836.00	806.00	822.00	717.00	655.00	684.00	675.00	679.00	629.00	617.00	600.00	576.00	553.00	539.00	535.00	547.00	537.00	611.00	688.00	646.00	637.00	596.00	567.00	597.00	635.00	637.00	659.00	703.00	718.00	698.00	639.00	663.00	700.00	771.00	849.00	856.00	836.00	767.00	713.00	683.00	783.00	812.00	788.00	761.00	684.00	628.00	618.00	674.00	752.00	758.00	747.00	765.00	753.00	701.00	656.00	639.00	643.00	562.00	545.00	539.00	538.00	544.00	535.00	524.00	516.00	503.00	512.00	503.00	495.00	456.00	464.00	473.00	495.00	528.00	564.00	539.00	571.00	598.00	605.00	661.00	609.00	563.00	590.00	521.00	685.00	778.00	827.00	770.00	653.00	767.00	700.00	623.00	588.00	545.00	542.00	471.00	465.00	588.00	571.00	626.00	707.00	726.00	550.00	580.00	630.00	627.00	620.00	723.00	765.00	737.00	697.00	794.00	850.00	931.00	922.00	872.00	807.00	772.00	867.00	897.00	897.00	828.00	837.00
479.00	480.00	513.00	508.00	481.00	509.00	605.00	683.00	685.00	635.00	569.00	574.00	564.00	496.00	497.00	475.00	529.00	489.00	447.00	564.00	654.00	767.00	776.00	738.00	791.00	725.00	649.00	626.00	648.00	696.00	746.00	784.00	868.00	981.00	961.00	924.00	905.00	814.00	783.00	790.00	767.00	743.00	883.00	962.00	1048.00	1120.00	1141.00	1132.00	1138.00	1094.00	1097.00	1071.00	1054.00	1008.00	957.00	992.00	981.00	907.00	790.00	704.00	663.00	655.00	616.00	700.00	672.00	621.00	639.00	692.00	737.00	863.00	916.00	809.00	715.00	943.00	912.00	877.00	843.00	780.00	736.00	736.00	726.00	717.00	588.00	676.00	701.00	648.00	569.00	680.00	601.00	639.00	575.00	569.00	543.00	538.00	489.00	523.00	565.00	673.00	630.00	536.00	419.00	421.00	423.00	436.00	479.00	481.00	484.00	492.00	495.00	524.00	528.00	568.00	618.00	626.00	659.00	664.00	716.00	782.00	814.00	824.00	895.00	857.00	822.00	775.00	782.00	791.00	795.00	824.00	837.00	857.00	846.00	846.00	793.00	809.00	742.00	763.00	754.00	741.00	762.00	753.00	734.00	658.00	617.00	581.00	581.00	584.00	556.00	540.00	531.00	534.00	612.00	660.00	606.00	577.00	545.00	551.00	585.00	597.00	660.00	683.00	676.00	647.00	674.00	620.00	670.00	715.00	789.00	781.00	781.00	823.00	757.00	697.00	660.00	751.00	821.00	844.00	816.00	723.00	671.00	625.00	611.00	714.00	734.00	698.00	708.00	767.00	757.00	719.00	607.00	624.00	606.00	570.00	551.00	520.00	508.00	508.00	509.00	503.00	495.00	513.00	484.00	471.00	458.00	452.00	483.00	510.00	540.00	569.00	526.00	543.00	531.00	572.00	659.00	588.00	556.00	523.00	507.00	687.00	771.00	712.00	667.00	629.00	729.00	742.00	656.00	622.00	545.00	509.00	495.00	453.00	514.00	535.00	593.00	614.00	636.00	523.00	555.00	563.00	573.00	579.00	643.00	654.00	653.00	727.00	832.00	881.00	957.00	924.00	846.00	812.00	788.00	902.00	917.00	882.00	887.00	908.00
411.00	415.00	452.00	453.00	473.00	510.00	635.00	682.00	677.00	687.00	571.00	515.00	516.00	549.00	554.00	565.00	657.00	660.00	579.00	504.00	559.00	631.00	749.00	882.00	987.00	864.00	831.00	734.00	791.00	847.00	926.00	909.00	942.00	1102.00	1094.00	1079.00	1088.00	992.00	935.00	879.00	839.00	770.00	904.00	977.00	999.00	1028.00	971.00	897.00	912.00	925.00	893.00	957.00	875.00	899.00	849.00	896.00	1031.00	1003.00	904.00	855.00	786.00	656.00	569.00	593.00	646.00	695.00	725.00	753.00	697.00	809.00	827.00	730.00	731.00	830.00	787.00	770.00	830.00	813.00	661.00	666.00	661.00	702.00	575.00	644.00	656.00	671.00	605.00	554.00	524.00	523.00	498.00	486.00	480.00	472.00	464.00	457.00	492.00	547.00	519.00	515.00	426.00	422.00	428.00	444.00	469.00	537.00	569.00	595.00	543.00	586.00	607.00	610.00	700.00	735.00	807.00	794.00	787.00	821.00	735.00	819.00	888.00	874.00	883.00	904.00	873.00	936.00	936.00	929.00	886.00	841.00	807.00	790.00	734.00	758.00	760.00	696.00	759.00	717.00	673.00	657.00	643.00	598.00	603.00	619.00	638.00	611.00	592.00	577.00	542.00	527.00	544.00	580.00	570.00	549.00	552.00	597.00	640.00	627.00	643.00	689.00	676.00	646.00	592.00	643.00	682.00	727.00	794.00	756.00	689.00	737.00	754.00	671.00	647.00	715.00	767.00	837.00	834.00	758.00	714.00	668.00	610.00	653.00	680.00	663.00	659.00	720.00	733.00	728.00	611.00	592.00	679.00	655.00	602.00	559.00	522.00	505.00	491.00	485.00	482.00	513.00	510.00	480.00	455.00	441.00	468.00	504.00	548.00	566.00	477.00	501.00	524.00	569.00	686.00	639.00	567.00	497.00	505.00	635.00	702.00	655.00	585.00	684.00	731.00	704.00	628.00	580.00	544.00	542.00	527.00	464.00	488.00	505.00	514.00	510.00	500.00	541.00	591.00	623.00	681.00	648.00	650.00	703.00	726.00	691.00	819.00	895.00	980.00	908.00	962.00	859.00	794.00	894.00	937.00	958.00	936.00	985.00
379.00	385.00	425.00	452.00	469.00	506.00	610.00	651.00	626.00	616.00	562.00	571.00	625.00	612.00	600.00	673.00	742.00	782.00	748.00	519.00	547.00	660.00	771.00	857.00	1014.00	1019.00	958.00	879.00	978.00	956.00	873.00	919.00	934.00	957.00	946.00	1015.00	1019.00	979.00	973.00	968.00	960.00	876.00	849.00	882.00	921.00	969.00	867.00	754.00	740.00	809.00	754.00	895.00	848.00	795.00	753.00	860.00	886.00	873.00	849.00	804.00	748.00	662.00	554.00	607.00	628.00	626.00	641.00	646.00	647.00	734.00	702.00	665.00	714.00	722.00	769.00	826.00	827.00	746.00	651.00	609.00	595.00	603.00	559.00	549.00	557.00	543.00	537.00	576.00	542.00	542.00	534.00	576.00	532.00	577.00	551.00	528.00	465.00	446.00	439.00	435.00	424.00	425.00	433.00	446.00	482.00	550.00	579.00	618.00	617.00	621.00	652.00	657.00	693.00	757.00	835.00	837.00	803.00	785.00	686.00	735.00	745.00	784.00	839.00	966.00	900.00	934.00	967.00	888.00	866.00	865.00	820.00	802.00	733.00	687.00	678.00	667.00	669.00	656.00	668.00	677.00	666.00	650.00	657.00	691.00	714.00	629.00	594.00	589.00	576.00	526.00	524.00	525.00	532.00	531.00	579.00	573.00	607.00	641.00	680.00	705.00	663.00	631.00	577.00	627.00	659.00	690.00	751.00	765.00	687.00	636.00	695.00	651.00	649.00	728.00	791.00	839.00	825.00	720.00	678.00	649.00	627.00	577.00	579.00	594.00	642.00	638.00	653.00	675.00	613.00	575.00	676.00	716.00	687.00	658.00	595.00	554.00	526.00	503.00	473.00	470.00	467.00	463.00	456.00	434.00	445.00	516.00	564.00	582.00	471.00	554.00	612.00	594.00	664.00	637.00	512.00	480.00	552.00	699.00	713.00	654.00	566.00	654.00	707.00	747.00	662.00	599.00	513.00	509.00	517.00	443.00	462.00	464.00	470.00	499.00	533.00	613.00	653.00	677.00	754.00	766.00	746.00	693.00	774.00	749.00	878.00	990.00	967.00	957.00	980.00	866.00	816.00	924.00	991.00	1067.00	1068.00	1180.00
379.00	385.00	425.00	452.00	469.00	506.00	610.00	651.00	626.00	616.00	562.00	571.00	625.00	612.00	600.00	673.00	742.00	782.00	748.00	519.00	547.00	660.00	771.00	857.00	1014.00	1019.00	958.00	879.00	978.00	956.00	873.00	919.00	934.00	957.00	946.00	1015.00	1019.00	979.00	973.00	968.00	960.00	876.00	849.00	882.00	921.00	969.00	867.00	754.00	740.00	809.00	754.00	895.00	848.00	795.00	753.00	860.00	886.00	873.00	849.00	804.00	748.00	662.00	554.00	607.00	628.00	626.00	641.00	646.00	647.00	734.00	702.00	665.00	714.00	722.00	769.00	826.00	827.00	746.00	651.00	609.00	595.00	603.00	559.00	549.00	557.00	543.00	537.00	576.00	542.00	542.00	534.00	576.00	532.00	577.00	551.00	528.00	465.00	446.00	439.00	435.00	424.00	425.00	433.00	446.00	482.00	550.00	579.00	618.00	617.00	621.00	652.00	657.00	693.00	757.00	835.00	837.00	803.00	785.00	686.00	735.00	745.00	784.00	839.00	966.00	900.00	934.00	967.00	888.00	866.00	865.00	820.00	802.00	733.00	687.00	678.00	667.00	669.00	656.00	668.00	677.00	666.00	650.00	657.00	691.00	714.00	629.00	594.00	589.00	576.00	526.00	524.00	525.00	532.00	531.00	579.00	573.00	607.00	641.00	680.00	705.00	663.00	631.00	577.00	627.00	659.00	690.00	751.00	765.00	687.00	636.00	695.00	651.00	649.00	728.00	791.00	839.00	825.00	720.00	678.00	649.00	627.00	577.00	579.00	594.00	642.00	638.00	653.00	675.00	613.00	575.00	676.00	716.00	687.00	658.00	595.00	554.00	526.00	503.00	473.00	470.00	467.00	463.00	456.00	434.00	445.00	516.00	564.00	582.00	471.00	554.00	612.00	594.00	664.00	637.00	512.00	480.00	552.00	699.00	713.00	654.00	566.00	654.00	707.00	747.00	662.00	599.00	513.00	509.00	517.00	443.00	462.00	464.00	470.00	499.00	533.00	613.00	653.00	677.00	754.00	766.00	746.00	693.00	774.00	749.00	878.00	990.00	967.00	957.00	980.00	866.00	816.00	924.00	991.00	1067.00	1068.00	1180.00
455.00	431.00	438.00	485.00	526.00	581.00	621.00	588.00	556.00	559.00	628.00	627.00	653.00	662.00	636.00	668.00	639.00	627.00	673.00	611.00	585.00	577.00	628.00	690.00	881.00	977.00	935.00	908.00	880.00	838.00	680.00	748.00	718.00	773.00	787.00	832.00	861.00	792.00	834.00	853.00	865.00	875.00	870.00	888.00	900.00	910.00	804.00	721.00	661.00	712.00	693.00	725.00	694.00	748.00	768.00	735.00	732.00	708.00	704.00	677.00	638.00	595.00	536.00	544.00	556.00	563.00	570.00	581.00	613.00	635.00	641.00	665.00	655.00	746.00	746.00	779.00	773.00	724.00	659.00	640.00	613.00	634.00	645.00	589.00	612.00	618.00	629.00	671.00	592.00	630.00	585.00	609.00	556.00	629.00	679.00	657.00	555.00	526.00	517.00	485.00	425.00	426.00	438.00	450.00	521.00	593.00	651.00	686.00	693.00	679.00	613.00	633.00	672.00	726.00	762.00	726.00	713.00	675.00	754.00	788.00	762.00	801.00	873.00	966.00	928.00	875.00	939.00	897.00	846.00	789.00	766.00	724.00	702.00	712.00	715.00	716.00	781.00	759.00	813.00	813.00	736.00	716.00	737.00	734.00	701.00	653.00	673.00	667.00	627.00	536.00	521.00	519.00	517.00	520.00	617.00	643.00	654.00	667.00	698.00	690.00	640.00	609.00	573.00	615.00	667.00	666.00	728.00	720.00	667.00	630.00	592.00	561.00	656.00	744.00	789.00	780.00	803.00	742.00	721.00	685.00	635.00	587.00	559.00	552.00	574.00	573.00	594.00	593.00	633.00	587.00	635.00	666.00	699.00	738.00	670.00	596.00	563.00	552.00	482.00	461.00	456.00	451.00	444.00	433.00	428.00	439.00	520.00	524.00	536.00	621.00	598.00	574.00	621.00	570.00	462.00	527.00	630.00	745.00	756.00	629.00	527.00	646.00	745.00	703.00	680.00	650.00	603.00	576.00	455.00	428.00	462.00	495.00	537.00	567.00	593.00	701.00	742.00	766.00	805.00	855.00	853.00	789.00	826.00	860.00	960.00	1054.00	1017.00	1046.00	1045.00	909.00	859.00	964.00	915.00	1104.00	1220.00	1326.00
541.00	534.00	510.00	585.00	621.00	599.00	509.00	466.00	449.00	500.00	580.00	524.00	547.00	584.00	534.00	491.00	480.00	439.00	462.00	617.00	604.00	647.00	709.00	766.00	743.00	700.00	729.00	685.00	572.00	584.00	558.00	565.00	639.00	614.00	586.00	640.00	696.00	625.00	662.00	647.00	645.00	669.00	700.00	717.00	693.00	658.00	677.00	623.00	581.00	589.00	619.00	596.00	603.00	630.00	661.00	635.00	679.00	674.00	686.00	718.00	624.00	605.00	664.00	636.00	564.00	586.00	620.00	657.00	664.00	708.00	721.00	759.00	775.00	676.00	697.00	698.00	699.00	746.00	863.00	797.00	700.00	743.00	714.00	716.00	719.00	750.00	705.00	729.00	812.00	749.00	684.00	753.00	799.00	719.00	663.00	597.00	546.00	573.00	537.00	476.00	430.00	431.00	446.00	443.00	459.00	492.00	518.00	584.00	645.00	540.00	623.00	710.00	737.00	670.00	605.00	595.00	661.00	730.00	793.00	802.00	795.00	797.00	888.00	971.00	948.00	850.00	829.00	822.00	840.00	838.00	887.00	930.00	877.00	880.00	890.00	853.00	914.00	898.00	895.00	852.00	836.00	899.00	850.00	761.00	709.00	620.00	622.00	630.00	630.00	595.00	566.00	536.00	519.00	513.00	510.00	514.00	597.00	651.00	588.00	628.00	675.00	661.00	595.00	566.00	623.00	593.00	668.00	635.00	592.00	540.00	519.00	542.00	609.00	623.00	674.00	770.00	836.00	735.00	687.00	645.00	620.00	636.00	647.00	639.00	627.00	575.00	544.00	515.00	579.00	535.00	636.00	678.00	720.00	764.00	713.00	658.00	614.00	578.00	579.00	575.00	541.00	508.00	487.00	441.00	429.00	421.00	417.00	452.00	530.00	535.00	485.00	492.00	544.00	431.00	482.00	559.00	598.00	696.00	679.00	492.00	534.00	743.00	735.00	630.00	545.00	585.00	611.00	509.00	435.00	417.00	460.00	484.00	531.00	598.00	681.00	695.00	733.00	696.00	705.00	761.00	825.00	863.00	900.00	934.00	909.00	991.00	1059.00	1106.00	1048.00	942.00	934.00	1023.00	1095.00	1096.00	1151.00	1263.00
541.00	534.00	510.00	585.00	621.00	599.00	509.00	466.00	449.00	500.00	580.00	524.00	547.00	584.00	534.00	491.00	480.00	439.00	462.00	617.00	604.00	647.00	709.00	766.00	743.00	700.00	729.00	685.00	572.00	584.00	558.00	565.00	639.00	614.00	586.00	640.00	696.00	625.00	662.00	647.00	645.00	669.00	700.00	717.00	693.00	658.00	677.00	623.00	581.00	589.00	619.00	596.00	603.00	630.00	661.00	635.00	679.00	674.00	686.00	718.00	624.00	605.00	664.00	636.00	564.00	586.00	620.00	657.00	664.00	708.00	721.00	759.00	775.00	676.00	697.00	698.00	699.00	746.00	863.00	797.00	700.00	743.00	714.00	716.00	719.00	750.00	705.00	729.00	812.00	749.00	684.00	753.00	799.00	719.00	663.00	597.00	546.00	573.00	537.00	476.00	430.00	431.00	446.00	443.00	459.00	492.00	518.00	584.00	645.00	540.00	623.00	710.00	737.00	670.00	605.00	595.00	661.00	730.00	793.00	802.00	795.00	797.00	888.00	971.00	948.00	850.00	829.00	822.00	840.00	838.00	887.00	930.00	877.00	880.00	890.00	853.00	914.00	898.00	895.00	852.00	836.00	899.00	850.00	761.00	709.00	620.00	622.00	630.00	630.00	595.00	566.00	536.00	519.00	513.00	510.00	514.00	597.00	651.00	588.00	628.00	675.00	661.00	595.00	566.00	623.00	593.00	668.00	635.00	592.00	540.00	519.00	542.00	609.00	623.00	674.00	770.00	836.00	735.00	687.00	645.00	620.00	636.00	647.00	639.00	627.00	575.00	544.00	515.00	579.00	535.00	636.00	678.00	720.00	764.00	713.00	658.00	614.00	578.00	579.00	575.00	541.00	508.00	487.00	441.00	429.00	421.00	417.00	452.00	530.00	535.00	485.00	492.00	544.00	431.00	482.00	559.00	598.00	696.00	679.00	492.00	534.00	743.00	735.00	630.00	545.00	585.00	611.00	509.00	435.00	417.00	460.00	484.00	531.00	598.00	681.00	695.00	733.00	696.00	705.00	761.00	825.00	863.00	900.00	934.00	909.00	991.00	1059.00	1106.00	1048.00	942.00	934.00	1023.00	1095.00	1096.00	1151.00	1263.00
572.00	576.00	611.00	654.00	644.00	597.00	489.00	451.00	434.00	512.00	571.00	496.00	469.00	502.00	525.00	419.00	417.00	445.00	486.00	579.00	540.00	609.00	619.00	705.00	702.00	628.00	612.00	642.00	586.00	535.00	514.00	588.00	593.00	569.00	562.00	610.00	634.00	610.00	590.00	599.00	595.00	621.00	634.00	626.00	655.00	608.00	619.00	600.00	556.00	586.00	581.00	568.00	576.00	585.00	616.00	594.00	642.00	614.00	646.00	684.00	627.00	637.00	641.00	621.00	594.00	585.00	577.00	597.00	627.00	716.00	728.00	763.00	774.00	728.00	748.00	791.00	796.00	762.00	836.00	833.00	825.00	827.00	738.00	686.00	636.00	661.00	673.00	709.00	719.00	733.00	687.00	674.00	754.00	658.00	614.00	555.00	520.00	500.00	471.00	437.00	433.00	434.00	451.00	456.00	454.00	461.00	469.00	492.00	528.00	562.00	645.00	610.00	666.00	642.00	595.00	658.00	693.00	746.00	665.00	668.00	691.00	720.00	773.00	866.00	880.00	888.00	894.00	905.00	903.00	903.00	928.00	953.00	896.00	861.00	893.00	871.00	824.00	773.00	829.00	859.00	844.00	878.00	830.00	755.00	701.00	675.00	641.00	627.00	615.00	586.00	570.00	558.00	541.00	516.00	503.00	504.00	551.00	593.00	571.00	577.00	610.00	594.00	553.00	600.00	622.00	571.00	658.00	595.00	565.00	510.00	524.00	567.00	652.00	719.00	742.00	789.00	878.00	776.00	754.00	732.00	695.00	742.00	752.00	730.00	716.00	647.00	582.00	530.00	522.00	521.00	626.00	680.00	722.00	752.00	689.00	618.00	598.00	591.00	543.00	598.00	570.00	542.00	488.00	451.00	437.00	425.00	417.00	413.00	496.00	517.00	462.00	461.00	487.00	416.00	480.00	542.00	588.00	572.00	529.00	483.00	606.00	730.00	643.00	583.00	516.00	583.00	601.00	563.00	502.00	413.00	458.00	495.00	550.00	618.00	719.00	826.00	838.00	808.00	819.00	815.00	859.00	874.00	911.00	917.00	822.00	837.00	901.00	1059.00	1111.00	983.00	948.00	1122.00	1176.00	1270.00	1278.00	1200.00
495.00	530.00	619.00	605.00	637.00	611.00	524.00	477.00	418.00	452.00	554.00	529.00	463.00	418.00	436.00	391.00	428.00	484.00	532.00	513.00	526.00	535.00	612.00	657.00	644.00	641.00	595.00	536.00	539.00	552.00	535.00	556.00	526.00	537.00	545.00	552.00	606.00	629.00	600.00	570.00	549.00	564.00	596.00	605.00	644.00	623.00	574.00	544.00	543.00	577.00	569.00	537.00	530.00	540.00	542.00	565.00	582.00	583.00	614.00	649.00	689.00	689.00	662.00	649.00	663.00	632.00	635.00	598.00	598.00	667.00	662.00	675.00	668.00	736.00	821.00	915.00	947.00	871.00	834.00	845.00	864.00	844.00	790.00	703.00	655.00	596.00	590.00	656.00	634.00	723.00	718.00	598.00	674.00	654.00	579.00	613.00	581.00	528.00	478.00	435.00	435.00	437.00	464.00	466.00	486.00	483.00	486.00	495.00	490.00	497.00	532.00	567.00	623.00	554.00	657.00	697.00	730.00	680.00	644.00	686.00	712.00	744.00	774.00	896.00	885.00	833.00	803.00	796.00	786.00	804.00	801.00	831.00	822.00	781.00	846.00	829.00	750.00	702.00	755.00	788.00	747.00	754.00	764.00	715.00	685.00	709.00	704.00	671.00	646.00	600.00	575.00	561.00	546.00	531.00	504.00	500.00	500.00	511.00	589.00	542.00	603.00	572.00	525.00	594.00	568.00	556.00	619.00	539.00	512.00	496.00	555.00	631.00	735.00	777.00	801.00	823.00	858.00	854.00	827.00	822.00	799.00	851.00	822.00	772.00	727.00	624.00	586.00	551.00	489.00	553.00	638.00	669.00	714.00	703.00	629.00	615.00	577.00	553.00	514.00	617.00	601.00	556.00	506.00	462.00	460.00	456.00	435.00	421.00	416.00	434.00	431.00	428.00	495.00	408.00	446.00	520.00	571.00	512.00	465.00	454.00	504.00	638.00	604.00	513.00	505.00	590.00	603.00	531.00	473.00	421.00	493.00	504.00	562.00	615.00	691.00	860.00	897.00	885.00	865.00	861.00	855.00	910.00	927.00	832.00	739.00	779.00	880.00	989.00	1170.00	1072.00	1097.00	1037.00	1079.00	1212.00	1212.00	1146.00
500.00	571.00	579.00	512.00	529.00	550.00	523.00	528.00	463.00	402.00	470.00	498.00	459.00	408.00	374.00	427.00	452.00	497.00	552.00	464.00	504.00	597.00	649.00	613.00	531.00	588.00	643.00	609.00	474.00	517.00	492.00	485.00	480.00	502.00	526.00	569.00	597.00	683.00	641.00	617.00	586.00	523.00	592.00	581.00	629.00	592.00	527.00	527.00	567.00	542.00	523.00	527.00	562.00	582.00	602.00	584.00	599.00	606.00	644.00	654.00	673.00	656.00	615.00	590.00	675.00	684.00	652.00	633.00	663.00	621.00	657.00	666.00	664.00	772.00	855.00	913.00	850.00	801.00	794.00	777.00	818.00	800.00	658.00	657.00	676.00	684.00	621.00	556.00	604.00	637.00	706.00	559.00	628.00	627.00	554.00	575.00	554.00	501.00	458.00	436.00	438.00	455.00	468.00	488.00	499.00	523.00	519.00	552.00	565.00	542.00	512.00	509.00	514.00	521.00	634.00	630.00	622.00	589.00	682.00	644.00	670.00	729.00	795.00	919.00	894.00	849.00	800.00	750.00	732.00	722.00	726.00	729.00	787.00	728.00	764.00	803.00	725.00	688.00	660.00	668.00	685.00	684.00	756.00	706.00	689.00	689.00	662.00	673.00	699.00	638.00	611.00	587.00	568.00	549.00	507.00	503.00	497.00	496.00	558.00	519.00	536.00	538.00	507.00	547.00	521.00	601.00	619.00	532.00	493.00	495.00	585.00	660.00	706.00	720.00	665.00	714.00	747.00	789.00	740.00	744.00	774.00	834.00	813.00	756.00	717.00	608.00	556.00	541.00	470.00	496.00	645.00	696.00	693.00	678.00	548.00	541.00	550.00	594.00	490.00	559.00	632.00	594.00	554.00	513.00	504.00	461.00	465.00	465.00	403.00	398.00	401.00	437.00	536.00	421.00	430.00	522.00	551.00	519.00	473.00	425.00	500.00	505.00	498.00	449.00	529.00	639.00	613.00	543.00	474.00	402.00	510.00	544.00	584.00	646.00	725.00	795.00	835.00	854.00	772.00	745.00	776.00	840.00	774.00	673.00	715.00	791.00	884.00	981.00	1049.00	1021.00	1059.00	1175.00	1166.00	1120.00	1125.00	1102.00
563.00	628.00	581.00	601.00	544.00	456.00	455.00	504.00	522.00	487.00	411.00	449.00	435.00	393.00	357.00	406.00	461.00	530.00	548.00	498.00	562.00	601.00	562.00	575.00	472.00	531.00	579.00	537.00	439.00	457.00	457.00	478.00	504.00	563.00	604.00	608.00	629.00	742.00	694.00	642.00	600.00	540.00	508.00	547.00	556.00	582.00	503.00	555.00	525.00	498.00	523.00	578.00	609.00	643.00	660.00	631.00	665.00	667.00	668.00	622.00	620.00	609.00	563.00	581.00	635.00	638.00	670.00	724.00	715.00	622.00	655.00	669.00	685.00	850.00	863.00	896.00	815.00	743.00	721.00	711.00	793.00	832.00	702.00	785.00	767.00	673.00	667.00	606.00	552.00	563.00	644.00	558.00	557.00	556.00	552.00	512.00	470.00	456.00	444.00	437.00	446.00	478.00	498.00	511.00	539.00	573.00	586.00	635.00	634.00	601.00	589.00	584.00	569.00	558.00	568.00	580.00	593.00	667.00	748.00	756.00	741.00	798.00	857.00	881.00	851.00	862.00	822.00	813.00	807.00	792.00	716.00	690.00	819.00	759.00	697.00	730.00	788.00	773.00	729.00	687.00	635.00	678.00	731.00	662.00	661.00	584.00	587.00	588.00	648.00	584.00	569.00	551.00	533.00	516.00	506.00	505.00	502.00	498.00	493.00	492.00	490.00	490.00	489.00	500.00	502.00	527.00	522.00	503.00	478.00	489.00	564.00	592.00	584.00	612.00	588.00	632.00	777.00	725.00	645.00	682.00	733.00	755.00	796.00	742.00	687.00	598.00	582.00	557.00	469.00	462.00	569.00	604.00	590.00	618.00	531.00	498.00	575.00	569.00	531.00	549.00	646.00	641.00	571.00	510.00	489.00	527.00	537.00	509.00	447.00	414.00	411.00	399.00	475.00	432.00	390.00	401.00	444.00	538.00	514.00	396.00	416.00	451.00	412.00	442.00	514.00	584.00	598.00	528.00	426.00	391.00	510.00	544.00	614.00	682.00	667.00	743.00	842.00	856.00	758.00	628.00	776.00	744.00	653.00	612.00	822.00	891.00	971.00	1021.00	830.00	840.00	954.00	1044.00	1088.00	897.00	937.00	1051.00
563.00	628.00	581.00	601.00	544.00	456.00	455.00	504.00	522.00	487.00	411.00	449.00	435.00	393.00	357.00	406.00	461.00	530.00	548.00	498.00	562.00	601.00	562.00	575.00	472.00	531.00	579.00	537.00	439.00	457.00	457.00	478.00	504.00	563.00	604.00	608.00	629.00	742.00	694.00	642.00	600.00	540.00	508.00	547.00	556.00	582.00	503.00	555.00	525.00	498.00	523.00	578.00	609.00	643.00	660.00	631.00	665.00	667.00	668.00	622.00	620.00	609.00	563.00	581.00	635.00	638.00	670.00	724.00	715.00	622.00	655.00	669.00	685.00	850.00	863.00	896.00	815.00	743.00	721.00	711.00	793.00	832.00	702.00	785.00	767.00	673.00	667.00	606.00	552.00	563.00	644.00	558.00	557.00	556.00	552.00	512.00	470.00	456.00	444.00	437.00	446.00	478.00	498.00	511.00	539.00	573.00	586.00	635.00	634.00	601.00	589.00	584.00	569.00	558.00	568.00	580.00	593.00	667.00	748.00	756.00	741.00	798.00	857.00	881.00	851.00	862.00	822.00	813.00	807.00	792.00	716.00	690.00	819.00	759.00	697.00	730.00	788.00	773.00	729.00	687.00	635.00	678.00	731.00	662.00	661.00	584.00	587.00	588.00	648.00	584.00	569.00	551.00	533.00	516.00	506.00	505.00	502.00	498.00	493.00	492.00	490.00	490.00	489.00	500.00	502.00	527.00	522.00	503.00	478.00	489.00	564.00	592.00	584.00	612.00	588.00	632.00	777.00	725.00	645.00	682.00	733.00	755.00	796.00	742.00	687.00	598.00	582.00	557.00	469.00	462.00	569.00	604.00	590.00	618.00	531.00	498.00	575.00	569.00	531.00	549.00	646.00	641.00	571.00	510.00	489.00	527.00	537.00	509.00	447.00	414.00	411.00	399.00	475.00	432.00	390.00	401.00	444.00	538.00	514.00	396.00	416.00	451.00	412.00	442.00	514.00	584.00	598.00	528.00	426.00	391.00	510.00	544.00	614.00	682.00	667.00	743.00	842.00	856.00	758.00	628.00	776.00	744.00	653.00	612.00	822.00	891.00	971.00	1021.00	830.00	840.00	954.00	1044.00	1088.00	897.00	937.00	1051.00
512.00	582.00	646.00	622.00	541.00	462.00	414.00	498.00	511.00	474.00	365.00	410.00	410.00	372.00	358.00	439.00	517.00	557.00	476.00	525.00	559.00	561.00	483.00	543.00	447.00	524.00	506.00	437.00	460.00	497.00	559.00	558.00	571.00	615.00	705.00	723.00	704.00	769.00	745.00	716.00	641.00	562.00	500.00	490.00	532.00	567.00	493.00	513.00	491.00	550.00	577.00	632.00	669.00	649.00	614.00	618.00	643.00	633.00	626.00	577.00	575.00	573.00	541.00	568.00	580.00	642.00	712.00	741.00	729.00	634.00	673.00	694.00	714.00	811.00	823.00	855.00	862.00	829.00	696.00	672.00	748.00	713.00	824.00	833.00	812.00	778.00	780.00	663.00	620.00	578.00	542.00	514.00	504.00	491.00	494.00	498.00	529.00	471.00	445.00	440.00	457.00	485.00	515.00	593.00	589.00	694.00	678.00	732.00	729.00	663.00	678.00	668.00	657.00	619.00	634.00	639.00	638.00	671.00	820.00	869.00	858.00	822.00	776.00	828.00	806.00	836.00	851.00	747.00	722.00	729.00	722.00	675.00	757.00	778.00	731.00	665.00	722.00	713.00	734.00	718.00	708.00	599.00	649.00	653.00	571.00	545.00	539.00	533.00	531.00	525.00	522.00	519.00	518.00	519.00	527.00	540.00	525.00	511.00	497.00	491.00	488.00	487.00	485.00	482.00	481.00	478.00	477.00	473.00	472.00	469.00	468.00	470.00	479.00	492.00	538.00	563.00	655.00	617.00	589.00	614.00	657.00	686.00	737.00	726.00	651.00	558.00	532.00	522.00	480.00	455.00	495.00	541.00	573.00	544.00	502.00	488.00	582.00	589.00	470.00	562.00	640.00	591.00	556.00	563.00	532.00	500.00	467.00	449.00	481.00	499.00	531.00	505.00	391.00	387.00	389.00	387.00	383.00	402.00	391.00	378.00	378.00	379.00	382.00	406.00	442.00	476.00	479.00	440.00	384.00	393.00	582.00	627.00	617.00	553.00	602.00	718.00	747.00	750.00	700.00	603.00	665.00	642.00	588.00	585.00	741.00	791.00	814.00	845.00	734.00	869.00	971.00	872.00	880.00	793.00	888.00	1032.00
426.00	513.00	513.00	465.00	440.00	421.00	347.00	379.00	385.00	377.00	341.00	419.00	392.00	333.00	326.00	338.00	341.00	348.00	349.00	367.00	373.00	380.00	378.00	386.00	386.00	396.00	422.00	443.00	575.00	628.00	605.00	600.00	636.00	617.00	604.00	636.00	584.00	576.00	561.00	614.00	587.00	562.00	515.00	489.00	469.00	485.00	485.00	545.00	596.00	599.00	543.00	645.00	643.00	592.00	559.00	556.00	592.00	552.00	517.00	510.00	502.00	528.00	597.00	615.00	549.00	564.00	588.00	616.00	678.00	669.00	719.00	768.00	850.00	756.00	730.00	714.00	751.00	775.00	677.00	619.00	676.00	679.00	817.00	793.00	735.00	667.00	625.00	639.00	703.00	652.00	606.00	603.00	627.00	645.00	627.00	685.00	491.00	455.00	448.00	449.00	449.00	470.00	534.00	577.00	633.00	630.00	655.00	595.00	686.00	723.00	693.00	600.00	647.00	652.00	681.00	674.00	696.00	745.00	782.00	817.00	765.00	747.00	739.00	821.00	798.00	715.00	774.00	728.00	726.00	708.00	724.00	723.00	644.00	645.00	691.00	717.00	661.00	620.00	604.00	590.00	582.00	599.00	594.00	565.00	564.00	604.00	609.00	574.00	611.00	651.00	652.00	648.00	640.00	675.00	649.00	603.00	543.00	542.00	536.00	516.00	505.00	515.00	509.00	492.00	487.00	483.00	481.00	481.00	481.00	477.00	473.00	472.00	468.00	463.00	463.00	458.00	453.00	456.00	477.00	496.00	514.00	516.00	529.00	547.00	536.00	574.00	590.00	595.00	527.00	480.00	437.00	474.00	481.00	444.00	434.00	432.00	447.00	498.00	466.00	583.00	627.00	602.00	603.00	648.00	630.00	577.00	581.00	599.00	415.00	428.00	413.00	399.00	478.00	475.00	513.00	495.00	463.00	453.00	458.00	502.00	449.00	402.00	397.00	384.00	372.00	372.00	369.00	373.00	381.00	396.00	433.00	443.00	506.00	574.00	570.00	523.00	528.00	525.00	572.00	495.00	585.00	558.00	519.00	517.00	572.00	590.00	613.00	656.00	766.00	692.00	673.00	764.00	873.00	942.00	907.00	1066.00
426.00	513.00	513.00	465.00	440.00	421.00	347.00	379.00	385.00	377.00	341.00	419.00	392.00	333.00	326.00	338.00	341.00	348.00	349.00	367.00	373.00	380.00	378.00	386.00	386.00	396.00	422.00	443.00	575.00	628.00	605.00	600.00	636.00	617.00	604.00	636.00	584.00	576.00	561.00	614.00	587.00	562.00	515.00	489.00	469.00	485.00	485.00	545.00	596.00	599.00	543.00	645.00	643.00	592.00	559.00	556.00	592.00	552.00	517.00	510.00	502.00	528.00	597.00	615.00	549.00	564.00	588.00	616.00	678.00	669.00	719.00	768.00	850.00	756.00	730.00	714.00	751.00	775.00	677.00	619.00	676.00	679.00	817.00	793.00	735.00	667.00	625.00	639.00	703.00	652.00	606.00	603.00	627.00	645.00	627.00	685.00	491.00	455.00	448.00	449.00	449.00	470.00	534.00	577.00	633.00	630.00	655.00	595.00	686.00	723.00	693.00	600.00	647.00	652.00	681.00	674.00	696.00	745.00	782.00	817.00	765.00	747.00	739.00	821.00	798.00	715.00	774.00	728.00	726.00	708.00	724.00	723.00	644.00	645.00	691.00	717.00	661.00	620.00	604.00	590.00	582.00	599.00	594.00	565.00	564.00	604.00	609.00	574.00	611.00	651.00	652.00	648.00	640.00	675.00	649.00	603.00	543.00	542.00	536.00	516.00	505.00	515.00	509.00	492.00	487.00	483.00	481.00	481.00	481.00	477.00	473.00	472.00	468.00	463.00	463.00	458.00	453.00	456.00	477.00	496.00	514.00	516.00	529.00	547.00	536.00	574.00	590.00	595.00	527.00	480.00	437.00	474.00	481.00	444.00	434.00	432.00	447.00	498.00	466.00	583.00	627.00	602.00	603.00	648.00	630.00	577.00	581.00	599.00	415.00	428.00	413.00	399.00	478.00	475.00	513.00	495.00	463.00	453.00	458.00	502.00	449.00	402.00	397.00	384.00	372.00	372.00	369.00	373.00	381.00	396.00	433.00	443.00	506.00	574.00	570.00	523.00	528.00	525.00	572.00	495.00	585.00	558.00	519.00	517.00	572.00	590.00	613.00	656.00	766.00	692.00	673.00	764.00	873.00	942.00	907.00	1066.00
387.00	468.00	430.00	406.00	393.00	407.00	336.00	332.00	337.00	360.00	328.00	325.00	313.00	328.00	359.00	418.00	393.00	386.00	430.00	396.00	445.00	456.00	451.00	439.00	463.00	495.00	556.00	497.00	482.00	515.00	518.00	576.00	652.00	606.00	548.00	565.00	575.00	520.00	553.00	567.00	535.00	542.00	550.00	514.00	478.00	456.00	523.00	548.00	555.00	582.00	545.00	592.00	570.00	550.00	501.00	564.00	534.00	507.00	476.00	478.00	538.00	554.00	633.00	637.00	639.00	568.00	588.00	616.00	631.00	707.00	733.00	722.00	765.00	825.00	788.00	712.00	681.00	670.00	641.00	607.00	598.00	643.00	733.00	792.00	713.00	658.00	662.00	593.00	628.00	675.00	619.00	546.00	613.00	644.00	632.00	614.00	477.00	452.00	452.00	450.00	482.00	457.00	458.00	480.00	548.00	644.00	633.00	559.00	636.00	612.00	606.00	558.00	575.00	574.00	607.00	637.00	676.00	718.00	744.00	767.00	787.00	754.00	709.00	762.00	778.00	698.00	763.00	685.00	669.00	694.00	661.00	680.00	627.00	612.00	637.00	634.00	594.00	595.00	611.00	629.00	655.00	626.00	595.00	581.00	594.00	641.00	661.00	602.00	610.00	700.00	694.00	678.00	667.00	660.00	615.00	577.00	596.00	573.00	532.00	527.00	525.00	540.00	526.00	520.00	516.00	516.00	505.00	482.00	479.00	478.00	477.00	475.00	475.00	470.00	462.00	459.00	454.00	449.00	447.00	448.00	459.00	479.00	472.00	473.00	518.00	524.00	498.00	506.00	465.00	448.00	426.00	426.00	424.00	419.00	420.00	426.00	425.00	420.00	481.00	653.00	594.00	591.00	599.00	570.00	550.00	519.00	442.00	436.00	507.00	548.00	516.00	440.00	615.00	571.00	578.00	594.00	568.00	504.00	548.00	532.00	546.00	487.00	481.00	452.00	418.00	398.00	371.00	370.00	369.00	376.00	409.00	422.00	442.00	472.00	463.00	481.00	471.00	499.00	507.00	484.00	535.00	501.00	492.00	539.00	630.00	671.00	715.00	697.00	659.00	637.00	741.00	853.00	961.00	1107.00	1052.00	1097.00
335.00	324.00	355.00	352.00	347.00	364.00	327.00	310.00	324.00	357.00	306.00	309.00	352.00	403.00	439.00	496.00	500.00	472.00	526.00	442.00	444.00	509.00	552.00	568.00	557.00	612.00	578.00	552.00	444.00	485.00	599.00	619.00	647.00	554.00	532.00	505.00	543.00	496.00	522.00	517.00	493.00	511.00	554.00	520.00	483.00	452.00	501.00	489.00	533.00	560.00	514.00	588.00	563.00	499.00	469.00	507.00	477.00	471.00	488.00	512.00	632.00	591.00	637.00	691.00	664.00	597.00	600.00	617.00	622.00	733.00	824.00	784.00	765.00	803.00	755.00	758.00	805.00	738.00	679.00	641.00	625.00	583.00	715.00	743.00	785.00	743.00	710.00	616.00	568.00	590.00	618.00	559.00	527.00	615.00	613.00	529.00	462.00	455.00	452.00	470.00	586.00	551.00	513.00	484.00	470.00	527.00	612.00	565.00	575.00	559.00	528.00	586.00	641.00	658.00	667.00	698.00	725.00	773.00	743.00	720.00	743.00	774.00	755.00	698.00	739.00	679.00	711.00	649.00	643.00	642.00	645.00	651.00	671.00	668.00	638.00	650.00	658.00	637.00	617.00	611.00	619.00	621.00	633.00	643.00	647.00	694.00	693.00	627.00	597.00	705.00	680.00	660.00	642.00	626.00	636.00	652.00	593.00	565.00	579.00	552.00	564.00	558.00	552.00	566.00	569.00	547.00	500.00	484.00	483.00	482.00	487.00	498.00	513.00	498.00	477.00	468.00	452.00	449.00	447.00	446.00	444.00	443.00	441.00	440.00	441.00	442.00	439.00	436.00	430.00	427.00	430.00	451.00	508.00	499.00	507.00	518.00	502.00	417.00	464.00	536.00	517.00	473.00	457.00	435.00	429.00	410.00	434.00	441.00	615.00	651.00	587.00	473.00	638.00	623.00	616.00	656.00	631.00	574.00	578.00	571.00	619.00	590.00	608.00	555.00	544.00	526.00	404.00	370.00	366.00	365.00	381.00	397.00	406.00	429.00	449.00	442.00	449.00	458.00	448.00	472.00	471.00	475.00	505.00	561.00	630.00	661.00	640.00	590.00	678.00	699.00	809.00	952.00	996.00	1116.00	1065.00	1019.00
396.00	335.00	301.00	312.00	343.00	329.00	298.00	297.00	298.00	305.00	302.00	323.00	320.00	317.00	346.00	465.00	536.00	594.00	590.00	518.00	449.00	477.00	506.00	569.00	631.00	600.00	563.00	526.00	508.00	476.00	566.00	594.00	617.00	575.00	525.00	504.00	479.00	529.00	466.00	490.00	467.00	539.00	563.00	537.00	511.00	472.00	444.00	457.00	505.00	514.00	495.00	552.00	570.00	531.00	454.00	451.00	491.00	570.00	569.00	520.00	595.00	651.00	652.00	697.00	670.00	613.00	685.00	680.00	657.00	755.00	841.00	829.00	820.00	810.00	781.00	796.00	768.00	757.00	766.00	767.00	718.00	640.00	631.00	698.00	688.00	729.00	733.00	647.00	603.00	541.00	587.00	606.00	553.00	514.00	522.00	491.00	456.00	456.00	462.00	536.00	605.00	640.00	611.00	551.00	504.00	473.00	481.00	499.00	512.00	526.00	554.00	554.00	561.00	612.00	709.00	688.00	704.00	750.00	785.00	757.00	722.00	707.00	709.00	683.00	678.00	666.00	669.00	717.00	733.00	731.00	751.00	761.00	747.00	740.00	730.00	681.00	665.00	680.00	677.00	681.00	719.00	736.00	736.00	727.00	651.00	673.00	722.00	648.00	618.00	743.00	744.00	743.00	749.00	702.00	658.00	614.00	611.00	673.00	593.00	596.00	623.00	600.00	602.00	601.00	547.00	500.00	495.00	488.00	497.00	514.00	541.00	553.00	512.00	498.00	497.00	490.00	456.00	450.00	447.00	445.00	444.00	440.00	438.00	437.00	436.00	433.00	433.00	431.00	432.00	454.00	559.00	549.00	611.00	652.00	626.00	596.00	580.00	468.00	417.00	417.00	419.00	417.00	409.00	432.00	414.00	460.00	552.00	509.00	641.00	625.00	585.00	499.00	629.00	652.00	642.00	658.00	649.00	641.00	642.00	591.00	638.00	689.00	737.00	721.00	660.00	591.00	528.00	454.00	389.00	366.00	362.00	373.00	392.00	418.00	427.00	416.00	429.00	422.00	422.00	437.00	463.00	493.00	537.00	590.00	566.00	539.00	557.00	599.00	700.00	749.00	781.00	908.00	1004.00	931.00	880.00	945.00
409.00	410.00	312.00	296.00	327.00	294.00	289.00	293.00	321.00	357.00	298.00	299.00	302.00	308.00	318.00	483.00	572.00	589.00	565.00	559.00	541.00	563.00	550.00	552.00	544.00	531.00	580.00	590.00	557.00	515.00	520.00	568.00	585.00	603.00	559.00	545.00	540.00	449.00	515.00	505.00	456.00	498.00	529.00	500.00	523.00	552.00	471.00	449.00	440.00	449.00	458.00	500.00	508.00	451.00	433.00	466.00	512.00	574.00	608.00	616.00	540.00	597.00	683.00	650.00	699.00	643.00	699.00	729.00	755.00	826.00	854.00	823.00	763.00	745.00	709.00	669.00	695.00	678.00	733.00	759.00	740.00	737.00	581.00	623.00	670.00	645.00	713.00	664.00	604.00	553.00	526.00	645.00	627.00	566.00	524.00	482.00	458.00	454.00	476.00	568.00	632.00	679.00	665.00	656.00	601.00	545.00	510.00	505.00	488.00	515.00	566.00	617.00	628.00	608.00	644.00	692.00	725.00	747.00	757.00	766.00	778.00	757.00	756.00	769.00	778.00	773.00	780.00	824.00	810.00	792.00	773.00	723.00	684.00	683.00	661.00	639.00	754.00	776.00	737.00	755.00	791.00	745.00	705.00	667.00	622.00	698.00	726.00	642.00	646.00	796.00	812.00	759.00	714.00	673.00	612.00	600.00	714.00	674.00	602.00	674.00	676.00	604.00	571.00	509.00	504.00	499.00	497.00	532.00	561.00	589.00	593.00	555.00	532.00	542.00	528.00	495.00	459.00	477.00	478.00	472.00	452.00	444.00	443.00	444.00	437.00	434.00	433.00	442.00	517.00	483.00	573.00	644.00	664.00	696.00	636.00	640.00	640.00	583.00	466.00	431.00	503.00	524.00	508.00	512.00	454.00	440.00	487.00	584.00	615.00	594.00	580.00	567.00	573.00	632.00	666.00	683.00	690.00	705.00	716.00	624.00	610.00	720.00	781.00	821.00	754.00	710.00	630.00	565.00	499.00	442.00	360.00	361.00	373.00	386.00	411.00	401.00	401.00	407.00	415.00	436.00	472.00	500.00	518.00	508.00	526.00	585.00	619.00	689.00	777.00	754.00	813.00	988.00	991.00	811.00	954.00	1051.00
409.00	410.00	312.00	296.00	327.00	294.00	289.00	293.00	321.00	357.00	298.00	299.00	302.00	308.00	318.00	483.00	572.00	589.00	565.00	559.00	541.00	563.00	550.00	552.00	544.00	531.00	580.00	590.00	557.00	515.00	520.00	568.00	585.00	603.00	559.00	545.00	540.00	449.00	515.00	505.00	456.00	498.00	529.00	500.00	523.00	552.00	471.00	449.00	440.00	449.00	458.00	500.00	508.00	451.00	433.00	466.00	512.00	574.00	608.00	616.00	540.00	597.00	683.00	650.00	699.00	643.00	699.00	729.00	755.00	826.00	854.00	823.00	763.00	745.00	709.00	669.00	695.00	678.00	733.00	759.00	740.00	737.00	581.00	623.00	670.00	645.00	713.00	664.00	604.00	553.00	526.00	645.00	627.00	566.00	524.00	482.00	458.00	454.00	476.00	568.00	632.00	679.00	665.00	656.00	601.00	545.00	510.00	505.00	488.00	515.00	566.00	617.00	628.00	608.00	644.00	692.00	725.00	747.00	757.00	766.00	778.00	757.00	756.00	769.00	778.00	773.00	780.00	824.00	810.00	792.00	773.00	723.00	684.00	683.00	661.00	639.00	754.00	776.00	737.00	755.00	791.00	745.00	705.00	667.00	622.00	698.00	726.00	642.00	646.00	796.00	812.00	759.00	714.00	673.00	612.00	600.00	714.00	674.00	602.00	674.00	676.00	604.00	571.00	509.00	504.00	499.00	497.00	532.00	561.00	589.00	593.00	555.00	532.00	542.00	528.00	495.00	459.00	477.00	478.00	472.00	452.00	444.00	443.00	444.00	437.00	434.00	433.00	442.00	517.00	483.00	573.00	644.00	664.00	696.00	636.00	640.00	640.00	583.00	466.00	431.00	503.00	524.00	508.00	512.00	454.00	440.00	487.00	584.00	615.00	594.00	580.00	567.00	573.00	632.00	666.00	683.00	690.00	705.00	716.00	624.00	610.00	720.00	781.00	821.00	754.00	710.00	630.00	565.00	499.00	442.00	360.00	361.00	373.00	386.00	411.00	401.00	401.00	407.00	415.00	436.00	472.00	500.00	518.00	508.00	526.00	585.00	619.00	689.00	777.00	754.00	813.00	988.00	991.00	811.00	954.00	1051.00
397.00	373.00	326.00	299.00	285.00	284.00	308.00	367.00	428.00	468.00	338.00	335.00	349.00	320.00	308.00	421.00	479.00	474.00	450.00	510.00	521.00	493.00	531.00	502.00	503.00	502.00	550.00	533.00	567.00	599.00	587.00	574.00	596.00	578.00	530.00	485.00	522.00	464.00	456.00	444.00	457.00	521.00	544.00	521.00	481.00	515.00	562.00	583.00	541.00	486.00	425.00	464.00	433.00	428.00	465.00	487.00	469.00	481.00	529.00	587.00	639.00	594.00	585.00	617.00	680.00	709.00	723.00	750.00	831.00	778.00	866.00	834.00	760.00	675.00	659.00	656.00	650.00	627.00	670.00	675.00	639.00	677.00	545.00	575.00	611.00	635.00	649.00	630.00	585.00	576.00	535.00	587.00	592.00	557.00	509.00	466.00	457.00	464.00	478.00	485.00	560.00	612.00	606.00	672.00	691.00	629.00	611.00	587.00	570.00	521.00	501.00	514.00	557.00	606.00	712.00	669.00	651.00	705.00	644.00	704.00	718.00	678.00	704.00	722.00	717.00	723.00	742.00	808.00	780.00	743.00	728.00	731.00	762.00	761.00	670.00	663.00	736.00	767.00	837.00	820.00	794.00	718.00	665.00	633.00	633.00	763.00	693.00	646.00	640.00	792.00	794.00	722.00	686.00	660.00	693.00	684.00	679.00	654.00	690.00	668.00	598.00	529.00	513.00	507.00	509.00	516.00	529.00	559.00	613.00	626.00	583.00	586.00	594.00	606.00	546.00	494.00	467.00	585.00	535.00	514.00	484.00	481.00	461.00	509.00	493.00	458.00	472.00	519.00	601.00	601.00	522.00	642.00	722.00	751.00	666.00	677.00	663.00	627.00	520.00	456.00	548.00	616.00	611.00	526.00	556.00	486.00	457.00	573.00	650.00	631.00	610.00	581.00	533.00	569.00	614.00	658.00	677.00	737.00	754.00	698.00	647.00	680.00	734.00	784.00	792.00	755.00	665.00	616.00	557.00	533.00	364.00	357.00	362.00	374.00	382.00	389.00	397.00	404.00	413.00	432.00	451.00	461.00	471.00	486.00	580.00	619.00	680.00	762.00	959.00	903.00	909.00	921.00	871.00	795.00	909.00	983.00
355.00	378.00	280.00	281.00	292.00	354.00	457.00	472.00	445.00	486.00	492.00	448.00	385.00	357.00	324.00	319.00	333.00	372.00	436.00	443.00	505.00	517.00	494.00	449.00	511.00	476.00	442.00	511.00	490.00	547.00	527.00	535.00	480.00	529.00	518.00	520.00	529.00	456.00	412.00	443.00	457.00	485.00	496.00	440.00	456.00	507.00	542.00	510.00	475.00	495.00	434.00	427.00	437.00	457.00	486.00	536.00	619.00	616.00	574.00	547.00	506.00	529.00	600.00	583.00	593.00	646.00	681.00	679.00	709.00	794.00	814.00	783.00	800.00	713.00	669.00	654.00	656.00	686.00	729.00	677.00	631.00	596.00	667.00	586.00	560.00	532.00	516.00	509.00	508.00	503.00	502.00	489.00	488.00	492.00	473.00	465.00	481.00	506.00	545.00	615.00	586.00	521.00	514.00	573.00	707.00	641.00	689.00	728.00	656.00	583.00	624.00	653.00	604.00	582.00	552.00	555.00	570.00	557.00	564.00	575.00	579.00	593.00	613.00	643.00	646.00	657.00	753.00	854.00	869.00	830.00	882.00	818.00	789.00	708.00	746.00	843.00	841.00	874.00	807.00	800.00	780.00	673.00	693.00	725.00	726.00	764.00	717.00	673.00	687.00	842.00	807.00	771.00	783.00	791.00	730.00	725.00	644.00	588.00	530.00	529.00	527.00	526.00	534.00	579.00	573.00	651.00	645.00	634.00	707.00	708.00	668.00	636.00	561.00	522.00	500.00	484.00	525.00	583.00	537.00	517.00	545.00	537.00	523.00	650.00	702.00	610.00	580.00	641.00	701.00	639.00	490.00	498.00	557.00	629.00	641.00	670.00	689.00	663.00	584.00	498.00	571.00	593.00	604.00	615.00	563.00	511.00	467.00	561.00	681.00	671.00	648.00	631.00	571.00	596.00	625.00	651.00	678.00	720.00	754.00	743.00	753.00	800.00	802.00	803.00	797.00	770.00	727.00	709.00	683.00	650.00	528.00	434.00	361.00	360.00	368.00	383.00	395.00	406.00	414.00	433.00	455.00	468.00	493.00	514.00	584.00	626.00	687.00	785.00	823.00	873.00	793.00	666.00	810.00	912.00	957.00	902.00
355.00	378.00	280.00	281.00	292.00	354.00	457.00	472.00	445.00	486.00	492.00	448.00	385.00	357.00	324.00	319.00	333.00	372.00	436.00	443.00	505.00	517.00	494.00	449.00	511.00	476.00	442.00	511.00	490.00	547.00	527.00	535.00	480.00	529.00	518.00	520.00	529.00	456.00	412.00	443.00	457.00	485.00	496.00	440.00	456.00	507.00	542.00	510.00	475.00	495.00	434.00	427.00	437.00	457.00	486.00	536.00	619.00	616.00	574.00	547.00	506.00	529.00	600.00	583.00	593.00	646.00	681.00	679.00	709.00	794.00	814.00	783.00	800.00	713.00	669.00	654.00	656.00	686.00	729.00	677.00	631.00	596.00	667.00	586.00	560.00	532.00	516.00	509.00	508.00	503.00	502.00	489.00	488.00	492.00	473.00	465.00	481.00	506.00	545.00	615.00	586.00	521.00	514.00	573.00	707.00	641.00	689.00	728.00	656.00	583.00	624.00	653.00	604.00	582.00	552.00	555.00	570.00	557.00	564.00	575.00	579.00	593.00	613.00	643.00	646.00	657.00	753.00	854.00	869.00	830.00	882.00	818.00	789.00	708.00	746.00	843.00	841.00	874.00	807.00	800.00	780.00	673.00	693.00	725.00	726.00	764.00	717.00	673.00	687.00	842.00	807.00	771.00	783.00	791.00	730.00	725.00	644.00	588.00	530.00	529.00	527.00	526.00	534.00	579.00	573.00	651.00	645.00	634.00	707.00	708.00	668.00	636.00	561.00	522.00	500.00	484.00	525.00	583.00	537.00	517.00	545.00	537.00	523.00	650.00	702.00	610.00	580.00	641.00	701.00	639.00	490.00	498.00	557.00	629.00	641.00	670.00	689.00	663.00	584.00	498.00	571.00	593.00	604.00	615.00	563.00	511.00	467.00	561.00	681.00	671.00	648.00	631.00	571.00	596.00	625.00	651.00	678.00	720.00	754.00	743.00	753.00	800.00	802.00	803.00	797.00	770.00	727.00	709.00	683.00	650.00	528.00	434.00	361.00	360.00	368.00	383.00	395.00	406.00	414.00	433.00	455.00	468.00	493.00	514.00	584.00	626.00	687.00	785.00	823.00	873.00	793.00	666.00	810.00	912.00	957.00	902.00
355.00	378.00	280.00	281.00	292.00	354.00	457.00	472.00	445.00	486.00	492.00	448.00	385.00	357.00	324.00	319.00	333.00	372.00	436.00	443.00	505.00	517.00	494.00	449.00	511.00	476.00	442.00	511.00	490.00	547.00	527.00	535.00	480.00	529.00	518.00	520.00	529.00	456.00	412.00	443.00	457.00	485.00	496.00	440.00	456.00	507.00	542.00	510.00	475.00	495.00	434.00	427.00	437.00	457.00	486.00	536.00	619.00	616.00	574.00	547.00	506.00	529.00	600.00	583.00	593.00	646.00	681.00	679.00	709.00	794.00	814.00	783.00	800.00	713.00	669.00	654.00	656.00	686.00	729.00	677.00	631.00	596.00	667.00	586.00	560.00	532.00	516.00	509.00	508.00	503.00	502.00	489.00	488.00	492.00	473.00	465.00	481.00	506.00	545.00	615.00	586.00	521.00	514.00	573.00	707.00	641.00	689.00	728.00	656.00	583.00	624.00	653.00	604.00	582.00	552.00	555.00	570.00	557.00	564.00	575.00	579.00	593.00	613.00	643.00	646.00	657.00	753.00	854.00	869.00	830.00	882.00	818.00	789.00	708.00	746.00	843.00	841.00	874.00	807.00	800.00	780.00	673.00	693.00	725.00	726.00	764.00	717.00	673.00	687.00	842.00	807.00	771.00	783.00	791.00	730.00	725.00	644.00	588.00	530.00	529.00	527.00	526.00	534.00	579.00	573.00	651.00	645.00	634.00	707.00	708.00	668.00	636.00	561.00	522.00	500.00	484.00	525.00	583.00	537.00	517.00	545.00	537.00	523.00	650.00	702.00	610.00	580.00	641.00	701.00	639.00	490.00	498.00	557.00	629.00	641.00	670.00	689.00	663.00	584.00	498.00	571.00	593.00	604.00	615.00	563.00	511.00	467.00	561.00	681.00	671.00	648.00	631.00	571.00	596.00	625.00	651.00	678.00	720.00	754.00	743.00	753.00	800.00	802.00	803.00	797.00	770.00	727.00	709.00	683.00	650.00	528.00	434.00	361.00	360.00	368.00	383.00	395.00	406.00	414.00	433.00	455.00	468.00	493.00	514.00	584.00	626.00	687.00	785.00	823.00	873.00	793.00	666.00	810.00	912.00	957.00	902.00
406.00	365.00	277.00	280.00	296.00	324.00	367.00	390.00	386.00	401.00	543.00	487.00	450.00	419.00	379.00	330.00	319.00	323.00	353.00	476.00	455.00	471.00	508.00	449.00	507.00	484.00	411.00	486.00	448.00	499.00	493.00	481.00	425.00	466.00	465.00	474.00	514.00	414.00	431.00	466.00	429.00	522.00	464.00	421.00	481.00	488.00	452.00	439.00	422.00	409.00	405.00	472.00	482.00	469.00	509.00	545.00	546.00	566.00	607.00	639.00	534.00	541.00	563.00	569.00	644.00	628.00	627.00	712.00	788.00	739.00	791.00	751.00	729.00	687.00	721.00	720.00	723.00	745.00	744.00	731.00	698.00	609.00	748.00	686.00	644.00	584.00	542.00	556.00	587.00	587.00	598.00	539.00	596.00	497.00	469.00	465.00	500.00	549.00	589.00	661.00	664.00	606.00	539.00	563.00	571.00	643.00	716.00	698.00	714.00	632.00	632.00	691.00	710.00	637.00	606.00	621.00	641.00	624.00	591.00	647.00	680.00	686.00	701.00	758.00	738.00	640.00	697.00	771.00	822.00	868.00	921.00	904.00	791.00	710.00	796.00	882.00	924.00	915.00	931.00	861.00	807.00	730.00	807.00	849.00	853.00	742.00	755.00	718.00	695.00	864.00	823.00	788.00	730.00	749.00	662.00	624.00	558.00	538.00	535.00	533.00	550.00	574.00	558.00	650.00	626.00	636.00	710.00	729.00	715.00	659.00	610.00	564.00	579.00	573.00	507.00	477.00	584.00	568.00	589.00	558.00	625.00	630.00	559.00	532.00	615.00	687.00	659.00	706.00	747.00	715.00	545.00	508.00	562.00	544.00	611.00	624.00	668.00	670.00	523.00	544.00	605.00	643.00	631.00	609.00	549.00	507.00	478.00	560.00	632.00	655.00	651.00	627.00	622.00	637.00	629.00	638.00	669.00	726.00	762.00	779.00	804.00	853.00	859.00	845.00	810.00	773.00	728.00	738.00	702.00	656.00	452.00	432.00	392.00	355.00	361.00	370.00	366.00	371.00	388.00	417.00	444.00	482.00	517.00	512.00	539.00	568.00	644.00	676.00	735.00	724.00	631.00	738.00	850.00	1013.00	918.00	781.00
361.00	315.00	274.00	279.00	349.00	441.00	369.00	350.00	358.00	366.00	463.00	493.00	479.00	423.00	400.00	360.00	348.00	331.00	325.00	399.00	391.00	439.00	477.00	400.00	493.00	474.00	392.00	437.00	446.00	449.00	483.00	467.00	405.00	411.00	419.00	437.00	473.00	432.00	460.00	428.00	411.00	480.00	427.00	401.00	412.00	407.00	397.00	395.00	402.00	411.00	430.00	560.00	550.00	557.00	509.00	543.00	597.00	638.00	648.00	635.00	572.00	597.00	610.00	637.00	737.00	724.00	671.00	738.00	806.00	713.00	737.00	706.00	736.00	760.00	807.00	807.00	802.00	801.00	719.00	668.00	632.00	642.00	692.00	649.00	595.00	561.00	623.00	594.00	615.00	678.00	613.00	608.00	634.00	469.00	470.00	469.00	522.00	584.00	651.00	737.00	649.00	603.00	578.00	620.00	641.00	584.00	626.00	625.00	691.00	727.00	725.00	680.00	646.00	606.00	697.00	725.00	710.00	656.00	572.00	622.00	676.00	753.00	815.00	765.00	713.00	650.00	702.00	832.00	904.00	918.00	893.00	852.00	748.00	731.00	818.00	918.00	1039.00	998.00	931.00	927.00	832.00	793.00	861.00	918.00	989.00	839.00	824.00	753.00	767.00	796.00	752.00	705.00	680.00	681.00	615.00	585.00	544.00	541.00	558.00	557.00	588.00	630.00	600.00	675.00	693.00	651.00	725.00	689.00	640.00	599.00	566.00	563.00	596.00	545.00	505.00	480.00	678.00	687.00	645.00	632.00	710.00	666.00	614.00	543.00	582.00	700.00	728.00	755.00	717.00	691.00	572.00	533.00	647.00	659.00	598.00	600.00	618.00	608.00	578.00	576.00	623.00	654.00	614.00	575.00	609.00	549.00	478.00	544.00	649.00	663.00	656.00	632.00	663.00	685.00	683.00	663.00	663.00	719.00	764.00	812.00	831.00	869.00	852.00	811.00	763.00	713.00	623.00	626.00	615.00	570.00	565.00	531.00	454.00	365.00	356.00	356.00	356.00	360.00	388.00	426.00	474.00	499.00	470.00	480.00	523.00	551.00	572.00	610.00	591.00	558.00	601.00	676.00	752.00	1018.00	946.00	789.00
312.00	294.00	272.00	314.00	430.00	462.00	403.00	442.00	486.00	479.00	411.00	470.00	498.00	467.00	426.00	396.00	383.00	378.00	361.00	328.00	329.00	384.00	427.00	370.00	414.00	393.00	368.00	388.00	416.00	390.00	383.00	380.00	367.00	369.00	375.00	385.00	387.00	388.00	398.00	391.00	424.00	474.00	387.00	384.00	391.00	393.00	422.00	441.00	452.00	432.00	466.00	558.00	573.00	613.00	568.00	537.00	556.00	610.00	650.00	694.00	616.00	607.00	617.00	658.00	798.00	767.00	747.00	792.00	770.00	693.00	683.00	737.00	757.00	739.00	752.00	742.00	794.00	770.00	718.00	711.00	709.00	727.00	650.00	610.00	584.00	601.00	667.00	712.00	682.00	711.00	687.00	661.00	574.00	473.00	471.00	487.00	534.00	593.00	669.00	701.00	651.00	634.00	694.00	621.00	745.00	634.00	602.00	664.00	738.00	707.00	722.00	694.00	664.00	661.00	734.00	680.00	638.00	648.00	587.00	594.00	650.00	706.00	770.00	764.00	724.00	654.00	712.00	814.00	840.00	864.00	860.00	814.00	739.00	745.00	843.00	893.00	1015.00	971.00	909.00	815.00	760.00	822.00	921.00	1008.00	1026.00	890.00	833.00	854.00	826.00	699.00	733.00	758.00	703.00	644.00	583.00	566.00	548.00	561.00	619.00	579.00	641.00	694.00	666.00	642.00	703.00	715.00	762.00	622.00	623.00	606.00	628.00	626.00	602.00	569.00	502.00	487.00	727.00	760.00	751.00	787.00	757.00	663.00	618.00	554.00	630.00	746.00	765.00	782.00	721.00	658.00	556.00	614.00	683.00	695.00	670.00	657.00	631.00	607.00	655.00	629.00	683.00	637.00	624.00	615.00	616.00	586.00	533.00	505.00	670.00	682.00	685.00	662.00	649.00	667.00	680.00	690.00	682.00	700.00	736.00	820.00	826.00	858.00	860.00	836.00	799.00	761.00	687.00	633.00	577.00	566.00	596.00	556.00	495.00	412.00	363.00	353.00	350.00	352.00	377.00	517.00	509.00	446.00	481.00	579.00	555.00	582.00	594.00	614.00	536.00	659.00	782.00	864.00	842.00	928.00	838.00	712.00
304.00	277.00	279.00	317.00	344.00	385.00	459.00	486.00	494.00	458.00	441.00	431.00	471.00	509.00	491.00	427.00	432.00	424.00	443.00	355.00	341.00	336.00	338.00	335.00	335.00	338.00	338.00	339.00	344.00	347.00	350.00	353.00	355.00	382.00	368.00	367.00	365.00	369.00	375.00	374.00	382.00	386.00	400.00	431.00	448.00	424.00	496.00	517.00	509.00	487.00	498.00	533.00	570.00	612.00	653.00	581.00	607.00	594.00	620.00	692.00	659.00	671.00	673.00	738.00	724.00	710.00	748.00	773.00	732.00	677.00	738.00	778.00	806.00	692.00	719.00	784.00	813.00	752.00	665.00	692.00	702.00	661.00	641.00	641.00	679.00	692.00	740.00	743.00	765.00	725.00	683.00	565.00	486.00	477.00	477.00	495.00	544.00	597.00	628.00	619.00	738.00	687.00	762.00	704.00	739.00	697.00	661.00	627.00	647.00	691.00	737.00	758.00	746.00	729.00	681.00	694.00	718.00	719.00	624.00	591.00	623.00	684.00	739.00	818.00	794.00	667.00	692.00	758.00	765.00	827.00	819.00	785.00	766.00	734.00	774.00	816.00	923.00	880.00	818.00	780.00	798.00	774.00	832.00	890.00	946.00	895.00	888.00	844.00	808.00	721.00	656.00	723.00	690.00	654.00	583.00	560.00	557.00	639.00	682.00	608.00	642.00	742.00	719.00	638.00	685.00	760.00	777.00	662.00	622.00	584.00	547.00	532.00	533.00	539.00	553.00	508.00	644.00	813.00	791.00	771.00	751.00	695.00	615.00	600.00	648.00	740.00	773.00	760.00	692.00	654.00	585.00	655.00	691.00	702.00	679.00	686.00	658.00	643.00	603.00	662.00	687.00	670.00	680.00	627.00	585.00	564.00	572.00	545.00	682.00	722.00	736.00	712.00	664.00	663.00	683.00	705.00	722.00	710.00	738.00	782.00	758.00	793.00	842.00	860.00	851.00	831.00	756.00	712.00	672.00	655.00	643.00	603.00	559.00	534.00	438.00	354.00	352.00	348.00	348.00	376.00	399.00	465.00	574.00	556.00	488.00	505.00	503.00	484.00	619.00	729.00	775.00	884.00	889.00	801.00	755.00	701.00
304.00	277.00	279.00	317.00	344.00	385.00	459.00	486.00	494.00	458.00	441.00	431.00	471.00	509.00	491.00	427.00	432.00	424.00	443.00	355.00	341.00	336.00	338.00	335.00	335.00	338.00	338.00	339.00	344.00	347.00	350.00	353.00	355.00	382.00	368.00	367.00	365.00	369.00	375.00	374.00	382.00	386.00	400.00	431.00	448.00	424.00	496.00	517.00	509.00	487.00	498.00	533.00	570.00	612.00	653.00	581.00	607.00	594.00	620.00	692.00	659.00	671.00	673.00	738.00	724.00	710.00	748.00	773.00	732.00	677.00	738.00	778.00	806.00	692.00	719.00	784.00	813.00	752.00	665.00	692.00	702.00	661.00	641.00	641.00	679.00	692.00	740.00	743.00	765.00	725.00	683.00	565.00	486.00	477.00	477.00	495.00	544.00	597.00	628.00	619.00	738.00	687.00	762.00	704.00	739.00	697.00	661.00	627.00	647.00	691.00	737.00	758.00	746.00	729.00	681.00	694.00	718.00	719.00	624.00	591.00	623.00	684.00	739.00	818.00	794.00	667.00	692.00	758.00	765.00	827.00	819.00	785.00	766.00	734.00	774.00	816.00	923.00	880.00	818.00	780.00	798.00	774.00	832.00	890.00	946.00	895.00	888.00	844.00	808.00	721.00	656.00	723.00	690.00	654.00	583.00	560.00	557.00	639.00	682.00	608.00	642.00	742.00	719.00	638.00	685.00	760.00	777.00	662.00	622.00	584.00	547.00	532.00	533.00	539.00	553.00	508.00	644.00	813.00	791.00	771.00	751.00	695.00	615.00	600.00	648.00	740.00	773.00	760.00	692.00	654.00	585.00	655.00	691.00	702.00	679.00	686.00	658.00	643.00	603.00	662.00	687.00	670.00	680.00	627.00	585.00	564.00	572.00	545.00	682.00	722.00	736.00	712.00	664.00	663.00	683.00	705.00	722.00	710.00	738.00	782.00	758.00	793.00	842.00	860.00	851.00	831.00	756.00	712.00	672.00	655.00	643.00	603.00	559.00	534.00	438.00	354.00	352.00	348.00	348.00	376.00	399.00	465.00	574.00	556.00	488.00	505.00	503.00	484.00	619.00	729.00	775.00	884.00	889.00	801.00	755.00	701.00
266.00	265.00	372.00	423.00	432.00	474.00	510.00	565.00	591.00	583.00	627.00	616.00	591.00	642.00	650.00	631.00	594.00	607.00	530.00	406.00	407.00	468.00	465.00	453.00	434.00	420.00	426.00	390.00	391.00	358.00	430.00	469.00	488.00	526.00	518.00	499.00	452.00	514.00	511.00	488.00	454.00	492.00	510.00	535.00	565.00	519.00	540.00	599.00	623.00	628.00	631.00	554.00	529.00	552.00	567.00	604.00	591.00	545.00	580.00	601.00	601.00	600.00	676.00	736.00	713.00	664.00	680.00	642.00	669.00	707.00	725.00	754.00	807.00	727.00	646.00	678.00	716.00	741.00	654.00	588.00	618.00	566.00	519.00	531.00	565.00	591.00	602.00	579.00	556.00	582.00	551.00	484.00	481.00	523.00	544.00	517.00	522.00	512.00	512.00	517.00	575.00	582.00	596.00	590.00	598.00	599.00	635.00	641.00	658.00	663.00	728.00	766.00	805.00	853.00	822.00	850.00	784.00	738.00	737.00	713.00	650.00	655.00	736.00	847.00	808.00	732.00	701.00	863.00	923.00	946.00	946.00	902.00	820.00	821.00	848.00	823.00	1024.00	955.00	904.00	948.00	1020.00	950.00	1018.00	986.00	933.00	818.00	760.00	693.00	696.00	719.00	735.00	689.00	614.00	580.00	567.00	592.00	734.00	820.00	728.00	786.00	716.00	665.00	727.00	722.00	749.00	719.00	643.00	584.00	614.00	610.00	613.00	620.00	739.00	644.00	615.00	585.00	525.00	593.00	666.00	674.00	671.00	682.00	656.00	715.00	763.00	786.00	767.00	756.00	791.00	774.00	630.00	597.00	602.00	607.00	715.00	746.00	700.00	635.00	668.00	628.00	651.00	686.00	715.00	637.00	601.00	581.00	614.00	616.00	685.00	754.00	792.00	807.00	773.00	714.00	690.00	685.00	726.00	797.00	792.00	737.00	714.00	684.00	679.00	703.00	709.00	726.00	759.00	764.00	723.00	688.00	583.00	553.00	501.00	438.00	404.00	514.00	449.00	390.00	365.00	348.00	345.00	347.00	410.00	459.00	412.00	413.00	442.00	507.00	533.00	645.00	744.00	775.00	672.00	598.00	572.00	566.00
266.00	265.00	372.00	423.00	432.00	474.00	510.00	565.00	591.00	583.00	627.00	616.00	591.00	642.00	650.00	631.00	594.00	607.00	530.00	406.00	407.00	468.00	465.00	453.00	434.00	420.00	426.00	390.00	391.00	358.00	430.00	469.00	488.00	526.00	518.00	499.00	452.00	514.00	511.00	488.00	454.00	492.00	510.00	535.00	565.00	519.00	540.00	599.00	623.00	628.00	631.00	554.00	529.00	552.00	567.00	604.00	591.00	545.00	580.00	601.00	601.00	600.00	676.00	736.00	713.00	664.00	680.00	642.00	669.00	707.00	725.00	754.00	807.00	727.00	646.00	678.00	716.00	741.00	654.00	588.00	618.00	566.00	519.00	531.00	565.00	591.00	602.00	579.00	556.00	582.00	551.00	484.00	481.00	523.00	544.00	517.00	522.00	512.00	512.00	517.00	575.00	582.00	596.00	590.00	598.00	599.00	635.00	641.00	658.00	663.00	728.00	766.00	805.00	853.00	822.00	850.00	784.00	738.00	737.00	713.00	650.00	655.00	736.00	847.00	808.00	732.00	701.00	863.00	923.00	946.00	946.00	902.00	820.00	821.00	848.00	823.00	1024.00	955.00	904.00	948.00	1020.00	950.00	1018.00	986.00	933.00	818.00	760.00	693.00	696.00	719.00	735.00	689.00	614.00	580.00	567.00	592.00	734.00	820.00	728.00	786.00	716.00	665.00	727.00	722.00	749.00	719.00	643.00	584.00	614.00	610.00	613.00	620.00	739.00	644.00	615.00	585.00	525.00	593.00	666.00	674.00	671.00	682.00	656.00	715.00	763.00	786.00	767.00	756.00	791.00	774.00	630.00	597.00	602.00	607.00	715.00	746.00	700.00	635.00	668.00	628.00	651.00	686.00	715.00	637.00	601.00	581.00	614.00	616.00	685.00	754.00	792.00	807.00	773.00	714.00	690.00	685.00	726.00	797.00	792.00	737.00	714.00	684.00	679.00	703.00	709.00	726.00	759.00	764.00	723.00	688.00	583.00	553.00	501.00	438.00	404.00	514.00	449.00	390.00	365.00	348.00	345.00	347.00	410.00	459.00	412.00	413.00	442.00	507.00	533.00	645.00	744.00	775.00	672.00	598.00	572.00	566.00
268.00	300.00	447.00	459.00	455.00	454.00	536.00	587.00	575.00	566.00	620.00	604.00	590.00	624.00	668.00	679.00	667.00	629.00	602.00	503.00	502.00	477.00	491.00	534.00	509.00	489.00	454.00	446.00	406.00	366.00	461.00	443.00	471.00	492.00	511.00	489.00	477.00	501.00	528.00	520.00	521.00	526.00	604.00	576.00	542.00	545.00	608.00	588.00	547.00	587.00	581.00	589.00	565.00	575.00	560.00	542.00	510.00	514.00	541.00	547.00	559.00	582.00	723.00	723.00	715.00	659.00	630.00	690.00	723.00	729.00	788.00	818.00	792.00	679.00	641.00	635.00	724.00	736.00	632.00	578.00	550.00	532.00	506.00	507.00	510.00	507.00	507.00	502.00	494.00	491.00	493.00	501.00	485.00	546.00	619.00	601.00	586.00	588.00	562.00	532.00	549.00	548.00	548.00	571.00	605.00	615.00	606.00	631.00	687.00	734.00	727.00	746.00	782.00	814.00	912.00	876.00	830.00	834.00	815.00	768.00	682.00	640.00	713.00	845.00	788.00	862.00	788.00	788.00	839.00	886.00	961.00	933.00	841.00	852.00	907.00	869.00	1006.00	980.00	980.00	977.00	935.00	972.00	946.00	891.00	839.00	763.00	747.00	769.00	795.00	764.00	688.00	618.00	596.00	642.00	572.00	627.00	738.00	784.00	845.00	826.00	727.00	756.00	707.00	733.00	687.00	683.00	637.00	690.00	727.00	679.00	660.00	625.00	737.00	702.00	760.00	689.00	614.00	536.00	555.00	584.00	639.00	723.00	744.00	739.00	789.00	772.00	746.00	731.00	728.00	714.00	622.00	675.00	720.00	684.00	634.00	723.00	737.00	666.00	658.00	670.00	639.00	646.00	673.00	626.00	599.00	615.00	632.00	606.00	593.00	655.00	697.00	710.00	779.00	765.00	719.00	699.00	713.00	801.00	824.00	746.00	705.00	675.00	665.00	648.00	647.00	649.00	684.00	735.00	731.00	716.00	596.00	527.00	490.00	446.00	486.00	573.00	507.00	465.00	412.00	364.00	344.00	344.00	353.00	392.00	394.00	446.00	430.00	422.00	542.00	639.00	724.00	646.00	581.00	489.00	482.00	478.00
370.00	426.00	442.00	401.00	417.00	465.00	508.00	559.00	562.00	542.00	551.00	549.00	559.00	590.00	616.00	617.00	612.00	597.00	580.00	544.00	562.00	532.00	495.00	523.00	507.00	497.00	485.00	511.00	426.00	387.00	388.00	399.00	457.00	452.00	435.00	459.00	487.00	530.00	554.00	589.00	596.00	599.00	538.00	536.00	483.00	547.00	530.00	514.00	500.00	520.00	537.00	539.00	504.00	522.00	489.00	512.00	585.00	577.00	542.00	580.00	645.00	612.00	643.00	695.00	700.00	633.00	657.00	724.00	786.00	806.00	824.00	752.00	782.00	720.00	691.00	608.00	668.00	737.00	660.00	594.00	553.00	532.00	511.00	534.00	545.00	532.00	521.00	511.00	530.00	535.00	519.00	510.00	495.00	516.00	571.00	626.00	685.00	691.00	617.00	557.00	642.00	654.00	610.00	613.00	723.00	694.00	648.00	656.00	662.00	739.00	785.00	806.00	852.00	922.00	977.00	916.00	894.00	876.00	814.00	757.00	691.00	648.00	722.00	860.00	862.00	867.00	793.00	779.00	878.00	966.00	997.00	936.00	910.00	951.00	926.00	962.00	933.00	869.00	893.00	889.00	798.00	829.00	808.00	804.00	800.00	726.00	657.00	627.00	620.00	610.00	608.00	635.00	739.00	740.00	581.00	611.00	807.00	835.00	832.00	771.00	775.00	816.00	755.00	729.00	701.00	650.00	630.00	691.00	748.00	746.00	731.00	673.00	808.00	789.00	776.00	733.00	656.00	564.00	592.00	545.00	595.00	735.00	780.00	806.00	825.00	806.00	794.00	761.00	706.00	687.00	642.00	718.00	767.00	765.00	649.00	714.00	697.00	664.00	645.00	744.00	697.00	651.00	673.00	623.00	625.00	653.00	659.00	616.00	587.00	580.00	610.00	646.00	727.00	760.00	740.00	737.00	776.00	776.00	808.00	782.00	731.00	661.00	653.00	646.00	637.00	621.00	665.00	684.00	677.00	694.00	618.00	555.00	498.00	470.00	540.00	643.00	570.00	500.00	456.00	378.00	346.00	342.00	351.00	361.00	385.00	398.00	376.00	401.00	537.00	596.00	634.00	540.00	485.00	467.00	527.00	578.00
460.00	480.00	392.00	370.00	401.00	426.00	519.00	561.00	568.00	566.00	514.00	521.00	535.00	558.00	563.00	562.00	560.00	552.00	532.00	530.00	527.00	520.00	519.00	523.00	514.00	516.00	520.00	505.00	423.00	383.00	461.00	423.00	402.00	419.00	451.00	464.00	475.00	513.00	540.00	562.00	581.00	541.00	503.00	469.00	454.00	478.00	489.00	518.00	594.00	588.00	577.00	495.00	469.00	496.00	556.00	598.00	590.00	625.00	620.00	618.00	706.00	730.00	715.00	717.00	668.00	619.00	694.00	751.00	776.00	735.00	799.00	776.00	689.00	749.00	683.00	642.00	593.00	705.00	608.00	571.00	545.00	523.00	518.00	553.00	612.00	620.00	631.00	613.00	582.00	565.00	591.00	514.00	496.00	498.00	561.00	616.00	709.00	683.00	629.00	587.00	619.00	703.00	667.00	605.00	737.00	798.00	695.00	717.00	766.00	755.00	809.00	833.00	848.00	883.00	1019.00	934.00	873.00	816.00	767.00	750.00	721.00	663.00	725.00	841.00	929.00	952.00	924.00	784.00	859.00	936.00	1010.00	941.00	977.00	1001.00	982.00	1001.00	828.00	850.00	793.00	808.00	777.00	749.00	693.00	681.00	664.00	636.00	634.00	662.00	678.00	709.00	774.00	817.00	872.00	770.00	597.00	607.00	751.00	765.00	894.00	839.00	877.00	853.00	804.00	712.00	648.00	678.00	746.00	731.00	717.00	751.00	822.00	806.00	786.00	749.00	706.00	659.00	602.00	570.00	631.00	576.00	564.00	722.00	782.00	827.00	844.00	791.00	764.00	758.00	717.00	693.00	661.00	692.00	737.00	765.00	662.00	734.00	723.00	683.00	642.00	727.00	720.00	677.00	677.00	670.00	641.00	674.00	644.00	605.00	634.00	611.00	591.00	604.00	660.00	711.00	769.00	770.00	788.00	841.00	827.00	785.00	751.00	693.00	675.00	655.00	634.00	616.00	620.00	639.00	644.00	642.00	636.00	580.00	521.00	511.00	575.00	698.00	637.00	567.00	509.00	404.00	350.00	341.00	340.00	345.00	335.00	334.00	338.00	348.00	438.00	518.00	596.00	471.00	418.00	509.00	566.00	615.00
485.00	486.00	359.00	397.00	444.00	463.00	539.00	525.00	517.00	576.00	515.00	501.00	509.00	519.00	525.00	527.00	531.00	535.00	550.00	542.00	530.00	520.00	511.00	504.00	489.00	489.00	485.00	448.00	398.00	410.00	479.00	435.00	468.00	469.00	449.00	502.00	540.00	558.00	528.00	496.00	495.00	485.00	471.00	447.00	437.00	491.00	528.00	523.00	508.00	552.00	523.00	466.00	530.00	587.00	632.00	567.00	581.00	602.00	656.00	707.00	745.00	757.00	698.00	665.00	616.00	643.00	743.00	704.00	749.00	671.00	759.00	802.00	706.00	739.00	691.00	665.00	609.00	578.00	654.00	593.00	535.00	518.00	531.00	526.00	527.00	536.00	569.00	666.00	615.00	629.00	634.00	518.00	507.00	499.00	526.00	566.00	639.00	701.00	660.00	618.00	569.00	645.00	696.00	673.00	706.00	830.00	743.00	775.00	841.00	828.00	855.00	924.00	981.00	990.00	1014.00	930.00	881.00	840.00	808.00	782.00	705.00	700.00	806.00	960.00	1049.00	943.00	889.00	796.00	834.00	906.00	1007.00	1010.00	1013.00	903.00	881.00	878.00	812.00	763.00	731.00	717.00	707.00	717.00	721.00	721.00	736.00	693.00	650.00	724.00	752.00	699.00	765.00	887.00	918.00	795.00	597.00	632.00	827.00	831.00	789.00	829.00	834.00	788.00	742.00	666.00	689.00	768.00	706.00	817.00	810.00	851.00	901.00	872.00	752.00	724.00	696.00	677.00	611.00	589.00	630.00	654.00	586.00	702.00	750.00	773.00	799.00	793.00	756.00	717.00	702.00	674.00	704.00	746.00	757.00	781.00	674.00	709.00	761.00	727.00	655.00	685.00	713.00	705.00	672.00	733.00	686.00	680.00	651.00	616.00	681.00	650.00	639.00	629.00	612.00	645.00	692.00	745.00	776.00	823.00	825.00	790.00	779.00	744.00	713.00	678.00	664.00	649.00	611.00	601.00	618.00	608.00	626.00	597.00	555.00	544.00	596.00	667.00	564.00	520.00	493.00	436.00	354.00	341.00	339.00	337.00	334.00	332.00	331.00	331.00	373.00	477.00	550.00	397.00	396.00	489.00	533.00	580.00
504.00	491.00	337.00	371.00	386.00	444.00	537.00	516.00	477.00	527.00	520.00	506.00	490.00	496.00	501.00	508.00	523.00	539.00	550.00	541.00	532.00	525.00	522.00	518.00	483.00	458.00	435.00	425.00	442.00	471.00	472.00	473.00	490.00	528.00	514.00	486.00	524.00	483.00	447.00	447.00	432.00	422.00	410.00	404.00	449.00	461.00	414.00	419.00	421.00	422.00	432.00	500.00	547.00	595.00	608.00	538.00	605.00	666.00	708.00	666.00	711.00	760.00	746.00	720.00	619.00	606.00	699.00	651.00	716.00	651.00	756.00	753.00	698.00	696.00	725.00	677.00	622.00	563.00	608.00	550.00	522.00	523.00	564.00	557.00	551.00	540.00	535.00	598.00	662.00	651.00	597.00	529.00	515.00	504.00	534.00	608.00	697.00	713.00	723.00	696.00	576.00	612.00	700.00	733.00	701.00	842.00	817.00	812.00	807.00	791.00	841.00	862.00	903.00	943.00	1049.00	985.00	929.00	902.00	878.00	789.00	707.00	774.00	782.00	986.00	1070.00	908.00	840.00	852.00	917.00	972.00	980.00	944.00	998.00	925.00	812.00	789.00	730.00	744.00	790.00	817.00	794.00	855.00	804.00	886.00	851.00	785.00	677.00	719.00	812.00	720.00	789.00	833.00	860.00	732.00	615.00	618.00	703.00	737.00	718.00	724.00	718.00	807.00	774.00	683.00	753.00	782.00	704.00	881.00	933.00	977.00	906.00	826.00	747.00	713.00	678.00	651.00	609.00	629.00	674.00	683.00	611.00	661.00	709.00	740.00	765.00	811.00	791.00	766.00	779.00	710.00	691.00	740.00	785.00	827.00	721.00	678.00	733.00	756.00	685.00	676.00	702.00	735.00	709.00	756.00	760.00	711.00	660.00	612.00	705.00	684.00	677.00	659.00	622.00	633.00	648.00	675.00	722.00	784.00	790.00	756.00	743.00	762.00	749.00	735.00	741.00	718.00	625.00	606.00	590.00	605.00	598.00	579.00	585.00	610.00	663.00	621.00	573.00	535.00	492.00	426.00	346.00	350.00	353.00	343.00	336.00	336.00	332.00	333.00	343.00	444.00	522.00	376.00	387.00	460.00	513.00	563.00
504.00	491.00	337.00	371.00	386.00	444.00	537.00	516.00	477.00	527.00	520.00	506.00	490.00	496.00	501.00	508.00	523.00	539.00	550.00	541.00	532.00	525.00	522.00	518.00	483.00	458.00	435.00	425.00	442.00	471.00	472.00	473.00	490.00	528.00	514.00	486.00	524.00	483.00	447.00	447.00	432.00	422.00	410.00	404.00	449.00	461.00	414.00	419.00	421.00	422.00	432.00	500.00	547.00	595.00	608.00	538.00	605.00	666.00	708.00	666.00	711.00	760.00	746.00	720.00	619.00	606.00	699.00	651.00	716.00	651.00	756.00	753.00	698.00	696.00	725.00	677.00	622.00	563.00	608.00	550.00	522.00	523.00	564.00	557.00	551.00	540.00	535.00	598.00	662.00	651.00	597.00	529.00	515.00	504.00	534.00	608.00	697.00	713.00	723.00	696.00	576.00	612.00	700.00	733.00	701.00	842.00	817.00	812.00	807.00	791.00	841.00	862.00	903.00	943.00	1049.00	985.00	929.00	902.00	878.00	789.00	707.00	774.00	782.00	986.00	1070.00	908.00	840.00	852.00	917.00	972.00	980.00	944.00	998.00	925.00	812.00	789.00	730.00	744.00	790.00	817.00	794.00	855.00	804.00	886.00	851.00	785.00	677.00	719.00	812.00	720.00	789.00	833.00	860.00	732.00	615.00	618.00	703.00	737.00	718.00	724.00	718.00	807.00	774.00	683.00	753.00	782.00	704.00	881.00	933.00	977.00	906.00	826.00	747.00	713.00	678.00	651.00	609.00	629.00	674.00	683.00	611.00	661.00	709.00	740.00	765.00	811.00	791.00	766.00	779.00	710.00	691.00	740.00	785.00	827.00	721.00	678.00	733.00	756.00	685.00	676.00	702.00	735.00	709.00	756.00	760.00	711.00	660.00	612.00	705.00	684.00	677.00	659.00	622.00	633.00	648.00	675.00	722.00	784.00	790.00	756.00	743.00	762.00	749.00	735.00	741.00	718.00	625.00	606.00	590.00	605.00	598.00	579.00	585.00	610.00	663.00	621.00	573.00	535.00	492.00	426.00	346.00	350.00	353.00	343.00	336.00	336.00	332.00	333.00	343.00	444.00	522.00	376.00	387.00	460.00	513.00	563.00
291.00	296.00	401.00	427.00	464.00	489.00	507.00	470.00	465.00	422.00	474.00	501.00	503.00	491.00	478.00	504.00	512.00	516.00	514.00	529.00	532.00	530.00	529.00	525.00	521.00	496.00	497.00	515.00	531.00	524.00	518.00	513.00	530.00	485.00	542.00	531.00	515.00	457.00	412.00	378.00	395.00	468.00	541.00	516.00	500.00	538.00	459.00	501.00	480.00	437.00	456.00	546.00	502.00	499.00	526.00	518.00	566.00	562.00	550.00	601.00	717.00	711.00	661.00	661.00	679.00	701.00	653.00	603.00	574.00	567.00	577.00	566.00	557.00	559.00	551.00	543.00	536.00	533.00	535.00	538.00	559.00	596.00	658.00	660.00	614.00	590.00	562.00	551.00	556.00	586.00	641.00	563.00	529.00	510.00	530.00	620.00	687.00	744.00	760.00	788.00	706.00	662.00	618.00	613.00	670.00	677.00	696.00	754.00	815.00	920.00	986.00	1051.00	1058.00	1091.00	1109.00	1021.00	965.00	892.00	810.00	841.00	807.00	799.00	920.00	1056.00	1061.00	993.00	995.00	906.00	895.00	852.00	847.00	824.00	767.00	809.00	820.00	788.00	864.00	902.00	959.00	973.00	937.00	966.00	924.00	897.00	835.00	768.00	812.00	758.00	806.00	816.00	791.00	709.00	640.00	619.00	777.00	827.00	827.00	733.00	711.00	715.00	703.00	698.00	682.00	780.00	820.00	843.00	840.00	985.00	1031.00	959.00	915.00	891.00	874.00	832.00	733.00	667.00	741.00	700.00	694.00	678.00	621.00	617.00	650.00	720.00	757.00	825.00	821.00	778.00	724.00	707.00	691.00	716.00	779.00	844.00	837.00	771.00	719.00	713.00	776.00	683.00	673.00	698.00	748.00	774.00	769.00	732.00	687.00	651.00	745.00	766.00	762.00	727.00	739.00	714.00	679.00	676.00	678.00	772.00	816.00	844.00	813.00	749.00	704.00	659.00	675.00	660.00	641.00	616.00	612.00	597.00	495.00	470.00	475.00	464.00	559.00	436.00	409.00	374.00	360.00	369.00	368.00	353.00	350.00	349.00	433.00	388.00	345.00	332.00	331.00	336.00	345.00	388.00	399.00	444.00	449.00	459.00
291.00	296.00	401.00	427.00	464.00	489.00	507.00	470.00	465.00	422.00	474.00	501.00	503.00	491.00	478.00	504.00	512.00	516.00	514.00	529.00	532.00	530.00	529.00	525.00	521.00	496.00	497.00	515.00	531.00	524.00	518.00	513.00	530.00	485.00	542.00	531.00	515.00	457.00	412.00	378.00	395.00	468.00	541.00	516.00	500.00	538.00	459.00	501.00	480.00	437.00	456.00	546.00	502.00	499.00	526.00	518.00	566.00	562.00	550.00	601.00	717.00	711.00	661.00	661.00	679.00	701.00	653.00	603.00	574.00	567.00	577.00	566.00	557.00	559.00	551.00	543.00	536.00	533.00	535.00	538.00	559.00	596.00	658.00	660.00	614.00	590.00	562.00	551.00	556.00	586.00	641.00	563.00	529.00	510.00	530.00	620.00	687.00	744.00	760.00	788.00	706.00	662.00	618.00	613.00	670.00	677.00	696.00	754.00	815.00	920.00	986.00	1051.00	1058.00	1091.00	1109.00	1021.00	965.00	892.00	810.00	841.00	807.00	799.00	920.00	1056.00	1061.00	993.00	995.00	906.00	895.00	852.00	847.00	824.00	767.00	809.00	820.00	788.00	864.00	902.00	959.00	973.00	937.00	966.00	924.00	897.00	835.00	768.00	812.00	758.00	806.00	816.00	791.00	709.00	640.00	619.00	777.00	827.00	827.00	733.00	711.00	715.00	703.00	698.00	682.00	780.00	820.00	843.00	840.00	985.00	1031.00	959.00	915.00	891.00	874.00	832.00	733.00	667.00	741.00	700.00	694.00	678.00	621.00	617.00	650.00	720.00	757.00	825.00	821.00	778.00	724.00	707.00	691.00	716.00	779.00	844.00	837.00	771.00	719.00	713.00	776.00	683.00	673.00	698.00	748.00	774.00	769.00	732.00	687.00	651.00	745.00	766.00	762.00	727.00	739.00	714.00	679.00	676.00	678.00	772.00	816.00	844.00	813.00	749.00	704.00	659.00	675.00	660.00	641.00	616.00	612.00	597.00	495.00	470.00	475.00	464.00	559.00	436.00	409.00	374.00	360.00	369.00	368.00	353.00	350.00	349.00	433.00	388.00	345.00	332.00	331.00	336.00	345.00	388.00	399.00	444.00	449.00	459.00
267.00	296.00	317.00	339.00	370.00	403.00	467.00	448.00	419.00	430.00	467.00	489.00	487.00	477.00	469.00	504.00	507.00	513.00	521.00	549.00	511.00	507.00	506.00	489.00	508.00	515.00	523.00	530.00	496.00	472.00	473.00	527.00	523.00	462.00	486.00	483.00	463.00	395.00	370.00	394.00	468.00	481.00	539.00	583.00	586.00	578.00	478.00	497.00	519.00	475.00	442.00	589.00	599.00	574.00	586.00	564.00	571.00	621.00	619.00	619.00	757.00	733.00	754.00	760.00	678.00	663.00	630.00	587.00	571.00	658.00	645.00	617.00	599.00	545.00	543.00	544.00	549.00	555.00	605.00	574.00	566.00	615.00	723.00	705.00	650.00	593.00	593.00	564.00	557.00	569.00	626.00	598.00	548.00	516.00	518.00	591.00	628.00	640.00	708.00	781.00	740.00	700.00	744.00	683.00	670.00	667.00	704.00	749.00	768.00	888.00	927.00	963.00	1002.00	1062.00	1107.00	1030.00	1031.00	987.00	917.00	1008.00	936.00	824.00	845.00	911.00	998.00	930.00	900.00	859.00	874.00	850.00	837.00	893.00	802.00	918.00	908.00	802.00	1036.00	1015.00	1047.00	1004.00	934.00	825.00	793.00	762.00	793.00	787.00	927.00	894.00	824.00	831.00	756.00	697.00	629.00	650.00	781.00	823.00	866.00	827.00	770.00	746.00	794.00	808.00	754.00	720.00	802.00	906.00	952.00	1012.00	963.00	903.00	846.00	803.00	746.00	723.00	694.00	705.00	781.00	712.00	691.00	682.00	648.00	665.00	635.00	655.00	715.00	813.00	814.00	767.00	731.00	763.00	751.00	700.00	732.00	810.00	906.00	849.00	779.00	723.00	801.00	736.00	704.00	689.00	720.00	794.00	823.00	781.00	716.00	664.00	818.00	848.00	817.00	812.00	799.00	781.00	742.00	752.00	738.00	792.00	805.00	791.00	769.00	747.00	741.00	700.00	656.00	639.00	555.00	562.00	539.00	535.00	503.00	462.00	435.00	398.00	398.00	371.00	382.00	389.00	393.00	385.00	357.00	356.00	355.00	366.00	434.00	428.00	409.00	398.00	328.00	328.00	333.00	337.00	345.00	427.00	396.00	399.00
327.00	365.00	367.00	408.00	449.00	457.00	410.00	404.00	391.00	377.00	455.00	451.00	439.00	446.00	472.00	512.00	514.00	517.00	521.00	542.00	482.00	448.00	441.00	421.00	451.00	489.00	522.00	530.00	428.00	404.00	513.00	485.00	480.00	453.00	422.00	414.00	400.00	364.00	417.00	470.00	481.00	535.00	574.00	561.00	558.00	522.00	528.00	526.00	542.00	538.00	479.00	504.00	523.00	569.00	631.00	632.00	632.00	642.00	680.00	702.00	799.00	760.00	808.00	752.00	651.00	604.00	584.00	579.00	640.00	794.00	768.00	713.00	665.00	602.00	581.00	606.00	649.00	636.00	647.00	591.00	575.00	675.00	697.00	651.00	623.00	633.00	661.00	617.00	572.00	567.00	611.00	657.00	575.00	531.00	519.00	519.00	695.00	687.00	748.00	806.00	796.00	829.00	840.00	759.00	734.00	758.00	734.00	740.00	722.00	793.00	828.00	854.00	916.00	966.00	1084.00	993.00	931.00	993.00	1050.00	1031.00	904.00	928.00	1028.00	929.00	959.00	959.00	906.00	936.00	916.00	871.00	953.00	976.00	835.00	967.00	963.00	830.00	1045.00	1110.00	1008.00	924.00	850.00	839.00	882.00	834.00	920.00	825.00	909.00	1005.00	949.00	835.00	778.00	680.00	638.00	649.00	812.00	877.00	987.00	919.00	839.00	775.00	883.00	954.00	864.00	736.00	742.00	809.00	884.00	1012.00	962.00	898.00	856.00	843.00	798.00	774.00	737.00	772.00	802.00	786.00	762.00	726.00	668.00	708.00	716.00	680.00	652.00	732.00	785.00	765.00	751.00	804.00	782.00	724.00	715.00	758.00	889.00	896.00	857.00	791.00	774.00	802.00	756.00	719.00	725.00	830.00	803.00	764.00	723.00	679.00	903.00	937.00	899.00	897.00	895.00	841.00	825.00	849.00	830.00	820.00	809.00	739.00	706.00	691.00	693.00	658.00	619.00	604.00	575.00	581.00	590.00	590.00	530.00	581.00	580.00	508.00	434.00	386.00	400.00	410.00	402.00	365.00	363.00	366.00	384.00	439.00	510.00	529.00	496.00	446.00	334.00	350.00	336.00	323.00	325.00	356.00	340.00	355.00
316.00	384.00	458.00	465.00	485.00	464.00	392.00	366.00	363.00	351.00	406.00	400.00	423.00	463.00	479.00	504.00	511.00	520.00	525.00	517.00	492.00	480.00	463.00	385.00	457.00	510.00	522.00	502.00	448.00	408.00	477.00	461.00	418.00	413.00	414.00	369.00	362.00	410.00	395.00	391.00	398.00	459.00	489.00	477.00	504.00	473.00	503.00	544.00	617.00	590.00	520.00	541.00	502.00	520.00	538.00	574.00	606.00	667.00	706.00	728.00	863.00	824.00	741.00	701.00	594.00	584.00	614.00	599.00	652.00	767.00	761.00	673.00	615.00	653.00	596.00	637.00	682.00	741.00	692.00	615.00	572.00	619.00	712.00	695.00	641.00	694.00	736.00	651.00	589.00	589.00	638.00	680.00	613.00	551.00	536.00	522.00	671.00	765.00	735.00	769.00	741.00	821.00	817.00	825.00	742.00	839.00	815.00	850.00	813.00	900.00	855.00	854.00	926.00	968.00	1033.00	953.00	879.00	935.00	1034.00	1073.00	998.00	1079.00	1122.00	1088.00	1066.00	1060.00	1025.00	1004.00	921.00	978.00	1013.00	946.00	882.00	1003.00	980.00	874.00	1134.00	1073.00	969.00	913.00	959.00	919.00	948.00	937.00	955.00	937.00	1049.00	1052.00	999.00	779.00	731.00	655.00	684.00	730.00	698.00	808.00	949.00	982.00	907.00	896.00	872.00	976.00	952.00	876.00	799.00	773.00	853.00	1026.00	1005.00	967.00	948.00	932.00	836.00	783.00	842.00	893.00	855.00	794.00	752.00	711.00	687.00	746.00	759.00	729.00	713.00	674.00	705.00	747.00	744.00	789.00	835.00	786.00	752.00	739.00	799.00	834.00	877.00	869.00	758.00	830.00	828.00	780.00	740.00	828.00	841.00	789.00	741.00	691.00	902.00	957.00	995.00	1004.00	983.00	938.00	929.00	920.00	890.00	800.00	757.00	692.00	668.00	632.00	625.00	614.00	613.00	632.00	639.00	664.00	674.00	646.00	618.00	660.00	609.00	525.00	434.00	386.00	384.00	379.00	375.00	378.00	389.00	415.00	431.00	461.00	529.00	475.00	421.00	377.00	413.00	409.00	378.00	321.00	320.00	322.00	319.00	328.00
359.00	386.00	457.00	469.00	474.00	480.00	435.00	385.00	338.00	365.00	404.00	433.00	466.00	493.00	508.00	515.00	516.00	509.00	530.00	571.00	519.00	456.00	437.00	366.00	494.00	483.00	437.00	433.00	471.00	450.00	394.00	364.00	363.00	359.00	360.00	385.00	461.00	502.00	483.00	456.00	474.00	412.00	422.00	425.00	437.00	461.00	491.00	574.00	643.00	608.00	535.00	602.00	570.00	554.00	613.00	552.00	593.00	617.00	642.00	736.00	778.00	785.00	671.00	623.00	601.00	646.00	732.00	694.00	621.00	720.00	695.00	654.00	635.00	627.00	645.00	633.00	704.00	737.00	680.00	603.00	581.00	632.00	729.00	757.00	673.00	722.00	718.00	613.00	573.00	658.00	786.00	728.00	648.00	579.00	556.00	525.00	598.00	643.00	613.00	631.00	660.00	680.00	719.00	726.00	784.00	827.00	875.00	918.00	931.00	957.00	930.00	897.00	955.00	1024.00	1011.00	954.00	841.00	879.00	1030.00	1081.00	1020.00	1041.00	1068.00	953.00	1006.00	1018.00	1107.00	1064.00	1005.00	1065.00	1003.00	949.00	893.00	1012.00	1016.00	1005.00	1102.00	1101.00	1081.00	1040.00	1081.00	1077.00	1038.00	1096.00	1071.00	1121.00	1076.00	1002.00	926.00	766.00	677.00	693.00	745.00	776.00	755.00	711.00	783.00	811.00	966.00	1039.00	1031.00	1063.00	978.00	969.00	889.00	810.00	822.00	986.00	1036.00	1037.00	1017.00	971.00	821.00	867.00	945.00	982.00	921.00	806.00	786.00	741.00	728.00	768.00	734.00	737.00	712.00	723.00	703.00	700.00	743.00	770.00	863.00	882.00	852.00	806.00	757.00	793.00	836.00	880.00	802.00	848.00	895.00	872.00	814.00	885.00	915.00	844.00	765.00	710.00	870.00	932.00	975.00	1024.00	1055.00	1038.00	1028.00	983.00	931.00	835.00	792.00	702.00	665.00	638.00	629.00	629.00	647.00	661.00	662.00	658.00	649.00	632.00	636.00	596.00	485.00	426.00	399.00	390.00	387.00	385.00	392.00	404.00	458.00	530.00	542.00	534.00	438.00	393.00	388.00	414.00	445.00	421.00	393.00	344.00	330.00	316.00	318.00	318.00
347.00	341.00	424.00	430.00	445.00	470.00	416.00	398.00	331.00	369.00	453.00	470.00	487.00	505.00	510.00	537.00	532.00	496.00	424.00	535.00	450.00	395.00	375.00	340.00	452.00	406.00	378.00	441.00	443.00	381.00	346.00	401.00	462.00	388.00	390.00	449.00	454.00	532.00	560.00	559.00	573.00	457.00	479.00	502.00	491.00	535.00	546.00	523.00	552.00	620.00	566.00	632.00	606.00	567.00	656.00	579.00	657.00	698.00	746.00	811.00	702.00	684.00	634.00	599.00	643.00	698.00	780.00	784.00	687.00	617.00	664.00	712.00	718.00	676.00	682.00	689.00	722.00	691.00	623.00	590.00	634.00	652.00	815.00	774.00	698.00	760.00	716.00	625.00	587.00	611.00	779.00	824.00	741.00	645.00	594.00	549.00	541.00	593.00	634.00	643.00	666.00	659.00	651.00	645.00	680.00	754.00	835.00	816.00	822.00	956.00	1019.00	985.00	1042.00	1051.00	858.00	897.00	818.00	878.00	986.00	999.00	913.00	959.00	944.00	849.00	874.00	1037.00	1099.00	1004.00	985.00	1073.00	1047.00	959.00	939.00	949.00	1071.00	1087.00	1175.00	1225.00	1204.00	1197.00	1195.00	1219.00	1192.00	1181.00	1172.00	1096.00	982.00	854.00	836.00	698.00	723.00	785.00	803.00	827.00	838.00	716.00	883.00	893.00	842.00	945.00	1065.00	1100.00	1086.00	1009.00	911.00	868.00	898.00	991.00	1030.00	1059.00	1049.00	1007.00	856.00	935.00	1013.00	1042.00	913.00	893.00	869.00	817.00	766.00	786.00	797.00	763.00	739.00	749.00	765.00	730.00	761.00	755.00	799.00	839.00	833.00	806.00	769.00	777.00	822.00	864.00	848.00	852.00	937.00	950.00	903.00	912.00	926.00	854.00	785.00	727.00	809.00	851.00	891.00	940.00	1044.00	1028.00	1011.00	991.00	956.00	876.00	821.00	724.00	704.00	639.00	623.00	609.00	605.00	597.00	588.00	593.00	563.00	522.00	468.00	451.00	457.00	462.00	397.00	394.00	400.00	412.00	418.00	441.00	544.00	560.00	517.00	483.00	433.00	460.00	466.00	466.00	471.00	445.00	412.00	396.00	404.00	315.00	314.00	314.00
347.00	341.00	424.00	430.00	445.00	470.00	416.00	398.00	331.00	369.00	453.00	470.00	487.00	505.00	510.00	537.00	532.00	496.00	424.00	535.00	450.00	395.00	375.00	340.00	452.00	406.00	378.00	441.00	443.00	381.00	346.00	401.00	462.00	388.00	390.00	449.00	454.00	532.00	560.00	559.00	573.00	457.00	479.00	502.00	491.00	535.00	546.00	523.00	552.00	620.00	566.00	632.00	606.00	567.00	656.00	579.00	657.00	698.00	746.00	811.00	702.00	684.00	634.00	599.00	643.00	698.00	780.00	784.00	687.00	617.00	664.00	712.00	718.00	676.00	682.00	689.00	722.00	691.00	623.00	590.00	634.00	652.00	815.00	774.00	698.00	760.00	716.00	625.00	587.00	611.00	779.00	824.00	741.00	645.00	594.00	549.00	541.00	593.00	634.00	643.00	666.00	659.00	651.00	645.00	680.00	754.00	835.00	816.00	822.00	956.00	1019.00	985.00	1042.00	1051.00	858.00	897.00	818.00	878.00	986.00	999.00	913.00	959.00	944.00	849.00	874.00	1037.00	1099.00	1004.00	985.00	1073.00	1047.00	959.00	939.00	949.00	1071.00	1087.00	1175.00	1225.00	1204.00	1197.00	1195.00	1219.00	1192.00	1181.00	1172.00	1096.00	982.00	854.00	836.00	698.00	723.00	785.00	803.00	827.00	838.00	716.00	883.00	893.00	842.00	945.00	1065.00	1100.00	1086.00	1009.00	911.00	868.00	898.00	991.00	1030.00	1059.00	1049.00	1007.00	856.00	935.00	1013.00	1042.00	913.00	893.00	869.00	817.00	766.00	786.00	797.00	763.00	739.00	749.00	765.00	730.00	761.00	755.00	799.00	839.00	833.00	806.00	769.00	777.00	822.00	864.00	848.00	852.00	937.00	950.00	903.00	912.00	926.00	854.00	785.00	727.00	809.00	851.00	891.00	940.00	1044.00	1028.00	1011.00	991.00	956.00	876.00	821.00	724.00	704.00	639.00	623.00	609.00	605.00	597.00	588.00	593.00	563.00	522.00	468.00	451.00	457.00	462.00	397.00	394.00	400.00	412.00	418.00	441.00	544.00	560.00	517.00	483.00	433.00	460.00	466.00	466.00	471.00	445.00	412.00	396.00	404.00	315.00	314.00	314.00
320.00	338.00	377.00	328.00	340.00	356.00	334.00	296.00	322.00	362.00	483.00	488.00	501.00	496.00	465.00	495.00	426.00	381.00	349.00	355.00	314.00	310.00	312.00	330.00	375.00	401.00	390.00	369.00	409.00	405.00	453.00	455.00	385.00	469.00	525.00	482.00	423.00	469.00	499.00	511.00	512.00	510.00	486.00	498.00	496.00	554.00	664.00	657.00	590.00	575.00	651.00	593.00	661.00	634.00	602.00	749.00	706.00	801.00	845.00	824.00	806.00	744.00	617.00	654.00	795.00	716.00	708.00	747.00	725.00	696.00	678.00	642.00	696.00	759.00	724.00	681.00	664.00	666.00	619.00	677.00	647.00	677.00	825.00	924.00	895.00	803.00	739.00	629.00	589.00	608.00	680.00	756.00	840.00	825.00	843.00	789.00	538.00	602.00	699.00	794.00	934.00	931.00	853.00	799.00	821.00	766.00	761.00	765.00	825.00	998.00	895.00	841.00	935.00	1066.00	825.00	829.00	784.00	748.00	843.00	802.00	848.00	902.00	854.00	847.00	914.00	973.00	955.00	838.00	905.00	1005.00	990.00	939.00	1076.00	1044.00	1085.00	1121.00	1178.00	1151.00	1161.00	1121.00	1025.00	902.00	887.00	870.00	842.00	777.00	764.00	791.00	760.00	938.00	827.00	862.00	964.00	1018.00	819.00	751.00	971.00	1002.00	1045.00	999.00	1011.00	1043.00	1069.00	1072.00	1001.00	1056.00	1102.00	1037.00	1103.00	1102.00	1011.00	951.00	945.00	1029.00	1113.00	1133.00	1031.00	982.00	993.00	942.00	910.00	843.00	867.00	848.00	832.00	846.00	815.00	826.00	839.00	864.00	852.00	846.00	868.00	864.00	866.00	863.00	882.00	898.00	859.00	942.00	948.00	951.00	943.00	890.00	877.00	880.00	850.00	810.00	761.00	789.00	851.00	918.00	991.00	962.00	966.00	970.00	965.00	925.00	899.00	802.00	782.00	715.00	720.00	705.00	683.00	658.00	639.00	616.00	623.00	662.00	521.00	586.00	584.00	495.00	410.00	417.00	422.00	437.00	456.00	531.00	505.00	481.00	455.00	472.00	505.00	574.00	644.00	701.00	653.00	623.00	595.00	575.00	522.00	351.00	324.00	313.00
320.00	338.00	377.00	328.00	340.00	356.00	334.00	296.00	322.00	362.00	483.00	488.00	501.00	496.00	465.00	495.00	426.00	381.00	349.00	355.00	314.00	310.00	312.00	330.00	375.00	401.00	390.00	369.00	409.00	405.00	453.00	455.00	385.00	469.00	525.00	482.00	423.00	469.00	499.00	511.00	512.00	510.00	486.00	498.00	496.00	554.00	664.00	657.00	590.00	575.00	651.00	593.00	661.00	634.00	602.00	749.00	706.00	801.00	845.00	824.00	806.00	744.00	617.00	654.00	795.00	716.00	708.00	747.00	725.00	696.00	678.00	642.00	696.00	759.00	724.00	681.00	664.00	666.00	619.00	677.00	647.00	677.00	825.00	924.00	895.00	803.00	739.00	629.00	589.00	608.00	680.00	756.00	840.00	825.00	843.00	789.00	538.00	602.00	699.00	794.00	934.00	931.00	853.00	799.00	821.00	766.00	761.00	765.00	825.00	998.00	895.00	841.00	935.00	1066.00	825.00	829.00	784.00	748.00	843.00	802.00	848.00	902.00	854.00	847.00	914.00	973.00	955.00	838.00	905.00	1005.00	990.00	939.00	1076.00	1044.00	1085.00	1121.00	1178.00	1151.00	1161.00	1121.00	1025.00	902.00	887.00	870.00	842.00	777.00	764.00	791.00	760.00	938.00	827.00	862.00	964.00	1018.00	819.00	751.00	971.00	1002.00	1045.00	999.00	1011.00	1043.00	1069.00	1072.00	1001.00	1056.00	1102.00	1037.00	1103.00	1102.00	1011.00	951.00	945.00	1029.00	1113.00	1133.00	1031.00	982.00	993.00	942.00	910.00	843.00	867.00	848.00	832.00	846.00	815.00	826.00	839.00	864.00	852.00	846.00	868.00	864.00	866.00	863.00	882.00	898.00	859.00	942.00	948.00	951.00	943.00	890.00	877.00	880.00	850.00	810.00	761.00	789.00	851.00	918.00	991.00	962.00	966.00	970.00	965.00	925.00	899.00	802.00	782.00	715.00	720.00	705.00	683.00	658.00	639.00	616.00	623.00	662.00	521.00	586.00	584.00	495.00	410.00	417.00	422.00	437.00	456.00	531.00	505.00	481.00	455.00	472.00	505.00	574.00	644.00	701.00	653.00	623.00	595.00	575.00	522.00	351.00	324.00	313.00
277.00	316.00	306.00	286.00	304.00	296.00	284.00	297.00	339.00	385.00	441.00	477.00	487.00	461.00	442.00	417.00	426.00	354.00	323.00	305.00	314.00	348.00	359.00	420.00	400.00	495.00	478.00	414.00	519.00	448.00	470.00	506.00	441.00	389.00	413.00	461.00	492.00	466.00	444.00	443.00	472.00	553.00	519.00	540.00	599.00	576.00	596.00	656.00	621.00	667.00	661.00	591.00	608.00	682.00	641.00	725.00	787.00	875.00	855.00	792.00	710.00	708.00	619.00	669.00	800.00	761.00	767.00	794.00	745.00	753.00	705.00	669.00	661.00	810.00	788.00	722.00	712.00	679.00	654.00	725.00	693.00	741.00	811.00	939.00	861.00	825.00	826.00	640.00	592.00	621.00	719.00	878.00	899.00	791.00	735.00	691.00	544.00	560.00	658.00	747.00	777.00	783.00	744.00	716.00	783.00	837.00	884.00	838.00	839.00	816.00	764.00	852.00	913.00	1016.00	903.00	903.00	872.00	775.00	816.00	901.00	934.00	895.00	820.00	830.00	886.00	969.00	866.00	845.00	944.00	1006.00	912.00	876.00	1022.00	933.00	934.00	1017.00	1265.00	1292.00	1171.00	1057.00	1000.00	1082.00	994.00	878.00	936.00	867.00	944.00	948.00	793.00	985.00	912.00	907.00	1060.00	1082.00	862.00	783.00	835.00	856.00	960.00	1004.00	1035.00	1061.00	1102.00	1114.00	1084.00	1116.00	1190.00	1120.00	1138.00	1070.00	1017.00	1069.00	1016.00	1015.00	1090.00	1159.00	1141.00	1051.00	1069.00	1017.00	965.00	893.00	942.00	935.00	917.00	879.00	840.00	861.00	886.00	908.00	978.00	958.00	960.00	952.00	949.00	957.00	964.00	998.00	941.00	977.00	1022.00	1025.00	1032.00	946.00	924.00	959.00	936.00	919.00	806.00	824.00	821.00	851.00	934.00	884.00	911.00	940.00	952.00	927.00	912.00	880.00	857.00	777.00	778.00	783.00	764.00	749.00	727.00	712.00	747.00	698.00	603.00	677.00	625.00	510.00	413.00	422.00	428.00	434.00	452.00	502.00	485.00	477.00	507.00	538.00	533.00	516.00	626.00	639.00	535.00	510.00	470.00	444.00	419.00	375.00	370.00	328.00
243.00	253.00	256.00	262.00	275.00	290.00	323.00	362.00	370.00	371.00	464.00	416.00	398.00	392.00	358.00	343.00	323.00	303.00	297.00	345.00	390.00	463.00	412.00	436.00	422.00	496.00	530.00	510.00	540.00	494.00	459.00	529.00	508.00	461.00	458.00	425.00	423.00	521.00	544.00	531.00	479.00	509.00	590.00	613.00	660.00	703.00	565.00	569.00	629.00	662.00	587.00	677.00	614.00	684.00	753.00	762.00	840.00	896.00	921.00	885.00	787.00	740.00	631.00	660.00	717.00	751.00	784.00	846.00	767.00	787.00	732.00	687.00	671.00	843.00	812.00	742.00	699.00	686.00	727.00	812.00	790.00	860.00	938.00	977.00	899.00	809.00	758.00	701.00	610.00	623.00	718.00	828.00	947.00	847.00	720.00	627.00	593.00	548.00	583.00	624.00	649.00	719.00	742.00	739.00	860.00	933.00	915.00	931.00	827.00	708.00	758.00	831.00	878.00	981.00	929.00	860.00	794.00	745.00	834.00	910.00	900.00	833.00	745.00	866.00	880.00	983.00	871.00	845.00	915.00	955.00	888.00	836.00	904.00	852.00	941.00	1063.00	1321.00	1259.00	1148.00	1135.00	1168.00	1079.00	956.00	970.00	1056.00	1016.00	1049.00	896.00	807.00	966.00	1029.00	996.00	1097.00	1111.00	889.00	819.00	972.00	960.00	941.00	931.00	943.00	961.00	985.00	1102.00	1164.00	1219.00	1277.00	1221.00	1139.00	1065.00	1077.00	1153.00	1144.00	1104.00	1085.00	1159.00	1211.00	1120.00	1151.00	1085.00	1005.00	940.00	1013.00	1033.00	1013.00	913.00	852.00	891.00	959.00	991.00	1028.00	1073.00	1067.00	1055.00	1022.00	1053.00	1063.00	1087.00	1048.00	942.00	986.00	1039.00	1103.00	1042.00	1039.00	1011.00	1024.00	994.00	854.00	901.00	902.00	865.00	876.00	858.00	818.00	888.00	904.00	880.00	911.00	934.00	912.00	862.00	856.00	852.00	837.00	825.00	814.00	835.00	825.00	751.00	649.00	674.00	595.00	488.00	417.00	436.00	442.00	437.00	448.00	551.00	515.00	529.00	574.00	613.00	555.00	584.00	604.00	582.00	525.00	541.00	555.00	542.00	530.00	418.00	394.00	370.00
238.00	251.00	309.00	357.00	362.00	379.00	374.00	371.00	397.00	455.00	319.00	290.00	290.00	321.00	320.00	290.00	299.00	312.00	333.00	370.00	407.00	464.00	477.00	452.00	492.00	500.00	572.00	599.00	517.00	466.00	456.00	531.00	503.00	502.00	522.00	523.00	465.00	448.00	480.00	518.00	540.00	526.00	553.00	572.00	634.00	689.00	618.00	605.00	633.00	621.00	593.00	656.00	700.00	774.00	863.00	869.00	876.00	808.00	812.00	880.00	839.00	774.00	655.00	646.00	786.00	805.00	815.00	865.00	827.00	765.00	725.00	759.00	739.00	817.00	848.00	788.00	711.00	750.00	791.00	896.00	877.00	885.00	894.00	896.00	845.00	826.00	757.00	671.00	607.00	633.00	744.00	887.00	958.00	832.00	722.00	715.00	678.00	565.00	550.00	573.00	794.00	846.00	880.00	859.00	867.00	910.00	802.00	904.00	818.00	716.00	821.00	878.00	910.00	907.00	964.00	958.00	889.00	785.00	772.00	871.00	848.00	754.00	713.00	812.00	865.00	989.00	908.00	839.00	908.00	852.00	831.00	788.00	860.00	920.00	974.00	1035.00	1196.00	1223.00	1220.00	1187.00	1145.00	1024.00	976.00	1013.00	990.00	1079.00	1007.00	861.00	902.00	917.00	962.00	1065.00	1127.00	1039.00	892.00	840.00	1017.00	1059.00	1094.00	1088.00	1113.00	1085.00	1041.00	1033.00	1095.00	1204.00	1298.00	1275.00	1140.00	1164.00	1167.00	1181.00	1271.00	1209.00	1156.00	1170.00	1259.00	1179.00	1216.00	1164.00	1110.00	984.00	1038.00	1106.00	1114.00	976.00	921.00	880.00	973.00	1058.00	1097.00	1125.00	1185.00	1173.00	1128.00	1131.00	1155.00	1169.00	1102.00	960.00	1036.00	1078.00	1093.00	1134.00	1121.00	1086.00	1068.00	994.00	927.00	939.00	940.00	889.00	829.00	801.00	760.00	780.00	813.00	801.00	849.00	913.00	932.00	928.00	912.00	907.00	911.00	900.00	884.00	872.00	846.00	773.00	633.00	574.00	535.00	446.00	423.00	479.00	528.00	470.00	452.00	609.00	576.00	598.00	628.00	619.00	664.00	657.00	660.00	594.00	634.00	672.00	662.00	613.00	538.00	423.00	389.00	371.00
242.00	247.00	330.00	370.00	394.00	423.00	363.00	316.00	325.00	310.00	279.00	286.00	290.00	291.00	301.00	339.00	342.00	383.00	442.00	479.00	484.00	526.00	558.00	547.00	553.00	556.00	581.00	584.00	548.00	518.00	494.00	550.00	526.00	501.00	564.00	517.00	451.00	498.00	465.00	483.00	507.00	600.00	626.00	674.00	633.00	626.00	681.00	642.00	628.00	676.00	712.00	721.00	774.00	865.00	922.00	822.00	816.00	775.00	728.00	752.00	789.00	805.00	639.00	648.00	702.00	740.00	804.00	781.00	802.00	822.00	831.00	821.00	764.00	777.00	860.00	894.00	800.00	836.00	851.00	829.00	782.00	783.00	758.00	823.00	777.00	850.00	802.00	662.00	615.00	688.00	761.00	864.00	926.00	959.00	791.00	810.00	707.00	621.00	571.00	554.00	721.00	781.00	777.00	898.00	882.00	890.00	766.00	754.00	784.00	725.00	792.00	780.00	758.00	825.00	884.00	835.00	799.00	776.00	694.00	778.00	754.00	689.00	752.00	787.00	834.00	924.00	923.00	807.00	861.00	807.00	770.00	856.00	948.00	889.00	891.00	927.00	1122.00	1209.00	1237.00	1181.00	1129.00	1036.00	1065.00	1042.00	962.00	1049.00	986.00	881.00	880.00	1029.00	1084.00	1091.00	1086.00	1022.00	930.00	889.00	947.00	997.00	1124.00	1187.00	1234.00	1228.00	1153.00	1109.00	1128.00	1146.00	1233.00	1283.00	1225.00	1302.00	1324.00	1291.00	1340.00	1312.00	1278.00	1240.00	1319.00	1269.00	1289.00	1266.00	1220.00	1047.00	1038.00	1117.00	1175.00	1074.00	1017.00	965.00	956.00	1068.00	1211.00	1218.00	1251.00	1297.00	1245.00	1206.00	1203.00	1208.00	1093.00	981.00	1028.00	1072.00	1125.00	1163.00	1167.00	1142.00	1079.00	1025.00	980.00	978.00	969.00	948.00	862.00	826.00	793.00	740.00	715.00	764.00	795.00	834.00	884.00	948.00	949.00	959.00	971.00	937.00	831.00	716.00	697.00	686.00	644.00	574.00	463.00	433.00	434.00	529.00	595.00	554.00	463.00	632.00	629.00	668.00	685.00	622.00	722.00	726.00	688.00	593.00	712.00	731.00	658.00	550.00	494.00	451.00	446.00	416.00
244.00	256.00	372.00	390.00	388.00	360.00	273.00	266.00	266.00	272.00	309.00	327.00	312.00	300.00	299.00	435.00	437.00	422.00	457.00	455.00	470.00	490.00	498.00	484.00	495.00	509.00	522.00	538.00	590.00	606.00	560.00	576.00	531.00	526.00	568.00	518.00	466.00	494.00	537.00	540.00	534.00	601.00	724.00	790.00	790.00	717.00	716.00	685.00	714.00	705.00	780.00	808.00	851.00	907.00	912.00	790.00	742.00	748.00	798.00	764.00	720.00	689.00	657.00	731.00	676.00	688.00	696.00	738.00	810.00	830.00	894.00	858.00	820.00	760.00	795.00	849.00	905.00	917.00	896.00	932.00	824.00	921.00	762.00	706.00	700.00	736.00	684.00	639.00	628.00	655.00	725.00	875.00	949.00	996.00	893.00	838.00	740.00	720.00	671.00	600.00	569.00	597.00	659.00	770.00	765.00	945.00	838.00	744.00	694.00	738.00	826.00	727.00	700.00	785.00	923.00	888.00	809.00	776.00	665.00	677.00	693.00	676.00	720.00	711.00	746.00	839.00	879.00	795.00	835.00	741.00	792.00	852.00	842.00	832.00	881.00	891.00	1070.00	1155.00	1261.00	1248.00	1189.00	1123.00	1136.00	1062.00	1009.00	1057.00	957.00	895.00	892.00	1054.00	1124.00	1123.00	1081.00	999.00	987.00	1006.00	957.00	1051.00	1155.00	1209.00	1266.00	1289.00	1228.00	1177.00	1242.00	1245.00	1252.00	1361.00	1353.00	1418.00	1477.00	1464.00	1411.00	1393.00	1362.00	1329.00	1386.00	1363.00	1361.00	1327.00	1242.00	1106.00	1136.00	1143.00	1206.00	1174.00	1129.00	1026.00	955.00	1008.00	1198.00	1287.00	1335.00	1348.00	1303.00	1245.00	1195.00	1163.00	1063.00	1028.00	1088.00	1123.00	1145.00	1249.00	1243.00	1217.00	1172.00	1141.00	979.00	950.00	944.00	934.00	884.00	852.00	799.00	759.00	726.00	706.00	735.00	760.00	825.00	907.00	937.00	968.00	960.00	882.00	736.00	719.00	627.00	587.00	573.00	470.00	438.00	442.00	478.00	563.00	651.00	615.00	478.00	674.00	679.00	730.00	701.00	643.00	734.00	723.00	679.00	637.00	690.00	655.00	603.00	549.00	514.00	427.00	378.00	365.00
244.00	256.00	372.00	390.00	388.00	360.00	273.00	266.00	266.00	272.00	309.00	327.00	312.00	300.00	299.00	435.00	437.00	422.00	457.00	455.00	470.00	490.00	498.00	484.00	495.00	509.00	522.00	538.00	590.00	606.00	560.00	576.00	531.00	526.00	568.00	518.00	466.00	494.00	537.00	540.00	534.00	601.00	724.00	790.00	790.00	717.00	716.00	685.00	714.00	705.00	780.00	808.00	851.00	907.00	912.00	790.00	742.00	748.00	798.00	764.00	720.00	689.00	657.00	731.00	676.00	688.00	696.00	738.00	810.00	830.00	894.00	858.00	820.00	760.00	795.00	849.00	905.00	917.00	896.00	932.00	824.00	921.00	762.00	706.00	700.00	736.00	684.00	639.00	628.00	655.00	725.00	875.00	949.00	996.00	893.00	838.00	740.00	720.00	671.00	600.00	569.00	597.00	659.00	770.00	765.00	945.00	838.00	744.00	694.00	738.00	826.00	727.00	700.00	785.00	923.00	888.00	809.00	776.00	665.00	677.00	693.00	676.00	720.00	711.00	746.00	839.00	879.00	795.00	835.00	741.00	792.00	852.00	842.00	832.00	881.00	891.00	1070.00	1155.00	1261.00	1248.00	1189.00	1123.00	1136.00	1062.00	1009.00	1057.00	957.00	895.00	892.00	1054.00	1124.00	1123.00	1081.00	999.00	987.00	1006.00	957.00	1051.00	1155.00	1209.00	1266.00	1289.00	1228.00	1177.00	1242.00	1245.00	1252.00	1361.00	1353.00	1418.00	1477.00	1464.00	1411.00	1393.00	1362.00	1329.00	1386.00	1363.00	1361.00	1327.00	1242.00	1106.00	1136.00	1143.00	1206.00	1174.00	1129.00	1026.00	955.00	1008.00	1198.00	1287.00	1335.00	1348.00	1303.00	1245.00	1195.00	1163.00	1063.00	1028.00	1088.00	1123.00	1145.00	1249.00	1243.00	1217.00	1172.00	1141.00	979.00	950.00	944.00	934.00	884.00	852.00	799.00	759.00	726.00	706.00	735.00	760.00	825.00	907.00	937.00	968.00	960.00	882.00	736.00	719.00	627.00	587.00	573.00	470.00	438.00	442.00	478.00	563.00	651.00	615.00	478.00	674.00	679.00	730.00	701.00	643.00	734.00	723.00	679.00	637.00	690.00	655.00	603.00	549.00	514.00	427.00	378.00	365.00
272.00	251.00	356.00	309.00	257.00	265.00	352.00	418.00	387.00	352.00	374.00	417.00	435.00	382.00	337.00	338.00	404.00	461.00	484.00	487.00	453.00	453.00	426.00	446.00	436.00	454.00	460.00	478.00	467.00	484.00	524.00	532.00	593.00	524.00	550.00	592.00	601.00	575.00	564.00	543.00	582.00	654.00	816.00	743.00	684.00	702.00	707.00	757.00	810.00	889.00	834.00	881.00	908.00	902.00	879.00	903.00	936.00	912.00	895.00	870.00	723.00	673.00	787.00	815.00	838.00	856.00	769.00	781.00	786.00	751.00	774.00	798.00	849.00	970.00	997.00	964.00	959.00	1007.00	911.00	994.00	950.00	956.00	762.00	662.00	646.00	697.00	786.00	813.00	772.00	690.00	646.00	765.00	791.00	946.00	878.00	782.00	734.00	701.00	688.00	742.00	677.00	644.00	596.00	575.00	593.00	637.00	631.00	618.00	626.00	601.00	601.00	608.00	611.00	618.00	644.00	654.00	640.00	645.00	739.00	801.00	858.00	855.00	823.00	794.00	781.00	783.00	758.00	720.00	760.00	821.00	873.00	871.00	863.00	879.00	899.00	911.00	994.00	978.00	940.00	968.00	1027.00	1216.00	1190.00	1128.00	1112.00	1064.00	1022.00	1048.00	1052.00	1039.00	1141.00	1205.00	1143.00	1071.00	1211.00	1209.00	1045.00	1012.00	1114.00	1178.00	1183.00	1222.00	1261.00	1358.00	1349.00	1351.00	1352.00	1484.00	1498.00	1481.00	1467.00	1442.00	1296.00	1226.00	1182.00	1198.00	1264.00	1275.00	1297.00	1336.00	1350.00	1330.00	1358.00	1337.00	1310.00	1273.00	1161.00	1068.00	1086.00	1144.00	1140.00	1212.00	1281.00	1339.00	1221.00	1149.00	1094.00	1060.00	1034.00	1099.00	1135.00	1171.00	1221.00	1294.00	1275.00	1221.00	1150.00	1088.00	993.00	935.00	891.00	907.00	967.00	955.00	952.00	934.00	898.00	801.00	745.00	611.00	607.00	693.00	807.00	886.00	821.00	672.00	498.00	470.00	465.00	465.00	467.00	482.00	536.00	567.00	618.00	704.00	724.00	646.00	498.00	666.00	749.00	828.00	798.00	769.00	642.00	595.00	570.00	566.00	543.00	533.00	537.00	488.00	437.00	517.00	539.00	498.00
272.00	251.00	356.00	309.00	257.00	265.00	352.00	418.00	387.00	352.00	374.00	417.00	435.00	382.00	337.00	338.00	404.00	461.00	484.00	487.00	453.00	453.00	426.00	446.00	436.00	454.00	460.00	478.00	467.00	484.00	524.00	532.00	593.00	524.00	550.00	592.00	601.00	575.00	564.00	543.00	582.00	654.00	816.00	743.00	684.00	702.00	707.00	757.00	810.00	889.00	834.00	881.00	908.00	902.00	879.00	903.00	936.00	912.00	895.00	870.00	723.00	673.00	787.00	815.00	838.00	856.00	769.00	781.00	786.00	751.00	774.00	798.00	849.00	970.00	997.00	964.00	959.00	1007.00	911.00	994.00	950.00	956.00	762.00	662.00	646.00	697.00	786.00	813.00	772.00	690.00	646.00	765.00	791.00	946.00	878.00	782.00	734.00	701.00	688.00	742.00	677.00	644.00	596.00	575.00	593.00	637.00	631.00	618.00	626.00	601.00	601.00	608.00	611.00	618.00	644.00	654.00	640.00	645.00	739.00	801.00	858.00	855.00	823.00	794.00	781.00	783.00	758.00	720.00	760.00	821.00	873.00	871.00	863.00	879.00	899.00	911.00	994.00	978.00	940.00	968.00	1027.00	1216.00	1190.00	1128.00	1112.00	1064.00	1022.00	1048.00	1052.00	1039.00	1141.00	1205.00	1143.00	1071.00	1211.00	1209.00	1045.00	1012.00	1114.00	1178.00	1183.00	1222.00	1261.00	1358.00	1349.00	1351.00	1352.00	1484.00	1498.00	1481.00	1467.00	1442.00	1296.00	1226.00	1182.00	1198.00	1264.00	1275.00	1297.00	1336.00	1350.00	1330.00	1358.00	1337.00	1310.00	1273.00	1161.00	1068.00	1086.00	1144.00	1140.00	1212.00	1281.00	1339.00	1221.00	1149.00	1094.00	1060.00	1034.00	1099.00	1135.00	1171.00	1221.00	1294.00	1275.00	1221.00	1150.00	1088.00	993.00	935.00	891.00	907.00	967.00	955.00	952.00	934.00	898.00	801.00	745.00	611.00	607.00	693.00	807.00	886.00	821.00	672.00	498.00	470.00	465.00	465.00	467.00	482.00	536.00	567.00	618.00	704.00	724.00	646.00	498.00	666.00	749.00	828.00	798.00	769.00	642.00	595.00	570.00	566.00	543.00	533.00	537.00	488.00	437.00	517.00	539.00	498.00
272.00	251.00	356.00	309.00	257.00	265.00	352.00	418.00	387.00	352.00	374.00	417.00	435.00	382.00	337.00	338.00	404.00	461.00	484.00	487.00	453.00	453.00	426.00	446.00	436.00	454.00	460.00	478.00	467.00	484.00	524.00	532.00	593.00	524.00	550.00	592.00	601.00	575.00	564.00	543.00	582.00	654.00	816.00	743.00	684.00	702.00	707.00	757.00	810.00	889.00	834.00	881.00	908.00	902.00	879.00	903.00	936.00	912.00	895.00	870.00	723.00	673.00	787.00	815.00	838.00	856.00	769.00	781.00	786.00	751.00	774.00	798.00	849.00	970.00	997.00	964.00	959.00	1007.00	911.00	994.00	950.00	956.00	762.00	662.00	646.00	697.00	786.00	813.00	772.00	690.00	646.00	765.00	791.00	946.00	878.00	782.00	734.00	701.00	688.00	742.00	677.00	644.00	596.00	575.00	593.00	637.00	631.00	618.00	626.00	601.00	601.00	608.00	611.00	618.00	644.00	654.00	640.00	645.00	739.00	801.00	858.00	855.00	823.00	794.00	781.00	783.00	758.00	720.00	760.00	821.00	873.00	871.00	863.00	879.00	899.00	911.00	994.00	978.00	940.00	968.00	1027.00	1216.00	1190.00	1128.00	1112.00	1064.00	1022.00	1048.00	1052.00	1039.00	1141.00	1205.00	1143.00	1071.00	1211.00	1209.00	1045.00	1012.00	1114.00	1178.00	1183.00	1222.00	1261.00	1358.00	1349.00	1351.00	1352.00	1484.00	1498.00	1481.00	1467.00	1442.00	1296.00	1226.00	1182.00	1198.00	1264.00	1275.00	1297.00	1336.00	1350.00	1330.00	1358.00	1337.00	1310.00	1273.00	1161.00	1068.00	1086.00	1144.00	1140.00	1212.00	1281.00	1339.00	1221.00	1149.00	1094.00	1060.00	1034.00	1099.00	1135.00	1171.00	1221.00	1294.00	1275.00	1221.00	1150.00	1088.00	993.00	935.00	891.00	907.00	967.00	955.00	952.00	934.00	898.00	801.00	745.00	611.00	607.00	693.00	807.00	886.00	821.00	672.00	498.00	470.00	465.00	465.00	467.00	482.00	536.00	567.00	618.00	704.00	724.00	646.00	498.00	666.00	749.00	828.00	798.00	769.00	642.00	595.00	570.00	566.00	543.00	533.00	537.00	488.00	437.00	517.00	539.00	498.00
294.00	340.00	260.00	273.00	302.00	338.00	399.00	406.00	407.00	386.00	345.00	394.00	446.00	409.00	367.00	329.00	331.00	385.00	375.00	376.00	376.00	385.00	391.00	409.00	403.00	390.00	405.00	411.00	422.00	427.00	457.00	472.00	475.00	499.00	556.00	595.00	596.00	656.00	674.00	679.00	623.00	735.00	767.00	725.00	648.00	671.00	760.00	795.00	820.00	755.00	739.00	797.00	813.00	857.00	873.00	926.00	843.00	842.00	871.00	830.00	717.00	681.00	726.00	804.00	962.00	887.00	867.00	858.00	922.00	838.00	860.00	918.00	844.00	1024.00	969.00	894.00	851.00	943.00	857.00	843.00	870.00	799.00	659.00	676.00	766.00	774.00	827.00	931.00	811.00	744.00	664.00	788.00	848.00	947.00	855.00	772.00	874.00	796.00	837.00	880.00	798.00	747.00	632.00	584.00	630.00	617.00	612.00	606.00	604.00	624.00	638.00	640.00	649.00	671.00	742.00	722.00	727.00	671.00	738.00	809.00	838.00	867.00	877.00	878.00	836.00	822.00	867.00	799.00	756.00	743.00	753.00	759.00	775.00	789.00	808.00	834.00	888.00	924.00	985.00	995.00	1015.00	1103.00	1220.00	1262.00	1274.00	1147.00	1127.00	1181.00	1167.00	1065.00	1135.00	1227.00	1223.00	1145.00	1265.00	1289.00	1136.00	1097.00	1068.00	1077.00	1117.00	1167.00	1230.00	1328.00	1293.00	1248.00	1222.00	1442.00	1401.00	1329.00	1304.00	1284.00	1164.00	1106.00	1091.00	1096.00	1142.00	1156.00	1219.00	1262.00	1311.00	1350.00	1375.00	1358.00	1293.00	1219.00	1180.00	1116.00	1164.00	1218.00	1171.00	1167.00	1193.00	1248.00	1202.00	1172.00	1120.00	1083.00	1059.00	1105.00	1128.00	1163.00	1208.00	1265.00	1226.00	1162.00	1109.00	1069.00	957.00	931.00	895.00	858.00	967.00	996.00	999.00	962.00	910.00	815.00	783.00	722.00	619.00	578.00	651.00	771.00	665.00	540.00	482.00	495.00	501.00	499.00	547.00	548.00	608.00	676.00	648.00	828.00	759.00	601.00	509.00	609.00	829.00	883.00	801.00	678.00	639.00	664.00	698.00	684.00	723.00	635.00	539.00	530.00	544.00	514.00	486.00	478.00
372.00	370.00	293.00	355.00	411.00	418.00	376.00	457.00	516.00	492.00	443.00	508.00	494.00	453.00	386.00	491.00	473.00	517.00	557.00	423.00	525.00	576.00	576.00	560.00	461.00	488.00	482.00	460.00	570.00	563.00	487.00	516.00	543.00	617.00	570.00	535.00	578.00	685.00	698.00	786.00	810.00	697.00	599.00	639.00	702.00	735.00	753.00	722.00	733.00	694.00	710.00	752.00	864.00	841.00	845.00	870.00	868.00	800.00	755.00	728.00	825.00	805.00	737.00	711.00	714.00	716.00	746.00	761.00	798.00	913.00	984.00	1053.00	1017.00	1037.00	935.00	895.00	870.00	764.00	763.00	796.00	772.00	739.00	789.00	882.00	924.00	900.00	974.00	889.00	806.00	778.00	754.00	699.00	749.00	818.00	872.00	955.00	816.00	784.00	787.00	723.00	691.00	679.00	625.00	590.00	748.00	839.00	875.00	842.00	853.00	721.00	799.00	807.00	777.00	818.00	913.00	959.00	900.00	787.00	688.00	709.00	782.00	835.00	871.00	860.00	855.00	831.00	814.00	814.00	825.00	846.00	868.00	876.00	856.00	872.00	935.00	1009.00	987.00	1001.00	1143.00	1248.00	1264.00	1218.00	1233.00	1229.00	1176.00	1389.00	1395.00	1395.00	1360.00	1308.00	1293.00	1338.00	1367.00	1300.00	1325.00	1372.00	1238.00	1182.00	1282.00	1269.00	1224.00	1251.00	1282.00	1315.00	1252.00	1173.00	1094.00	1140.00	1167.00	1166.00	1120.00	1052.00	1007.00	996.00	977.00	963.00	990.00	1016.00	1063.00	1108.00	1134.00	1187.00	1192.00	1217.00	1198.00	1039.00	973.00	974.00	1093.00	1177.00	1131.00	1055.00	975.00	935.00	1040.00	1090.00	1108.00	1114.00	1073.00	1079.00	1121.00	1149.00	1125.00	1142.00	1155.00	1121.00	1067.00	1012.00	952.00	947.00	907.00	844.00	780.00	871.00	922.00	997.00	1047.00	1069.00	1021.00	834.00	846.00	693.00	593.00	499.00	494.00	521.00	558.00	551.00	592.00	605.00	630.00	729.00	786.00	858.00	884.00	603.00	549.00	642.00	767.00	669.00	611.00	714.00	847.00	869.00	872.00	874.00	829.00	749.00	662.00	696.00	665.00	503.00	520.00	522.00	483.00	452.00
372.00	370.00	293.00	355.00	411.00	418.00	376.00	457.00	516.00	492.00	443.00	508.00	494.00	453.00	386.00	491.00	473.00	517.00	557.00	423.00	525.00	576.00	576.00	560.00	461.00	488.00	482.00	460.00	570.00	563.00	487.00	516.00	543.00	617.00	570.00	535.00	578.00	685.00	698.00	786.00	810.00	697.00	599.00	639.00	702.00	735.00	753.00	722.00	733.00	694.00	710.00	752.00	864.00	841.00	845.00	870.00	868.00	800.00	755.00	728.00	825.00	805.00	737.00	711.00	714.00	716.00	746.00	761.00	798.00	913.00	984.00	1053.00	1017.00	1037.00	935.00	895.00	870.00	764.00	763.00	796.00	772.00	739.00	789.00	882.00	924.00	900.00	974.00	889.00	806.00	778.00	754.00	699.00	749.00	818.00	872.00	955.00	816.00	784.00	787.00	723.00	691.00	679.00	625.00	590.00	748.00	839.00	875.00	842.00	853.00	721.00	799.00	807.00	777.00	818.00	913.00	959.00	900.00	787.00	688.00	709.00	782.00	835.00	871.00	860.00	855.00	831.00	814.00	814.00	825.00	846.00	868.00	876.00	856.00	872.00	935.00	1009.00	987.00	1001.00	1143.00	1248.00	1264.00	1218.00	1233.00	1229.00	1176.00	1389.00	1395.00	1395.00	1360.00	1308.00	1293.00	1338.00	1367.00	1300.00	1325.00	1372.00	1238.00	1182.00	1282.00	1269.00	1224.00	1251.00	1282.00	1315.00	1252.00	1173.00	1094.00	1140.00	1167.00	1166.00	1120.00	1052.00	1007.00	996.00	977.00	963.00	990.00	1016.00	1063.00	1108.00	1134.00	1187.00	1192.00	1217.00	1198.00	1039.00	973.00	974.00	1093.00	1177.00	1131.00	1055.00	975.00	935.00	1040.00	1090.00	1108.00	1114.00	1073.00	1079.00	1121.00	1149.00	1125.00	1142.00	1155.00	1121.00	1067.00	1012.00	952.00	947.00	907.00	844.00	780.00	871.00	922.00	997.00	1047.00	1069.00	1021.00	834.00	846.00	693.00	593.00	499.00	494.00	521.00	558.00	551.00	592.00	605.00	630.00	729.00	786.00	858.00	884.00	603.00	549.00	642.00	767.00	669.00	611.00	714.00	847.00	869.00	872.00	874.00	829.00	749.00	662.00	696.00	665.00	503.00	520.00	522.00	483.00	452.00
340.00	394.00	356.00	319.00	373.00	423.00	423.00	454.00	541.00	501.00	453.00	528.00	555.00	467.00	407.00	616.00	600.00	620.00	562.00	476.00	449.00	492.00	577.00	603.00	520.00	492.00	559.00	510.00	537.00	614.00	535.00	620.00	575.00	669.00	639.00	602.00	633.00	643.00	724.00	800.00	821.00	705.00	623.00	678.00	726.00	801.00	850.00	819.00	785.00	744.00	805.00	783.00	877.00	945.00	905.00	996.00	917.00	832.00	754.00	819.00	902.00	862.00	795.00	810.00	796.00	733.00	733.00	847.00	830.00	917.00	976.00	1055.00	1120.00	940.00	896.00	809.00	782.00	829.00	917.00	913.00	827.00	731.00	844.00	860.00	894.00	972.00	1027.00	898.00	888.00	848.00	779.00	686.00	761.00	835.00	898.00	993.00	908.00	866.00	825.00	812.00	804.00	732.00	604.00	599.00	643.00	764.00	793.00	901.00	948.00	815.00	824.00	894.00	825.00	907.00	853.00	942.00	940.00	918.00	768.00	708.00	726.00	788.00	844.00	832.00	770.00	755.00	777.00	798.00	815.00	857.00	899.00	935.00	912.00	947.00	991.00	1045.00	1123.00	1036.00	1040.00	1163.00	1280.00	1377.00	1380.00	1359.00	1282.00	1447.00	1446.00	1402.00	1352.00	1328.00	1319.00	1341.00	1355.00	1335.00	1384.00	1415.00	1329.00	1303.00	1372.00	1377.00	1369.00	1370.00	1385.00	1357.00	1297.00	1214.00	1143.00	1011.00	1027.00	1040.00	1047.00	967.00	960.00	949.00	934.00	916.00	956.00	975.00	1009.00	1022.00	1034.00	1070.00	1088.00	1136.00	1153.00	1044.00	943.00	903.00	1022.00	1046.00	1005.00	948.00	908.00	886.00	974.00	979.00	1014.00	1033.00	1056.00	1040.00	1101.00	1112.00	1075.00	1065.00	1119.00	1128.00	1104.00	1064.00	876.00	836.00	862.00	890.00	761.00	720.00	777.00	834.00	946.00	993.00	1018.00	753.00	693.00	556.00	520.00	521.00	549.00	616.00	597.00	646.00	641.00	655.00	780.00	739.00	860.00	923.00	800.00	575.00	663.00	641.00	752.00	741.00	676.00	642.00	777.00	894.00	930.00	921.00	867.00	817.00	756.00	636.00	571.00	571.00	657.00	605.00	525.00	555.00
402.00	457.00	338.00	332.00	354.00	417.00	473.00	543.00	595.00	538.00	570.00	556.00	515.00	457.00	454.00	608.00	693.00	640.00	537.00	621.00	590.00	508.00	504.00	572.00	598.00	531.00	579.00	553.00	520.00	616.00	585.00	680.00	614.00	744.00	689.00	673.00	732.00	721.00	753.00	821.00	799.00	681.00	612.00	709.00	758.00	831.00	859.00	899.00	862.00	869.00	897.00	873.00	888.00	988.00	1064.00	930.00	905.00	900.00	841.00	827.00	979.00	977.00	939.00	984.00	799.00	809.00	745.00	781.00	920.00	843.00	872.00	939.00	1021.00	851.00	824.00	840.00	932.00	954.00	935.00	836.00	756.00	767.00	766.00	821.00	895.00	986.00	905.00	871.00	805.00	762.00	755.00	692.00	766.00	922.00	965.00	968.00	830.00	891.00	922.00	849.00	767.00	634.00	612.00	654.00	679.00	623.00	665.00	744.00	819.00	947.00	884.00	933.00	937.00	964.00	854.00	971.00	1042.00	1006.00	891.00	795.00	776.00	729.00	723.00	744.00	785.00	790.00	825.00	908.00	852.00	841.00	895.00	967.00	990.00	1008.00	1109.00	1165.00	1207.00	1178.00	1114.00	1109.00	1170.00	1345.00	1429.00	1458.00	1421.00	1533.00	1497.00	1423.00	1351.00	1246.00	1207.00	1200.00	1241.00	1283.00	1341.00	1384.00	1326.00	1312.00	1319.00	1340.00	1384.00	1403.00	1401.00	1332.00	1275.00	1204.00	1149.00	982.00	929.00	946.00	1015.00	927.00	933.00	914.00	894.00	886.00	931.00	950.00	953.00	981.00	1011.00	926.00	991.00	1026.00	1025.00	1012.00	907.00	845.00	933.00	903.00	932.00	929.00	870.00	840.00	990.00	945.00	910.00	924.00	1024.00	983.00	1062.00	1080.00	1022.00	1019.00	1069.00	1091.00	1113.00	1082.00	897.00	827.00	773.00	896.00	918.00	841.00	726.00	678.00	765.00	928.00	908.00	724.00	588.00	548.00	589.00	598.00	645.00	721.00	672.00	710.00	761.00	733.00	873.00	915.00	920.00	892.00	756.00	646.00	818.00	758.00	736.00	873.00	682.00	698.00	728.00	787.00	970.00	929.00	843.00	762.00	660.00	624.00	691.00	670.00	757.00	711.00	647.00	661.00
448.00	474.00	365.00	399.00	413.00	396.00	448.00	522.00	626.00	629.00	678.00	579.00	504.00	570.00	569.00	612.00	711.00	664.00	557.00	592.00	657.00	579.00	511.00	634.00	703.00	626.00	629.00	628.00	554.00	592.00	689.00	732.00	744.00	812.00	779.00	794.00	824.00	867.00	839.00	809.00	735.00	765.00	572.00	656.00	737.00	740.00	788.00	864.00	800.00	776.00	818.00	984.00	958.00	958.00	1037.00	894.00	803.00	908.00	979.00	954.00	906.00	1007.00	1030.00	922.00	907.00	870.00	811.00	754.00	806.00	1005.00	1048.00	1049.00	1052.00	970.00	911.00	882.00	994.00	944.00	840.00	773.00	826.00	825.00	884.00	833.00	922.00	1000.00	916.00	829.00	848.00	833.00	804.00	717.00	744.00	942.00	1036.00	995.00	846.00	759.00	772.00	804.00	642.00	627.00	675.00	720.00	845.00	703.00	633.00	642.00	677.00	814.00	810.00	810.00	909.00	952.00	981.00	1026.00	1138.00	1077.00	916.00	952.00	909.00	803.00	810.00	801.00	907.00	856.00	805.00	998.00	984.00	883.00	876.00	963.00	1138.00	1113.00	1137.00	1193.00	1344.00	1301.00	1267.00	1306.00	1259.00	1307.00	1415.00	1516.00	1514.00	1541.00	1516.00	1466.00	1412.00	1329.00	1239.00	1150.00	1130.00	1162.00	1254.00	1297.00	1260.00	1194.00	1222.00	1303.00	1378.00	1383.00	1349.00	1210.00	1187.00	1146.00	1074.00	1050.00	937.00	885.00	918.00	956.00	878.00	876.00	856.00	923.00	920.00	902.00	951.00	1031.00	972.00	831.00	853.00	870.00	886.00	923.00	870.00	801.00	831.00	860.00	854.00	850.00	858.00	800.00	944.00	964.00	943.00	877.00	918.00	906.00	1004.00	1007.00	935.00	965.00	1005.00	1057.00	1127.00	1129.00	971.00	907.00	775.00	719.00	891.00	936.00	887.00	743.00	630.00	774.00	769.00	681.00	537.00	582.00	647.00	738.00	744.00	835.00	728.00	773.00	862.00	927.00	994.00	991.00	935.00	841.00	743.00	611.00	772.00	876.00	791.00	931.00	707.00	804.00	895.00	908.00	930.00	944.00	870.00	754.00	762.00	815.00	817.00	829.00	868.00	825.00	777.00	764.00
529.00	479.00	419.00	423.00	510.00	491.00	544.00	512.00	556.00	645.00	666.00	569.00	594.00	682.00	613.00	634.00	742.00	691.00	588.00	554.00	637.00	617.00	538.00	604.00	792.00	748.00	745.00	742.00	647.00	641.00	784.00	751.00	749.00	788.00	764.00	803.00	857.00	862.00	763.00	700.00	650.00	661.00	564.00	646.00	646.00	674.00	843.00	777.00	687.00	742.00	854.00	941.00	839.00	770.00	853.00	740.00	796.00	897.00	993.00	1093.00	1044.00	1051.00	1006.00	996.00	993.00	919.00	834.00	774.00	770.00	968.00	1018.00	1011.00	1086.00	1060.00	934.00	1004.00	1023.00	989.00	795.00	880.00	902.00	776.00	882.00	963.00	990.00	997.00	871.00	967.00	916.00	928.00	900.00	758.00	729.00	908.00	1018.00	970.00	941.00	877.00	805.00	708.00	640.00	707.00	752.00	839.00	916.00	733.00	702.00	759.00	698.00	664.00	678.00	738.00	778.00	789.00	1071.00	1056.00	1038.00	1113.00	1080.00	1021.00	925.00	870.00	964.00	848.00	947.00	967.00	850.00	927.00	1019.00	1001.00	896.00	941.00	1111.00	1160.00	1211.00	1258.00	1427.00	1411.00	1405.00	1451.00	1446.00	1450.00	1475.00	1521.00	1456.00	1372.00	1374.00	1368.00	1340.00	1345.00	1269.00	1186.00	1119.00	1067.00	1149.00	1198.00	1210.00	1130.00	1215.00	1281.00	1336.00	1343.00	1303.00	1210.00	1125.00	1042.00	985.00	949.00	935.00	854.00	873.00	926.00	904.00	858.00	834.00	901.00	927.00	912.00	989.00	1033.00	1023.00	826.00	779.00	762.00	773.00	830.00	796.00	751.00	810.00	835.00	891.00	794.00	775.00	775.00	857.00	909.00	948.00	915.00	845.00	844.00	923.00	941.00	858.00	956.00	999.00	1085.00	1167.00	1052.00	831.00	815.00	780.00	766.00	690.00	742.00	834.00	817.00	698.00	615.00	661.00	549.00	558.00	724.00	642.00	679.00	757.00	863.00	777.00	893.00	988.00	1057.00	1026.00	924.00	803.00	750.00	674.00	617.00	730.00	891.00	940.00	958.00	778.00	907.00	994.00	936.00	740.00	800.00	845.00	886.00	958.00	957.00	929.00	855.00	838.00	804.00	738.00	684.00
529.00	479.00	419.00	423.00	510.00	491.00	544.00	512.00	556.00	645.00	666.00	569.00	594.00	682.00	613.00	634.00	742.00	691.00	588.00	554.00	637.00	617.00	538.00	604.00	792.00	748.00	745.00	742.00	647.00	641.00	784.00	751.00	749.00	788.00	764.00	803.00	857.00	862.00	763.00	700.00	650.00	661.00	564.00	646.00	646.00	674.00	843.00	777.00	687.00	742.00	854.00	941.00	839.00	770.00	853.00	740.00	796.00	897.00	993.00	1093.00	1044.00	1051.00	1006.00	996.00	993.00	919.00	834.00	774.00	770.00	968.00	1018.00	1011.00	1086.00	1060.00	934.00	1004.00	1023.00	989.00	795.00	880.00	902.00	776.00	882.00	963.00	990.00	997.00	871.00	967.00	916.00	928.00	900.00	758.00	729.00	908.00	1018.00	970.00	941.00	877.00	805.00	708.00	640.00	707.00	752.00	839.00	916.00	733.00	702.00	759.00	698.00	664.00	678.00	738.00	778.00	789.00	1071.00	1056.00	1038.00	1113.00	1080.00	1021.00	925.00	870.00	964.00	848.00	947.00	967.00	850.00	927.00	1019.00	1001.00	896.00	941.00	1111.00	1160.00	1211.00	1258.00	1427.00	1411.00	1405.00	1451.00	1446.00	1450.00	1475.00	1521.00	1456.00	1372.00	1374.00	1368.00	1340.00	1345.00	1269.00	1186.00	1119.00	1067.00	1149.00	1198.00	1210.00	1130.00	1215.00	1281.00	1336.00	1343.00	1303.00	1210.00	1125.00	1042.00	985.00	949.00	935.00	854.00	873.00	926.00	904.00	858.00	834.00	901.00	927.00	912.00	989.00	1033.00	1023.00	826.00	779.00	762.00	773.00	830.00	796.00	751.00	810.00	835.00	891.00	794.00	775.00	775.00	857.00	909.00	948.00	915.00	845.00	844.00	923.00	941.00	858.00	956.00	999.00	1085.00	1167.00	1052.00	831.00	815.00	780.00	766.00	690.00	742.00	834.00	817.00	698.00	615.00	661.00	549.00	558.00	724.00	642.00	679.00	757.00	863.00	777.00	893.00	988.00	1057.00	1026.00	924.00	803.00	750.00	674.00	617.00	730.00	891.00	940.00	958.00	778.00	907.00	994.00	936.00	740.00	800.00	845.00	886.00	958.00	957.00	929.00	855.00	838.00	804.00	738.00	684.00
581.00	549.00	500.00	459.00	493.00	522.00	629.00	587.00	572.00	634.00	714.00	638.00	675.00	735.00	684.00	708.00	788.00	753.00	704.00	561.00	662.00	662.00	592.00	682.00	717.00	739.00	713.00	774.00	739.00	706.00	762.00	730.00	661.00	706.00	760.00	791.00	846.00	939.00	878.00	784.00	749.00	635.00	550.00	597.00	671.00	732.00	817.00	720.00	642.00	733.00	774.00	829.00	799.00	690.00	685.00	752.00	862.00	944.00	993.00	1052.00	1102.00	1138.00	1110.00	1082.00	982.00	903.00	814.00	819.00	858.00	815.00	857.00	941.00	1028.00	1143.00	1085.00	1017.00	938.00	885.00	868.00	974.00	899.00	760.00	929.00	961.00	930.00	1016.00	996.00	1090.00	1069.00	1028.00	962.00	766.00	755.00	978.00	1013.00	893.00	783.00	769.00	729.00	665.00	704.00	694.00	758.00	835.00	968.00	753.00	731.00	889.00	855.00	746.00	675.00	658.00	678.00	731.00	965.00	901.00	986.00	1085.00	992.00	1059.00	1063.00	1026.00	1071.00	954.00	1012.00	1020.00	897.00	881.00	960.00	1041.00	958.00	934.00	1056.00	1137.00	1207.00	1290.00	1495.00	1476.00	1451.00	1480.00	1504.00	1420.00	1417.00	1430.00	1431.00	1260.00	1215.00	1200.00	1198.00	1264.00	1229.00	1187.00	1139.00	1068.00	1121.00	1183.00	1131.00	1064.00	1142.00	1174.00	1228.00	1266.00	1267.00	1136.00	1116.00	1034.00	965.00	863.00	859.00	830.00	844.00	899.00	931.00	890.00	828.00	855.00	932.00	889.00	966.00	1031.00	1029.00	913.00	924.00	827.00	742.00	732.00	731.00	709.00	818.00	789.00	866.00	799.00	739.00	757.00	858.00	907.00	966.00	970.00	931.00	775.00	816.00	871.00	845.00	894.00	994.00	1132.00	1154.00	1125.00	988.00	978.00	938.00	923.00	799.00	702.00	643.00	694.00	721.00	578.00	547.00	594.00	634.00	793.00	837.00	744.00	671.00	760.00	872.00	894.00	1022.00	1144.00	994.00	876.00	780.00	700.00	700.00	666.00	654.00	754.00	793.00	999.00	922.00	1005.00	1018.00	887.00	769.00	666.00	666.00	784.00	917.00	876.00	802.00	733.00	699.00	721.00	681.00	677.00
557.00	586.00	664.00	692.00	727.00	727.00	785.00	754.00	742.00	752.00	846.00	856.00	902.00	925.00	912.00	846.00	813.00	778.00	755.00	756.00	762.00	808.00	785.00	712.00	595.00	614.00	655.00	736.00	778.00	708.00	667.00	619.00	604.00	640.00	680.00	794.00	829.00	937.00	865.00	760.00	681.00	593.00	556.00	597.00	649.00	708.00	605.00	636.00	748.00	777.00	701.00	609.00	662.00	782.00	875.00	952.00	897.00	820.00	808.00	884.00	1050.00	1143.00	1167.00	1137.00	964.00	977.00	929.00	866.00	993.00	969.00	869.00	888.00	846.00	1136.00	1088.00	1013.00	1010.00	978.00	919.00	838.00	766.00	778.00	1004.00	948.00	884.00	997.00	1078.00	958.00	887.00	866.00	839.00	753.00	805.00	1008.00	1008.00	946.00	903.00	802.00	703.00	712.00	868.00	920.00	915.00	833.00	934.00	863.00	768.00	862.00	999.00	994.00	978.00	896.00	796.00	685.00	756.00	832.00	818.00	803.00	825.00	853.00	862.00	934.00	987.00	1138.00	1165.00	1053.00	1027.00	980.00	1059.00	1177.00	1162.00	1057.00	1026.00	1132.00	1226.00	1277.00	1418.00	1343.00	1254.00	1232.00	1290.00	1298.00	1232.00	1148.00	1196.00	1354.00	1333.00	1317.00	1240.00	1073.00	1047.00	1023.00	996.00	982.00	941.00	1015.00	1081.00	988.00	997.00	986.00	1058.00	1095.00	1141.00	1139.00	1036.00	968.00	925.00	841.00	819.00	836.00	835.00	790.00	865.00	879.00	817.00	783.00	809.00	895.00	965.00	974.00	934.00	996.00	916.00	843.00	797.00	787.00	696.00	650.00	681.00	700.00	683.00	666.00	746.00	807.00	886.00	937.00	1043.00	981.00	859.00	778.00	745.00	729.00	735.00	880.00	957.00	996.00	930.00	828.00	813.00	761.00	738.00	678.00	606.00	595.00	596.00	598.00	591.00	648.00	570.00	668.00	772.00	839.00	953.00	978.00	879.00	792.00	900.00	983.00	1093.00	1168.00	869.00	827.00	872.00	921.00	883.00	757.00	777.00	778.00	720.00	872.00	1026.00	913.00	818.00	906.00	791.00	739.00	689.00	552.00	562.00	545.00	506.00	454.00	457.00	458.00	508.00	495.00
557.00	586.00	664.00	692.00	727.00	727.00	785.00	754.00	742.00	752.00	846.00	856.00	902.00	925.00	912.00	846.00	813.00	778.00	755.00	756.00	762.00	808.00	785.00	712.00	595.00	614.00	655.00	736.00	778.00	708.00	667.00	619.00	604.00	640.00	680.00	794.00	829.00	937.00	865.00	760.00	681.00	593.00	556.00	597.00	649.00	708.00	605.00	636.00	748.00	777.00	701.00	609.00	662.00	782.00	875.00	952.00	897.00	820.00	808.00	884.00	1050.00	1143.00	1167.00	1137.00	964.00	977.00	929.00	866.00	993.00	969.00	869.00	888.00	846.00	1136.00	1088.00	1013.00	1010.00	978.00	919.00	838.00	766.00	778.00	1004.00	948.00	884.00	997.00	1078.00	958.00	887.00	866.00	839.00	753.00	805.00	1008.00	1008.00	946.00	903.00	802.00	703.00	712.00	868.00	920.00	915.00	833.00	934.00	863.00	768.00	862.00	999.00	994.00	978.00	896.00	796.00	685.00	756.00	832.00	818.00	803.00	825.00	853.00	862.00	934.00	987.00	1138.00	1165.00	1053.00	1027.00	980.00	1059.00	1177.00	1162.00	1057.00	1026.00	1132.00	1226.00	1277.00	1418.00	1343.00	1254.00	1232.00	1290.00	1298.00	1232.00	1148.00	1196.00	1354.00	1333.00	1317.00	1240.00	1073.00	1047.00	1023.00	996.00	982.00	941.00	1015.00	1081.00	988.00	997.00	986.00	1058.00	1095.00	1141.00	1139.00	1036.00	968.00	925.00	841.00	819.00	836.00	835.00	790.00	865.00	879.00	817.00	783.00	809.00	895.00	965.00	974.00	934.00	996.00	916.00	843.00	797.00	787.00	696.00	650.00	681.00	700.00	683.00	666.00	746.00	807.00	886.00	937.00	1043.00	981.00	859.00	778.00	745.00	729.00	735.00	880.00	957.00	996.00	930.00	828.00	813.00	761.00	738.00	678.00	606.00	595.00	596.00	598.00	591.00	648.00	570.00	668.00	772.00	839.00	953.00	978.00	879.00	792.00	900.00	983.00	1093.00	1168.00	869.00	827.00	872.00	921.00	883.00	757.00	777.00	778.00	720.00	872.00	1026.00	913.00	818.00	906.00	791.00	739.00	689.00	552.00	562.00	545.00	506.00	454.00	457.00	458.00	508.00	495.00
483.00	520.00	618.00	677.00	764.00	830.00	733.00	663.00	657.00	711.00	906.00	947.00	933.00	868.00	801.00	796.00	767.00	718.00	666.00	732.00	786.00	745.00	677.00	698.00	592.00	689.00	687.00	715.00	812.00	702.00	608.00	579.00	574.00	682.00	709.00	751.00	784.00	869.00	765.00	677.00	652.00	567.00	529.00	544.00	536.00	559.00	631.00	713.00	715.00	680.00	582.00	757.00	695.00	662.00	729.00	905.00	940.00	925.00	883.00	884.00	1037.00	1114.00	1172.00	1195.00	1097.00	1088.00	988.00	931.00	949.00	961.00	971.00	945.00	865.00	1133.00	1052.00	949.00	938.00	922.00	829.00	797.00	832.00	795.00	949.00	1010.00	942.00	1073.00	1067.00	996.00	873.00	951.00	1011.00	766.00	833.00	1048.00	1039.00	966.00	809.00	779.00	698.00	678.00	829.00	920.00	1032.00	1034.00	978.00	904.00	814.00	859.00	988.00	957.00	851.00	811.00	741.00	736.00	752.00	725.00	758.00	834.00	960.00	1001.00	955.00	942.00	1018.00	1175.00	1273.00	1137.00	1119.00	1045.00	1123.00	1191.00	1127.00	1075.00	1005.00	1044.00	1102.00	1163.00	1390.00	1378.00	1282.00	1161.00	1121.00	1178.00	1203.00	1087.00	1139.00	1249.00	1194.00	1232.00	1226.00	1201.00	1171.00	1183.00	1147.00	1085.00	929.00	923.00	972.00	918.00	943.00	989.00	1026.00	1033.00	1094.00	1130.00	1049.00	980.00	934.00	905.00	859.00	814.00	796.00	775.00	794.00	774.00	783.00	800.00	868.00	891.00	895.00	926.00	928.00	940.00	872.00	791.00	856.00	755.00	706.00	640.00	627.00	677.00	643.00	718.00	790.00	861.00	773.00	866.00	1002.00	1019.00	859.00	857.00	802.00	718.00	692.00	772.00	780.00	844.00	877.00	791.00	697.00	669.00	632.00	680.00	719.00	704.00	692.00	672.00	672.00	627.00	601.00	616.00	714.00	880.00	895.00	903.00	882.00	872.00	1028.00	1112.00	1146.00	1153.00	929.00	981.00	997.00	990.00	920.00	867.00	903.00	902.00	806.00	837.00	1027.00	960.00	804.00	682.00	728.00	590.00	587.00	523.00	495.00	494.00	513.00	608.00	685.00	537.00	669.00	653.00
439.00	478.00	590.00	669.00	762.00	771.00	623.00	564.00	588.00	668.00	861.00	914.00	906.00	845.00	758.00	713.00	758.00	782.00	719.00	657.00	749.00	718.00	641.00	575.00	646.00	708.00	672.00	655.00	800.00	817.00	619.00	543.00	602.00	661.00	687.00	716.00	799.00	877.00	790.00	748.00	723.00	534.00	608.00	685.00	682.00	594.00	559.00	584.00	578.00	594.00	614.00	838.00	857.00	787.00	747.00	744.00	820.00	880.00	960.00	996.00	1009.00	1033.00	1074.00	1091.00	1185.00	1182.00	1065.00	1048.00	1024.00	1067.00	1068.00	986.00	943.00	1174.00	1108.00	1063.00	1059.00	972.00	845.00	933.00	891.00	802.00	1024.00	1047.00	1073.00	1095.00	1119.00	973.00	957.00	1078.00	1015.00	779.00	884.00	1060.00	961.00	882.00	853.00	734.00	733.00	736.00	797.00	865.00	919.00	988.00	1102.00	989.00	959.00	1000.00	1043.00	941.00	976.00	898.00	738.00	782.00	924.00	865.00	773.00	755.00	948.00	1031.00	1097.00	1114.00	1142.00	1235.00	1313.00	1338.00	1288.00	1159.00	1215.00	1186.00	1164.00	1101.00	1106.00	1082.00	1115.00	1193.00	1259.00	1305.00	1292.00	1195.00	1100.00	1026.00	1030.00	1043.00	1157.00	1314.00	1180.00	1104.00	1061.00	1020.00	1004.00	1016.00	1055.00	1036.00	928.00	881.00	906.00	885.00	903.00	1009.00	965.00	960.00	1037.00	1076.00	1040.00	974.00	906.00	981.00	908.00	850.00	786.00	753.00	768.00	790.00	813.00	855.00	880.00	1003.00	988.00	1067.00	1006.00	821.00	768.00	733.00	797.00	706.00	667.00	672.00	643.00	609.00	665.00	737.00	801.00	807.00	783.00	895.00	921.00	978.00	950.00	810.00	780.00	775.00	737.00	678.00	672.00	678.00	686.00	679.00	669.00	700.00	754.00	802.00	745.00	674.00	668.00	699.00	717.00	610.00	698.00	657.00	622.00	723.00	725.00	762.00	800.00	824.00	997.00	1113.00	1132.00	1072.00	1101.00	1141.00	1106.00	1012.00	921.00	924.00	1028.00	928.00	891.00	982.00	934.00	906.00	872.00	720.00	547.00	556.00	592.00	617.00	662.00	680.00	644.00	697.00	801.00	646.00	804.00	826.00
404.00	447.00	573.00	665.00	738.00	677.00	524.00	488.00	531.00	585.00	765.00	813.00	850.00	809.00	739.00	636.00	701.00	766.00	714.00	624.00	698.00	664.00	562.00	571.00	584.00	605.00	642.00	671.00	672.00	736.00	542.00	568.00	595.00	688.00	779.00	779.00	813.00	909.00	819.00	752.00	709.00	560.00	555.00	620.00	709.00	756.00	616.00	665.00	695.00	683.00	723.00	853.00	909.00	923.00	891.00	776.00	752.00	849.00	911.00	932.00	1051.00	1101.00	1156.00	1143.00	1139.00	1161.00	1178.00	1199.00	1204.00	1236.00	1131.00	1075.00	983.00	1113.00	1172.00	1050.00	930.00	894.00	917.00	1041.00	931.00	819.00	986.00	1080.00	1135.00	1143.00	1137.00	1051.00	1131.00	1094.00	918.00	855.00	971.00	1025.00	973.00	947.00	716.00	739.00	847.00	863.00	733.00	839.00	881.00	876.00	959.00	1109.00	1106.00	1080.00	995.00	964.00	900.00	787.00	758.00	893.00	948.00	1025.00	943.00	802.00	873.00	957.00	1047.00	1039.00	1097.00	1166.00	1193.00	1359.00	1401.00	1355.00	1354.00	1296.00	1261.00	1174.00	1225.00	1225.00	1231.00	1260.00	1144.00	1174.00	1225.00	1119.00	1039.00	962.00	1066.00	1194.00	1194.00	1310.00	1262.00	1172.00	1101.00	1066.00	1042.00	988.00	931.00	945.00	1062.00	985.00	908.00	870.00	837.00	843.00	850.00	899.00	994.00	1088.00	996.00	923.00	853.00	906.00	840.00	778.00	743.00	756.00	788.00	841.00	874.00	912.00	918.00	1009.00	1084.00	1057.00	941.00	795.00	744.00	698.00	762.00	763.00	776.00	746.00	712.00	688.00	608.00	646.00	679.00	662.00	703.00	756.00	774.00	848.00	872.00	811.00	820.00	760.00	738.00	709.00	694.00	735.00	758.00	735.00	768.00	821.00	805.00	769.00	687.00	725.00	761.00	820.00	783.00	625.00	725.00	856.00	729.00	690.00	795.00	833.00	805.00	833.00	982.00	1099.00	1160.00	1137.00	1226.00	1244.00	1128.00	992.00	1025.00	957.00	1066.00	999.00	995.00	1019.00	798.00	699.00	706.00	685.00	594.00	715.00	781.00	769.00	738.00	841.00	746.00	836.00	825.00	773.00	869.00	894.00
384.00	409.00	535.00	613.00	623.00	557.00	444.00	467.00	507.00	552.00	693.00	772.00	830.00	785.00	707.00	589.00	637.00	712.00	698.00	576.00	564.00	517.00	557.00	654.00	687.00	669.00	680.00	625.00	574.00	659.00	527.00	627.00	731.00	667.00	654.00	711.00	769.00	868.00	757.00	690.00	632.00	580.00	522.00	589.00	631.00	725.00	744.00	772.00	813.00	753.00	764.00	986.00	1024.00	1056.00	1010.00	877.00	804.00	785.00	800.00	886.00	1079.00	1131.00	1217.00	1121.00	1158.00	1215.00	1229.00	1219.00	1260.00	1191.00	1084.00	1022.00	1015.00	1093.00	1152.00	1014.00	957.00	971.00	933.00	1021.00	971.00	865.00	1015.00	1109.00	1110.00	978.00	993.00	1016.00	1007.00	922.00	821.00	954.00	1031.00	1044.00	953.00	856.00	734.00	798.00	899.00	957.00	809.00	741.00	788.00	900.00	1048.00	1166.00	1124.00	1000.00	916.00	840.00	817.00	752.00	810.00	906.00	1019.00	1106.00	1085.00	910.00	825.00	868.00	859.00	891.00	932.00	1011.00	1047.00	1203.00	1312.00	1495.00	1474.00	1427.00	1357.00	1316.00	1319.00	1249.00	1195.00	1148.00	1061.00	1103.00	1168.00	1123.00	1036.00	944.00	1086.00	1219.00	1150.00	1156.00	1139.00	1177.00	1134.00	1009.00	1000.00	966.00	1026.00	1097.00	1010.00	982.00	1036.00	963.00	952.00	896.00	829.00	829.00	927.00	1073.00	992.00	896.00	829.00	833.00	760.00	739.00	767.00	825.00	832.00	857.00	897.00	961.00	1047.00	964.00	1036.00	974.00	879.00	795.00	759.00	707.00	692.00	808.00	779.00	734.00	757.00	722.00	608.00	588.00	636.00	697.00	773.00	805.00	839.00	860.00	810.00	744.00	821.00	810.00	806.00	748.00	725.00	803.00	897.00	867.00	842.00	843.00	797.00	724.00	753.00	842.00	799.00	791.00	689.00	712.00	709.00	934.00	914.00	663.00	694.00	730.00	791.00	904.00	1069.00	1113.00	1230.00	1211.00	1250.00	1272.00	1147.00	1066.00	1149.00	1090.00	1140.00	1096.00	1079.00	1002.00	783.00	737.00	653.00	567.00	661.00	788.00	875.00	876.00	777.00	907.00	909.00	948.00	906.00	850.00	831.00	748.00
384.00	409.00	535.00	613.00	623.00	557.00	444.00	467.00	507.00	552.00	693.00	772.00	830.00	785.00	707.00	589.00	637.00	712.00	698.00	576.00	564.00	517.00	557.00	654.00	687.00	669.00	680.00	625.00	574.00	659.00	527.00	627.00	731.00	667.00	654.00	711.00	769.00	868.00	757.00	690.00	632.00	580.00	522.00	589.00	631.00	725.00	744.00	772.00	813.00	753.00	764.00	986.00	1024.00	1056.00	1010.00	877.00	804.00	785.00	800.00	886.00	1079.00	1131.00	1217.00	1121.00	1158.00	1215.00	1229.00	1219.00	1260.00	1191.00	1084.00	1022.00	1015.00	1093.00	1152.00	1014.00	957.00	971.00	933.00	1021.00	971.00	865.00	1015.00	1109.00	1110.00	978.00	993.00	1016.00	1007.00	922.00	821.00	954.00	1031.00	1044.00	953.00	856.00	734.00	798.00	899.00	957.00	809.00	741.00	788.00	900.00	1048.00	1166.00	1124.00	1000.00	916.00	840.00	817.00	752.00	810.00	906.00	1019.00	1106.00	1085.00	910.00	825.00	868.00	859.00	891.00	932.00	1011.00	1047.00	1203.00	1312.00	1495.00	1474.00	1427.00	1357.00	1316.00	1319.00	1249.00	1195.00	1148.00	1061.00	1103.00	1168.00	1123.00	1036.00	944.00	1086.00	1219.00	1150.00	1156.00	1139.00	1177.00	1134.00	1009.00	1000.00	966.00	1026.00	1097.00	1010.00	982.00	1036.00	963.00	952.00	896.00	829.00	829.00	927.00	1073.00	992.00	896.00	829.00	833.00	760.00	739.00	767.00	825.00	832.00	857.00	897.00	961.00	1047.00	964.00	1036.00	974.00	879.00	795.00	759.00	707.00	692.00	808.00	779.00	734.00	757.00	722.00	608.00	588.00	636.00	697.00	773.00	805.00	839.00	860.00	810.00	744.00	821.00	810.00	806.00	748.00	725.00	803.00	897.00	867.00	842.00	843.00	797.00	724.00	753.00	842.00	799.00	791.00	689.00	712.00	709.00	934.00	914.00	663.00	694.00	730.00	791.00	904.00	1069.00	1113.00	1230.00	1211.00	1250.00	1272.00	1147.00	1066.00	1149.00	1090.00	1140.00	1096.00	1079.00	1002.00	783.00	737.00	653.00	567.00	661.00	788.00	875.00	876.00	777.00	907.00	909.00	948.00	906.00	850.00	831.00	748.00
386.00	373.00	501.00	583.00	552.00	459.00	429.00	501.00	519.00	534.00	754.00	824.00	841.00	789.00	724.00	578.00	571.00	651.00	658.00	481.00	528.00	622.00	682.00	727.00	789.00	788.00	768.00	691.00	551.00	528.00	554.00	614.00	696.00	790.00	685.00	761.00	881.00	787.00	760.00	773.00	724.00	578.00	511.00	645.00	740.00	768.00	797.00	760.00	806.00	863.00	870.00	1051.00	1113.00	1135.00	1083.00	937.00	924.00	904.00	823.00	853.00	976.00	1036.00	1081.00	1053.00	1031.00	1132.00	1119.00	1089.00	1166.00	1258.00	1243.00	1189.00	1178.00	995.00	1102.00	1124.00	1018.00	1013.00	1043.00	1080.00	1051.00	919.00	1175.00	1103.00	990.00	944.00	897.00	914.00	891.00	836.00	859.00	1038.00	1110.00	949.00	858.00	789.00	813.00	900.00	959.00	991.00	859.00	808.00	780.00	861.00	962.00	1185.00	1202.00	1076.00	960.00	959.00	841.00	786.00	886.00	933.00	1058.00	975.00	1011.00	951.00	861.00	856.00	866.00	886.00	910.00	1076.00	1160.00	1207.00	1257.00	1432.00	1416.00	1345.00	1326.00	1238.00	1215.00	1249.00	1186.00	1087.00	998.00	986.00	1012.00	981.00	1042.00	898.00	1031.00	1135.00	1069.00	1030.00	1009.00	1114.00	1171.00	1050.00	1108.00	1012.00	1068.00	1147.00	1158.00	1134.00	1125.00	1140.00	1087.00	1027.00	941.00	843.00	817.00	997.00	995.00	915.00	856.00	758.00	732.00	757.00	825.00	860.00	907.00	942.00	950.00	974.00	1084.00	1027.00	987.00	902.00	877.00	783.00	755.00	738.00	669.00	803.00	793.00	732.00	689.00	669.00	611.00	573.00	624.00	692.00	805.00	738.00	732.00	795.00	716.00	708.00	794.00	735.00	743.00	794.00	776.00	824.00	887.00	876.00	792.00	752.00	742.00	730.00	794.00	756.00	715.00	685.00	683.00	831.00	836.00	847.00	973.00	708.00	709.00	825.00	921.00	989.00	1127.00	1162.00	1233.00	1233.00	1213.00	1237.00	1186.00	1180.00	1204.00	1035.00	1034.00	1018.00	916.00	995.00	919.00	853.00	696.00	573.00	660.00	730.00	854.00	921.00	879.00	968.00	998.00	916.00	866.00	704.00	655.00	649.00
411.00	332.00	451.00	465.00	376.00	363.00	507.00	600.00	673.00	761.00	683.00	661.00	676.00	722.00	685.00	557.00	476.00	501.00	461.00	658.00	649.00	608.00	703.00	673.00	727.00	673.00	592.00	557.00	531.00	546.00	655.00	716.00	768.00	930.00	832.00	914.00	888.00	753.00	711.00	670.00	688.00	577.00	525.00	657.00	713.00	709.00	589.00	645.00	700.00	781.00	855.00	1053.00	1076.00	1085.00	1107.00	1140.00	1086.00	1016.00	959.00	921.00	881.00	881.00	901.00	906.00	923.00	928.00	976.00	1008.00	1040.00	1026.00	1042.00	1105.00	1154.00	1214.00	1252.00	1254.00	1185.00	1198.00	1325.00	1285.00	1199.00	1056.00	1254.00	1210.00	1104.00	1048.00	1000.00	916.00	952.00	961.00	927.00	1184.00	1230.00	951.00	853.00	790.00	1013.00	1100.00	1141.00	1141.00	1013.00	939.00	934.00	887.00	898.00	1108.00	1229.00	1286.00	1202.00	926.00	825.00	857.00	979.00	1052.00	1060.00	941.00	864.00	874.00	968.00	957.00	1023.00	1018.00	977.00	1201.00	1302.00	1384.00	1433.00	1359.00	1269.00	1216.00	1122.00	1053.00	965.00	981.00	1086.00	1198.00	1011.00	1006.00	989.00	1004.00	953.00	824.00	883.00	854.00	915.00	1043.00	1031.00	997.00	1030.00	1127.00	1185.00	1170.00	1151.00	1082.00	1075.00	1163.00	1075.00	1147.00	1136.00	1062.00	990.00	931.00	864.00	806.00	888.00	872.00	831.00	727.00	789.00	874.00	902.00	883.00	1023.00	1031.00	991.00	986.00	1013.00	846.00	783.00	813.00	881.00	730.00	739.00	794.00	721.00	646.00	665.00	716.00	743.00	718.00	641.00	571.00	615.00	622.00	703.00	691.00	730.00	807.00	717.00	653.00	666.00	644.00	673.00	803.00	738.00	782.00	742.00	704.00	765.00	823.00	829.00	842.00	867.00	774.00	767.00	857.00	799.00	726.00	767.00	829.00	951.00	816.00	882.00	796.00	756.00	816.00	993.00	988.00	1000.00	1150.00	1152.00	1038.00	1052.00	1036.00	897.00	972.00	990.00	906.00	907.00	709.00	629.00	621.00	699.00	806.00	913.00	937.00	990.00	1013.00	936.00	862.00	774.00	642.00	596.00	603.00	592.00	533.00
411.00	332.00	451.00	465.00	376.00	363.00	507.00	600.00	673.00	761.00	683.00	661.00	676.00	722.00	685.00	557.00	476.00	501.00	461.00	658.00	649.00	608.00	703.00	673.00	727.00	673.00	592.00	557.00	531.00	546.00	655.00	716.00	768.00	930.00	832.00	914.00	888.00	753.00	711.00	670.00	688.00	577.00	525.00	657.00	713.00	709.00	589.00	645.00	700.00	781.00	855.00	1053.00	1076.00	1085.00	1107.00	1140.00	1086.00	1016.00	959.00	921.00	881.00	881.00	901.00	906.00	923.00	928.00	976.00	1008.00	1040.00	1026.00	1042.00	1105.00	1154.00	1214.00	1252.00	1254.00	1185.00	1198.00	1325.00	1285.00	1199.00	1056.00	1254.00	1210.00	1104.00	1048.00	1000.00	916.00	952.00	961.00	927.00	1184.00	1230.00	951.00	853.00	790.00	1013.00	1100.00	1141.00	1141.00	1013.00	939.00	934.00	887.00	898.00	1108.00	1229.00	1286.00	1202.00	926.00	825.00	857.00	979.00	1052.00	1060.00	941.00	864.00	874.00	968.00	957.00	1023.00	1018.00	977.00	1201.00	1302.00	1384.00	1433.00	1359.00	1269.00	1216.00	1122.00	1053.00	965.00	981.00	1086.00	1198.00	1011.00	1006.00	989.00	1004.00	953.00	824.00	883.00	854.00	915.00	1043.00	1031.00	997.00	1030.00	1127.00	1185.00	1170.00	1151.00	1082.00	1075.00	1163.00	1075.00	1147.00	1136.00	1062.00	990.00	931.00	864.00	806.00	888.00	872.00	831.00	727.00	789.00	874.00	902.00	883.00	1023.00	1031.00	991.00	986.00	1013.00	846.00	783.00	813.00	881.00	730.00	739.00	794.00	721.00	646.00	665.00	716.00	743.00	718.00	641.00	571.00	615.00	622.00	703.00	691.00	730.00	807.00	717.00	653.00	666.00	644.00	673.00	803.00	738.00	782.00	742.00	704.00	765.00	823.00	829.00	842.00	867.00	774.00	767.00	857.00	799.00	726.00	767.00	829.00	951.00	816.00	882.00	796.00	756.00	816.00	993.00	988.00	1000.00	1150.00	1152.00	1038.00	1052.00	1036.00	897.00	972.00	990.00	906.00	907.00	709.00	629.00	621.00	699.00	806.00	913.00	937.00	990.00	1013.00	936.00	862.00	774.00	642.00	596.00	603.00	592.00	533.00
374.00	313.00	373.00	357.00	344.00	418.00	532.00	628.00	717.00	811.00	598.00	547.00	608.00	627.00	644.00	547.00	529.00	459.00	416.00	579.00	565.00	543.00	612.00	562.00	629.00	617.00	558.00	479.00	654.00	667.00	742.00	804.00	840.00	1018.00	956.00	945.00	957.00	816.00	780.00	705.00	606.00	561.00	476.00	518.00	574.00	553.00	671.00	747.00	767.00	776.00	813.00	999.00	1008.00	986.00	1005.00	1047.00	1021.00	1018.00	992.00	980.00	995.00	965.00	942.00	1010.00	972.00	993.00	1000.00	981.00	983.00	1067.00	1135.00	1163.00	1210.00	1180.00	1252.00	1319.00	1320.00	1349.00	1252.00	1236.00	1201.00	1088.00	1257.00	1184.00	1066.00	1054.00	1082.00	1065.00	1137.00	1071.00	954.00	1067.00	1141.00	945.00	857.00	817.00	1030.00	1105.00	1167.00	1201.00	1051.00	1067.00	1011.00	941.00	920.00	1091.00	1218.00	1280.00	1201.00	975.00	862.00	905.00	902.00	926.00	1094.00	1004.00	910.00	882.00	1120.00	1121.00	1117.00	1149.00	1061.00	1157.00	1324.00	1247.00	1298.00	1152.00	1108.00	1103.00	1105.00	997.00	1013.00	923.00	981.00	1103.00	1108.00	1115.00	1057.00	993.00	948.00	835.00	803.00	826.00	900.00	965.00	1030.00	1074.00	1106.00	1216.00	1200.00	1175.00	1159.00	1181.00	1058.00	1013.00	1011.00	1053.00	1067.00	1023.00	969.00	938.00	924.00	780.00	761.00	776.00	776.00	750.00	863.00	892.00	952.00	968.00	953.00	882.00	959.00	1001.00	903.00	882.00	800.00	744.00	850.00	786.00	693.00	712.00	763.00	693.00	618.00	666.00	716.00	675.00	615.00	564.00	638.00	681.00	705.00	753.00	755.00	772.00	688.00	654.00	621.00	627.00	702.00	752.00	747.00	701.00	757.00	677.00	856.00	774.00	851.00	934.00	908.00	841.00	833.00	877.00	794.00	814.00	816.00	912.00	985.00	946.00	1003.00	904.00	810.00	808.00	1015.00	1107.00	1142.00	1164.00	1106.00	988.00	906.00	981.00	940.00	792.00	899.00	848.00	795.00	655.00	695.00	800.00	907.00	953.00	1083.00	1049.00	1065.00	976.00	891.00	830.00	769.00	665.00	604.00	493.00	529.00	543.00
300.00	300.00	322.00	316.00	329.00	411.00	484.00	540.00	649.00	737.00	500.00	516.00	568.00	512.00	517.00	458.00	481.00	464.00	406.00	451.00	451.00	444.00	457.00	470.00	446.00	453.00	453.00	496.00	683.00	721.00	675.00	776.00	878.00	949.00	843.00	823.00	944.00	953.00	831.00	723.00	664.00	586.00	516.00	482.00	472.00	543.00	659.00	681.00	696.00	776.00	842.00	987.00	942.00	877.00	887.00	928.00	878.00	903.00	851.00	895.00	1001.00	1040.00	1014.00	1001.00	1049.00	1038.00	1144.00	1076.00	1069.00	1046.00	1133.00	1168.00	1186.00	1117.00	1131.00	1152.00	1199.00	1248.00	1173.00	1182.00	1232.00	1146.00	1199.00	1141.00	1106.00	1212.00	1241.00	1281.00	1215.00	1071.00	1016.00	1044.00	1076.00	932.00	880.00	845.00	1017.00	1062.00	1084.00	1172.00	1204.00	1160.00	1064.00	937.00	1006.00	1111.00	1240.00	1261.00	1132.00	921.00	920.00	1017.00	965.00	979.00	1193.00	1070.00	963.00	899.00	1101.00	1161.00	1212.00	1293.00	1302.00	1241.00	1303.00	1214.00	1167.00	1232.00	1175.00	1083.00	996.00	954.00	992.00	950.00	908.00	991.00	1070.00	1083.00	1129.00	1083.00	1012.00	881.00	800.00	890.00	912.00	1137.00	1113.00	1031.00	1086.00	1192.00	1292.00	1250.00	1258.00	1254.00	1166.00	1099.00	966.00	943.00	922.00	884.00	864.00	848.00	846.00	820.00	805.00	772.00	742.00	715.00	784.00	860.00	942.00	904.00	848.00	895.00	933.00	973.00	864.00	861.00	794.00	729.00	768.00	782.00	758.00	689.00	655.00	641.00	610.00	611.00	708.00	705.00	623.00	555.00	558.00	605.00	655.00	649.00	682.00	753.00	720.00	737.00	673.00	610.00	636.00	731.00	808.00	754.00	680.00	655.00	809.00	708.00	813.00	835.00	971.00	946.00	983.00	955.00	892.00	904.00	945.00	1064.00	1074.00	1082.00	1076.00	955.00	937.00	840.00	907.00	988.00	1086.00	1209.00	1015.00	948.00	898.00	815.00	864.00	776.00	766.00	836.00	767.00	634.00	707.00	802.00	894.00	993.00	1143.00	1089.00	1003.00	914.00	809.00	773.00	729.00	602.00	548.00	508.00	475.00	453.00
315.00	347.00	430.00	400.00	344.00	326.00	463.00	573.00	651.00	682.00	448.00	445.00	446.00	415.00	388.00	386.00	389.00	396.00	386.00	441.00	456.00	453.00	464.00	490.00	509.00	475.00	475.00	482.00	598.00	608.00	674.00	757.00	814.00	761.00	725.00	768.00	877.00	1002.00	888.00	773.00	751.00	612.00	618.00	513.00	461.00	502.00	563.00	610.00	666.00	698.00	766.00	901.00	852.00	785.00	821.00	909.00	811.00	762.00	780.00	872.00	890.00	987.00	1034.00	1119.00	1103.00	1056.00	1160.00	1156.00	1123.00	1137.00	1076.00	1125.00	1176.00	1092.00	1060.00	1112.00	1136.00	1146.00	1160.00	1184.00	1216.00	1219.00	1178.00	1186.00	1251.00	1326.00	1409.00	1345.00	1184.00	1084.00	1141.00	1092.00	1055.00	1031.00	954.00	877.00	986.00	1019.00	1050.00	1117.00	1213.00	1138.00	1037.00	971.00	1100.00	1192.00	1223.00	1140.00	1031.00	1026.00	975.00	1078.00	991.00	1031.00	1174.00	1047.00	969.00	975.00	989.00	1064.00	1144.00	1242.00	1365.00	1325.00	1243.00	1187.00	1105.00	1163.00	1241.00	1188.00	1107.00	1067.00	904.00	898.00	883.00	875.00	993.00	985.00	1058.00	1121.00	1106.00	834.00	828.00	994.00	1041.00	1000.00	971.00	1084.00	1151.00	1337.00	1345.00	1227.00	1132.00	1083.00	1173.00	1135.00	1062.00	1029.00	979.00	1019.00	1008.00	975.00	914.00	809.00	760.00	752.00	749.00	706.00	740.00	887.00	944.00	866.00	869.00	960.00	998.00	1028.00	924.00	757.00	754.00	722.00	689.00	722.00	747.00	779.00	738.00	720.00	694.00	624.00	584.00	588.00	585.00	560.00	540.00	552.00	624.00	656.00	720.00	769.00	709.00	689.00	709.00	657.00	613.00	707.00	698.00	639.00	620.00	628.00	661.00	670.00	683.00	684.00	768.00	772.00	845.00	844.00	869.00	940.00	1007.00	968.00	956.00	983.00	1090.00	1102.00	1011.00	977.00	978.00	1052.00	1108.00	1230.00	966.00	881.00	812.00	793.00	749.00	729.00	692.00	689.00	677.00	691.00	824.00	828.00	798.00	827.00	1020.00	915.00	828.00	768.00	677.00	658.00	637.00	607.00	638.00	597.00	553.00	520.00
382.00	428.00	541.00	480.00	404.00	338.00	426.00	488.00	591.00	611.00	416.00	370.00	392.00	447.00	436.00	491.00	495.00	505.00	524.00	558.00	556.00	545.00	521.00	638.00	652.00	524.00	571.00	560.00	507.00	539.00	566.00	616.00	655.00	640.00	697.00	791.00	890.00	1013.00	919.00	874.00	774.00	749.00	640.00	618.00	531.00	466.00	546.00	572.00	611.00	701.00	812.00	785.00	727.00	712.00	822.00	795.00	738.00	675.00	747.00	808.00	923.00	868.00	922.00	1070.00	1211.00	1152.00	1220.00	1260.00	1200.00	1172.00	1146.00	1204.00	1217.00	1097.00	1034.00	1057.00	1142.00	1220.00	1237.00	1239.00	1219.00	1178.00	1194.00	1279.00	1370.00	1455.00	1543.00	1396.00	1264.00	1207.00	1252.00	1138.00	1122.00	1096.00	1018.00	950.00	971.00	1070.00	1119.00	1152.00	1220.00	1179.00	1101.00	1017.00	1157.00	1252.00	1204.00	1156.00	1134.00	1099.00	1026.00	1102.00	1080.00	1058.00	1157.00	1119.00	1074.00	1058.00	1052.00	1134.00	1212.00	1243.00	1257.00	1192.00	1198.00	1114.00	1112.00	1109.00	1162.00	1218.00	1210.00	1090.00	985.00	1037.00	1060.00	977.00	867.00	873.00	919.00	969.00	1042.00	784.00	822.00	884.00	887.00	1013.00	1026.00	1050.00	1169.00	1333.00	1269.00	1184.00	1133.00	1059.00	1077.00	1143.00	1175.00	1180.00	1152.00	1146.00	1093.00	1029.00	952.00	843.00	801.00	781.00	744.00	696.00	783.00	878.00	843.00	801.00	923.00	932.00	892.00	922.00	962.00	772.00	802.00	789.00	795.00	703.00	666.00	673.00	710.00	758.00	746.00	666.00	630.00	619.00	557.00	545.00	537.00	535.00	715.00	753.00	731.00	710.00	677.00	645.00	723.00	741.00	685.00	603.00	594.00	638.00	661.00	723.00	782.00	793.00	811.00	712.00	812.00	778.00	766.00	768.00	780.00	784.00	827.00	832.00	861.00	1027.00	1047.00	1153.00	1186.00	1090.00	1123.00	1203.00	1314.00	1314.00	980.00	903.00	974.00	909.00	843.00	837.00	788.00	816.00	738.00	722.00	917.00	1029.00	1023.00	969.00	999.00	919.00	885.00	854.00	808.00	768.00	745.00	696.00	662.00	577.00	581.00	614.00
382.00	428.00	541.00	480.00	404.00	338.00	426.00	488.00	591.00	611.00	416.00	370.00	392.00	447.00	436.00	491.00	495.00	505.00	524.00	558.00	556.00	545.00	521.00	638.00	652.00	524.00	571.00	560.00	507.00	539.00	566.00	616.00	655.00	640.00	697.00	791.00	890.00	1013.00	919.00	874.00	774.00	749.00	640.00	618.00	531.00	466.00	546.00	572.00	611.00	701.00	812.00	785.00	727.00	712.00	822.00	795.00	738.00	675.00	747.00	808.00	923.00	868.00	922.00	1070.00	1211.00	1152.00	1220.00	1260.00	1200.00	1172.00	1146.00	1204.00	1217.00	1097.00	1034.00	1057.00	1142.00	1220.00	1237.00	1239.00	1219.00	1178.00	1194.00	1279.00	1370.00	1455.00	1543.00	1396.00	1264.00	1207.00	1252.00	1138.00	1122.00	1096.00	1018.00	950.00	971.00	1070.00	1119.00	1152.00	1220.00	1179.00	1101.00	1017.00	1157.00	1252.00	1204.00	1156.00	1134.00	1099.00	1026.00	1102.00	1080.00	1058.00	1157.00	1119.00	1074.00	1058.00	1052.00	1134.00	1212.00	1243.00	1257.00	1192.00	1198.00	1114.00	1112.00	1109.00	1162.00	1218.00	1210.00	1090.00	985.00	1037.00	1060.00	977.00	867.00	873.00	919.00	969.00	1042.00	784.00	822.00	884.00	887.00	1013.00	1026.00	1050.00	1169.00	1333.00	1269.00	1184.00	1133.00	1059.00	1077.00	1143.00	1175.00	1180.00	1152.00	1146.00	1093.00	1029.00	952.00	843.00	801.00	781.00	744.00	696.00	783.00	878.00	843.00	801.00	923.00	932.00	892.00	922.00	962.00	772.00	802.00	789.00	795.00	703.00	666.00	673.00	710.00	758.00	746.00	666.00	630.00	619.00	557.00	545.00	537.00	535.00	715.00	753.00	731.00	710.00	677.00	645.00	723.00	741.00	685.00	603.00	594.00	638.00	661.00	723.00	782.00	793.00	811.00	712.00	812.00	778.00	766.00	768.00	780.00	784.00	827.00	832.00	861.00	1027.00	1047.00	1153.00	1186.00	1090.00	1123.00	1203.00	1314.00	1314.00	980.00	903.00	974.00	909.00	843.00	837.00	788.00	816.00	738.00	722.00	917.00	1029.00	1023.00	969.00	999.00	919.00	885.00	854.00	808.00	768.00	745.00	696.00	662.00	577.00	581.00	614.00
446.00	504.00	607.00	526.00	444.00	393.00	332.00	369.00	418.00	438.00	355.00	404.00	480.00	566.00	581.00	506.00	488.00	558.00	602.00	663.00	662.00	611.00	548.00	676.00	597.00	554.00	566.00	598.00	575.00	674.00	626.00	578.00	632.00	735.00	744.00	842.00	941.00	897.00	789.00	760.00	834.00	718.00	580.00	541.00	522.00	484.00	508.00	579.00	661.00	740.00	825.00	673.00	662.00	750.00	765.00	678.00	620.00	689.00	728.00	718.00	740.00	790.00	938.00	976.00	1206.00	1317.00	1354.00	1381.00	1313.00	1253.00	1231.00	1235.00	1177.00	1026.00	1033.00	1070.00	1085.00	1143.00	1264.00	1269.00	1228.00	1148.00	1172.00	1225.00	1287.00	1369.00	1499.00	1529.00	1411.00	1370.00	1293.00	1239.00	1238.00	1145.00	1109.00	1068.00	984.00	990.00	1082.00	1120.00	1271.00	1254.00	1189.00	1077.00	1155.00	1286.00	1271.00	1303.00	1274.00	1154.00	1143.00	1205.00	1214.00	1164.00	1313.00	1326.00	1209.00	1144.00	1197.00	1182.00	1235.00	1215.00	1230.00	1155.00	1099.00	1028.00	1036.00	1074.00	1122.00	1200.00	1267.00	1226.00	1163.00	1158.00	1062.00	973.00	919.00	898.00	857.00	816.00	847.00	769.00	874.00	947.00	943.00	1137.00	1167.00	1196.00	1228.00	1191.00	1191.00	1149.00	1044.00	989.00	931.00	1023.00	1000.00	1088.00	987.00	1014.00	990.00	924.00	904.00	829.00	761.00	733.00	718.00	752.00	796.00	781.00	761.00	811.00	867.00	878.00	859.00	893.00	947.00	913.00	883.00	825.00	764.00	809.00	783.00	741.00	659.00	665.00	716.00	736.00	714.00	674.00	586.00	560.00	540.00	528.00	648.00	687.00	668.00	709.00	693.00	597.00	655.00	679.00	569.00	630.00	676.00	733.00	804.00	726.00	837.00	913.00	803.00	799.00	917.00	958.00	923.00	853.00	827.00	877.00	810.00	881.00	910.00	1008.00	1129.00	1247.00	1295.00	1267.00	1255.00	1299.00	1302.00	1275.00	1109.00	1085.00	1097.00	985.00	961.00	912.00	889.00	819.00	824.00	737.00	934.00	1063.00	1144.00	1085.00	1045.00	1087.00	1078.00	1001.00	885.00	802.00	779.00	758.00	695.00	615.00	696.00	740.00
613.00	694.00	635.00	549.00	491.00	444.00	397.00	486.00	453.00	493.00	452.00	422.00	387.00	377.00	444.00	639.00	624.00	632.00	576.00	559.00	592.00	696.00	633.00	654.00	751.00	757.00	774.00	701.00	738.00	861.00	745.00	707.00	704.00	763.00	874.00	970.00	878.00	704.00	731.00	689.00	593.00	749.00	699.00	671.00	601.00	540.00	446.00	498.00	573.00	679.00	736.00	616.00	561.00	544.00	582.00	712.00	772.00	777.00	856.00	842.00	982.00	989.00	906.00	992.00	1177.00	1293.00	1370.00	1334.00	1240.00	1137.00	1113.00	1093.00	1136.00	1040.00	1108.00	1175.00	1211.00	1252.00	1333.00	1279.00	1232.00	1122.00	1208.00	1301.00	1399.00	1460.00	1516.00	1678.00	1668.00	1579.00	1554.00	1451.00	1357.00	1211.00	1188.00	1178.00	1137.00	1078.00	1035.00	1093.00	1178.00	1208.00	1244.00	1229.00	1247.00	1386.00	1428.00	1457.00	1417.00	1457.00	1437.00	1484.00	1495.00	1446.00	1269.00	1219.00	1176.00	1156.00	1194.00	1259.00	1248.00	1188.00	1136.00	1130.00	1210.00	1148.00	1049.00	1008.00	1046.00	1142.00	1259.00	1291.00	1324.00	1274.00	1215.00	1248.00	1209.00	1131.00	1081.00	1024.00	929.00	768.00	885.00	989.00	1091.00	1157.00	1108.00	1030.00	1074.00	1057.00	946.00	947.00	985.00	1047.00	1019.00	937.00	814.00	808.00	888.00	979.00	978.00	891.00	786.00	752.00	676.00	715.00	744.00	814.00	826.00	834.00	859.00	958.00	1003.00	1026.00	1002.00	1000.00	994.00	814.00	800.00	787.00	751.00	688.00	674.00	679.00	667.00	603.00	604.00	599.00	569.00	583.00	559.00	550.00	537.00	518.00	565.00	671.00	690.00	616.00	664.00	634.00	566.00	551.00	603.00	670.00	697.00	719.00	775.00	883.00	906.00	996.00	1041.00	1015.00	962.00	1081.00	1089.00	941.00	910.00	991.00	957.00	1138.00	1137.00	1085.00	1087.00	1041.00	1000.00	998.00	1128.00	1158.00	1118.00	1002.00	1023.00	1109.00	1041.00	894.00	890.00	871.00	755.00	811.00	906.00	907.00	947.00	909.00	846.00	925.00	847.00	874.00	878.00	843.00	724.00	753.00	690.00	689.00	685.00	694.00	779.00	836.00
613.00	694.00	635.00	549.00	491.00	444.00	397.00	486.00	453.00	493.00	452.00	422.00	387.00	377.00	444.00	639.00	624.00	632.00	576.00	559.00	592.00	696.00	633.00	654.00	751.00	757.00	774.00	701.00	738.00	861.00	745.00	707.00	704.00	763.00	874.00	970.00	878.00	704.00	731.00	689.00	593.00	749.00	699.00	671.00	601.00	540.00	446.00	498.00	573.00	679.00	736.00	616.00	561.00	544.00	582.00	712.00	772.00	777.00	856.00	842.00	982.00	989.00	906.00	992.00	1177.00	1293.00	1370.00	1334.00	1240.00	1137.00	1113.00	1093.00	1136.00	1040.00	1108.00	1175.00	1211.00	1252.00	1333.00	1279.00	1232.00	1122.00	1208.00	1301.00	1399.00	1460.00	1516.00	1678.00	1668.00	1579.00	1554.00	1451.00	1357.00	1211.00	1188.00	1178.00	1137.00	1078.00	1035.00	1093.00	1178.00	1208.00	1244.00	1229.00	1247.00	1386.00	1428.00	1457.00	1417.00	1457.00	1437.00	1484.00	1495.00	1446.00	1269.00	1219.00	1176.00	1156.00	1194.00	1259.00	1248.00	1188.00	1136.00	1130.00	1210.00	1148.00	1049.00	1008.00	1046.00	1142.00	1259.00	1291.00	1324.00	1274.00	1215.00	1248.00	1209.00	1131.00	1081.00	1024.00	929.00	768.00	885.00	989.00	1091.00	1157.00	1108.00	1030.00	1074.00	1057.00	946.00	947.00	985.00	1047.00	1019.00	937.00	814.00	808.00	888.00	979.00	978.00	891.00	786.00	752.00	676.00	715.00	744.00	814.00	826.00	834.00	859.00	958.00	1003.00	1026.00	1002.00	1000.00	994.00	814.00	800.00	787.00	751.00	688.00	674.00	679.00	667.00	603.00	604.00	599.00	569.00	583.00	559.00	550.00	537.00	518.00	565.00	671.00	690.00	616.00	664.00	634.00	566.00	551.00	603.00	670.00	697.00	719.00	775.00	883.00	906.00	996.00	1041.00	1015.00	962.00	1081.00	1089.00	941.00	910.00	991.00	957.00	1138.00	1137.00	1085.00	1087.00	1041.00	1000.00	998.00	1128.00	1158.00	1118.00	1002.00	1023.00	1109.00	1041.00	894.00	890.00	871.00	755.00	811.00	906.00	907.00	947.00	909.00	846.00	925.00	847.00	874.00	878.00	843.00	724.00	753.00	690.00	689.00	685.00	694.00	779.00	836.00
707.00	757.00	653.00	641.00	571.00	517.00	437.00	550.00	563.00	571.00	586.00	527.00	434.00	395.00	406.00	523.00	506.00	513.00	470.00	484.00	540.00	562.00	557.00	665.00	723.00	744.00	782.00	800.00	787.00	921.00	819.00	857.00	841.00	851.00	973.00	947.00	881.00	737.00	639.00	582.00	562.00	706.00	772.00	706.00	671.00	589.00	436.00	473.00	521.00	564.00	581.00	518.00	579.00	664.00	759.00	855.00	924.00	950.00	950.00	983.00	1090.00	1116.00	1045.00	1019.00	1115.00	1191.00	1278.00	1328.00	1299.00	1209.00	1178.00	1139.00	1068.00	1061.00	1142.00	1201.00	1284.00	1340.00	1370.00	1295.00	1218.00	1116.00	1198.00	1219.00	1225.00	1282.00	1386.00	1589.00	1620.00	1660.00	1648.00	1413.00	1345.00	1304.00	1308.00	1280.00	1131.00	1073.00	1099.00	1098.00	1269.00	1299.00	1315.00	1329.00	1305.00	1396.00	1414.00	1436.00	1486.00	1531.00	1528.00	1537.00	1531.00	1469.00	1322.00	1267.00	1197.00	1144.00	1081.00	1119.00	1186.00	1198.00	1157.00	1065.00	1162.00	1161.00	1091.00	961.00	1059.00	1134.00	1196.00	1207.00	1276.00	1340.00	1301.00	1225.00	1157.00	1053.00	1021.00	992.00	915.00	743.00	850.00	942.00	1027.00	1031.00	955.00	948.00	1106.00	1110.00	1055.00	931.00	848.00	909.00	1030.00	1007.00	912.00	854.00	778.00	795.00	867.00	903.00	901.00	746.00	670.00	690.00	723.00	741.00	764.00	773.00	818.00	875.00	958.00	964.00	993.00	1062.00	1003.00	822.00	823.00	781.00	728.00	814.00	715.00	664.00	685.00	682.00	676.00	639.00	635.00	592.00	543.00	536.00	533.00	523.00	513.00	574.00	669.00	638.00	565.00	531.00	546.00	593.00	647.00	762.00	794.00	835.00	842.00	882.00	973.00	971.00	989.00	1096.00	1147.00	1135.00	1074.00	1001.00	1008.00	1086.00	1102.00	1045.00	935.00	968.00	1016.00	937.00	881.00	905.00	1053.00	1105.00	1115.00	1040.00	807.00	874.00	974.00	926.00	767.00	724.00	680.00	722.00	762.00	980.00	896.00	844.00	767.00	778.00	767.00	778.00	796.00	779.00	707.00	669.00	679.00	589.00	666.00	760.00	791.00	836.00
684.00	693.00	728.00	662.00	573.00	497.00	492.00	535.00	629.00	688.00	657.00	546.00	443.00	488.00	450.00	407.00	409.00	448.00	498.00	570.00	553.00	559.00	570.00	583.00	640.00	665.00	697.00	784.00	889.00	995.00	979.00	1029.00	1017.00	937.00	912.00	802.00	715.00	708.00	634.00	548.00	532.00	668.00	790.00	802.00	717.00	580.00	430.00	450.00	476.00	514.00	534.00	653.00	716.00	792.00	800.00	852.00	852.00	827.00	847.00	917.00	963.00	1025.00	1153.00	1201.00	1222.00	1266.00	1330.00	1343.00	1304.00	1251.00	1214.00	1130.00	1037.00	1064.00	1179.00	1239.00	1267.00	1302.00	1286.00	1224.00	1133.00	1037.00	1086.00	1144.00	1241.00	1317.00	1382.00	1369.00	1441.00	1567.00	1634.00	1437.00	1404.00	1363.00	1306.00	1255.00	1159.00	1111.00	1131.00	1139.00	1303.00	1384.00	1410.00	1425.00	1435.00	1407.00	1374.00	1372.00	1405.00	1448.00	1468.00	1512.00	1525.00	1462.00	1332.00	1280.00	1218.00	1163.00	1118.00	1045.00	1082.00	1159.00	1138.00	1033.00	1037.00	1180.00	1084.00	922.00	979.00	1067.00	1118.00	1127.00	1236.00	1309.00	1314.00	1217.00	1118.00	1057.00	974.00	928.00	878.00	718.00	800.00	908.00	1029.00	1020.00	888.00	952.00	1006.00	1083.00	1036.00	944.00	848.00	821.00	1004.00	1003.00	1015.00	950.00	890.00	829.00	771.00	747.00	765.00	737.00	665.00	685.00	721.00	792.00	765.00	750.00	785.00	805.00	865.00	844.00	866.00	980.00	1066.00	933.00	864.00	788.00	778.00	741.00	685.00	737.00	750.00	745.00	767.00	774.00	731.00	655.00	572.00	551.00	535.00	524.00	510.00	511.00	636.00	601.00	517.00	544.00	581.00	638.00	696.00	775.00	782.00	789.00	798.00	792.00	819.00	831.00	924.00	1030.00	1113.00	971.00	900.00	883.00	938.00	1086.00	1157.00	987.00	859.00	864.00	916.00	831.00	872.00	962.00	1094.00	1158.00	1163.00	1155.00	869.00	734.00	746.00	848.00	729.00	683.00	624.00	674.00	768.00	926.00	838.00	825.00	851.00	793.00	661.00	671.00	714.00	718.00	690.00	631.00	598.00	541.00	607.00	755.00	806.00	837.00
570.00	610.00	747.00	704.00	611.00	524.00	624.00	571.00	606.00	733.00	604.00	548.00	466.00	560.00	592.00	494.00	481.00	423.00	472.00	667.00	640.00	692.00	706.00	725.00	731.00	753.00	811.00	847.00	921.00	1036.00	927.00	978.00	1035.00	824.00	726.00	665.00	605.00	594.00	544.00	483.00	529.00	642.00	797.00	742.00	655.00	572.00	426.00	469.00	572.00	633.00	665.00	711.00	702.00	675.00	621.00	678.00	702.00	749.00	793.00	843.00	974.00	1047.00	1136.00	1201.00	1278.00	1296.00	1287.00	1263.00	1241.00	1147.00	1156.00	1122.00	1009.00	1080.00	1186.00	1176.00	1139.00	1191.00	1195.00	1110.00	1021.00	943.00	1045.00	1087.00	1132.00	1169.00	1195.00	1339.00	1450.00	1559.00	1645.00	1589.00	1547.00	1425.00	1358.00	1275.00	1189.00	1153.00	1143.00	1208.00	1246.00	1334.00	1380.00	1423.00	1536.00	1432.00	1359.00	1318.00	1309.00	1345.00	1404.00	1473.00	1517.00	1473.00	1299.00	1245.00	1192.00	1131.00	1059.00	1018.00	987.00	1080.00	1135.00	1048.00	992.00	1112.00	1118.00	928.00	902.00	1003.00	1062.00	1058.00	1197.00	1244.00	1255.00	1196.00	1168.00	1153.00	1090.00	1045.00	976.00	716.00	774.00	898.00	969.00	995.00	841.00	870.00	911.00	1068.00	991.00	962.00	825.00	817.00	1006.00	980.00	894.00	948.00	867.00	898.00	890.00	835.00	795.00	756.00	730.00	661.00	682.00	827.00	857.00	836.00	811.00	809.00	910.00	927.00	861.00	874.00	962.00	991.00	898.00	884.00	835.00	714.00	787.00	824.00	793.00	808.00	830.00	762.00	667.00	661.00	603.00	560.00	539.00	524.00	505.00	514.00	655.00	637.00	514.00	607.00	652.00	660.00	642.00	639.00	669.00	673.00	699.00	735.00	835.00	867.00	976.00	1123.00	952.00	847.00	774.00	871.00	954.00	1021.00	966.00	858.00	832.00	724.00	763.00	751.00	828.00	919.00	1166.00	1157.00	1167.00	1133.00	920.00	794.00	666.00	678.00	712.00	598.00	651.00	754.00	819.00	961.00	855.00	760.00	806.00	809.00	674.00	594.00	599.00	666.00	716.00	686.00	651.00	530.00	531.00	743.00	757.00	775.00
578.00	635.00	783.00	762.00	671.00	598.00	718.00	653.00	648.00	746.00	714.00	632.00	531.00	547.00	683.00	614.00	610.00	501.00	439.00	521.00	523.00	583.00	584.00	593.00	670.00	721.00	798.00	875.00	915.00	973.00	860.00	974.00	965.00	894.00	820.00	773.00	722.00	532.00	473.00	471.00	540.00	715.00	729.00	695.00	658.00	585.00	426.00	422.00	459.00	476.00	505.00	605.00	563.00	561.00	639.00	765.00	794.00	823.00	873.00	926.00	1002.00	1004.00	1063.00	1137.00	1186.00	1173.00	1174.00	1162.00	1148.00	1077.00	1032.00	1051.00	973.00	1081.00	1168.00	1137.00	1049.00	1057.00	1122.00	1037.00	932.00	950.00	1170.00	1171.00	1186.00	1253.00	1295.00	1435.00	1539.00	1623.00	1688.00	1668.00	1628.00	1453.00	1357.00	1288.00	1304.00	1247.00	1188.00	1225.00	1267.00	1309.00	1369.00	1425.00	1515.00	1436.00	1372.00	1318.00	1266.00	1331.00	1394.00	1444.00	1464.00	1436.00	1312.00	1284.00	1235.00	1181.00	1132.00	1070.00	984.00	969.00	1071.00	1027.00	966.00	1022.00	1067.00	928.00	867.00	972.00	1034.00	1008.00	1108.00	1167.00	1191.00	1148.00	1139.00	1178.00	1110.00	1011.00	924.00	719.00	731.00	868.00	836.00	976.00	853.00	817.00	981.00	960.00	929.00	944.00	818.00	780.00	921.00	919.00	840.00	851.00	892.00	814.00	778.00	848.00	874.00	803.00	750.00	656.00	665.00	811.00	811.00	784.00	784.00	844.00	928.00	997.00	989.00	983.00	1045.00	1099.00	1027.00	951.00	871.00	759.00	812.00	790.00	750.00	833.00	816.00	758.00	645.00	609.00	596.00	564.00	529.00	508.00	501.00	562.00	604.00	649.00	506.00	625.00	697.00	761.00	802.00	789.00	783.00	826.00	764.00	805.00	892.00	997.00	1095.00	1113.00	848.00	753.00	728.00	837.00	962.00	1090.00	972.00	756.00	728.00	657.00	688.00	802.00	910.00	1003.00	1060.00	958.00	942.00	922.00	906.00	849.00	762.00	629.00	613.00	562.00	647.00	756.00	875.00	985.00	765.00	691.00	694.00	738.00	658.00	571.00	532.00	644.00	771.00	789.00	767.00	595.00	460.00	611.00	631.00	676.00
578.00	635.00	783.00	762.00	671.00	598.00	718.00	653.00	648.00	746.00	714.00	632.00	531.00	547.00	683.00	614.00	610.00	501.00	439.00	521.00	523.00	583.00	584.00	593.00	670.00	721.00	798.00	875.00	915.00	973.00	860.00	974.00	965.00	894.00	820.00	773.00	722.00	532.00	473.00	471.00	540.00	715.00	729.00	695.00	658.00	585.00	426.00	422.00	459.00	476.00	505.00	605.00	563.00	561.00	639.00	765.00	794.00	823.00	873.00	926.00	1002.00	1004.00	1063.00	1137.00	1186.00	1173.00	1174.00	1162.00	1148.00	1077.00	1032.00	1051.00	973.00	1081.00	1168.00	1137.00	1049.00	1057.00	1122.00	1037.00	932.00	950.00	1170.00	1171.00	1186.00	1253.00	1295.00	1435.00	1539.00	1623.00	1688.00	1668.00	1628.00	1453.00	1357.00	1288.00	1304.00	1247.00	1188.00	1225.00	1267.00	1309.00	1369.00	1425.00	1515.00	1436.00	1372.00	1318.00	1266.00	1331.00	1394.00	1444.00	1464.00	1436.00	1312.00	1284.00	1235.00	1181.00	1132.00	1070.00	984.00	969.00	1071.00	1027.00	966.00	1022.00	1067.00	928.00	867.00	972.00	1034.00	1008.00	1108.00	1167.00	1191.00	1148.00	1139.00	1178.00	1110.00	1011.00	924.00	719.00	731.00	868.00	836.00	976.00	853.00	817.00	981.00	960.00	929.00	944.00	818.00	780.00	921.00	919.00	840.00	851.00	892.00	814.00	778.00	848.00	874.00	803.00	750.00	656.00	665.00	811.00	811.00	784.00	784.00	844.00	928.00	997.00	989.00	983.00	1045.00	1099.00	1027.00	951.00	871.00	759.00	812.00	790.00	750.00	833.00	816.00	758.00	645.00	609.00	596.00	564.00	529.00	508.00	501.00	562.00	604.00	649.00	506.00	625.00	697.00	761.00	802.00	789.00	783.00	826.00	764.00	805.00	892.00	997.00	1095.00	1113.00	848.00	753.00	728.00	837.00	962.00	1090.00	972.00	756.00	728.00	657.00	688.00	802.00	910.00	1003.00	1060.00	958.00	942.00	922.00	906.00	849.00	762.00	629.00	613.00	562.00	647.00	756.00	875.00	985.00	765.00	691.00	694.00	738.00	658.00	571.00	532.00	644.00	771.00	789.00	767.00	595.00	460.00	611.00	631.00	676.00
613.00	655.00	818.00	812.00	728.00	662.00	803.00	770.00	760.00	795.00	785.00	668.00	553.00	551.00	645.00	678.00	582.00	524.00	545.00	563.00	545.00	511.00	518.00	567.00	683.00	729.00	785.00	888.00	784.00	806.00	871.00	932.00	846.00	718.00	686.00	774.00	723.00	533.00	460.00	469.00	558.00	718.00	621.00	562.00	562.00	488.00	461.00	523.00	528.00	509.00	484.00	489.00	556.00	634.00	728.00	840.00	876.00	923.00	954.00	1009.00	971.00	899.00	1065.00	1130.00	1080.00	1054.00	1079.00	1090.00	1058.00	1005.00	947.00	996.00	937.00	997.00	1062.00	1051.00	981.00	965.00	997.00	911.00	874.00	961.00	1287.00	1320.00	1305.00	1366.00	1442.00	1488.00	1534.00	1595.00	1653.00	1577.00	1576.00	1477.00	1465.00	1411.00	1397.00	1332.00	1244.00	1241.00	1355.00	1390.00	1453.00	1508.00	1519.00	1393.00	1345.00	1295.00	1247.00	1299.00	1391.00	1445.00	1466.00	1428.00	1285.00	1255.00	1229.00	1193.00	1117.00	1072.00	1005.00	929.00	935.00	986.00	950.00	975.00	1012.00	903.00	845.00	949.00	1020.00	987.00	1023.00	1101.00	1164.00	1153.00	1044.00	1122.00	1129.00	1096.00	971.00	728.00	681.00	745.00	844.00	954.00	854.00	766.00	908.00	830.00	941.00	969.00	840.00	752.00	835.00	900.00	837.00	815.00	839.00	846.00	765.00	758.00	804.00	748.00	694.00	649.00	657.00	723.00	725.00	722.00	744.00	772.00	844.00	980.00	1080.00	1027.00	1057.00	1130.00	1028.00	900.00	804.00	768.00	744.00	729.00	672.00	776.00	768.00	735.00	684.00	600.00	596.00	563.00	533.00	504.00	527.00	617.00	572.00	546.00	504.00	587.00	606.00	648.00	687.00	783.00	808.00	837.00	842.00	891.00	1025.00	1055.00	994.00	965.00	748.00	662.00	755.00	862.00	988.00	1152.00	1053.00	850.00	781.00	618.00	649.00	792.00	930.00	950.00	844.00	769.00	815.00	800.00	767.00	761.00	726.00	643.00	554.00	541.00	635.00	666.00	768.00	961.00	757.00	659.00	592.00	598.00	591.00	524.00	492.00	638.00	679.00	751.00	739.00	624.00	464.00	546.00	536.00	668.00
604.00	639.00	675.00	692.00	734.00	750.00	832.00	882.00	939.00	963.00	780.00	695.00	751.00	797.00	686.00	742.00	658.00	613.00	538.00	550.00	586.00	657.00	711.00	708.00	712.00	830.00	866.00	817.00	701.00	640.00	814.00	907.00	849.00	635.00	586.00	512.00	581.00	459.00	437.00	544.00	583.00	490.00	403.00	394.00	410.00	465.00	516.00	551.00	602.00	652.00	703.00	670.00	589.00	515.00	551.00	706.00	796.00	865.00	874.00	854.00	799.00	907.00	932.00	935.00	867.00	896.00	1000.00	982.00	937.00	1105.00	1036.00	1014.00	960.00	793.00	776.00	806.00	863.00	911.00	809.00	939.00	1056.00	1139.00	1221.00	1211.00	1157.00	1172.00	1183.00	1146.00	1183.00	1282.00	1345.00	1346.00	1389.00	1468.00	1512.00	1567.00	1468.00	1428.00	1367.00	1379.00	1395.00	1398.00	1443.00	1466.00	1387.00	1302.00	1239.00	1183.00	1134.00	1232.00	1304.00	1345.00	1331.00	1315.00	1276.00	1234.00	1194.00	1133.00	1121.00	1141.00	1096.00	1043.00	1002.00	872.00	833.00	814.00	856.00	765.00	784.00	895.00	963.00	915.00	936.00	990.00	1032.00	1057.00	859.00	915.00	914.00	847.00	826.00	773.00	681.00	643.00	701.00	944.00	891.00	809.00	732.00	804.00	876.00	900.00	987.00	913.00	710.00	751.00	821.00	739.00	796.00	730.00	690.00	668.00	667.00	643.00	642.00	675.00	734.00	749.00	719.00	791.00	858.00	862.00	880.00	844.00	846.00	898.00	1030.00	902.00	847.00	864.00	947.00	921.00	820.00	793.00	719.00	694.00	652.00	646.00	604.00	576.00	668.00	664.00	634.00	554.00	491.00	481.00	539.00	656.00	492.00	620.00	693.00	782.00	878.00	854.00	867.00	910.00	962.00	995.00	885.00	763.00	662.00	631.00	629.00	745.00	824.00	872.00	828.00	809.00	876.00	937.00	879.00	689.00	559.00	558.00	604.00	665.00	600.00	698.00	635.00	744.00	762.00	751.00	741.00	658.00	582.00	505.00	605.00	657.00	706.00	953.00	925.00	881.00	832.00	815.00	713.00	644.00	582.00	491.00	441.00	536.00	539.00	596.00	492.00	490.00	585.00	690.00
604.00	639.00	675.00	692.00	734.00	750.00	832.00	882.00	939.00	963.00	780.00	695.00	751.00	797.00	686.00	742.00	658.00	613.00	538.00	550.00	586.00	657.00	711.00	708.00	712.00	830.00	866.00	817.00	701.00	640.00	814.00	907.00	849.00	635.00	586.00	512.00	581.00	459.00	437.00	544.00	583.00	490.00	403.00	394.00	410.00	465.00	516.00	551.00	602.00	652.00	703.00	670.00	589.00	515.00	551.00	706.00	796.00	865.00	874.00	854.00	799.00	907.00	932.00	935.00	867.00	896.00	1000.00	982.00	937.00	1105.00	1036.00	1014.00	960.00	793.00	776.00	806.00	863.00	911.00	809.00	939.00	1056.00	1139.00	1221.00	1211.00	1157.00	1172.00	1183.00	1146.00	1183.00	1282.00	1345.00	1346.00	1389.00	1468.00	1512.00	1567.00	1468.00	1428.00	1367.00	1379.00	1395.00	1398.00	1443.00	1466.00	1387.00	1302.00	1239.00	1183.00	1134.00	1232.00	1304.00	1345.00	1331.00	1315.00	1276.00	1234.00	1194.00	1133.00	1121.00	1141.00	1096.00	1043.00	1002.00	872.00	833.00	814.00	856.00	765.00	784.00	895.00	963.00	915.00	936.00	990.00	1032.00	1057.00	859.00	915.00	914.00	847.00	826.00	773.00	681.00	643.00	701.00	944.00	891.00	809.00	732.00	804.00	876.00	900.00	987.00	913.00	710.00	751.00	821.00	739.00	796.00	730.00	690.00	668.00	667.00	643.00	642.00	675.00	734.00	749.00	719.00	791.00	858.00	862.00	880.00	844.00	846.00	898.00	1030.00	902.00	847.00	864.00	947.00	921.00	820.00	793.00	719.00	694.00	652.00	646.00	604.00	576.00	668.00	664.00	634.00	554.00	491.00	481.00	539.00	656.00	492.00	620.00	693.00	782.00	878.00	854.00	867.00	910.00	962.00	995.00	885.00	763.00	662.00	631.00	629.00	745.00	824.00	872.00	828.00	809.00	876.00	937.00	879.00	689.00	559.00	558.00	604.00	665.00	600.00	698.00	635.00	744.00	762.00	751.00	741.00	658.00	582.00	505.00	605.00	657.00	706.00	953.00	925.00	881.00	832.00	815.00	713.00	644.00	582.00	491.00	441.00	536.00	539.00	596.00	492.00	490.00	585.00	690.00
536.00	572.00	619.00	653.00	681.00	643.00	771.00	847.00	899.00	935.00	860.00	867.00	869.00	894.00	757.00	770.00	666.00	545.00	510.00	519.00	576.00	653.00	702.00	769.00	820.00	865.00	939.00	917.00	716.00	590.00	739.00	854.00	824.00	658.00	632.00	532.00	463.00	442.00	416.00	514.00	531.00	399.00	394.00	463.00	526.00	510.00	645.00	604.00	686.00	729.00	759.00	652.00	653.00	648.00	555.00	624.00	711.00	716.00	693.00	716.00	825.00	849.00	796.00	801.00	882.00	935.00	986.00	911.00	837.00	1085.00	1091.00	1063.00	1080.00	883.00	784.00	731.00	736.00	761.00	859.00	977.00	1081.00	1155.00	1070.00	1014.00	1002.00	1052.00	1096.00	1227.00	1287.00	1276.00	1325.00	1416.00	1448.00	1366.00	1370.00	1477.00	1568.00	1542.00	1478.00	1430.00	1381.00	1331.00	1330.00	1354.00	1361.00	1252.00	1185.00	1127.00	1082.00	1225.00	1285.00	1302.00	1287.00	1255.00	1180.00	1146.00	1146.00	1140.00	1040.00	1110.00	1130.00	1081.00	1017.00	901.00	835.00	757.00	757.00	723.00	768.00	853.00	914.00	872.00	846.00	879.00	922.00	955.00	837.00	809.00	832.00	853.00	802.00	726.00	682.00	648.00	642.00	892.00	955.00	912.00	843.00	725.00	795.00	917.00	943.00	865.00	758.00	682.00	795.00	788.00	684.00	671.00	654.00	647.00	639.00	645.00	692.00	758.00	822.00	820.00	753.00	751.00	753.00	764.00	805.00	817.00	869.00	904.00	985.00	825.00	814.00	763.00	810.00	936.00	941.00	911.00	804.00	817.00	788.00	788.00	641.00	623.00	676.00	594.00	595.00	632.00	540.00	492.00	475.00	563.00	563.00	552.00	681.00	802.00	843.00	731.00	749.00	839.00	927.00	939.00	724.00	686.00	598.00	540.00	723.00	838.00	752.00	694.00	677.00	701.00	682.00	782.00	811.00	736.00	677.00	573.00	500.00	586.00	556.00	597.00	628.00	761.00	616.00	642.00	722.00	610.00	490.00	537.00	589.00	672.00	810.00	942.00	854.00	843.00	743.00	698.00	816.00	776.00	743.00	621.00	434.00	375.00	385.00	496.00	383.00	488.00	616.00	676.00
495.00	504.00	556.00	579.00	583.00	595.00	774.00	778.00	801.00	871.00	935.00	986.00	1021.00	961.00	834.00	786.00	677.00	565.00	560.00	576.00	599.00	573.00	634.00	712.00	843.00	961.00	935.00	931.00	738.00	592.00	662.00	769.00	815.00	613.00	544.00	523.00	508.00	477.00	415.00	410.00	414.00	379.00	458.00	502.00	554.00	609.00	666.00	719.00	717.00	759.00	836.00	698.00	724.00	751.00	674.00	553.00	578.00	625.00	684.00	726.00	707.00	720.00	791.00	820.00	869.00	993.00	954.00	832.00	791.00	945.00	970.00	995.00	1042.00	995.00	935.00	848.00	762.00	696.00	801.00	885.00	999.00	1084.00	931.00	960.00	1009.00	1122.00	1232.00	1351.00	1418.00	1467.00	1495.00	1423.00	1356.00	1270.00	1298.00	1378.00	1524.00	1540.00	1488.00	1413.00	1335.00	1296.00	1250.00	1211.00	1263.00	1239.00	1192.00	1097.00	1030.00	1252.00	1273.00	1238.00	1226.00	1237.00	1095.00	1052.00	1047.00	1085.00	978.00	1015.00	1073.00	1044.00	986.00	869.00	832.00	909.00	856.00	729.00	714.00	748.00	815.00	810.00	787.00	823.00	898.00	927.00	817.00	799.00	759.00	781.00	823.00	792.00	765.00	681.00	629.00	936.00	969.00	946.00	932.00	694.00	758.00	854.00	884.00	781.00	811.00	752.00	683.00	683.00	629.00	628.00	628.00	652.00	695.00	693.00	765.00	832.00	905.00	811.00	824.00	807.00	821.00	829.00	903.00	905.00	866.00	840.00	859.00	829.00	755.00	705.00	708.00	776.00	849.00	849.00	864.00	838.00	873.00	827.00	724.00	758.00	660.00	632.00	613.00	574.00	661.00	563.00	486.00	471.00	548.00	513.00	638.00	746.00	676.00	643.00	740.00	833.00	905.00	867.00	574.00	582.00	510.00	562.00	802.00	829.00	761.00	671.00	582.00	650.00	633.00	632.00	717.00	801.00	758.00	675.00	550.00	470.00	514.00	532.00	628.00	730.00	558.00	534.00	595.00	475.00	453.00	603.00	636.00	741.00	886.00	885.00	659.00	702.00	712.00	578.00	765.00	695.00	643.00	676.00	608.00	486.00	402.00	342.00	391.00	591.00	663.00	600.00
418.00	476.00	488.00	459.00	512.00	589.00	644.00	696.00	772.00	772.00	861.00	948.00	1026.00	1011.00	961.00	753.00	644.00	551.00	606.00	655.00	720.00	643.00	663.00	705.00	849.00	891.00	839.00	785.00	676.00	590.00	571.00	684.00	798.00	660.00	634.00	637.00	610.00	537.00	457.00	385.00	374.00	445.00	557.00	605.00	648.00	650.00	743.00	808.00	863.00	852.00	864.00	849.00	829.00	772.00	689.00	674.00	620.00	603.00	634.00	635.00	678.00	703.00	735.00	752.00	906.00	1004.00	976.00	886.00	748.00	819.00	847.00	944.00	998.00	928.00	919.00	969.00	902.00	820.00	717.00	868.00	954.00	903.00	985.00	1091.00	1073.00	1072.00	1200.00	1357.00	1434.00	1480.00	1480.00	1365.00	1286.00	1209.00	1271.00	1297.00	1424.00	1503.00	1546.00	1495.00	1391.00	1358.00	1312.00	1243.00	1122.00	1075.00	1059.00	1025.00	985.00	1124.00	1155.00	1151.00	1135.00	1178.00	1131.00	1046.00	977.00	987.00	928.00	919.00	992.00	1044.00	1033.00	1017.00	1017.00	871.00	825.00	838.00	789.00	708.00	712.00	709.00	884.00	946.00	933.00	928.00	877.00	804.00	746.00	714.00	714.00	726.00	716.00	673.00	628.00	904.00	948.00	836.00	896.00	736.00	701.00	823.00	858.00	751.00	776.00	701.00	624.00	621.00	642.00	651.00	639.00	660.00	782.00	775.00	844.00	895.00	854.00	865.00	886.00	873.00	862.00	878.00	828.00	802.00	815.00	837.00	776.00	720.00	764.00	764.00	706.00	660.00	683.00	694.00	750.00	758.00	762.00	756.00	658.00	749.00	705.00	725.00	669.00	634.00	640.00	562.00	553.00	503.00	464.00	461.00	499.00	562.00	541.00	639.00	743.00	832.00	782.00	715.00	604.00	494.00	534.00	665.00	786.00	759.00	717.00	624.00	525.00	544.00	644.00	548.00	624.00	754.00	641.00	623.00	626.00	479.00	492.00	534.00	661.00	750.00	613.00	512.00	443.00	441.00	481.00	646.00	705.00	846.00	960.00	929.00	716.00	591.00	532.00	488.00	612.00	634.00	571.00	548.00	597.00	600.00	574.00	318.00	367.00	536.00	607.00	597.00
418.00	476.00	488.00	459.00	512.00	589.00	644.00	696.00	772.00	772.00	861.00	948.00	1026.00	1011.00	961.00	753.00	644.00	551.00	606.00	655.00	720.00	643.00	663.00	705.00	849.00	891.00	839.00	785.00	676.00	590.00	571.00	684.00	798.00	660.00	634.00	637.00	610.00	537.00	457.00	385.00	374.00	445.00	557.00	605.00	648.00	650.00	743.00	808.00	863.00	852.00	864.00	849.00	829.00	772.00	689.00	674.00	620.00	603.00	634.00	635.00	678.00	703.00	735.00	752.00	906.00	1004.00	976.00	886.00	748.00	819.00	847.00	944.00	998.00	928.00	919.00	969.00	902.00	820.00	717.00	868.00	954.00	903.00	985.00	1091.00	1073.00	1072.00	1200.00	1357.00	1434.00	1480.00	1480.00	1365.00	1286.00	1209.00	1271.00	1297.00	1424.00	1503.00	1546.00	1495.00	1391.00	1358.00	1312.00	1243.00	1122.00	1075.00	1059.00	1025.00	985.00	1124.00	1155.00	1151.00	1135.00	1178.00	1131.00	1046.00	977.00	987.00	928.00	919.00	992.00	1044.00	1033.00	1017.00	1017.00	871.00	825.00	838.00	789.00	708.00	712.00	709.00	884.00	946.00	933.00	928.00	877.00	804.00	746.00	714.00	714.00	726.00	716.00	673.00	628.00	904.00	948.00	836.00	896.00	736.00	701.00	823.00	858.00	751.00	776.00	701.00	624.00	621.00	642.00	651.00	639.00	660.00	782.00	775.00	844.00	895.00	854.00	865.00	886.00	873.00	862.00	878.00	828.00	802.00	815.00	837.00	776.00	720.00	764.00	764.00	706.00	660.00	683.00	694.00	750.00	758.00	762.00	756.00	658.00	749.00	705.00	725.00	669.00	634.00	640.00	562.00	553.00	503.00	464.00	461.00	499.00	562.00	541.00	639.00	743.00	832.00	782.00	715.00	604.00	494.00	534.00	665.00	786.00	759.00	717.00	624.00	525.00	544.00	644.00	548.00	624.00	754.00	641.00	623.00	626.00	479.00	492.00	534.00	661.00	750.00	613.00	512.00	443.00	441.00	481.00	646.00	705.00	846.00	960.00	929.00	716.00	591.00	532.00	488.00	612.00	634.00	571.00	548.00	597.00	600.00	574.00	318.00	367.00	536.00	607.00	597.00
379.00	421.00	444.00	426.00	478.00	494.00	588.00	673.00	673.00	676.00	795.00	891.00	1000.00	1034.00	913.00	693.00	627.00	637.00	616.00	779.00	818.00	782.00	812.00	872.00	919.00	966.00	957.00	906.00	673.00	606.00	498.00	641.00	756.00	591.00	524.00	513.00	501.00	529.00	447.00	369.00	376.00	577.00	591.00	626.00	704.00	760.00	869.00	893.00	864.00	831.00	776.00	908.00	875.00	798.00	797.00	752.00	664.00	657.00	789.00	808.00	726.00	737.00	843.00	830.00	942.00	971.00	863.00	812.00	744.00	820.00	865.00	935.00	977.00	765.00	766.00	833.00	895.00	776.00	735.00	774.00	778.00	819.00	1157.00	1193.00	1236.00	1167.00	1152.00	1284.00	1379.00	1405.00	1389.00	1288.00	1223.00	1116.00	1152.00	1188.00	1396.00	1478.00	1485.00	1471.00	1373.00	1316.00	1267.00	1239.00	1226.00	1144.00	1116.00	1068.00	1000.00	951.00	983.00	1020.00	1054.00	1112.00	1096.00	1057.00	1004.00	930.00	867.00	843.00	894.00	926.00	1015.00	1083.00	1043.00	947.00	928.00	833.00	800.00	727.00	666.00	676.00	897.00	938.00	971.00	993.00	826.00	814.00	822.00	801.00	794.00	757.00	747.00	704.00	650.00	830.00	874.00	839.00	753.00	809.00	686.00	717.00	795.00	753.00	633.00	615.00	623.00	646.00	750.00	698.00	677.00	645.00	675.00	874.00	833.00	776.00	741.00	838.00	862.00	793.00	839.00	860.00	787.00	786.00	859.00	867.00	802.00	821.00	857.00	838.00	755.00	720.00	705.00	652.00	634.00	628.00	663.00	654.00	597.00	635.00	678.00	733.00	775.00	749.00	637.00	653.00	592.00	523.00	469.00	472.00	458.00	453.00	466.00	667.00	718.00	758.00	684.00	608.00	614.00	475.00	508.00	620.00	656.00	615.00	680.00	649.00	501.00	606.00	730.00	519.00	529.00	657.00	693.00	623.00	537.00	479.00	469.00	575.00	625.00	665.00	530.00	466.00	417.00	534.00	579.00	621.00	728.00	878.00	921.00	861.00	742.00	666.00	569.00	439.00	552.00	483.00	555.00	527.00	426.00	475.00	544.00	353.00	318.00	457.00	471.00	434.00
336.00	408.00	400.00	366.00	392.00	438.00	528.00	569.00	574.00	607.00	798.00	896.00	1017.00	1009.00	884.00	721.00	712.00	753.00	694.00	848.00	947.00	889.00	833.00	853.00	915.00	916.00	1019.00	975.00	716.00	620.00	472.00	581.00	659.00	638.00	612.00	561.00	507.00	425.00	405.00	360.00	376.00	524.00	682.00	736.00	753.00	809.00	854.00	816.00	759.00	701.00	686.00	855.00	927.00	906.00	840.00	742.00	760.00	689.00	781.00	889.00	865.00	815.00	846.00	935.00	959.00	887.00	889.00	848.00	723.00	768.00	825.00	843.00	895.00	801.00	743.00	713.00	800.00	710.00	742.00	832.00	940.00	990.00	1254.00	1235.00	1286.00	1314.00	1317.00	1312.00	1290.00	1252.00	1235.00	1268.00	1197.00	1040.00	1102.00	1214.00	1315.00	1380.00	1347.00	1377.00	1425.00	1386.00	1358.00	1316.00	1293.00	1257.00	1240.00	1168.00	1082.00	929.00	899.00	958.00	986.00	1024.00	1030.00	1003.00	1017.00	1005.00	966.00	881.00	807.00	885.00	975.00	1006.00	1017.00	964.00	950.00	908.00	837.00	754.00	677.00	649.00	765.00	784.00	856.00	953.00	786.00	725.00	739.00	845.00	903.00	871.00	819.00	754.00	681.00	735.00	724.00	740.00	672.00	742.00	729.00	650.00	662.00	629.00	612.00	623.00	677.00	733.00	740.00	761.00	773.00	716.00	664.00	704.00	734.00	700.00	719.00	845.00	800.00	734.00	812.00	844.00	758.00	781.00	791.00	808.00	848.00	863.00	792.00	747.00	740.00	825.00	796.00	778.00	737.00	625.00	597.00	581.00	563.00	552.00	549.00	560.00	610.00	675.00	680.00	598.00	498.00	480.00	511.00	562.00	508.00	469.00	450.00	480.00	578.00	681.00	612.00	628.00	592.00	487.00	456.00	484.00	448.00	449.00	465.00	497.00	471.00	593.00	601.00	474.00	439.00	478.00	513.00	579.00	622.00	572.00	434.00	498.00	546.00	664.00	474.00	401.00	435.00	516.00	527.00	683.00	811.00	922.00	873.00	631.00	662.00	645.00	538.00	418.00	574.00	467.00	387.00	422.00	362.00	333.00	356.00	338.00	288.00	324.00	307.00	298.00
343.00	365.00	343.00	373.00	402.00	454.00	554.00	581.00	595.00	622.00	772.00	860.00	977.00	1070.00	991.00	864.00	886.00	877.00	850.00	976.00	904.00	904.00	811.00	730.00	851.00	791.00	864.00	947.00	701.00	613.00	458.00	462.00	527.00	591.00	564.00	557.00	539.00	428.00	371.00	356.00	391.00	613.00	716.00	730.00	715.00	762.00	752.00	737.00	682.00	605.00	670.00	776.00	858.00	919.00	891.00	878.00	847.00	768.00	747.00	827.00	944.00	938.00	988.00	1036.00	873.00	861.00	749.00	786.00	704.00	706.00	713.00	785.00	899.00	856.00	833.00	730.00	674.00	715.00	760.00	891.00	955.00	930.00	1047.00	1120.00	1235.00	1333.00	1341.00	1264.00	1254.00	1176.00	1111.00	1167.00	1135.00	1007.00	1056.00	1121.00	1259.00	1268.00	1227.00	1307.00	1396.00	1452.00	1420.00	1331.00	1245.00	1258.00	1207.00	1154.00	1102.00	1019.00	955.00	882.00	852.00	883.00	952.00	931.00	976.00	1059.00	1075.00	950.00	836.00	782.00	829.00	947.00	1029.00	935.00	856.00	884.00	806.00	742.00	670.00	640.00	683.00	717.00	758.00	790.00	724.00	683.00	676.00	745.00	832.00	897.00	856.00	788.00	701.00	611.00	603.00	618.00	663.00	620.00	604.00	606.00	612.00	641.00	691.00	748.00	726.00	825.00	740.00	847.00	821.00	771.00	778.00	669.00	664.00	665.00	666.00	689.00	699.00	706.00	773.00	753.00	812.00	880.00	894.00	866.00	868.00	820.00	792.00	827.00	826.00	735.00	734.00	672.00	651.00	708.00	663.00	635.00	663.00	590.00	577.00	544.00	523.00	524.00	537.00	498.00	503.00	542.00	567.00	629.00	544.00	503.00	483.00	440.00	441.00	488.00	488.00	493.00	437.00	424.00	419.00	415.00	413.00	408.00	404.00	400.00	401.00	424.00	404.00	386.00	383.00	379.00	381.00	402.00	444.00	498.00	397.00	449.00	544.00	628.00	423.00	391.00	480.00	543.00	576.00	684.00	753.00	837.00	812.00	623.00	457.00	533.00	510.00	439.00	475.00	364.00	300.00	294.00	293.00	317.00	314.00	277.00	275.00	274.00	297.00	290.00
299.00	315.00	382.00	409.00	410.00	435.00	538.00	561.00	586.00	550.00	838.00	930.00	1014.00	1105.00	1059.00	834.00	884.00	908.00	854.00	916.00	790.00	811.00	865.00	759.00	800.00	728.00	667.00	762.00	753.00	692.00	515.00	445.00	429.00	476.00	440.00	463.00	509.00	423.00	362.00	359.00	442.00	593.00	660.00	628.00	657.00	709.00	622.00	705.00	636.00	546.00	655.00	726.00	796.00	834.00	761.00	864.00	890.00	870.00	844.00	849.00	911.00	944.00	1024.00	975.00	854.00	749.00	695.00	663.00	644.00	672.00	750.00	852.00	980.00	856.00	728.00	615.00	636.00	674.00	750.00	786.00	837.00	931.00	1027.00	1068.00	1168.00	1296.00	1309.00	1183.00	1166.00	1117.00	1066.00	1106.00	1096.00	957.00	995.00	1073.00	1164.00	1126.00	1179.00	1237.00	1306.00	1408.00	1414.00	1350.00	1225.00	1171.00	1137.00	1096.00	1082.00	1034.00	989.00	935.00	885.00	823.00	871.00	910.00	924.00	1015.00	1046.00	978.00	863.00	768.00	793.00	957.00	1043.00	918.00	841.00	776.00	775.00	771.00	705.00	645.00	632.00	664.00	716.00	815.00	725.00	668.00	637.00	650.00	707.00	716.00	658.00	626.00	612.00	605.00	720.00	763.00	811.00	787.00	743.00	728.00	780.00	848.00	883.00	843.00	801.00	891.00	778.00	879.00	877.00	886.00	822.00	701.00	735.00	734.00	692.00	716.00	737.00	712.00	688.00	721.00	802.00	845.00	803.00	821.00	819.00	833.00	792.00	834.00	775.00	653.00	668.00	752.00	813.00	699.00	701.00	757.00	657.00	636.00	652.00	635.00	545.00	512.00	517.00	538.00	588.00	657.00	610.00	671.00	595.00	630.00	552.00	507.00	465.00	442.00	435.00	430.00	435.00	445.00	449.00	425.00	460.00	458.00	457.00	422.00	420.00	407.00	399.00	416.00	419.00	402.00	383.00	368.00	366.00	377.00	383.00	453.00	526.00	522.00	370.00	413.00	497.00	499.00	492.00	541.00	575.00	710.00	650.00	461.00	323.00	321.00	331.00	346.00	322.00	301.00	313.00	333.00	447.00	524.00	456.00	410.00	429.00	352.00	473.00	444.00
299.00	315.00	382.00	409.00	410.00	435.00	538.00	561.00	586.00	550.00	838.00	930.00	1014.00	1105.00	1059.00	834.00	884.00	908.00	854.00	916.00	790.00	811.00	865.00	759.00	800.00	728.00	667.00	762.00	753.00	692.00	515.00	445.00	429.00	476.00	440.00	463.00	509.00	423.00	362.00	359.00	442.00	593.00	660.00	628.00	657.00	709.00	622.00	705.00	636.00	546.00	655.00	726.00	796.00	834.00	761.00	864.00	890.00	870.00	844.00	849.00	911.00	944.00	1024.00	975.00	854.00	749.00	695.00	663.00	644.00	672.00	750.00	852.00	980.00	856.00	728.00	615.00	636.00	674.00	750.00	786.00	837.00	931.00	1027.00	1068.00	1168.00	1296.00	1309.00	1183.00	1166.00	1117.00	1066.00	1106.00	1096.00	957.00	995.00	1073.00	1164.00	1126.00	1179.00	1237.00	1306.00	1408.00	1414.00	1350.00	1225.00	1171.00	1137.00	1096.00	1082.00	1034.00	989.00	935.00	885.00	823.00	871.00	910.00	924.00	1015.00	1046.00	978.00	863.00	768.00	793.00	957.00	1043.00	918.00	841.00	776.00	775.00	771.00	705.00	645.00	632.00	664.00	716.00	815.00	725.00	668.00	637.00	650.00	707.00	716.00	658.00	626.00	612.00	605.00	720.00	763.00	811.00	787.00	743.00	728.00	780.00	848.00	883.00	843.00	801.00	891.00	778.00	879.00	877.00	886.00	822.00	701.00	735.00	734.00	692.00	716.00	737.00	712.00	688.00	721.00	802.00	845.00	803.00	821.00	819.00	833.00	792.00	834.00	775.00	653.00	668.00	752.00	813.00	699.00	701.00	757.00	657.00	636.00	652.00	635.00	545.00	512.00	517.00	538.00	588.00	657.00	610.00	671.00	595.00	630.00	552.00	507.00	465.00	442.00	435.00	430.00	435.00	445.00	449.00	425.00	460.00	458.00	457.00	422.00	420.00	407.00	399.00	416.00	419.00	402.00	383.00	368.00	366.00	377.00	383.00	453.00	526.00	522.00	370.00	413.00	497.00	499.00	492.00	541.00	575.00	710.00	650.00	461.00	323.00	321.00	331.00	346.00	322.00	301.00	313.00	333.00	447.00	524.00	456.00	410.00	429.00	352.00	473.00	444.00
365.00	375.00	393.00	380.00	381.00	402.00	480.00	460.00	489.00	513.00	836.00	942.00	1024.00	1082.00	987.00	748.00	751.00	739.00	709.00	913.00	810.00	730.00	715.00	683.00	645.00	602.00	541.00	557.00	617.00	606.00	491.00	447.00	407.00	393.00	388.00	377.00	379.00	368.00	350.00	368.00	505.00	609.00	546.00	593.00	652.00	648.00	535.00	581.00	512.00	529.00	589.00	750.00	781.00	727.00	654.00	740.00	852.00	918.00	895.00	907.00	882.00	835.00	949.00	915.00	868.00	826.00	773.00	736.00	674.00	632.00	688.00	769.00	878.00	904.00	733.00	589.00	649.00	715.00	853.00	939.00	967.00	1067.00	1187.00	1171.00	1187.00	1264.00	1268.00	1195.00	1144.00	1087.00	1025.00	1017.00	1081.00	932.00	964.00	1028.00	1117.00	1042.00	1084.00	1143.00	1276.00	1333.00	1329.00	1303.00	1230.00	1131.00	1091.00	1045.00	993.00	1044.00	1033.00	1014.00	968.00	913.00	797.00	825.00	816.00	930.00	981.00	940.00	878.00	757.00	786.00	962.00	1036.00	935.00	859.00	744.00	694.00	680.00	683.00	651.00	610.00	657.00	715.00	793.00	763.00	705.00	668.00	632.00	610.00	587.00	579.00	581.00	583.00	603.00	725.00	874.00	927.00	907.00	894.00	887.00	899.00	972.00	909.00	881.00	886.00	899.00	841.00	891.00	824.00	771.00	736.00	770.00	795.00	736.00	743.00	784.00	770.00	736.00	750.00	725.00	711.00	717.00	725.00	721.00	764.00	765.00	727.00	710.00	693.00	685.00	729.00	847.00	886.00	763.00	789.00	786.00	657.00	719.00	623.00	549.00	542.00	562.00	591.00	671.00	681.00	695.00	683.00	687.00	710.00	739.00	666.00	619.00	538.00	620.00	611.00	556.00	541.00	547.00	517.00	437.00	575.00	551.00	508.00	509.00	565.00	557.00	461.00	596.00	546.00	498.00	490.00	418.00	388.00	363.00	368.00	374.00	372.00	368.00	366.00	426.00	459.00	405.00	373.00	365.00	397.00	447.00	430.00	323.00	327.00	331.00	325.00	314.00	333.00	394.00	379.00	428.00	556.00	629.00	622.00	594.00	578.00	413.00	547.00	525.00
337.00	381.00	367.00	390.00	391.00	401.00	401.00	427.00	465.00	513.00	759.00	864.00	981.00	1040.00	924.00	734.00	646.00	610.00	701.00	825.00	874.00	851.00	791.00	819.00	782.00	670.00	574.00	537.00	479.00	464.00	460.00	478.00	511.00	441.00	478.00	466.00	416.00	380.00	355.00	346.00	403.00	508.00	485.00	534.00	514.00	485.00	441.00	461.00	515.00	559.00	581.00	742.00	675.00	621.00	601.00	780.00	859.00	805.00	721.00	788.00	728.00	770.00	939.00	909.00	771.00	827.00	858.00	829.00	772.00	574.00	664.00	762.00	869.00	896.00	765.00	616.00	595.00	637.00	781.00	861.00	955.00	1031.00	1263.00	1296.00	1284.00	1279.00	1245.00	1167.00	1118.00	1090.00	1061.00	919.00	976.00	958.00	887.00	908.00	1072.00	1023.00	1013.00	1138.00	1276.00	1292.00	1253.00	1201.00	1146.00	1134.00	1095.00	1047.00	964.00	917.00	948.00	945.00	971.00	972.00	780.00	721.00	766.00	870.00	878.00	900.00	929.00	798.00	711.00	863.00	967.00	947.00	838.00	779.00	762.00	717.00	668.00	697.00	615.00	604.00	659.00	735.00	749.00	803.00	743.00	669.00	613.00	572.00	576.00	578.00	587.00	616.00	637.00	770.00	808.00	737.00	748.00	758.00	784.00	814.00	885.00	962.00	950.00	868.00	867.00	858.00	794.00	779.00	744.00	825.00	769.00	744.00	803.00	797.00	740.00	805.00	797.00	755.00	764.00	764.00	763.00	738.00	743.00	795.00	801.00	727.00	679.00	762.00	770.00	880.00	919.00	746.00	775.00	779.00	658.00	630.00	547.00	568.00	628.00	666.00	684.00	687.00	799.00	801.00	764.00	777.00	754.00	724.00	704.00	649.00	620.00	684.00	744.00	683.00	692.00	650.00	499.00	460.00	679.00	661.00	606.00	537.00	675.00	598.00	494.00	645.00	565.00	586.00	562.00	532.00	540.00	477.00	385.00	377.00	378.00	371.00	348.00	348.00	344.00	344.00	356.00	392.00	373.00	346.00	333.00	344.00	343.00	414.00	451.00	405.00	414.00	525.00	544.00	436.00	627.00	687.00	725.00	709.00	601.00	541.00	631.00	557.00
305.00	327.00	370.00	346.00	345.00	342.00	442.00	445.00	476.00	535.00	754.00	853.00	944.00	1023.00	974.00	802.00	697.00	597.00	564.00	679.00	779.00	872.00	923.00	973.00	862.00	718.00	645.00	701.00	532.00	561.00	604.00	642.00	628.00	495.00	582.00	550.00	468.00	438.00	419.00	372.00	342.00	433.00	402.00	401.00	398.00	414.00	497.00	503.00	572.00	665.00	734.00	659.00	585.00	538.00	623.00	778.00	763.00	676.00	650.00	757.00	647.00	756.00	814.00	923.00	812.00	708.00	694.00	691.00	709.00	552.00	589.00	747.00	799.00	805.00	747.00	648.00	575.00	678.00	858.00	892.00	903.00	951.00	1272.00	1294.00	1272.00	1225.00	1160.00	1188.00	1182.00	1130.00	1054.00	939.00	887.00	898.00	925.00	844.00	948.00	937.00	1022.00	1096.00	1210.00	1274.00	1266.00	1194.00	1060.00	1097.00	1095.00	1062.00	1022.00	870.00	836.00	829.00	852.00	901.00	811.00	711.00	706.00	821.00	802.00	911.00	968.00	836.00	696.00	864.00	984.00	821.00	858.00	854.00	773.00	725.00	745.00	790.00	641.00	602.00	596.00	668.00	675.00	775.00	719.00	634.00	582.00	569.00	569.00	581.00	667.00	735.00	638.00	632.00	683.00	878.00	927.00	900.00	958.00	861.00	906.00	1003.00	926.00	922.00	925.00	888.00	859.00	810.00	775.00	788.00	767.00	814.00	787.00	808.00	751.00	823.00	822.00	764.00	807.00	822.00	792.00	758.00	769.00	781.00	733.00	709.00	742.00	844.00	806.00	839.00	801.00	667.00	666.00	732.00	601.00	562.00	641.00	590.00	626.00	698.00	782.00	830.00	838.00	826.00	763.00	639.00	612.00	604.00	610.00	578.00	596.00	579.00	590.00	643.00	667.00	574.00	480.00	508.00	724.00	713.00	607.00	597.00	700.00	617.00	541.00	694.00	606.00	672.00	640.00	700.00	681.00	610.00	525.00	538.00	523.00	461.00	417.00	418.00	407.00	449.00	501.00	486.00	542.00	475.00	473.00	419.00	366.00	406.00	548.00	596.00	569.00	550.00	688.00	585.00	549.00	658.00	789.00	704.00	580.00	664.00	663.00	523.00
326.00	306.00	313.00	299.00	301.00	321.00	395.00	428.00	471.00	511.00	713.00	760.00	793.00	899.00	952.00	776.00	681.00	611.00	539.00	651.00	695.00	788.00	911.00	1012.00	915.00	857.00	807.00	719.00	619.00	668.00	750.00	755.00	646.00	574.00	641.00	598.00	548.00	521.00	528.00	485.00	402.00	348.00	406.00	472.00	525.00	531.00	671.00	625.00	633.00	650.00	722.00	568.00	498.00	563.00	668.00	670.00	695.00	582.00	624.00	663.00	602.00	670.00	841.00	966.00	900.00	867.00	803.00	734.00	638.00	562.00	553.00	631.00	664.00	615.00	565.00	589.00	683.00	739.00	851.00	948.00	1072.00	1103.00	1296.00	1258.00	1177.00	1112.00	1062.00	1146.00	1161.00	1085.00	1014.00	940.00	971.00	834.00	803.00	801.00	898.00	939.00	999.00	1064.00	1098.00	1148.00	1212.00	1183.00	1084.00	949.00	980.00	998.00	989.00	936.00	883.00	858.00	800.00	768.00	826.00	739.00	678.00	713.00	772.00	793.00	905.00	848.00	748.00	814.00	873.00	761.00	796.00	791.00	847.00	797.00	758.00	706.00	683.00	630.00	589.00	605.00	644.00	642.00	632.00	581.00	564.00	565.00	577.00	623.00	767.00	657.00	723.00	736.00	670.00	760.00	875.00	956.00	1016.00	988.00	997.00	965.00	837.00	912.00	912.00	844.00	917.00	862.00	857.00	800.00	821.00	846.00	806.00	782.00	825.00	878.00	811.00	761.00	862.00	840.00	817.00	767.00	788.00	787.00	797.00	762.00	733.00	872.00	812.00	750.00	740.00	775.00	664.00	610.00	589.00	619.00	653.00	679.00	650.00	703.00	843.00	803.00	762.00	668.00	651.00	664.00	733.00	677.00	716.00	663.00	719.00	657.00	611.00	567.00	510.00	518.00	588.00	573.00	710.00	715.00	663.00	698.00	720.00	684.00	604.00	754.00	682.00	756.00	728.00	766.00	717.00	619.00	622.00	670.00	620.00	517.00	578.00	547.00	524.00	592.00	627.00	543.00	652.00	641.00	628.00	587.00	428.00	401.00	547.00	677.00	771.00	662.00	761.00	693.00	729.00	639.00	723.00	785.00	708.00	765.00	705.00	588.00
257.00	267.00	278.00	280.00	309.00	316.00	367.00	383.00	417.00	456.00	620.00	679.00	783.00	869.00	861.00	846.00	784.00	686.00	586.00	586.00	667.00	744.00	833.00	873.00	743.00	788.00	848.00	822.00	759.00	783.00	916.00	805.00	688.00	709.00	729.00	673.00	673.00	576.00	541.00	480.00	410.00	338.00	429.00	497.00	579.00	624.00	666.00	721.00	742.00	765.00	758.00	556.00	468.00	528.00	601.00	570.00	616.00	550.00	538.00	549.00	609.00	680.00	912.00	955.00	895.00	938.00	932.00	850.00	792.00	644.00	529.00	581.00	707.00	542.00	621.00	673.00	709.00	790.00	997.00	1046.00	1161.00	1255.00	1314.00	1237.00	1136.00	1050.00	1001.00	1021.00	1098.00	1091.00	1054.00	889.00	863.00	839.00	756.00	836.00	878.00	917.00	971.00	968.00	1009.00	1069.00	1150.00	1155.00	1041.00	939.00	880.00	854.00	916.00	960.00	908.00	859.00	833.00	733.00	867.00	806.00	769.00	688.00	750.00	732.00	859.00	929.00	836.00	649.00	694.00	785.00	727.00	775.00	853.00	830.00	794.00	814.00	752.00	677.00	601.00	578.00	760.00	639.00	580.00	561.00	561.00	575.00	651.00	737.00	754.00	780.00	880.00	893.00	751.00	702.00	686.00	700.00	804.00	884.00	885.00	809.00	815.00	806.00	813.00	800.00	848.00	888.00	936.00	828.00	841.00	892.00	868.00	814.00	923.00	889.00	786.00	840.00	891.00	895.00	823.00	787.00	819.00	826.00	849.00	817.00	825.00	783.00	783.00	719.00	734.00	654.00	612.00	616.00	684.00	659.00	669.00	714.00	711.00	765.00	806.00	730.00	688.00	696.00	803.00	753.00	799.00	737.00	741.00	731.00	732.00	672.00	705.00	703.00	613.00	537.00	635.00	701.00	696.00	755.00	750.00	775.00	785.00	720.00	661.00	741.00	726.00	788.00	793.00	798.00	714.00	635.00	684.00	701.00	617.00	534.00	665.00	647.00	627.00	712.00	603.00	593.00	596.00	717.00	722.00	709.00	467.00	420.00	583.00	669.00	865.00	847.00	846.00	837.00	884.00	803.00	732.00	905.00	809.00	859.00	777.00	673.00
227.00	266.00	326.00	342.00	321.00	319.00	357.00	371.00	405.00	412.00	626.00	704.00	752.00	809.00	824.00	679.00	724.00	732.00	648.00	480.00	559.00	654.00	701.00	697.00	680.00	595.00	670.00	633.00	675.00	783.00	964.00	891.00	799.00	759.00	754.00	733.00	686.00	561.00	530.00	494.00	461.00	328.00	375.00	444.00	491.00	506.00	601.00	679.00	676.00	690.00	638.00	521.00	459.00	450.00	467.00	466.00	483.00	490.00	502.00	549.00	718.00	753.00	949.00	863.00	716.00	760.00	882.00	953.00	929.00	674.00	567.00	519.00	584.00	603.00	743.00	865.00	906.00	814.00	978.00	1118.00	1239.00	1316.00	1269.00	1178.00	1115.00	1055.00	1011.00	917.00	936.00	960.00	944.00	974.00	908.00	784.00	723.00	783.00	902.00	926.00	889.00	875.00	1042.00	1104.00	1169.00	1157.00	1071.00	940.00	860.00	799.00	888.00	1060.00	985.00	902.00	773.00	736.00	859.00	884.00	875.00	786.00	643.00	722.00	803.00	812.00	748.00	632.00	708.00	877.00	830.00	752.00	825.00	792.00	858.00	893.00	704.00	673.00	643.00	588.00	760.00	602.00	557.00	555.00	558.00	677.00	671.00	732.00	804.00	908.00	988.00	887.00	834.00	879.00	742.00	775.00	714.00	695.00	715.00	698.00	751.00	832.00	882.00	905.00	871.00	903.00	963.00	902.00	859.00	949.00	921.00	918.00	941.00	840.00	830.00	926.00	899.00	857.00	812.00	822.00	864.00	801.00	824.00	863.00	909.00	767.00	715.00	703.00	659.00	657.00	654.00	713.00	714.00	770.00	733.00	785.00	798.00	746.00	724.00	732.00	780.00	786.00	903.00	887.00	877.00	829.00	767.00	794.00	790.00	724.00	761.00	766.00	664.00	570.00	650.00	737.00	710.00	774.00	809.00	833.00	838.00	742.00	729.00	793.00	825.00	852.00	851.00	811.00	717.00	731.00	757.00	716.00	627.00	583.00	725.00	751.00	746.00	748.00	599.00	779.00	715.00	723.00	832.00	784.00	479.00	446.00	616.00	752.00	953.00	955.00	934.00	950.00	973.00	898.00	882.00	982.00	947.00	940.00	862.00	846.00
223.00	230.00	319.00	375.00	424.00	365.00	329.00	334.00	371.00	412.00	593.00	675.00	752.00	825.00	863.00	609.00	571.00	714.00	767.00	411.00	480.00	528.00	601.00	589.00	583.00	515.00	510.00	499.00	624.00	715.00	923.00	906.00	815.00	612.00	595.00	594.00	561.00	535.00	570.00	595.00	550.00	343.00	338.00	389.00	427.00	474.00	621.00	625.00	562.00	603.00	561.00	441.00	415.00	457.00	535.00	556.00	598.00	630.00	558.00	608.00	718.00	816.00	887.00	841.00	632.00	663.00	752.00	800.00	858.00	634.00	526.00	506.00	562.00	677.00	747.00	873.00	997.00	989.00	985.00	1075.00	1189.00	1312.00	1213.00	1118.00	1048.00	1012.00	983.00	972.00	912.00	864.00	821.00	872.00	891.00	863.00	741.00	713.00	769.00	803.00	845.00	925.00	1096.00	1137.00	1154.00	1102.00	1001.00	901.00	837.00	759.00	860.00	1044.00	1042.00	948.00	834.00	733.00	742.00	871.00	872.00	884.00	712.00	638.00	620.00	616.00	631.00	654.00	762.00	912.00	875.00	675.00	682.00	775.00	872.00	911.00	864.00	825.00	765.00	653.00	645.00	564.00	551.00	553.00	599.00	817.00	765.00	715.00	759.00	910.00	1021.00	995.00	946.00	927.00	803.00	886.00	884.00	835.00	829.00	781.00	715.00	774.00	896.00	1012.00	970.00	1012.00	1046.00	976.00	953.00	952.00	929.00	957.00	885.00	848.00	917.00	927.00	881.00	932.00	885.00	845.00	919.00	826.00	825.00	865.00	897.00	748.00	707.00	692.00	711.00	725.00	710.00	768.00	791.00	864.00	845.00	827.00	752.00	775.00	847.00	825.00	888.00	925.00	851.00	992.00	953.00	876.00	822.00	833.00	808.00	814.00	849.00	856.00	687.00	600.00	670.00	757.00	787.00	780.00	840.00	884.00	880.00	793.00	822.00	881.00	901.00	923.00	907.00	868.00	827.00	840.00	795.00	720.00	670.00	688.00	760.00	817.00	841.00	716.00	693.00	808.00	847.00	834.00	896.00	791.00	500.00	456.00	643.00	834.00	925.00	894.00	865.00	889.00	922.00	880.00	860.00	938.00	975.00	974.00	879.00	787.00
223.00	230.00	319.00	375.00	424.00	365.00	329.00	334.00	371.00	412.00	593.00	675.00	752.00	825.00	863.00	609.00	571.00	714.00	767.00	411.00	480.00	528.00	601.00	589.00	583.00	515.00	510.00	499.00	624.00	715.00	923.00	906.00	815.00	612.00	595.00	594.00	561.00	535.00	570.00	595.00	550.00	343.00	338.00	389.00	427.00	474.00	621.00	625.00	562.00	603.00	561.00	441.00	415.00	457.00	535.00	556.00	598.00	630.00	558.00	608.00	718.00	816.00	887.00	841.00	632.00	663.00	752.00	800.00	858.00	634.00	526.00	506.00	562.00	677.00	747.00	873.00	997.00	989.00	985.00	1075.00	1189.00	1312.00	1213.00	1118.00	1048.00	1012.00	983.00	972.00	912.00	864.00	821.00	872.00	891.00	863.00	741.00	713.00	769.00	803.00	845.00	925.00	1096.00	1137.00	1154.00	1102.00	1001.00	901.00	837.00	759.00	860.00	1044.00	1042.00	948.00	834.00	733.00	742.00	871.00	872.00	884.00	712.00	638.00	620.00	616.00	631.00	654.00	762.00	912.00	875.00	675.00	682.00	775.00	872.00	911.00	864.00	825.00	765.00	653.00	645.00	564.00	551.00	553.00	599.00	817.00	765.00	715.00	759.00	910.00	1021.00	995.00	946.00	927.00	803.00	886.00	884.00	835.00	829.00	781.00	715.00	774.00	896.00	1012.00	970.00	1012.00	1046.00	976.00	953.00	952.00	929.00	957.00	885.00	848.00	917.00	927.00	881.00	932.00	885.00	845.00	919.00	826.00	825.00	865.00	897.00	748.00	707.00	692.00	711.00	725.00	710.00	768.00	791.00	864.00	845.00	827.00	752.00	775.00	847.00	825.00	888.00	925.00	851.00	992.00	953.00	876.00	822.00	833.00	808.00	814.00	849.00	856.00	687.00	600.00	670.00	757.00	787.00	780.00	840.00	884.00	880.00	793.00	822.00	881.00	901.00	923.00	907.00	868.00	827.00	840.00	795.00	720.00	670.00	688.00	760.00	817.00	841.00	716.00	693.00	808.00	847.00	834.00	896.00	791.00	500.00	456.00	643.00	834.00	925.00	894.00	865.00	889.00	922.00	880.00	860.00	938.00	975.00	974.00	879.00	787.00
227.00	227.00	248.00	352.00	374.00	313.00	294.00	349.00	415.00	482.00	702.00	735.00	733.00	757.00	775.00	530.00	506.00	657.00	755.00	448.00	387.00	436.00	512.00	476.00	535.00	439.00	426.00	503.00	711.00	808.00	815.00	794.00	709.00	584.00	544.00	512.00	474.00	426.00	461.00	501.00	505.00	368.00	320.00	362.00	418.00	483.00	581.00	514.00	466.00	512.00	476.00	430.00	519.00	611.00	677.00	704.00	681.00	744.00	696.00	607.00	779.00	896.00	721.00	690.00	613.00	582.00	623.00	696.00	771.00	596.00	489.00	560.00	703.00	902.00	945.00	972.00	1021.00	1096.00	1167.00	1253.00	1336.00	1417.00	1212.00	1123.00	1042.00	994.00	972.00	889.00	888.00	874.00	824.00	733.00	743.00	850.00	826.00	699.00	843.00	888.00	925.00	975.00	1067.00	1058.00	1073.00	1069.00	934.00	841.00	813.00	748.00	735.00	898.00	927.00	841.00	876.00	880.00	638.00	744.00	738.00	712.00	743.00	681.00	646.00	620.00	592.00	646.00	783.00	929.00	890.00	705.00	638.00	728.00	736.00	848.00	873.00	819.00	843.00	775.00	552.00	548.00	557.00	633.00	767.00	728.00	705.00	778.00	894.00	768.00	872.00	1007.00	1070.00	1081.00	973.00	888.00	998.00	1011.00	855.00	926.00	795.00	756.00	804.00	842.00	858.00	921.00	970.00	1051.00	1068.00	1025.00	1009.00	919.00	871.00	942.00	963.00	879.00	947.00	984.00	959.00	942.00	904.00	855.00	901.00	864.00	862.00	805.00	798.00	773.00	726.00	743.00	751.00	810.00	873.00	858.00	837.00	824.00	833.00	812.00	927.00	944.00	966.00	1034.00	844.00	1049.00	1026.00	977.00	901.00	878.00	873.00	910.00	924.00	895.00	737.00	654.00	677.00	768.00	866.00	869.00	885.00	947.00	944.00	860.00	882.00	970.00	961.00	934.00	907.00	897.00	899.00	897.00	851.00	809.00	796.00	820.00	836.00	887.00	889.00	885.00	885.00	894.00	926.00	908.00	897.00	820.00	539.00	450.00	616.00	746.00	692.00	678.00	665.00	696.00	855.00	787.00	691.00	744.00	797.00	911.00	841.00	714.00
238.00	229.00	228.00	273.00	288.00	259.00	327.00	375.00	438.00	509.00	676.00	598.00	617.00	723.00	730.00	495.00	431.00	546.00	659.00	518.00	437.00	378.00	375.00	442.00	413.00	390.00	464.00	545.00	685.00	639.00	723.00	818.00	741.00	719.00	686.00	612.00	520.00	433.00	408.00	391.00	378.00	353.00	313.00	342.00	433.00	499.00	471.00	426.00	383.00	379.00	378.00	449.00	516.00	582.00	627.00	761.00	751.00	814.00	830.00	732.00	774.00	934.00	852.00	801.00	733.00	653.00	562.00	566.00	626.00	477.00	504.00	577.00	623.00	761.00	850.00	911.00	1012.00	1119.00	1294.00	1337.00	1393.00	1417.00	1212.00	1151.00	1110.00	1125.00	1092.00	938.00	884.00	903.00	892.00	798.00	739.00	681.00	708.00	642.00	780.00	818.00	863.00	932.00	987.00	962.00	972.00	959.00	967.00	1027.00	982.00	903.00	803.00	714.00	804.00	729.00	797.00	909.00	655.00	597.00	627.00	589.00	720.00	741.00	766.00	703.00	634.00	595.00	698.00	876.00	868.00	838.00	712.00	615.00	687.00	816.00	765.00	685.00	656.00	646.00	547.00	557.00	589.00	628.00	659.00	674.00	788.00	914.00	1024.00	895.00	811.00	823.00	945.00	1043.00	1077.00	1069.00	1063.00	1138.00	1049.00	1025.00	835.00	830.00	728.00	796.00	953.00	1036.00	1018.00	1016.00	1029.00	925.00	997.00	920.00	979.00	1028.00	936.00	907.00	1081.00	1040.00	1135.00	1101.00	908.00	921.00	940.00	949.00	914.00	935.00	876.00	786.00	753.00	863.00	790.00	864.00	876.00	836.00	994.00	919.00	974.00	844.00	1023.00	1073.00	1064.00	984.00	962.00	1022.00	1074.00	1018.00	963.00	955.00	955.00	979.00	975.00	930.00	756.00	665.00	706.00	746.00	880.00	960.00	984.00	1019.00	978.00	963.00	954.00	967.00	943.00	862.00	817.00	814.00	837.00	888.00	950.00	934.00	932.00	951.00	892.00	866.00	909.00	905.00	891.00	925.00	897.00	842.00	764.00	637.00	527.00	447.00	487.00	533.00	600.00	668.00	771.00	825.00	891.00	777.00	698.00	580.00	651.00	852.00	842.00	765.00
289.00	245.00	229.00	227.00	229.00	230.00	339.00	370.00	379.00	433.00	493.00	492.00	627.00	725.00	701.00	456.00	378.00	482.00	595.00	617.00	555.00	479.00	426.00	372.00	367.00	463.00	502.00	541.00	510.00	501.00	683.00	800.00	854.00	762.00	653.00	572.00	571.00	522.00	479.00	419.00	409.00	390.00	308.00	317.00	357.00	370.00	348.00	354.00	376.00	427.00	475.00	521.00	548.00	513.00	545.00	616.00	630.00	722.00	798.00	859.00	916.00	971.00	929.00	918.00	848.00	780.00	697.00	540.00	548.00	500.00	593.00	622.00	659.00	786.00	755.00	802.00	930.00	1030.00	1198.00	1238.00	1233.00	1221.00	1276.00	1277.00	1218.00	1182.00	1110.00	974.00	984.00	1047.00	1015.00	852.00	812.00	726.00	656.00	607.00	736.00	822.00	910.00	908.00	868.00	915.00	891.00	827.00	967.00	1040.00	948.00	878.00	842.00	664.00	634.00	635.00	733.00	834.00	706.00	605.00	551.00	569.00	662.00	764.00	882.00	836.00	762.00	593.00	573.00	750.00	818.00	815.00	817.00	710.00	599.00	636.00	557.00	536.00	535.00	540.00	572.00	652.00	751.00	770.00	738.00	696.00	769.00	836.00	898.00	1062.00	969.00	885.00	836.00	911.00	947.00	1025.00	1130.00	1207.00	1087.00	976.00	897.00	1002.00	850.00	757.00	791.00	842.00	867.00	869.00	863.00	915.00	962.00	1030.00	1064.00	1006.00	944.00	965.00	1111.00	1085.00	1045.00	1000.00	962.00	862.00	846.00	911.00	879.00	966.00	971.00	872.00	879.00	975.00	880.00	959.00	952.00	884.00	1029.00	1072.00	1006.00	887.00	1052.00	1135.00	1073.00	978.00	1043.00	1057.00	1097.00	1087.00	1072.00	1040.00	1033.00	1016.00	984.00	975.00	768.00	713.00	794.00	821.00	904.00	948.00	991.00	952.00	927.00	952.00	987.00	1013.00	957.00	867.00	803.00	741.00	719.00	776.00	866.00	814.00	841.00	875.00	816.00	754.00	760.00	782.00	726.00	845.00	793.00	719.00	694.00	659.00	539.00	482.00	536.00	515.00	618.00	665.00	757.00	813.00	941.00	848.00	767.00	575.00	521.00	710.00	781.00	769.00
320.00	298.00	237.00	235.00	237.00	240.00	232.00	230.00	244.00	304.00	384.00	480.00	609.00	707.00	677.00	466.00	340.00	415.00	521.00	670.00	667.00	602.00	568.00	444.00	351.00	382.00	384.00	405.00	476.00	544.00	654.00	746.00	829.00	853.00	796.00	732.00	704.00	530.00	467.00	473.00	535.00	441.00	306.00	307.00	322.00	343.00	416.00	456.00	476.00	516.00	588.00	640.00	703.00	683.00	688.00	717.00	741.00	775.00	857.00	928.00	847.00	889.00	891.00	787.00	811.00	781.00	647.00	508.00	594.00	466.00	545.00	611.00	697.00	883.00	907.00	865.00	852.00	880.00	1000.00	1062.00	1062.00	1114.00	1271.00	1316.00	1256.00	1194.00	1144.00	1098.00	1052.00	1012.00	1012.00	975.00	945.00	799.00	768.00	709.00	616.00	706.00	786.00	785.00	908.00	946.00	847.00	739.00	929.00	929.00	912.00	873.00	869.00	798.00	754.00	660.00	598.00	659.00	661.00	587.00	544.00	542.00	677.00	689.00	745.00	800.00	820.00	738.00	658.00	580.00	655.00	730.00	702.00	747.00	705.00	594.00	531.00	535.00	549.00	543.00	721.00	769.00	836.00	904.00	878.00	802.00	853.00	933.00	980.00	1139.00	1086.00	1056.00	1010.00	895.00	962.00	1046.00	1118.00	1200.00	1040.00	932.00	1009.00	1101.00	995.00	911.00	828.00	754.00	820.00	859.00	954.00	1033.00	1028.00	1009.00	1115.00	1036.00	1059.00	1010.00	1096.00	1033.00	1006.00	1032.00	997.00	794.00	781.00	822.00	813.00	870.00	888.00	922.00	1011.00	1016.00	1021.00	1076.00	967.00	933.00	1059.00	1162.00	1056.00	969.00	1098.00	1165.00	1101.00	1062.00	1100.00	1118.00	1153.00	1161.00	1112.00	1068.00	997.00	927.00	884.00	850.00	736.00	809.00	928.00	961.00	1017.00	1040.00	976.00	881.00	820.00	852.00	927.00	1035.00	1018.00	945.00	893.00	810.00	690.00	647.00	708.00	718.00	696.00	740.00	751.00	666.00	679.00	663.00	660.00	822.00	855.00	761.00	681.00	571.00	532.00	530.00	647.00	661.00	649.00	738.00	754.00	760.00	925.00	835.00	733.00	688.00	566.00	623.00	690.00	663.00
401.00	368.00	308.00	258.00	275.00	305.00	275.00	240.00	230.00	247.00	354.00	437.00	523.00	565.00	568.00	434.00	331.00	328.00	394.00	623.00	680.00	654.00	532.00	387.00	359.00	434.00	482.00	474.00	547.00	634.00	726.00	710.00	694.00	830.00	794.00	832.00	797.00	585.00	558.00	592.00	596.00	506.00	305.00	307.00	339.00	396.00	556.00	606.00	615.00	641.00	704.00	797.00	777.00	680.00	652.00	723.00	797.00	801.00	887.00	916.00	700.00	753.00	887.00	825.00	672.00	618.00	553.00	484.00	476.00	501.00	560.00	614.00	667.00	779.00	855.00	949.00	1018.00	1063.00	1056.00	1037.00	1037.00	1055.00	1302.00	1310.00	1228.00	1153.00	1107.00	1052.00	1025.00	992.00	942.00	986.00	986.00	892.00	831.00	763.00	581.00	623.00	689.00	765.00	892.00	906.00	806.00	704.00	723.00	900.00	920.00	851.00	757.00	827.00	848.00	796.00	677.00	578.00	654.00	582.00	537.00	524.00	639.00	647.00	597.00	654.00	773.00	818.00	751.00	630.00	572.00	638.00	647.00	688.00	733.00	598.00	538.00	587.00	635.00	615.00	708.00	769.00	805.00	865.00	879.00	801.00	909.00	1039.00	1065.00	1083.00	1106.00	1160.00	1161.00	1032.00	991.00	977.00	1033.00	1145.00	1131.00	1066.00	1116.00	1132.00	1008.00	904.00	805.00	860.00	802.00	816.00	872.00	952.00	891.00	1089.00	1048.00	1065.00	1010.00	997.00	1095.00	1138.00	1071.00	996.00	874.00	850.00	823.00	769.00	771.00	793.00	873.00	986.00	1055.00	889.00	993.00	1056.00	1060.00	1091.00	1112.00	1204.00	1157.00	1098.00	1142.00	1105.00	1091.00	1079.00	1103.00	1094.00	1115.00	1105.00	1025.00	1064.00	1048.00	1014.00	988.00	974.00	865.00	861.00	956.00	978.00	971.00	985.00	911.00	855.00	812.00	840.00	825.00	933.00	942.00	919.00	827.00	745.00	695.00	634.00	687.00	632.00	608.00	608.00	663.00	609.00	604.00	678.00	765.00	841.00	890.00	829.00	727.00	618.00	579.00	619.00	603.00	743.00	743.00	762.00	783.00	843.00	970.00	941.00	891.00	744.00	594.00	533.00	649.00	707.00
488.00	446.00	342.00	304.00	367.00	371.00	268.00	257.00	238.00	234.00	325.00	384.00	410.00	408.00	443.00	430.00	327.00	259.00	281.00	499.00	601.00	591.00	451.00	318.00	387.00	457.00	552.00	656.00	646.00	633.00	590.00	558.00	620.00	721.00	624.00	702.00	808.00	739.00	741.00	710.00	633.00	562.00	323.00	300.00	332.00	378.00	524.00	630.00	733.00	769.00	778.00	728.00	664.00	570.00	524.00	591.00	602.00	697.00	849.00	911.00	631.00	622.00	784.00	840.00	797.00	728.00	614.00	467.00	460.00	684.00	686.00	685.00	758.00	859.00	924.00	1014.00	1110.00	1200.00	1245.00	1205.00	1193.00	1173.00	1309.00	1299.00	1256.00	1189.00	1105.00	978.00	925.00	890.00	870.00	860.00	916.00	870.00	821.00	775.00	689.00	582.00	601.00	688.00	833.00	933.00	872.00	750.00	631.00	716.00	809.00	886.00	804.00	681.00	664.00	683.00	731.00	697.00	638.00	574.00	536.00	509.00	596.00	609.00	563.00	607.00	647.00	700.00	768.00	754.00	723.00	545.00	561.00	633.00	684.00	551.00	549.00	623.00	678.00	722.00	593.00	689.00	762.00	699.00	733.00	824.00	847.00	833.00	823.00	1008.00	1057.00	1117.00	1154.00	1152.00	1139.00	1109.00	1106.00	1115.00	1196.00	1098.00	1016.00	958.00	908.00	868.00	818.00	951.00	982.00	863.00	786.00	810.00	871.00	950.00	918.00	890.00	923.00	1001.00	1135.00	1088.00	1018.00	958.00	931.00	896.00	841.00	798.00	832.00	754.00	855.00	966.00	960.00	805.00	848.00	886.00	1035.00	1107.00	1217.00	1275.00	1270.00	1219.00	1043.00	980.00	956.00	967.00	1044.00	1000.00	1024.00	983.00	959.00	945.00	1038.00	1048.00	1003.00	1002.00	992.00	998.00	993.00	930.00	868.00	939.00	884.00	820.00	778.00	738.00	776.00	833.00	845.00	815.00	802.00	710.00	674.00	636.00	560.00	564.00	563.00	558.00	560.00	591.00	664.00	746.00	788.00	930.00	930.00	784.00	698.00	766.00	610.00	703.00	631.00	755.00	831.00	873.00	857.00	865.00	894.00	920.00	906.00	752.00	667.00	423.00	458.00	577.00
518.00	480.00	377.00	405.00	403.00	315.00	333.00	290.00	317.00	284.00	248.00	265.00	285.00	302.00	323.00	266.00	248.00	258.00	259.00	420.00	525.00	467.00	348.00	296.00	426.00	492.00	566.00	657.00	619.00	519.00	439.00	494.00	605.00	577.00	508.00	612.00	708.00	788.00	782.00	701.00	619.00	458.00	333.00	293.00	314.00	369.00	553.00	655.00	636.00	653.00	699.00	643.00	525.00	463.00	527.00	514.00	615.00	746.00	864.00	848.00	683.00	548.00	686.00	785.00	789.00	655.00	510.00	438.00	538.00	728.00	827.00	853.00	831.00	984.00	1017.00	1085.00	1183.00	1236.00	1127.00	1092.00	1115.00	1169.00	1291.00	1275.00	1213.00	1157.00	1108.00	1083.00	1006.00	915.00	856.00	774.00	822.00	847.00	885.00	830.00	697.00	624.00	544.00	595.00	798.00	857.00	783.00	718.00	559.00	723.00	795.00	749.00	830.00	776.00	724.00	662.00	608.00	595.00	636.00	545.00	508.00	497.00	494.00	498.00	507.00	512.00	515.00	525.00	542.00	579.00	597.00	620.00	578.00	531.00	549.00	520.00	583.00	652.00	705.00	788.00	560.00	592.00	625.00	688.00	765.00	701.00	765.00	845.00	850.00	1106.00	1159.00	1134.00	1026.00	1032.00	1005.00	933.00	993.00	1057.00	1037.00	1081.00	1007.00	1007.00	915.00	834.00	893.00	1004.00	1075.00	885.00	911.00	843.00	810.00	858.00	879.00	932.00	944.00	1032.00	1143.00	1034.00	1007.00	1089.00	955.00	841.00	782.00	756.00	756.00	717.00	835.00	890.00	793.00	870.00	979.00	1010.00	948.00	988.00	1171.00	1268.00	1252.00	1171.00	1056.00	978.00	902.00	864.00	988.00	954.00	965.00	963.00	886.00	852.00	972.00	1012.00	932.00	863.00	1030.00	1020.00	985.00	943.00	778.00	788.00	804.00	775.00	835.00	693.00	724.00	731.00	797.00	782.00	752.00	808.00	792.00	710.00	637.00	602.00	547.00	507.00	615.00	681.00	719.00	753.00	829.00	947.00	955.00	880.00	849.00	870.00	665.00	765.00	702.00	770.00	911.00	881.00	830.00	852.00	769.00	825.00	846.00	821.00	749.00	505.00	411.00	395.00
518.00	480.00	377.00	405.00	403.00	315.00	333.00	290.00	317.00	284.00	248.00	265.00	285.00	302.00	323.00	266.00	248.00	258.00	259.00	420.00	525.00	467.00	348.00	296.00	426.00	492.00	566.00	657.00	619.00	519.00	439.00	494.00	605.00	577.00	508.00	612.00	708.00	788.00	782.00	701.00	619.00	458.00	333.00	293.00	314.00	369.00	553.00	655.00	636.00	653.00	699.00	643.00	525.00	463.00	527.00	514.00	615.00	746.00	864.00	848.00	683.00	548.00	686.00	785.00	789.00	655.00	510.00	438.00	538.00	728.00	827.00	853.00	831.00	984.00	1017.00	1085.00	1183.00	1236.00	1127.00	1092.00	1115.00	1169.00	1291.00	1275.00	1213.00	1157.00	1108.00	1083.00	1006.00	915.00	856.00	774.00	822.00	847.00	885.00	830.00	697.00	624.00	544.00	595.00	798.00	857.00	783.00	718.00	559.00	723.00	795.00	749.00	830.00	776.00	724.00	662.00	608.00	595.00	636.00	545.00	508.00	497.00	494.00	498.00	507.00	512.00	515.00	525.00	542.00	579.00	597.00	620.00	578.00	531.00	549.00	520.00	583.00	652.00	705.00	788.00	560.00	592.00	625.00	688.00	765.00	701.00	765.00	845.00	850.00	1106.00	1159.00	1134.00	1026.00	1032.00	1005.00	933.00	993.00	1057.00	1037.00	1081.00	1007.00	1007.00	915.00	834.00	893.00	1004.00	1075.00	885.00	911.00	843.00	810.00	858.00	879.00	932.00	944.00	1032.00	1143.00	1034.00	1007.00	1089.00	955.00	841.00	782.00	756.00	756.00	717.00	835.00	890.00	793.00	870.00	979.00	1010.00	948.00	988.00	1171.00	1268.00	1252.00	1171.00	1056.00	978.00	902.00	864.00	988.00	954.00	965.00	963.00	886.00	852.00	972.00	1012.00	932.00	863.00	1030.00	1020.00	985.00	943.00	778.00	788.00	804.00	775.00	835.00	693.00	724.00	731.00	797.00	782.00	752.00	808.00	792.00	710.00	637.00	602.00	547.00	507.00	615.00	681.00	719.00	753.00	829.00	947.00	955.00	880.00	849.00	870.00	665.00	765.00	702.00	770.00	911.00	881.00	830.00	852.00	769.00	825.00	846.00	821.00	749.00	505.00	411.00	395.00
464.00	455.00	459.00	439.00	349.00	300.00	388.00	369.00	315.00	346.00	241.00	239.00	240.00	241.00	239.00	268.00	286.00	303.00	307.00	308.00	351.00	314.00	288.00	351.00	546.00	575.00	619.00	686.00	540.00	461.00	409.00	494.00	579.00	439.00	479.00	548.00	550.00	685.00	663.00	590.00	590.00	527.00	317.00	291.00	302.00	376.00	535.00	520.00	462.00	529.00	547.00	550.00	480.00	416.00	439.00	601.00	696.00	818.00	771.00	667.00	585.00	492.00	641.00	740.00	711.00	551.00	432.00	470.00	544.00	700.00	783.00	823.00	857.00	1058.00	1132.00	1184.00	1229.00	1222.00	1010.00	972.00	978.00	1040.00	1182.00	1200.00	1141.00	1131.00	1127.00	995.00	1039.00	966.00	934.00	807.00	761.00	736.00	862.00	955.00	764.00	683.00	625.00	554.00	641.00	730.00	800.00	711.00	533.00	659.00	664.00	608.00	728.00	654.00	613.00	658.00	723.00	678.00	549.00	488.00	487.00	486.00	485.00	486.00	488.00	491.00	493.00	498.00	501.00	505.00	507.00	520.00	536.00	516.00	518.00	520.00	633.00	769.00	778.00	865.00	570.00	567.00	592.00	655.00	655.00	857.00	869.00	945.00	1018.00	1048.00	1030.00	955.00	1017.00	885.00	859.00	906.00	1004.00	1045.00	908.00	992.00	1136.00	1078.00	907.00	878.00	961.00	945.00	971.00	1038.00	1002.00	933.00	868.00	971.00	1001.00	977.00	1035.00	1068.00	1052.00	979.00	893.00	941.00	1029.00	942.00	904.00	843.00	766.00	678.00	741.00	724.00	772.00	960.00	1043.00	1090.00	1109.00	1087.00	1166.00	1206.00	1170.00	1109.00	1049.00	994.00	912.00	860.00	903.00	896.00	920.00	957.00	898.00	768.00	851.00	925.00	891.00	780.00	952.00	956.00	918.00	883.00	854.00	742.00	688.00	713.00	788.00	723.00	637.00	757.00	788.00	752.00	703.00	752.00	784.00	746.00	671.00	612.00	551.00	485.00	617.00	623.00	635.00	692.00	745.00	823.00	899.00	950.00	965.00	950.00	734.00	861.00	825.00	879.00	910.00	833.00	735.00	686.00	747.00	669.00	742.00	655.00	724.00	646.00	546.00	418.00
446.00	400.00	374.00	360.00	321.00	378.00	487.00	495.00	413.00	329.00	369.00	303.00	266.00	262.00	262.00	298.00	351.00	388.00	417.00	259.00	274.00	289.00	291.00	311.00	461.00	517.00	537.00	592.00	503.00	420.00	371.00	464.00	512.00	366.00	415.00	470.00	566.00	578.00	541.00	538.00	476.00	510.00	290.00	290.00	323.00	401.00	397.00	352.00	346.00	366.00	392.00	420.00	400.00	452.00	501.00	607.00	717.00	758.00	675.00	569.00	443.00	541.00	762.00	827.00	728.00	543.00	418.00	437.00	444.00	632.00	684.00	736.00	802.00	1019.00	1121.00	1209.00	1223.00	1164.00	968.00	899.00	987.00	1071.00	1049.00	1112.00	1082.00	1014.00	989.00	934.00	986.00	1015.00	985.00	926.00	864.00	666.00	788.00	860.00	773.00	741.00	737.00	669.00	561.00	659.00	762.00	726.00	543.00	525.00	521.00	539.00	573.00	534.00	523.00	516.00	529.00	524.00	482.00	496.00	517.00	518.00	492.00	491.00	492.00	494.00	494.00	497.00	497.00	504.00	508.00	508.00	511.00	511.00	516.00	531.00	690.00	799.00	918.00	924.00	658.00	579.00	585.00	609.00	621.00	796.00	882.00	864.00	938.00	921.00	842.00	793.00	831.00	792.00	789.00	823.00	847.00	855.00	912.00	1002.00	1128.00	1011.00	905.00	890.00	959.00	1024.00	1022.00	1067.00	976.00	903.00	964.00	902.00	944.00	933.00	988.00	1032.00	948.00	889.00	829.00	862.00	886.00	1017.00	989.00	967.00	874.00	657.00	691.00	797.00	834.00	858.00	891.00	931.00	1070.00	1098.00	1111.00	1069.00	1069.00	1056.00	964.00	982.00	980.00	948.00	790.00	857.00	832.00	848.00	821.00	779.00	727.00	817.00	823.00	748.00	865.00	841.00	872.00	812.00	837.00	782.00	705.00	660.00	710.00	731.00	634.00	745.00	723.00	690.00	762.00	813.00	813.00	768.00	663.00	587.00	487.00	480.00	596.00	664.00	687.00	677.00	675.00	723.00	766.00	831.00	876.00	1020.00	863.00	973.00	935.00	882.00	858.00	824.00	764.00	622.00	725.00	626.00	558.00	594.00	559.00	635.00	569.00	485.00
479.00	503.00	464.00	432.00	349.00	373.00	536.00	556.00	485.00	397.00	457.00	387.00	353.00	321.00	354.00	265.00	327.00	427.00	508.00	255.00	260.00	253.00	264.00	265.00	308.00	357.00	440.00	515.00	412.00	371.00	320.00	379.00	373.00	376.00	458.00	538.00	605.00	506.00	440.00	472.00	462.00	383.00	287.00	289.00	305.00	354.00	306.00	298.00	301.00	307.00	330.00	363.00	373.00	390.00	430.00	584.00	630.00	595.00	529.00	443.00	537.00	644.00	651.00	718.00	770.00	623.00	511.00	438.00	403.00	567.00	622.00	687.00	761.00	1005.00	1103.00	1171.00	1140.00	1056.00	924.00	854.00	944.00	1003.00	1012.00	1089.00	1092.00	1074.00	1028.00	889.00	860.00	914.00	925.00	954.00	863.00	688.00	631.00	652.00	630.00	691.00	737.00	680.00	513.00	642.00	752.00	662.00	522.00	464.00	461.00	462.00	465.00	470.00	471.00	474.00	476.00	478.00	565.00	628.00	705.00	721.00	634.00	567.00	505.00	527.00	525.00	501.00	508.00	511.00	508.00	508.00	512.00	525.00	532.00	577.00	695.00	764.00	827.00	913.00	758.00	690.00	752.00	728.00	637.00	703.00	718.00	781.00	905.00	762.00	717.00	769.00	832.00	900.00	952.00	872.00	920.00	927.00	955.00	983.00	1119.00	1057.00	993.00	956.00	952.00	921.00	985.00	1051.00	990.00	1025.00	1012.00	887.00	882.00	955.00	995.00	1008.00	930.00	969.00	933.00	817.00	808.00	891.00	913.00	939.00	911.00	668.00	667.00	700.00	742.00	932.00	950.00	916.00	984.00	1022.00	993.00	962.00	974.00	1017.00	937.00	888.00	945.00	995.00	815.00	842.00	815.00	770.00	715.00	839.00	717.00	704.00	755.00	670.00	864.00	788.00	754.00	726.00	715.00	680.00	708.00	649.00	639.00	687.00	616.00	645.00	647.00	761.00	793.00	748.00	713.00	688.00	605.00	600.00	473.00	471.00	650.00	637.00	640.00	703.00	795.00	859.00	941.00	976.00	990.00	972.00	1047.00	1055.00	981.00	846.00	650.00	619.00	602.00	570.00	507.00	516.00	460.00	484.00	443.00	597.00	614.00	603.00
576.00	558.00	439.00	401.00	374.00	393.00	575.00	595.00	548.00	470.00	513.00	471.00	437.00	448.00	489.00	279.00	328.00	425.00	508.00	292.00	299.00	305.00	297.00	278.00	289.00	322.00	368.00	361.00	262.00	259.00	259.00	270.00	290.00	425.00	484.00	558.00	580.00	446.00	380.00	403.00	451.00	288.00	306.00	340.00	309.00	302.00	306.00	338.00	329.00	305.00	304.00	316.00	317.00	327.00	348.00	426.00	455.00	444.00	380.00	415.00	588.00	554.00	571.00	661.00	809.00	730.00	580.00	408.00	411.00	628.00	719.00	796.00	836.00	993.00	1076.00	1133.00	1098.00	1008.00	866.00	808.00	870.00	864.00	1039.00	1063.00	1042.00	1080.00	1049.00	933.00	846.00	779.00	875.00	972.00	848.00	668.00	698.00	654.00	581.00	581.00	574.00	589.00	500.00	589.00	666.00	702.00	497.00	559.00	577.00	531.00	516.00	522.00	520.00	564.00	569.00	545.00	612.00	705.00	793.00	847.00	713.00	597.00	535.00	641.00	663.00	633.00	632.00	583.00	631.00	576.00	592.00	605.00	576.00	584.00	612.00	670.00	710.00	762.00	796.00	793.00	682.00	641.00	726.00	618.00	702.00	810.00	908.00	689.00	797.00	901.00	968.00	1041.00	1067.00	986.00	1028.00	1011.00	1078.00	1077.00	1014.00	970.00	1001.00	1040.00	1004.00	1024.00	1033.00	1001.00	955.00	952.00	965.00	932.00	947.00	954.00	957.00	997.00	1043.00	975.00	919.00	890.00	842.00	748.00	806.00	908.00	921.00	731.00	636.00	716.00	772.00	881.00	931.00	925.00	986.00	990.00	897.00	902.00	874.00	931.00	921.00	859.00	858.00	921.00	857.00	735.00	878.00	873.00	731.00	726.00	755.00	664.00	633.00	680.00	847.00	846.00	844.00	803.00	693.00	627.00	611.00	649.00	602.00	633.00	582.00	692.00	739.00	714.00	748.00	734.00	620.00	597.00	527.00	576.00	497.00	453.00	564.00	607.00	659.00	739.00	818.00	918.00	897.00	970.00	883.00	937.00	1097.00	1035.00	895.00	788.00	769.00	718.00	695.00	659.00	584.00	470.00	502.00	441.00	394.00	411.00	469.00	509.00
570.00	528.00	464.00	468.00	414.00	429.00	614.00	587.00	499.00	406.00	579.00	566.00	566.00	542.00	455.00	298.00	349.00	427.00	512.00	517.00	471.00	400.00	334.00	327.00	265.00	269.00	261.00	256.00	279.00	303.00	266.00	258.00	265.00	398.00	485.00	555.00	531.00	393.00	335.00	334.00	329.00	284.00	368.00	457.00	500.00	436.00	494.00	535.00	463.00	387.00	347.00	309.00	314.00	310.00	308.00	313.00	321.00	329.00	341.00	393.00	441.00	471.00	609.00	642.00	881.00	843.00	662.00	521.00	398.00	572.00	682.00	791.00	852.00	1042.00	1089.00	1107.00	1025.00	960.00	861.00	793.00	776.00	861.00	989.00	971.00	960.00	1020.00	1039.00	955.00	855.00	737.00	798.00	971.00	936.00	840.00	846.00	812.00	780.00	755.00	696.00	678.00	543.00	501.00	621.00	716.00	513.00	539.00	668.00	700.00	653.00	633.00	595.00	710.00	719.00	693.00	592.00	723.00	853.00	808.00	672.00	595.00	545.00	674.00	761.00	763.00	700.00	653.00	680.00	637.00	601.00	670.00	616.00	694.00	663.00	642.00	660.00	694.00	701.00	650.00	686.00	768.00	867.00	673.00	609.00	744.00	746.00	732.00	756.00	770.00	788.00	861.00	937.00	1050.00	1113.00	1137.00	1049.00	943.00	960.00	905.00	985.00	1023.00	978.00	1060.00	995.00	890.00	867.00	920.00	941.00	964.00	961.00	965.00	944.00	986.00	1124.00	1079.00	1068.00	1076.00	976.00	779.00	735.00	756.00	804.00	772.00	656.00	651.00	766.00	883.00	839.00	871.00	906.00	922.00	859.00	806.00	804.00	874.00	961.00	974.00	885.00	814.00	886.00	674.00	714.00	784.00	765.00	619.00	676.00	615.00	637.00	710.00	876.00	911.00	865.00	881.00	746.00	677.00	624.00	587.00	629.00	573.00	652.00	739.00	769.00	674.00	623.00	720.00	678.00	633.00	515.00	482.00	455.00	453.00	634.00	710.00	773.00	772.00	749.00	856.00	774.00	787.00	743.00	900.00	1068.00	1049.00	1010.00	1004.00	955.00	908.00	907.00	825.00	583.00	594.00	662.00	599.00	524.00	344.00	327.00	378.00
667.00	620.00	543.00	489.00	427.00	498.00	635.00	576.00	463.00	424.00	632.00	603.00	536.00	459.00	371.00	373.00	376.00	450.00	560.00	589.00	493.00	404.00	399.00	418.00	275.00	280.00	284.00	285.00	337.00	401.00	324.00	268.00	262.00	357.00	437.00	498.00	457.00	326.00	290.00	278.00	277.00	313.00	388.00	405.00	458.00	566.00	665.00	696.00	599.00	515.00	441.00	365.00	438.00	425.00	373.00	320.00	316.00	317.00	319.00	323.00	463.00	533.00	727.00	791.00	730.00	720.00	665.00	558.00	408.00	516.00	616.00	708.00	776.00	1001.00	1039.00	1032.00	950.00	891.00	791.00	715.00	775.00	868.00	865.00	865.00	903.00	985.00	1031.00	972.00	879.00	733.00	721.00	786.00	885.00	885.00	789.00	722.00	770.00	795.00	738.00	640.00	596.00	478.00	579.00	700.00	543.00	510.00	576.00	636.00	696.00	770.00	754.00	718.00	789.00	835.00	622.00	732.00	837.00	762.00	652.00	633.00	555.00	632.00	760.00	856.00	812.00	724.00	705.00	720.00	630.00	706.00	706.00	735.00	717.00	769.00	769.00	813.00	668.00	729.00	786.00	897.00	978.00	807.00	688.00	624.00	654.00	734.00	856.00	864.00	926.00	929.00	941.00	985.00	1077.00	1102.00	921.00	864.00	908.00	849.00	969.00	1032.00	916.00	919.00	894.00	857.00	901.00	923.00	878.00	923.00	839.00	832.00	916.00	1045.00	975.00	941.00	933.00	983.00	1077.00	920.00	845.00	738.00	694.00	796.00	670.00	624.00	700.00	746.00	801.00	908.00	807.00	847.00	842.00	768.00	773.00	868.00	897.00	957.00	945.00	883.00	774.00	697.00	618.00	690.00	723.00	605.00	575.00	655.00	736.00	812.00	841.00	805.00	745.00	742.00	753.00	684.00	636.00	569.00	544.00	637.00	676.00	780.00	727.00	615.00	552.00	583.00	602.00	632.00	474.00	435.00	437.00	482.00	584.00	620.00	646.00	649.00	642.00	723.00	694.00	658.00	766.00	865.00	1050.00	1065.00	961.00	929.00	996.00	1057.00	972.00	830.00	705.00	659.00	571.00	508.00	471.00	397.00	325.00	286.00
704.00	655.00	521.00	464.00	534.00	563.00	573.00	498.00	452.00	502.00	637.00	592.00	513.00	442.00	356.00	465.00	545.00	516.00	501.00	591.00	488.00	456.00	449.00	386.00	340.00	420.00	386.00	322.00	434.00	469.00	385.00	312.00	261.00	344.00	433.00	478.00	418.00	277.00	277.00	294.00	326.00	391.00	575.00	580.00	530.00	494.00	763.00	865.00	767.00	646.00	561.00	413.00	541.00	619.00	528.00	500.00	441.00	362.00	330.00	321.00	371.00	480.00	658.00	735.00	545.00	534.00	468.00	397.00	403.00	532.00	580.00	633.00	740.00	974.00	1013.00	987.00	901.00	827.00	747.00	687.00	707.00	796.00	795.00	935.00	1000.00	964.00	971.00	815.00	760.00	704.00	633.00	685.00	754.00	855.00	871.00	739.00	598.00	682.00	671.00	571.00	661.00	553.00	489.00	491.00	518.00	494.00	598.00	651.00	657.00	645.00	725.00	824.00	881.00	888.00	687.00	778.00	882.00	852.00	792.00	698.00	590.00	572.00	661.00	811.00	860.00	881.00	770.00	823.00	686.00	707.00	788.00	833.00	822.00	861.00	905.00	872.00	764.00	872.00	913.00	973.00	1057.00	905.00	789.00	691.00	627.00	799.00	906.00	1027.00	1072.00	1113.00	1118.00	1030.00	993.00	925.00	896.00	882.00	842.00	855.00	932.00	983.00	954.00	880.00	812.00	975.00	966.00	949.00	872.00	931.00	842.00	821.00	948.00	1068.00	1095.00	1020.00	895.00	812.00	1001.00	994.00	889.00	815.00	719.00	665.00	659.00	599.00	660.00	820.00	884.00	922.00	742.00	770.00	863.00	797.00	719.00	772.00	812.00	884.00	880.00	792.00	699.00	699.00	631.00	590.00	681.00	596.00	591.00	703.00	746.00	786.00	771.00	781.00	675.00	688.00	685.00	633.00	549.00	544.00	604.00	719.00	772.00	791.00	760.00	665.00	637.00	556.00	496.00	547.00	413.00	429.00	450.00	473.00	507.00	522.00	550.00	567.00	601.00	650.00	670.00	741.00	743.00	904.00	1027.00	963.00	821.00	728.00	872.00	971.00	929.00	869.00	737.00	679.00	579.00	420.00	469.00	335.00	292.00	273.00
704.00	655.00	521.00	464.00	534.00	563.00	573.00	498.00	452.00	502.00	637.00	592.00	513.00	442.00	356.00	465.00	545.00	516.00	501.00	591.00	488.00	456.00	449.00	386.00	340.00	420.00	386.00	322.00	434.00	469.00	385.00	312.00	261.00	344.00	433.00	478.00	418.00	277.00	277.00	294.00	326.00	391.00	575.00	580.00	530.00	494.00	763.00	865.00	767.00	646.00	561.00	413.00	541.00	619.00	528.00	500.00	441.00	362.00	330.00	321.00	371.00	480.00	658.00	735.00	545.00	534.00	468.00	397.00	403.00	532.00	580.00	633.00	740.00	974.00	1013.00	987.00	901.00	827.00	747.00	687.00	707.00	796.00	795.00	935.00	1000.00	964.00	971.00	815.00	760.00	704.00	633.00	685.00	754.00	855.00	871.00	739.00	598.00	682.00	671.00	571.00	661.00	553.00	489.00	491.00	518.00	494.00	598.00	651.00	657.00	645.00	725.00	824.00	881.00	888.00	687.00	778.00	882.00	852.00	792.00	698.00	590.00	572.00	661.00	811.00	860.00	881.00	770.00	823.00	686.00	707.00	788.00	833.00	822.00	861.00	905.00	872.00	764.00	872.00	913.00	973.00	1057.00	905.00	789.00	691.00	627.00	799.00	906.00	1027.00	1072.00	1113.00	1118.00	1030.00	993.00	925.00	896.00	882.00	842.00	855.00	932.00	983.00	954.00	880.00	812.00	975.00	966.00	949.00	872.00	931.00	842.00	821.00	948.00	1068.00	1095.00	1020.00	895.00	812.00	1001.00	994.00	889.00	815.00	719.00	665.00	659.00	599.00	660.00	820.00	884.00	922.00	742.00	770.00	863.00	797.00	719.00	772.00	812.00	884.00	880.00	792.00	699.00	699.00	631.00	590.00	681.00	596.00	591.00	703.00	746.00	786.00	771.00	781.00	675.00	688.00	685.00	633.00	549.00	544.00	604.00	719.00	772.00	791.00	760.00	665.00	637.00	556.00	496.00	547.00	413.00	429.00	450.00	473.00	507.00	522.00	550.00	567.00	601.00	650.00	670.00	741.00	743.00	904.00	1027.00	963.00	821.00	728.00	872.00	971.00	929.00	869.00	737.00	679.00	579.00	420.00	469.00	335.00	292.00	273.00
673.00	625.00	536.00	550.00	657.00	682.00	551.00	472.00	547.00	620.00	653.00	586.00	505.00	453.00	351.00	537.00	654.00	720.00	706.00	590.00	573.00	511.00	416.00	350.00	516.00	564.00	467.00	369.00	497.00	575.00	415.00	329.00	261.00	322.00	414.00	465.00	394.00	285.00	339.00	402.00	449.00	551.00	623.00	719.00	727.00	610.00	694.00	814.00	751.00	615.00	532.00	502.00	565.00	688.00	652.00	592.00	472.00	380.00	344.00	332.00	356.00	411.00	512.00	540.00	461.00	393.00	377.00	439.00	518.00	716.00	759.00	719.00	772.00	994.00	965.00	903.00	873.00	853.00	788.00	750.00	673.00	653.00	850.00	965.00	964.00	854.00	793.00	877.00	879.00	811.00	673.00	571.00	591.00	771.00	834.00	720.00	545.00	548.00	527.00	465.00	586.00	565.00	457.00	495.00	505.00	577.00	640.00	745.00	835.00	804.00	746.00	751.00	828.00	896.00	793.00	872.00	915.00	827.00	715.00	693.00	610.00	577.00	586.00	707.00	813.00	845.00	870.00	846.00	756.00	734.00	774.00	868.00	852.00	962.00	918.00	840.00	728.00	753.00	868.00	993.00	1076.00	908.00	822.00	733.00	653.00	840.00	963.00	946.00	944.00	944.00	942.00	875.00	807.00	810.00	820.00	859.00	806.00	846.00	819.00	889.00	949.00	856.00	789.00	906.00	871.00	873.00	811.00	848.00	785.00	798.00	908.00	984.00	1105.00	1039.00	922.00	773.00	898.00	981.00	887.00	795.00	731.00	664.00	634.00	605.00	584.00	703.00	808.00	899.00	747.00	699.00	878.00	871.00	751.00	676.00	753.00	798.00	839.00	773.00	652.00	691.00	680.00	651.00	567.00	565.00	593.00	658.00	687.00	775.00	670.00	689.00	675.00	596.00	556.00	524.00	560.00	605.00	635.00	800.00	820.00	696.00	720.00	610.00	579.00	540.00	502.00	467.00	404.00	409.00	441.00	502.00	638.00	652.00	681.00	659.00	678.00	796.00	828.00	863.00	894.00	974.00	856.00	893.00	767.00	622.00	896.00	896.00	794.00	685.00	633.00	603.00	552.00	416.00	346.00	275.00	248.00	237.00
762.00	688.00	671.00	754.00	773.00	678.00	633.00	677.00	706.00	751.00	647.00	565.00	435.00	374.00	365.00	610.00	733.00	827.00	863.00	881.00	721.00	564.00	436.00	484.00	758.00	727.00	590.00	493.00	652.00	627.00	497.00	391.00	268.00	303.00	325.00	305.00	276.00	330.00	343.00	328.00	339.00	418.00	506.00	534.00	585.00	627.00	818.00	825.00	909.00	874.00	709.00	810.00	755.00	621.00	524.00	452.00	519.00	547.00	451.00	427.00	331.00	333.00	336.00	338.00	380.00	480.00	622.00	703.00	693.00	714.00	767.00	756.00	790.00	865.00	811.00	726.00	734.00	821.00	736.00	680.00	607.00	637.00	918.00	940.00	816.00	743.00	666.00	709.00	828.00	838.00	782.00	826.00	786.00	574.00	497.00	529.00	455.00	440.00	446.00	449.00	635.00	594.00	666.00	614.00	566.00	746.00	816.00	892.00	917.00	1057.00	1039.00	884.00	901.00	992.00	1018.00	908.00	802.00	743.00	691.00	662.00	596.00	672.00	776.00	698.00	669.00	657.00	677.00	843.00	910.00	973.00	995.00	961.00	858.00	815.00	792.00	779.00	872.00	924.00	850.00	805.00	847.00	987.00	935.00	898.00	791.00	658.00	629.00	637.00	648.00	658.00	662.00	668.00	669.00	679.00	697.00	699.00	711.00	759.00	852.00	820.00	875.00	793.00	785.00	879.00	888.00	821.00	776.00	832.00	821.00	736.00	751.00	802.00	776.00	823.00	835.00	791.00	666.00	754.00	688.00	638.00	689.00	673.00	638.00	612.00	568.00	723.00	760.00	741.00	692.00	619.00	801.00	730.00	702.00	637.00	659.00	647.00	725.00	677.00	707.00	789.00	772.00	764.00	737.00	557.00	536.00	674.00	789.00	854.00	734.00	656.00	604.00	534.00	579.00	620.00	600.00	646.00	703.00	864.00	827.00	707.00	674.00	594.00	579.00	566.00	554.00	585.00	551.00	451.00	386.00	395.00	569.00	651.00	721.00	712.00	601.00	713.00	635.00	701.00	768.00	762.00	776.00	627.00	554.00	542.00	754.00	617.00	600.00	648.00	595.00	507.00	421.00	306.00	275.00	236.00	236.00	240.00
762.00	688.00	671.00	754.00	773.00	678.00	633.00	677.00	706.00	751.00	647.00	565.00	435.00	374.00	365.00	610.00	733.00	827.00	863.00	881.00	721.00	564.00	436.00	484.00	758.00	727.00	590.00	493.00	652.00	627.00	497.00	391.00	268.00	303.00	325.00	305.00	276.00	330.00	343.00	328.00	339.00	418.00	506.00	534.00	585.00	627.00	818.00	825.00	909.00	874.00	709.00	810.00	755.00	621.00	524.00	452.00	519.00	547.00	451.00	427.00	331.00	333.00	336.00	338.00	380.00	480.00	622.00	703.00	693.00	714.00	767.00	756.00	790.00	865.00	811.00	726.00	734.00	821.00	736.00	680.00	607.00	637.00	918.00	940.00	816.00	743.00	666.00	709.00	828.00	838.00	782.00	826.00	786.00	574.00	497.00	529.00	455.00	440.00	446.00	449.00	635.00	594.00	666.00	614.00	566.00	746.00	816.00	892.00	917.00	1057.00	1039.00	884.00	901.00	992.00	1018.00	908.00	802.00	743.00	691.00	662.00	596.00	672.00	776.00	698.00	669.00	657.00	677.00	843.00	910.00	973.00	995.00	961.00	858.00	815.00	792.00	779.00	872.00	924.00	850.00	805.00	847.00	987.00	935.00	898.00	791.00	658.00	629.00	637.00	648.00	658.00	662.00	668.00	669.00	679.00	697.00	699.00	711.00	759.00	852.00	820.00	875.00	793.00	785.00	879.00	888.00	821.00	776.00	832.00	821.00	736.00	751.00	802.00	776.00	823.00	835.00	791.00	666.00	754.00	688.00	638.00	689.00	673.00	638.00	612.00	568.00	723.00	760.00	741.00	692.00	619.00	801.00	730.00	702.00	637.00	659.00	647.00	725.00	677.00	707.00	789.00	772.00	764.00	737.00	557.00	536.00	674.00	789.00	854.00	734.00	656.00	604.00	534.00	579.00	620.00	600.00	646.00	703.00	864.00	827.00	707.00	674.00	594.00	579.00	566.00	554.00	585.00	551.00	451.00	386.00	395.00	569.00	651.00	721.00	712.00	601.00	713.00	635.00	701.00	768.00	762.00	776.00	627.00	554.00	542.00	754.00	617.00	600.00	648.00	595.00	507.00	421.00	306.00	275.00	236.00	236.00	240.00
762.00	688.00	671.00	754.00	773.00	678.00	633.00	677.00	706.00	751.00	647.00	565.00	435.00	374.00	365.00	610.00	733.00	827.00	863.00	881.00	721.00	564.00	436.00	484.00	758.00	727.00	590.00	493.00	652.00	627.00	497.00	391.00	268.00	303.00	325.00	305.00	276.00	330.00	343.00	328.00	339.00	418.00	506.00	534.00	585.00	627.00	818.00	825.00	909.00	874.00	709.00	810.00	755.00	621.00	524.00	452.00	519.00	547.00	451.00	427.00	331.00	333.00	336.00	338.00	380.00	480.00	622.00	703.00	693.00	714.00	767.00	756.00	790.00	865.00	811.00	726.00	734.00	821.00	736.00	680.00	607.00	637.00	918.00	940.00	816.00	743.00	666.00	709.00	828.00	838.00	782.00	826.00	786.00	574.00	497.00	529.00	455.00	440.00	446.00	449.00	635.00	594.00	666.00	614.00	566.00	746.00	816.00	892.00	917.00	1057.00	1039.00	884.00	901.00	992.00	1018.00	908.00	802.00	743.00	691.00	662.00	596.00	672.00	776.00	698.00	669.00	657.00	677.00	843.00	910.00	973.00	995.00	961.00	858.00	815.00	792.00	779.00	872.00	924.00	850.00	805.00	847.00	987.00	935.00	898.00	791.00	658.00	629.00	637.00	648.00	658.00	662.00	668.00	669.00	679.00	697.00	699.00	711.00	759.00	852.00	820.00	875.00	793.00	785.00	879.00	888.00	821.00	776.00	832.00	821.00	736.00	751.00	802.00	776.00	823.00	835.00	791.00	666.00	754.00	688.00	638.00	689.00	673.00	638.00	612.00	568.00	723.00	760.00	741.00	692.00	619.00	801.00	730.00	702.00	637.00	659.00	647.00	725.00	677.00	707.00	789.00	772.00	764.00	737.00	557.00	536.00	674.00	789.00	854.00	734.00	656.00	604.00	534.00	579.00	620.00	600.00	646.00	703.00	864.00	827.00	707.00	674.00	594.00	579.00	566.00	554.00	585.00	551.00	451.00	386.00	395.00	569.00	651.00	721.00	712.00	601.00	713.00	635.00	701.00	768.00	762.00	776.00	627.00	554.00	542.00	754.00	617.00	600.00	648.00	595.00	507.00	421.00	306.00	275.00	236.00	236.00	240.00
803.00	747.00	763.00	827.00	734.00	658.00	731.00	771.00	754.00	738.00	497.00	426.00	434.00	426.00	395.00	598.00	696.00	714.00	761.00	894.00	711.00	545.00	491.00	549.00	799.00	771.00	671.00	652.00	704.00	614.00	464.00	396.00	295.00	277.00	276.00	272.00	271.00	310.00	319.00	318.00	374.00	393.00	410.00	462.00	505.00	570.00	737.00	752.00	785.00	856.00	872.00	659.00	596.00	509.00	468.00	658.00	660.00	559.00	477.00	529.00	484.00	436.00	352.00	341.00	407.00	439.00	466.00	486.00	503.00	634.00	634.00	618.00	693.00	778.00	745.00	648.00	733.00	818.00	778.00	615.00	584.00	706.00	909.00	877.00	917.00	841.00	770.00	579.00	671.00	778.00	692.00	695.00	623.00	498.00	459.00	439.00	446.00	478.00	533.00	627.00	761.00	690.00	787.00	715.00	570.00	599.00	666.00	723.00	743.00	859.00	988.00	988.00	955.00	1069.00	937.00	869.00	860.00	873.00	691.00	645.00	666.00	650.00	741.00	725.00	753.00	768.00	711.00	746.00	827.00	898.00	988.00	960.00	1002.00	948.00	897.00	843.00	859.00	906.00	926.00	938.00	891.00	1000.00	1034.00	893.00	792.00	745.00	633.00	641.00	665.00	711.00	691.00	718.00	710.00	708.00	737.00	702.00	696.00	701.00	750.00	746.00	763.00	761.00	828.00	815.00	840.00	864.00	832.00	752.00	740.00	723.00	724.00	700.00	712.00	697.00	693.00	662.00	641.00	618.00	620.00	602.00	598.00	576.00	571.00	564.00	553.00	614.00	636.00	639.00	610.00	610.00	706.00	644.00	702.00	639.00	601.00	663.00	721.00	701.00	696.00	763.00	721.00	779.00	729.00	664.00	534.00	554.00	703.00	737.00	651.00	600.00	510.00	495.00	600.00	683.00	731.00	658.00	752.00	821.00	814.00	681.00	622.00	695.00	726.00	735.00	676.00	634.00	601.00	550.00	426.00	371.00	516.00	577.00	673.00	705.00	597.00	574.00	562.00	639.00	724.00	707.00	651.00	602.00	470.00	576.00	702.00	648.00	537.00	472.00	510.00	508.00	433.00	264.00	243.00	240.00	257.00	332.00
820.00	836.00	892.00	902.00	780.00	814.00	797.00	780.00	689.00	624.00	440.00	513.00	613.00	508.00	395.00	485.00	518.00	562.00	664.00	908.00	724.00	576.00	616.00	677.00	810.00	876.00	851.00	797.00	719.00	653.00	635.00	569.00	485.00	310.00	289.00	290.00	310.00	307.00	296.00	275.00	312.00	548.00	434.00	407.00	435.00	457.00	544.00	584.00	661.00	777.00	906.00	642.00	536.00	541.00	622.00	767.00	682.00	624.00	598.00	660.00	535.00	427.00	448.00	416.00	383.00	388.00	378.00	362.00	368.00	505.00	501.00	552.00	576.00	765.00	714.00	604.00	707.00	737.00	603.00	555.00	676.00	778.00	769.00	770.00	838.00	767.00	785.00	541.00	548.00	655.00	705.00	518.00	464.00	428.00	443.00	449.00	534.00	508.00	524.00	608.00	810.00	817.00	843.00	772.00	648.00	726.00	637.00	742.00	729.00	876.00	934.00	1013.00	1006.00	1073.00	838.00	806.00	766.00	744.00	670.00	770.00	784.00	672.00	707.00	883.00	808.00	947.00	867.00	725.00	813.00	883.00	948.00	1020.00	957.00	888.00	829.00	792.00	751.00	789.00	901.00	934.00	987.00	1000.00	1075.00	979.00	941.00	735.00	655.00	647.00	689.00	788.00	783.00	788.00	787.00	772.00	808.00	740.00	720.00	767.00	756.00	789.00	752.00	756.00	794.00	804.00	810.00	849.00	874.00	835.00	809.00	824.00	816.00	758.00	835.00	846.00	759.00	739.00	790.00	713.00	763.00	671.00	742.00	698.00	694.00	666.00	586.00	553.00	557.00	559.00	556.00	588.00	621.00	617.00	681.00	597.00	673.00	780.00	816.00	722.00	607.00	713.00	696.00	777.00	780.00	694.00	605.00	503.00	564.00	591.00	610.00	514.00	481.00	567.00	633.00	719.00	805.00	786.00	773.00	792.00	708.00	615.00	592.00	613.00	710.00	751.00	660.00	560.00	483.00	489.00	435.00	367.00	507.00	606.00	689.00	632.00	530.00	572.00	624.00	679.00	749.00	712.00	490.00	460.00	471.00	615.00	587.00	550.00	581.00	492.00	349.00	354.00	300.00	242.00	243.00	271.00	354.00	444.00
725.00	730.00	864.00	946.00	945.00	893.00	784.00	742.00	656.00	572.00	568.00	694.00	733.00	590.00	430.00	606.00	662.00	667.00	657.00	945.00	779.00	665.00	753.00	865.00	899.00	863.00	815.00	773.00	623.00	605.00	493.00	469.00	447.00	373.00	370.00	346.00	321.00	302.00	282.00	303.00	390.00	521.00	539.00	462.00	555.00	524.00	554.00	556.00	638.00	758.00	917.00	626.00	599.00	679.00	802.00	890.00	851.00	800.00	715.00	606.00	410.00	467.00	636.00	605.00	564.00	516.00	468.00	437.00	395.00	385.00	419.00	463.00	511.00	753.00	728.00	584.00	604.00	735.00	543.00	556.00	672.00	737.00	647.00	722.00	769.00	640.00	754.00	636.00	504.00	583.00	689.00	421.00	442.00	515.00	511.00	548.00	535.00	612.00	557.00	626.00	783.00	861.00	862.00	728.00	692.00	817.00	687.00	764.00	853.00	863.00	841.00	827.00	877.00	937.00	937.00	889.00	809.00	725.00	712.00	815.00	857.00	724.00	722.00	916.00	950.00	991.00	877.00	708.00	773.00	814.00	910.00	1005.00	849.00	825.00	872.00	878.00	861.00	851.00	804.00	847.00	953.00	1061.00	994.00	968.00	914.00	814.00	681.00	646.00	685.00	775.00	833.00	859.00	874.00	859.00	784.00	824.00	751.00	741.00	810.00	842.00	825.00	797.00	810.00	875.00	852.00	913.00	917.00	947.00	966.00	899.00	806.00	858.00	922.00	853.00	782.00	845.00	741.00	796.00	755.00	730.00	809.00	838.00	802.00	771.00	689.00	540.00	534.00	530.00	531.00	536.00	556.00	616.00	576.00	552.00	698.00	766.00	819.00	749.00	559.00	729.00	646.00	701.00	766.00	715.00	684.00	611.00	498.00	504.00	511.00	467.00	555.00	645.00	752.00	765.00	846.00	908.00	900.00	816.00	716.00	699.00	639.00	520.00	610.00	681.00	679.00	607.00	483.00	470.00	414.00	363.00	582.00	643.00	657.00	555.00	478.00	518.00	579.00	681.00	700.00	647.00	473.00	390.00	488.00	595.00	485.00	425.00	436.00	378.00	283.00	264.00	247.00	246.00	251.00	407.00	446.00	520.00
631.00	717.00	889.00	971.00	956.00	847.00	667.00	609.00	576.00	632.00	682.00	804.00	772.00	593.00	450.00	614.00	739.00	858.00	910.00	1006.00	876.00	819.00	908.00	961.00	871.00	797.00	710.00	642.00	515.00	475.00	499.00	457.00	490.00	524.00	493.00	376.00	303.00	303.00	343.00	448.00	555.00	600.00	592.00	515.00	622.00	647.00	725.00	747.00	778.00	821.00	966.00	786.00	805.00	889.00	919.00	757.00	681.00	650.00	566.00	441.00	549.00	571.00	759.00	764.00	679.00	602.00	573.00	512.00	426.00	417.00	380.00	381.00	443.00	699.00	627.00	511.00	594.00	748.00	518.00	558.00	655.00	779.00	588.00	720.00	657.00	560.00	688.00	608.00	526.00	482.00	509.00	424.00	466.00	567.00	603.00	661.00	572.00	625.00	665.00	645.00	729.00	807.00	881.00	841.00	865.00	886.00	766.00	784.00	887.00	777.00	697.00	722.00	775.00	844.00	953.00	872.00	873.00	806.00	806.00	798.00	895.00	780.00	709.00	843.00	919.00	931.00	909.00	731.00	826.00	875.00	874.00	963.00	879.00	950.00	923.00	851.00	878.00	982.00	928.00	904.00	916.00	1012.00	898.00	852.00	851.00	782.00	725.00	651.00	657.00	744.00	783.00	861.00	850.00	808.00	833.00	863.00	804.00	767.00	785.00	821.00	867.00	846.00	881.00	937.00	913.00	918.00	1008.00	1091.00	982.00	868.00	899.00	1003.00	988.00	905.00	896.00	943.00	796.00	849.00	834.00	873.00	863.00	887.00	835.00	788.00	728.00	614.00	589.00	563.00	518.00	512.00	519.00	529.00	537.00	608.00	693.00	760.00	787.00	736.00	543.00	727.00	642.00	635.00	724.00	741.00	672.00	623.00	629.00	524.00	455.00	501.00	590.00	633.00	664.00	719.00	813.00	917.00	960.00	888.00	859.00	749.00	670.00	549.00	499.00	577.00	631.00	630.00	596.00	550.00	463.00	373.00	514.00	578.00	634.00	574.00	454.00	533.00	581.00	615.00	631.00	572.00	446.00	359.00	438.00	505.00	418.00	341.00	312.00	282.00	252.00	248.00	252.00	259.00	328.00	489.00	541.00	569.00
631.00	717.00	889.00	971.00	956.00	847.00	667.00	609.00	576.00	632.00	682.00	804.00	772.00	593.00	450.00	614.00	739.00	858.00	910.00	1006.00	876.00	819.00	908.00	961.00	871.00	797.00	710.00	642.00	515.00	475.00	499.00	457.00	490.00	524.00	493.00	376.00	303.00	303.00	343.00	448.00	555.00	600.00	592.00	515.00	622.00	647.00	725.00	747.00	778.00	821.00	966.00	786.00	805.00	889.00	919.00	757.00	681.00	650.00	566.00	441.00	549.00	571.00	759.00	764.00	679.00	602.00	573.00	512.00	426.00	417.00	380.00	381.00	443.00	699.00	627.00	511.00	594.00	748.00	518.00	558.00	655.00	779.00	588.00	720.00	657.00	560.00	688.00	608.00	526.00	482.00	509.00	424.00	466.00	567.00	603.00	661.00	572.00	625.00	665.00	645.00	729.00	807.00	881.00	841.00	865.00	886.00	766.00	784.00	887.00	777.00	697.00	722.00	775.00	844.00	953.00	872.00	873.00	806.00	806.00	798.00	895.00	780.00	709.00	843.00	919.00	931.00	909.00	731.00	826.00	875.00	874.00	963.00	879.00	950.00	923.00	851.00	878.00	982.00	928.00	904.00	916.00	1012.00	898.00	852.00	851.00	782.00	725.00	651.00	657.00	744.00	783.00	861.00	850.00	808.00	833.00	863.00	804.00	767.00	785.00	821.00	867.00	846.00	881.00	937.00	913.00	918.00	1008.00	1091.00	982.00	868.00	899.00	1003.00	988.00	905.00	896.00	943.00	796.00	849.00	834.00	873.00	863.00	887.00	835.00	788.00	728.00	614.00	589.00	563.00	518.00	512.00	519.00	529.00	537.00	608.00	693.00	760.00	787.00	736.00	543.00	727.00	642.00	635.00	724.00	741.00	672.00	623.00	629.00	524.00	455.00	501.00	590.00	633.00	664.00	719.00	813.00	917.00	960.00	888.00	859.00	749.00	670.00	549.00	499.00	577.00	631.00	630.00	596.00	550.00	463.00	373.00	514.00	578.00	634.00	574.00	454.00	533.00	581.00	615.00	631.00	572.00	446.00	359.00	438.00	505.00	418.00	341.00	312.00	282.00	252.00	248.00	252.00	259.00	328.00	489.00	541.00	569.00
763.00	817.00	854.00	947.00	957.00	956.00	868.00	800.00	742.00	844.00	872.00	824.00	697.00	560.00	498.00	565.00	593.00	636.00	694.00	922.00	1013.00	1016.00	985.00	947.00	901.00	859.00	804.00	772.00	729.00	715.00	783.00	712.00	693.00	497.00	359.00	286.00	336.00	517.00	572.00	588.00	610.00	749.00	881.00	875.00	885.00	942.00	912.00	796.00	734.00	707.00	747.00	891.00	1034.00	984.00	876.00	704.00	571.00	528.00	638.00	653.00	610.00	727.00	920.00	948.00	850.00	782.00	678.00	545.00	565.00	694.00	635.00	545.00	384.00	422.00	506.00	634.00	687.00	687.00	515.00	632.00	734.00	836.00	550.00	485.00	563.00	476.00	550.00	527.00	574.00	556.00	420.00	431.00	465.00	715.00	792.00	856.00	784.00	804.00	778.00	757.00	874.00	816.00	696.00	808.00	671.00	762.00	864.00	798.00	780.00	767.00	688.00	629.00	771.00	820.00	755.00	774.00	853.00	811.00	893.00	927.00	934.00	875.00	791.00	822.00	851.00	870.00	830.00	948.00	957.00	882.00	890.00	944.00	939.00	952.00	947.00	900.00	799.00	821.00	828.00	945.00	991.00	844.00	804.00	806.00	772.00	694.00	704.00	769.00	825.00	762.00	726.00	692.00	702.00	707.00	758.00	820.00	865.00	857.00	858.00	821.00	870.00	911.00	919.00	1009.00	1107.00	1187.00	1178.00	1089.00	1122.00	1035.00	1069.00	1180.00	1127.00	1094.00	1080.00	1059.00	935.00	771.00	742.00	704.00	695.00	670.00	633.00	682.00	692.00	642.00	688.00	654.00	583.00	592.00	520.00	496.00	506.00	587.00	682.00	744.00	742.00	674.00	551.00	607.00	548.00	578.00	688.00	588.00	655.00	606.00	519.00	537.00	487.00	587.00	622.00	724.00	872.00	902.00	937.00	961.00	960.00	776.00	707.00	680.00	646.00	641.00	648.00	549.00	483.00	446.00	536.00	554.00	462.00	397.00	374.00	437.00	528.00	597.00	505.00	359.00	432.00	434.00	388.00	350.00	318.00	305.00	300.00	290.00	262.00	260.00	258.00	258.00	255.00	273.00	336.00	421.00	436.00	553.00	592.00	593.00
651.00	716.00	881.00	873.00	837.00	891.00	965.00	944.00	896.00	916.00	746.00	662.00	587.00	540.00	605.00	714.00	640.00	658.00	738.00	976.00	932.00	826.00	892.00	975.00	905.00	928.00	926.00	891.00	836.00	813.00	719.00	636.00	574.00	460.00	381.00	302.00	293.00	490.00	487.00	440.00	481.00	668.00	909.00	791.00	734.00	760.00	799.00	750.00	613.00	562.00	578.00	917.00	1016.00	958.00	864.00	594.00	570.00	622.00	778.00	797.00	631.00	733.00	944.00	1010.00	769.00	687.00	630.00	612.00	725.00	767.00	716.00	616.00	469.00	375.00	447.00	517.00	575.00	639.00	523.00	681.00	772.00	751.00	545.00	445.00	431.00	411.00	417.00	433.00	440.00	444.00	428.00	404.00	419.00	608.00	632.00	681.00	706.00	756.00	609.00	621.00	759.00	776.00	631.00	710.00	614.00	763.00	824.00	705.00	696.00	747.00	665.00	605.00	743.00	694.00	652.00	697.00	686.00	685.00	774.00	789.00	817.00	929.00	899.00	975.00	980.00	949.00	935.00	906.00	917.00	849.00	864.00	862.00	919.00	875.00	828.00	817.00	909.00	888.00	933.00	914.00	931.00	870.00	859.00	787.00	775.00	736.00	780.00	775.00	885.00	805.00	767.00	717.00	721.00	758.00	735.00	730.00	857.00	930.00	879.00	907.00	864.00	926.00	986.00	1099.00	1178.00	1314.00	1343.00	1286.00	1280.00	1165.00	1177.00	1204.00	1107.00	1054.00	1009.00	977.00	965.00	900.00	841.00	794.00	770.00	646.00	608.00	606.00	663.00	583.00	664.00	694.00	611.00	563.00	507.00	489.00	492.00	574.00	660.00	737.00	755.00	704.00	584.00	509.00	513.00	550.00	636.00	565.00	641.00	622.00	569.00	476.00	602.00	701.00	765.00	794.00	833.00	868.00	872.00	843.00	824.00	753.00	661.00	568.00	570.00	507.00	562.00	624.00	593.00	500.00	413.00	455.00	497.00	476.00	322.00	344.00	441.00	522.00	498.00	334.00	317.00	312.00	302.00	296.00	277.00	275.00	277.00	270.00	263.00	262.00	259.00	259.00	297.00	344.00	403.00	493.00	540.00	598.00	602.00	577.00
651.00	716.00	881.00	873.00	837.00	891.00	965.00	944.00	896.00	916.00	746.00	662.00	587.00	540.00	605.00	714.00	640.00	658.00	738.00	976.00	932.00	826.00	892.00	975.00	905.00	928.00	926.00	891.00	836.00	813.00	719.00	636.00	574.00	460.00	381.00	302.00	293.00	490.00	487.00	440.00	481.00	668.00	909.00	791.00	734.00	760.00	799.00	750.00	613.00	562.00	578.00	917.00	1016.00	958.00	864.00	594.00	570.00	622.00	778.00	797.00	631.00	733.00	944.00	1010.00	769.00	687.00	630.00	612.00	725.00	767.00	716.00	616.00	469.00	375.00	447.00	517.00	575.00	639.00	523.00	681.00	772.00	751.00	545.00	445.00	431.00	411.00	417.00	433.00	440.00	444.00	428.00	404.00	419.00	608.00	632.00	681.00	706.00	756.00	609.00	621.00	759.00	776.00	631.00	710.00	614.00	763.00	824.00	705.00	696.00	747.00	665.00	605.00	743.00	694.00	652.00	697.00	686.00	685.00	774.00	789.00	817.00	929.00	899.00	975.00	980.00	949.00	935.00	906.00	917.00	849.00	864.00	862.00	919.00	875.00	828.00	817.00	909.00	888.00	933.00	914.00	931.00	870.00	859.00	787.00	775.00	736.00	780.00	775.00	885.00	805.00	767.00	717.00	721.00	758.00	735.00	730.00	857.00	930.00	879.00	907.00	864.00	926.00	986.00	1099.00	1178.00	1314.00	1343.00	1286.00	1280.00	1165.00	1177.00	1204.00	1107.00	1054.00	1009.00	977.00	965.00	900.00	841.00	794.00	770.00	646.00	608.00	606.00	663.00	583.00	664.00	694.00	611.00	563.00	507.00	489.00	492.00	574.00	660.00	737.00	755.00	704.00	584.00	509.00	513.00	550.00	636.00	565.00	641.00	622.00	569.00	476.00	602.00	701.00	765.00	794.00	833.00	868.00	872.00	843.00	824.00	753.00	661.00	568.00	570.00	507.00	562.00	624.00	593.00	500.00	413.00	455.00	497.00	476.00	322.00	344.00	441.00	522.00	498.00	334.00	317.00	312.00	302.00	296.00	277.00	275.00	277.00	270.00	263.00	262.00	259.00	259.00	297.00	344.00	403.00	493.00	540.00	598.00	602.00	577.00
662.00	750.00	764.00	722.00	805.00	898.00	1004.00	1034.00	1034.00	987.00	724.00	598.00	589.00	639.00	706.00	804.00	736.00	723.00	789.00	990.00	866.00	711.00	699.00	846.00	753.00	789.00	787.00	799.00	746.00	678.00	668.00	636.00	600.00	482.00	425.00	358.00	299.00	354.00	369.00	412.00	495.00	754.00	731.00	671.00	567.00	664.00	652.00	571.00	511.00	553.00	627.00	852.00	944.00	805.00	706.00	608.00	726.00	793.00	862.00	823.00	751.00	851.00	1034.00	1026.00	897.00	793.00	701.00	770.00	804.00	675.00	614.00	541.00	456.00	365.00	363.00	439.00	584.00	584.00	533.00	627.00	653.00	551.00	393.00	386.00	385.00	389.00	391.00	388.00	387.00	390.00	393.00	395.00	402.00	456.00	509.00	506.00	516.00	562.00	520.00	598.00	620.00	622.00	563.00	693.00	572.00	696.00	741.00	624.00	716.00	695.00	638.00	580.00	610.00	597.00	683.00	695.00	731.00	756.00	752.00	754.00	815.00	895.00	861.00	923.00	959.00	910.00	911.00	808.00	870.00	788.00	762.00	862.00	888.00	842.00	844.00	881.00	983.00	1000.00	957.00	899.00	910.00	832.00	798.00	769.00	726.00	811.00	800.00	859.00	862.00	864.00	849.00	744.00	740.00	837.00	798.00	773.00	762.00	794.00	870.00	884.00	933.00	943.00	940.00	1017.00	1086.00	1170.00	1277.00	1381.00	1351.00	1281.00	1259.00	1223.00	1119.00	1051.00	983.00	909.00	859.00	854.00	872.00	838.00	825.00	716.00	682.00	628.00	567.00	556.00	626.00	681.00	627.00	573.00	499.00	481.00	494.00	595.00	775.00	756.00	696.00	709.00	662.00	555.00	488.00	488.00	535.00	568.00	599.00	572.00	516.00	439.00	651.00	696.00	722.00	666.00	754.00	746.00	680.00	672.00	749.00	715.00	681.00	646.00	597.00	528.00	502.00	470.00	480.00	509.00	507.00	410.00	386.00	460.00	365.00	308.00	310.00	358.00	396.00	316.00	298.00	289.00	282.00	275.00	270.00	270.00	266.00	266.00	272.00	268.00	286.00	305.00	381.00	422.00	471.00	548.00	580.00	621.00	602.00	573.00
596.00	588.00	604.00	667.00	728.00	779.00	891.00	1009.00	1036.00	893.00	637.00	663.00	705.00	699.00	736.00	870.00	852.00	822.00	874.00	960.00	862.00	694.00	570.00	659.00	688.00	628.00	639.00	661.00	673.00	583.00	594.00	541.00	560.00	550.00	461.00	363.00	292.00	498.00	546.00	505.00	549.00	796.00	709.00	585.00	492.00	587.00	520.00	470.00	540.00	662.00	824.00	944.00	1017.00	919.00	880.00	797.00	799.00	932.00	975.00	806.00	926.00	1048.00	1080.00	1058.00	1017.00	896.00	805.00	837.00	773.00	596.00	529.00	463.00	430.00	425.00	361.00	367.00	447.00	487.00	535.00	530.00	447.00	387.00	387.00	390.00	396.00	398.00	428.00	450.00	419.00	413.00	411.00	473.00	474.00	439.00	448.00	433.00	439.00	445.00	436.00	448.00	488.00	483.00	539.00	594.00	521.00	671.00	722.00	611.00	635.00	574.00	553.00	564.00	644.00	726.00	724.00	814.00	718.00	729.00	762.00	826.00	844.00	856.00	757.00	792.00	904.00	806.00	897.00	746.00	824.00	764.00	753.00	823.00	929.00	920.00	936.00	991.00	920.00	889.00	826.00	829.00	896.00	835.00	773.00	765.00	791.00	840.00	857.00	921.00	961.00	888.00	836.00	767.00	760.00	871.00	862.00	847.00	788.00	854.00	940.00	1018.00	976.00	996.00	1057.00	1096.00	1136.00	1225.00	1338.00	1322.00	1275.00	1255.00	1283.00	1235.00	1109.00	1032.00	988.00	941.00	775.00	810.00	750.00	750.00	699.00	690.00	632.00	637.00	632.00	528.00	574.00	638.00	581.00	543.00	483.00	475.00	517.00	676.00	737.00	685.00	628.00	636.00	656.00	580.00	561.00	541.00	481.00	457.00	452.00	453.00	453.00	426.00	519.00	569.00	537.00	619.00	558.00	586.00	673.00	743.00	755.00	792.00	788.00	679.00	631.00	679.00	649.00	548.00	479.00	438.00	469.00	482.00	437.00	365.00	344.00	357.00	330.00	302.00	297.00	296.00	284.00	281.00	278.00	276.00	275.00	290.00	344.00	379.00	433.00	334.00	314.00	381.00	335.00	394.00	471.00	547.00	579.00	620.00	608.00	583.00
487.00	533.00	567.00	653.00	722.00	798.00	914.00	1040.00	1027.00	861.00	682.00	739.00	801.00	808.00	784.00	886.00	921.00	899.00	903.00	785.00	823.00	743.00	606.00	501.00	637.00	530.00	507.00	547.00	548.00	498.00	557.00	494.00	420.00	336.00	292.00	287.00	337.00	496.00	569.00	654.00	723.00	821.00	738.00	615.00	504.00	446.00	441.00	496.00	566.00	640.00	709.00	973.00	892.00	830.00	725.00	912.00	938.00	976.00	960.00	903.00	1024.00	1024.00	859.00	968.00	923.00	845.00	808.00	717.00	649.00	554.00	478.00	453.00	565.00	494.00	392.00	364.00	371.00	402.00	407.00	384.00	375.00	385.00	465.00	460.00	485.00	531.00	522.00	572.00	591.00	545.00	521.00	495.00	542.00	604.00	537.00	524.00	535.00	504.00	496.00	500.00	466.00	461.00	460.00	455.00	481.00	565.00	641.00	671.00	568.00	562.00	658.00	684.00	733.00	667.00	760.00	742.00	649.00	638.00	719.00	824.00	785.00	733.00	697.00	808.00	886.00	747.00	854.00	790.00	724.00	705.00	752.00	777.00	916.00	937.00	962.00	975.00	774.00	776.00	791.00	868.00	910.00	803.00	770.00	814.00	860.00	925.00	980.00	959.00	920.00	845.00	822.00	765.00	771.00	834.00	936.00	917.00	800.00	873.00	1025.00	1034.00	972.00	948.00	965.00	1019.00	1094.00	1209.00	1287.00	1247.00	1189.00	1141.00	1176.00	1201.00	1052.00	965.00	903.00	882.00	787.00	723.00	720.00	697.00	671.00	617.00	604.00	579.00	558.00	532.00	516.00	543.00	581.00	546.00	472.00	472.00	576.00	674.00	637.00	640.00	591.00	586.00	633.00	556.00	529.00	535.00	506.00	530.00	534.00	537.00	485.00	479.00	408.00	423.00	489.00	584.00	559.00	668.00	676.00	663.00	705.00	836.00	854.00	782.00	764.00	743.00	720.00	659.00	596.00	581.00	423.00	375.00	382.00	368.00	469.00	476.00	425.00	365.00	301.00	283.00	284.00	297.00	338.00	358.00	325.00	325.00	419.00	514.00	506.00	375.00	320.00	413.00	423.00	378.00	398.00	495.00	551.00	609.00	623.00	613.00
515.00	562.00	603.00	692.00	760.00	858.00	1057.00	1068.00	935.00	827.00	814.00	749.00	822.00	898.00	889.00	919.00	879.00	796.00	780.00	658.00	646.00	639.00	578.00	485.00	523.00	489.00	414.00	427.00	411.00	387.00	446.00	442.00	353.00	289.00	293.00	329.00	435.00	633.00	632.00	681.00	747.00	695.00	646.00	541.00	466.00	397.00	469.00	501.00	560.00	611.00	686.00	816.00	722.00	641.00	575.00	685.00	764.00	914.00	871.00	814.00	888.00	849.00	730.00	839.00	908.00	764.00	655.00	602.00	562.00	553.00	466.00	530.00	627.00	580.00	489.00	393.00	369.00	367.00	372.00	372.00	398.00	459.00	526.00	564.00	582.00	614.00	641.00	693.00	732.00	718.00	637.00	592.00	667.00	608.00	549.00	629.00	599.00	494.00	551.00	588.00	550.00	518.00	594.00	551.00	525.00	475.00	487.00	556.00	541.00	616.00	611.00	576.00	610.00	604.00	705.00	628.00	592.00	670.00	793.00	777.00	698.00	653.00	722.00	869.00	848.00	727.00	823.00	744.00	683.00	743.00	809.00	849.00	850.00	787.00	858.00	822.00	734.00	808.00	867.00	895.00	898.00	787.00	824.00	890.00	880.00	924.00	1018.00	1009.00	971.00	850.00	784.00	771.00	820.00	833.00	963.00	945.00	871.00	837.00	919.00	893.00	945.00	1048.00	1051.00	1091.00	1172.00	1230.00	1198.00	1187.00	1136.00	1070.00	1045.00	1122.00	1044.00	976.00	889.00	782.00	680.00	723.00	693.00	648.00	648.00	703.00	698.00	674.00	657.00	645.00	609.00	562.00	489.00	502.00	463.00	478.00	616.00	643.00	587.00	568.00	563.00	531.00	643.00	586.00	590.00	620.00	559.00	614.00	593.00	547.00	524.00	586.00	483.00	426.00	403.00	431.00	588.00	532.00	616.00	717.00	779.00	814.00	748.00	797.00	703.00	583.00	565.00	570.00	560.00	504.00	410.00	420.00	469.00	473.00	544.00	492.00	405.00	304.00	290.00	297.00	311.00	372.00	412.00	457.00	372.00	326.00	432.00	542.00	490.00	393.00	333.00	416.00	504.00	479.00	419.00	494.00	537.00	604.00	630.00	640.00
515.00	562.00	603.00	692.00	760.00	858.00	1057.00	1068.00	935.00	827.00	814.00	749.00	822.00	898.00	889.00	919.00	879.00	796.00	780.00	658.00	646.00	639.00	578.00	485.00	523.00	489.00	414.00	427.00	411.00	387.00	446.00	442.00	353.00	289.00	293.00	329.00	435.00	633.00	632.00	681.00	747.00	695.00	646.00	541.00	466.00	397.00	469.00	501.00	560.00	611.00	686.00	816.00	722.00	641.00	575.00	685.00	764.00	914.00	871.00	814.00	888.00	849.00	730.00	839.00	908.00	764.00	655.00	602.00	562.00	553.00	466.00	530.00	627.00	580.00	489.00	393.00	369.00	367.00	372.00	372.00	398.00	459.00	526.00	564.00	582.00	614.00	641.00	693.00	732.00	718.00	637.00	592.00	667.00	608.00	549.00	629.00	599.00	494.00	551.00	588.00	550.00	518.00	594.00	551.00	525.00	475.00	487.00	556.00	541.00	616.00	611.00	576.00	610.00	604.00	705.00	628.00	592.00	670.00	793.00	777.00	698.00	653.00	722.00	869.00	848.00	727.00	823.00	744.00	683.00	743.00	809.00	849.00	850.00	787.00	858.00	822.00	734.00	808.00	867.00	895.00	898.00	787.00	824.00	890.00	880.00	924.00	1018.00	1009.00	971.00	850.00	784.00	771.00	820.00	833.00	963.00	945.00	871.00	837.00	919.00	893.00	945.00	1048.00	1051.00	1091.00	1172.00	1230.00	1198.00	1187.00	1136.00	1070.00	1045.00	1122.00	1044.00	976.00	889.00	782.00	680.00	723.00	693.00	648.00	648.00	703.00	698.00	674.00	657.00	645.00	609.00	562.00	489.00	502.00	463.00	478.00	616.00	643.00	587.00	568.00	563.00	531.00	643.00	586.00	590.00	620.00	559.00	614.00	593.00	547.00	524.00	586.00	483.00	426.00	403.00	431.00	588.00	532.00	616.00	717.00	779.00	814.00	748.00	797.00	703.00	583.00	565.00	570.00	560.00	504.00	410.00	420.00	469.00	473.00	544.00	492.00	405.00	304.00	290.00	297.00	311.00	372.00	412.00	457.00	372.00	326.00	432.00	542.00	490.00	393.00	333.00	416.00	504.00	479.00	419.00	494.00	537.00	604.00	630.00	640.00
717.00	613.00	722.00	792.00	846.00	979.00	1058.00	1003.00	1080.00	1035.00	1093.00	1076.00	1051.00	1094.00	1003.00	783.00	718.00	653.00	612.00	500.00	455.00	470.00	550.00	596.00	563.00	475.00	588.00	631.00	604.00	472.00	531.00	479.00	362.00	295.00	298.00	310.00	319.00	382.00	419.00	477.00	542.00	631.00	424.00	367.00	414.00	503.00	698.00	799.00	734.00	670.00	756.00	612.00	549.00	471.00	549.00	801.00	914.00	859.00	754.00	690.00	614.00	632.00	632.00	726.00	912.00	839.00	836.00	892.00	839.00	623.00	543.00	529.00	595.00	685.00	581.00	664.00	637.00	539.00	445.00	562.00	480.00	477.00	532.00	519.00	470.00	514.00	519.00	558.00	606.00	588.00	626.00	743.00	805.00	839.00	762.00	654.00	578.00	613.00	576.00	711.00	568.00	665.00	595.00	596.00	770.00	637.00	613.00	590.00	539.00	643.00	594.00	628.00	587.00	564.00	537.00	539.00	527.00	577.00	694.00	642.00	634.00	753.00	744.00	708.00	779.00	743.00	779.00	662.00	776.00	799.00	798.00	860.00	742.00	730.00	817.00	748.00	704.00	797.00	799.00	781.00	820.00	917.00	930.00	849.00	925.00	1041.00	980.00	930.00	907.00	861.00	831.00	915.00	942.00	995.00	1088.00	1033.00	1051.00	1049.00	1059.00	1055.00	1021.00	1057.00	1121.00	1092.00	1070.00	1078.00	1065.00	1013.00	960.00	924.00	863.00	861.00	893.00	856.00	824.00	761.00	716.00	627.00	579.00	663.00	717.00	685.00	637.00	597.00	574.00	539.00	548.00	574.00	544.00	509.00	453.00	478.00	558.00	581.00	527.00	482.00	544.00	616.00	603.00	733.00	744.00	732.00	738.00	729.00	826.00	862.00	767.00	619.00	750.00	680.00	622.00	592.00	500.00	409.00	386.00	397.00	457.00	520.00	547.00	595.00	602.00	634.00	556.00	535.00	546.00	558.00	566.00	542.00	571.00	550.00	323.00	297.00	294.00	293.00	292.00	328.00	349.00	415.00	467.00	505.00	362.00	331.00	409.00	471.00	514.00	473.00	440.00	416.00	448.00	482.00	518.00	554.00	566.00	610.00	637.00	655.00
777.00	729.00	767.00	861.00	940.00	1018.00	910.00	898.00	959.00	893.00	965.00	890.00	956.00	1066.00	1051.00	775.00	718.00	643.00	588.00	477.00	511.00	646.00	771.00	773.00	678.00	554.00	646.00	775.00	645.00	588.00	605.00	481.00	407.00	329.00	308.00	304.00	310.00	305.00	307.00	397.00	505.00	530.00	351.00	376.00	455.00	512.00	742.00	741.00	728.00	749.00	730.00	647.00	547.00	445.00	523.00	718.00	760.00	830.00	705.00	618.00	496.00	522.00	666.00	734.00	891.00	794.00	795.00	872.00	869.00	683.00	635.00	666.00	571.00	800.00	729.00	683.00	601.00	523.00	478.00	609.00	567.00	459.00	678.00	628.00	510.00	567.00	651.00	585.00	571.00	643.00	633.00	672.00	674.00	839.00	755.00	682.00	609.00	698.00	606.00	723.00	607.00	727.00	679.00	603.00	788.00	764.00	768.00	678.00	562.00	653.00	693.00	679.00	573.00	617.00	662.00	600.00	569.00	562.00	626.00	584.00	669.00	721.00	655.00	704.00	712.00	747.00	695.00	690.00	751.00	803.00	770.00	825.00	709.00	725.00	816.00	758.00	696.00	709.00	723.00	758.00	770.00	874.00	947.00	875.00	968.00	1091.00	1031.00	966.00	948.00	867.00	845.00	902.00	959.00	1004.00	1187.00	1087.00	1147.00	1158.00	1064.00	1044.00	1037.00	1013.00	1015.00	1018.00	954.00	968.00	988.00	926.00	922.00	859.00	789.00	803.00	762.00	746.00	722.00	754.00	664.00	651.00	640.00	561.00	587.00	661.00	698.00	692.00	683.00	592.00	519.00	524.00	601.00	559.00	450.00	449.00	456.00	504.00	483.00	482.00	525.00	584.00	680.00	726.00	702.00	627.00	672.00	853.00	864.00	852.00	762.00	681.00	812.00	763.00	686.00	663.00	627.00	498.00	468.00	432.00	370.00	398.00	482.00	472.00	535.00	664.00	626.00	589.00	565.00	567.00	511.00	441.00	484.00	474.00	300.00	297.00	298.00	297.00	301.00	352.00	361.00	379.00	413.00	488.00	399.00	353.00	388.00	470.00	507.00	528.00	524.00	482.00	433.00	458.00	506.00	579.00	598.00	635.00	650.00	658.00
777.00	729.00	767.00	861.00	940.00	1018.00	910.00	898.00	959.00	893.00	965.00	890.00	956.00	1066.00	1051.00	775.00	718.00	643.00	588.00	477.00	511.00	646.00	771.00	773.00	678.00	554.00	646.00	775.00	645.00	588.00	605.00	481.00	407.00	329.00	308.00	304.00	310.00	305.00	307.00	397.00	505.00	530.00	351.00	376.00	455.00	512.00	742.00	741.00	728.00	749.00	730.00	647.00	547.00	445.00	523.00	718.00	760.00	830.00	705.00	618.00	496.00	522.00	666.00	734.00	891.00	794.00	795.00	872.00	869.00	683.00	635.00	666.00	571.00	800.00	729.00	683.00	601.00	523.00	478.00	609.00	567.00	459.00	678.00	628.00	510.00	567.00	651.00	585.00	571.00	643.00	633.00	672.00	674.00	839.00	755.00	682.00	609.00	698.00	606.00	723.00	607.00	727.00	679.00	603.00	788.00	764.00	768.00	678.00	562.00	653.00	693.00	679.00	573.00	617.00	662.00	600.00	569.00	562.00	626.00	584.00	669.00	721.00	655.00	704.00	712.00	747.00	695.00	690.00	751.00	803.00	770.00	825.00	709.00	725.00	816.00	758.00	696.00	709.00	723.00	758.00	770.00	874.00	947.00	875.00	968.00	1091.00	1031.00	966.00	948.00	867.00	845.00	902.00	959.00	1004.00	1187.00	1087.00	1147.00	1158.00	1064.00	1044.00	1037.00	1013.00	1015.00	1018.00	954.00	968.00	988.00	926.00	922.00	859.00	789.00	803.00	762.00	746.00	722.00	754.00	664.00	651.00	640.00	561.00	587.00	661.00	698.00	692.00	683.00	592.00	519.00	524.00	601.00	559.00	450.00	449.00	456.00	504.00	483.00	482.00	525.00	584.00	680.00	726.00	702.00	627.00	672.00	853.00	864.00	852.00	762.00	681.00	812.00	763.00	686.00	663.00	627.00	498.00	468.00	432.00	370.00	398.00	482.00	472.00	535.00	664.00	626.00	589.00	565.00	567.00	511.00	441.00	484.00	474.00	300.00	297.00	298.00	297.00	301.00	352.00	361.00	379.00	413.00	488.00	399.00	353.00	388.00	470.00	507.00	528.00	524.00	482.00	433.00	458.00	506.00	579.00	598.00	635.00	650.00	658.00
754.00	867.00	899.00	944.00	962.00	952.00	895.00	808.00	827.00	780.00	810.00	852.00	980.00	1067.00	1117.00	989.00	835.00	755.00	772.00	510.00	551.00	665.00	796.00	886.00	754.00	657.00	752.00	809.00	800.00	756.00	634.00	561.00	623.00	453.00	403.00	364.00	346.00	322.00	300.00	341.00	357.00	335.00	333.00	383.00	465.00	544.00	605.00	558.00	582.00	640.00	691.00	531.00	501.00	427.00	542.00	607.00	718.00	782.00	674.00	552.00	532.00	642.00	762.00	881.00	876.00	719.00	626.00	684.00	740.00	815.00	821.00	790.00	655.00	840.00	746.00	669.00	676.00	650.00	508.00	652.00	665.00	546.00	734.00	676.00	630.00	565.00	566.00	738.00	650.00	691.00	799.00	786.00	801.00	796.00	838.00	720.00	702.00	742.00	678.00	737.00	678.00	706.00	758.00	707.00	845.00	716.00	673.00	598.00	581.00	682.00	706.00	642.00	591.00	692.00	679.00	581.00	671.00	661.00	557.00	557.00	570.00	575.00	572.00	649.00	642.00	725.00	632.00	759.00	745.00	682.00	762.00	837.00	763.00	681.00	743.00	680.00	770.00	773.00	769.00	774.00	814.00	924.00	980.00	967.00	940.00	1118.00	1009.00	976.00	1001.00	913.00	989.00	953.00	896.00	968.00	1195.00	1229.00	1214.00	1128.00	967.00	913.00	918.00	918.00	882.00	954.00	880.00	905.00	955.00	918.00	949.00	917.00	833.00	736.00	793.00	702.00	667.00	657.00	690.00	644.00	588.00	572.00	526.00	606.00	645.00	640.00	639.00	647.00	583.00	500.00	660.00	648.00	467.00	443.00	443.00	442.00	459.00	496.00	553.00	614.00	718.00	705.00	635.00	571.00	630.00	801.00	777.00	749.00	833.00	784.00	832.00	798.00	711.00	609.00	551.00	537.00	552.00	470.00	421.00	359.00	380.00	434.00	562.00	582.00	618.00	569.00	521.00	464.00	503.00	449.00	375.00	344.00	303.00	300.00	300.00	305.00	318.00	347.00	371.00	391.00	408.00	468.00	416.00	404.00	365.00	375.00	530.00	552.00	552.00	523.00	489.00	492.00	494.00	560.00	595.00	641.00	650.00	658.00
829.00	846.00	854.00	896.00	859.00	895.00	785.00	740.00	744.00	733.00	790.00	884.00	977.00	1046.00	1022.00	1077.00	1015.00	913.00	755.00	664.00	670.00	632.00	750.00	910.00	896.00	894.00	947.00	949.00	864.00	880.00	771.00	759.00	743.00	624.00	533.00	451.00	382.00	363.00	313.00	303.00	301.00	310.00	321.00	348.00	383.00	444.00	472.00	523.00	670.00	754.00	756.00	449.00	404.00	489.00	571.00	554.00	696.00	716.00	604.00	497.00	595.00	722.00	897.00	873.00	732.00	667.00	547.00	623.00	687.00	850.00	835.00	846.00	780.00	844.00	843.00	725.00	623.00	562.00	588.00	692.00	729.00	560.00	653.00	779.00	768.00	717.00	576.00	659.00	760.00	795.00	849.00	883.00	882.00	837.00	873.00	872.00	786.00	828.00	819.00	813.00	840.00	831.00	869.00	820.00	870.00	738.00	653.00	648.00	639.00	656.00	760.00	703.00	613.00	696.00	653.00	602.00	664.00	736.00	678.00	643.00	644.00	674.00	625.00	576.00	587.00	646.00	607.00	671.00	683.00	661.00	721.00	713.00	654.00	645.00	663.00	716.00	827.00	874.00	869.00	834.00	782.00	975.00	1098.00	1117.00	1122.00	1186.00	1088.00	1106.00	989.00	1085.00	1116.00	1018.00	1029.00	1077.00	1126.00	1134.00	1104.00	1101.00	1003.00	908.00	824.00	819.00	795.00	910.00	852.00	805.00	885.00	772.00	870.00	887.00	820.00	754.00	763.00	781.00	740.00	677.00	613.00	653.00	637.00	600.00	551.00	529.00	583.00	630.00	581.00	592.00	564.00	491.00	602.00	630.00	544.00	454.00	437.00	432.00	464.00	489.00	533.00	610.00	695.00	704.00	633.00	551.00	568.00	695.00	657.00	641.00	721.00	790.00	891.00	832.00	784.00	711.00	567.00	525.00	475.00	505.00	537.00	409.00	356.00	373.00	455.00	544.00	605.00	566.00	504.00	485.00	460.00	377.00	316.00	309.00	302.00	303.00	310.00	346.00	377.00	434.00	417.00	477.00	460.00	493.00	442.00	412.00	393.00	385.00	516.00	570.00	586.00	569.00	594.00	621.00	620.00	555.00	589.00	650.00	655.00	659.00
854.00	777.00	835.00	865.00	781.00	796.00	834.00	738.00	693.00	671.00	846.00	901.00	958.00	896.00	889.00	1015.00	1055.00	963.00	904.00	824.00	850.00	765.00	854.00	931.00	1096.00	1014.00	930.00	853.00	663.00	682.00	588.00	610.00	591.00	508.00	440.00	372.00	333.00	338.00	327.00	303.00	305.00	394.00	304.00	313.00	355.00	417.00	427.00	513.00	657.00	647.00	663.00	384.00	437.00	491.00	486.00	561.00	665.00	685.00	578.00	451.00	529.00	605.00	816.00	857.00	634.00	551.00	483.00	548.00	640.00	667.00	676.00	751.00	745.00	842.00	905.00	769.00	672.00	585.00	741.00	792.00	660.00	588.00	578.00	698.00	838.00	742.00	617.00	720.00	704.00	826.00	920.00	827.00	758.00	751.00	876.00	876.00	765.00	704.00	810.00	773.00	864.00	880.00	787.00	734.00	845.00	729.00	767.00	749.00	695.00	652.00	767.00	716.00	646.00	690.00	727.00	631.00	635.00	678.00	792.00	739.00	760.00	741.00	634.00	667.00	650.00	595.00	623.00	631.00	627.00	622.00	631.00	632.00	711.00	704.00	696.00	713.00	785.00	804.00	864.00	894.00	843.00	1047.00	1181.00	1169.00	1159.00	1266.00	1170.00	1070.00	1041.00	1249.00	1211.00	1102.00	1181.00	1246.00	1165.00	1069.00	994.00	1004.00	1003.00	942.00	888.00	860.00	776.00	859.00	866.00	773.00	763.00	761.00	719.00	742.00	789.00	732.00	677.00	760.00	710.00	673.00	613.00	570.00	570.00	584.00	608.00	527.00	498.00	508.00	546.00	587.00	571.00	544.00	564.00	609.00	525.00	466.00	440.00	430.00	446.00	508.00	513.00	521.00	625.00	700.00	622.00	543.00	530.00	569.00	589.00	649.00	707.00	767.00	874.00	823.00	744.00	654.00	562.00	550.00	578.00	541.00	506.00	442.00	400.00	337.00	352.00	477.00	580.00	598.00	578.00	538.00	432.00	328.00	314.00	310.00	316.00	333.00	365.00	459.00	528.00	552.00	478.00	507.00	545.00	540.00	519.00	498.00	462.00	407.00	510.00	568.00	594.00	604.00	630.00	646.00	649.00	595.00	599.00	647.00	656.00	663.00
881.00	810.00	700.00	739.00	713.00	785.00	878.00	820.00	749.00	662.00	761.00	843.00	860.00	771.00	844.00	930.00	989.00	1049.00	1109.00	1028.00	1045.00	984.00	1061.00	1138.00	1074.00	908.00	764.00	629.00	527.00	492.00	440.00	425.00	411.00	373.00	341.00	327.00	307.00	345.00	345.00	358.00	378.00	566.00	360.00	313.00	309.00	348.00	367.00	440.00	487.00	460.00	472.00	365.00	406.00	398.00	386.00	520.00	619.00	647.00	539.00	413.00	611.00	727.00	837.00	741.00	699.00	564.00	458.00	573.00	645.00	539.00	578.00	585.00	627.00	892.00	902.00	815.00	748.00	755.00	767.00	809.00	696.00	708.00	618.00	678.00	818.00	839.00	716.00	860.00	855.00	883.00	872.00	730.00	721.00	789.00	911.00	855.00	706.00	659.00	716.00	708.00	840.00	796.00	734.00	679.00	811.00	688.00	767.00	773.00	816.00	748.00	824.00	800.00	735.00	731.00	683.00	634.00	689.00	772.00	851.00	833.00	796.00	720.00	642.00	742.00	732.00	730.00	667.00	736.00	740.00	661.00	732.00	747.00	702.00	773.00	821.00	779.00	873.00	866.00	937.00	962.00	958.00	1126.00	1107.00	974.00	991.00	1272.00	1248.00	1223.00	1233.00	1288.00	1309.00	1285.00	1254.00	1218.00	1126.00	1082.00	947.00	905.00	972.00	970.00	964.00	946.00	882.00	732.00	845.00	852.00	740.00	728.00	770.00	697.00	669.00	720.00	626.00	641.00	664.00	620.00	653.00	578.00	549.00	533.00	522.00	502.00	488.00	479.00	466.00	577.00	614.00	553.00	501.00	589.00	545.00	520.00	505.00	427.00	435.00	497.00	591.00	561.00	582.00	672.00	612.00	541.00	489.00	589.00	653.00	710.00	745.00	793.00	848.00	796.00	752.00	758.00	700.00	685.00	667.00	634.00	601.00	491.00	457.00	383.00	331.00	448.00	413.00	377.00	382.00	370.00	320.00	315.00	313.00	313.00	353.00	380.00	425.00	521.00	649.00	673.00	629.00	571.00	549.00	627.00	584.00	576.00	544.00	457.00	472.00	541.00	570.00	592.00	631.00	648.00	656.00	630.00	632.00	656.00	658.00	661.00
861.00	858.00	705.00	645.00	732.00	821.00	890.00	877.00	838.00	743.00	744.00	801.00	743.00	692.00	716.00	814.00	872.00	1005.00	1075.00	1054.00	1040.00	1062.00	1141.00	1183.00	1075.00	928.00	766.00	715.00	716.00	625.00	600.00	572.00	570.00	505.00	376.00	311.00	311.00	473.00	488.00	485.00	547.00	689.00	440.00	403.00	367.00	339.00	314.00	326.00	326.00	328.00	333.00	331.00	331.00	333.00	340.00	415.00	501.00	573.00	477.00	398.00	622.00	734.00	724.00	693.00	518.00	454.00	423.00	463.00	494.00	514.00	574.00	643.00	737.00	764.00	695.00	732.00	846.00	821.00	882.00	917.00	858.00	858.00	774.00	765.00	827.00	941.00	899.00	947.00	838.00	761.00	762.00	795.00	711.00	761.00	872.00	886.00	778.00	752.00	632.00	658.00	772.00	789.00	705.00	656.00	661.00	720.00	748.00	772.00	821.00	811.00	758.00	814.00	855.00	807.00	691.00	741.00	689.00	752.00	863.00	769.00	703.00	729.00	689.00	799.00	798.00	730.00	704.00	797.00	724.00	717.00	719.00	825.00	716.00	722.00	795.00	847.00	952.00	965.00	920.00	920.00	1047.00	1035.00	940.00	903.00	1038.00	1155.00	1225.00	1189.00	1165.00	1160.00	1248.00	1250.00	1117.00	1053.00	983.00	994.00	937.00	866.00	872.00	947.00	918.00	856.00	832.00	691.00	739.00	844.00	791.00	650.00	710.00	752.00	680.00	637.00	681.00	623.00	607.00	572.00	630.00	635.00	620.00	592.00	570.00	573.00	548.00	538.00	520.00	459.00	506.00	541.00	455.00	543.00	581.00	584.00	537.00	446.00	423.00	467.00	572.00	608.00	649.00	689.00	634.00	527.00	487.00	552.00	601.00	618.00	683.00	756.00	837.00	831.00	797.00	735.00	700.00	662.00	629.00	621.00	610.00	491.00	462.00	432.00	342.00	331.00	322.00	319.00	320.00	321.00	317.00	316.00	326.00	327.00	430.00	454.00	485.00	564.00	652.00	761.00	722.00	679.00	624.00	671.00	624.00	608.00	579.00	523.00	439.00	475.00	514.00	561.00	623.00	647.00	658.00	653.00	653.00	664.00	668.00	672.00
840.00	820.00	678.00	627.00	687.00	727.00	843.00	850.00	774.00	750.00	735.00	694.00	667.00	748.00	810.00	820.00	858.00	932.00	941.00	856.00	874.00	965.00	1016.00	1039.00	951.00	948.00	934.00	940.00	850.00	791.00	727.00	642.00	590.00	460.00	346.00	311.00	323.00	507.00	592.00	656.00	713.00	669.00	562.00	613.00	522.00	479.00	314.00	309.00	314.00	336.00	366.00	373.00	398.00	388.00	346.00	330.00	346.00	392.00	379.00	435.00	550.00	595.00	530.00	526.00	398.00	443.00	552.00	545.00	534.00	616.00	688.00	774.00	759.00	755.00	624.00	595.00	717.00	631.00	773.00	900.00	801.00	697.00	787.00	909.00	941.00	836.00	816.00	915.00	861.00	732.00	679.00	874.00	752.00	662.00	739.00	786.00	728.00	733.00	610.00	667.00	847.00	851.00	765.00	705.00	667.00	806.00	870.00	854.00	895.00	798.00	713.00	809.00	863.00	768.00	781.00	850.00	807.00	728.00	904.00	797.00	788.00	851.00	746.00	768.00	806.00	808.00	817.00	854.00	817.00	768.00	731.00	817.00	755.00	736.00	780.00	832.00	927.00	943.00	880.00	895.00	1002.00	854.00	867.00	962.00	1048.00	1066.00	1124.00	1039.00	1021.00	1067.00	1203.00	1204.00	1077.00	954.00	880.00	857.00	997.00	901.00	820.00	923.00	892.00	804.00	763.00	697.00	655.00	743.00	772.00	635.00	604.00	653.00	690.00	597.00	723.00	718.00	699.00	650.00	540.00	607.00	690.00	685.00	658.00	632.00	599.00	585.00	577.00	501.00	444.00	464.00	445.00	460.00	580.00	583.00	544.00	462.00	414.00	455.00	547.00	636.00	656.00	695.00	662.00	548.00	474.00	642.00	708.00	752.00	779.00	731.00	725.00	694.00	704.00	615.00	546.00	469.00	421.00	412.00	482.00	444.00	407.00	345.00	328.00	330.00	330.00	341.00	339.00	339.00	335.00	336.00	341.00	403.00	456.00	534.00	550.00	627.00	713.00	795.00	782.00	744.00	707.00	702.00	648.00	617.00	588.00	542.00	475.00	511.00	528.00	550.00	597.00	629.00	655.00	663.00	665.00	680.00	681.00	679.00
816.00	768.00	647.00	614.00	692.00	756.00	794.00	779.00	766.00	672.00	646.00	704.00	710.00	721.00	782.00	924.00	958.00	933.00	823.00	738.00	847.00	859.00	884.00	974.00	777.00	817.00	861.00	922.00	831.00	733.00	717.00	644.00	546.00	384.00	338.00	311.00	351.00	568.00	659.00	711.00	764.00	816.00	721.00	761.00	689.00	582.00	362.00	306.00	317.00	398.00	506.00	561.00	580.00	587.00	470.00	367.00	334.00	339.00	358.00	428.00	379.00	402.00	377.00	373.00	437.00	536.00	627.00	698.00	720.00	760.00	757.00	779.00	670.00	754.00	658.00	532.00	569.00	559.00	742.00	835.00	724.00	640.00	702.00	827.00	904.00	777.00	709.00	762.00	834.00	712.00	645.00	877.00	745.00	596.00	663.00	759.00	697.00	622.00	603.00	702.00	867.00	827.00	743.00	675.00	728.00	840.00	799.00	783.00	840.00	774.00	687.00	741.00	719.00	723.00	843.00	902.00	885.00	861.00	946.00	899.00	895.00	904.00	845.00	853.00	855.00	848.00	839.00	893.00	910.00	847.00	839.00	882.00	783.00	779.00	839.00	926.00	827.00	849.00	951.00	860.00	812.00	877.00	1008.00	1009.00	905.00	1086.00	1098.00	987.00	920.00	1049.00	1158.00	1196.00	1144.00	1028.00	833.00	786.00	934.00	863.00	754.00	862.00	918.00	903.00	838.00	711.00	661.00	632.00	631.00	679.00	621.00	593.00	656.00	574.00	720.00	696.00	657.00	613.00	634.00	523.00	555.00	626.00	633.00	567.00	549.00	558.00	527.00	510.00	477.00	430.00	431.00	430.00	515.00	522.00	506.00	470.00	412.00	468.00	571.00	685.00	757.00	637.00	569.00	517.00	445.00	671.00	752.00	718.00	683.00	614.00	646.00	563.00	570.00	529.00	379.00	352.00	353.00	350.00	345.00	371.00	345.00	331.00	343.00	337.00	338.00	351.00	360.00	360.00	356.00	360.00	350.00	426.00	413.00	525.00	536.00	545.00	628.00	806.00	822.00	773.00	757.00	692.00	646.00	620.00	596.00	570.00	511.00	553.00	583.00	600.00	607.00	617.00	634.00	665.00	676.00	699.00	714.00	697.00
816.00	768.00	647.00	614.00	692.00	756.00	794.00	779.00	766.00	672.00	646.00	704.00	710.00	721.00	782.00	924.00	958.00	933.00	823.00	738.00	847.00	859.00	884.00	974.00	777.00	817.00	861.00	922.00	831.00	733.00	717.00	644.00	546.00	384.00	338.00	311.00	351.00	568.00	659.00	711.00	764.00	816.00	721.00	761.00	689.00	582.00	362.00	306.00	317.00	398.00	506.00	561.00	580.00	587.00	470.00	367.00	334.00	339.00	358.00	428.00	379.00	402.00	377.00	373.00	437.00	536.00	627.00	698.00	720.00	760.00	757.00	779.00	670.00	754.00	658.00	532.00	569.00	559.00	742.00	835.00	724.00	640.00	702.00	827.00	904.00	777.00	709.00	762.00	834.00	712.00	645.00	877.00	745.00	596.00	663.00	759.00	697.00	622.00	603.00	702.00	867.00	827.00	743.00	675.00	728.00	840.00	799.00	783.00	840.00	774.00	687.00	741.00	719.00	723.00	843.00	902.00	885.00	861.00	946.00	899.00	895.00	904.00	845.00	853.00	855.00	848.00	839.00	893.00	910.00	847.00	839.00	882.00	783.00	779.00	839.00	926.00	827.00	849.00	951.00	860.00	812.00	877.00	1008.00	1009.00	905.00	1086.00	1098.00	987.00	920.00	1049.00	1158.00	1196.00	1144.00	1028.00	833.00	786.00	934.00	863.00	754.00	862.00	918.00	903.00	838.00	711.00	661.00	632.00	631.00	679.00	621.00	593.00	656.00	574.00	720.00	696.00	657.00	613.00	634.00	523.00	555.00	626.00	633.00	567.00	549.00	558.00	527.00	510.00	477.00	430.00	431.00	430.00	515.00	522.00	506.00	470.00	412.00	468.00	571.00	685.00	757.00	637.00	569.00	517.00	445.00	671.00	752.00	718.00	683.00	614.00	646.00	563.00	570.00	529.00	379.00	352.00	353.00	350.00	345.00	371.00	345.00	331.00	343.00	337.00	338.00	351.00	360.00	360.00	356.00	360.00	350.00	426.00	413.00	525.00	536.00	545.00	628.00	806.00	822.00	773.00	757.00	692.00	646.00	620.00	596.00	570.00	511.00	553.00	583.00	600.00	607.00	617.00	634.00	665.00	676.00	699.00	714.00	697.00
712.00	731.00	623.00	607.00	697.00	782.00	712.00	685.00	695.00	603.00	738.00	770.00	829.00	798.00	774.00	905.00	811.00	848.00	836.00	689.00	744.00	764.00	863.00	887.00	717.00	655.00	795.00	866.00	709.00	688.00	553.00	537.00	475.00	375.00	356.00	322.00	358.00	548.00	570.00	578.00	623.00	815.00	837.00	724.00	618.00	537.00	417.00	306.00	307.00	313.00	352.00	502.00	568.00	662.00	581.00	509.00	465.00	379.00	346.00	344.00	344.00	348.00	344.00	343.00	404.00	502.00	601.00	688.00	720.00	819.00	802.00	658.00	599.00	694.00	628.00	520.00	532.00	640.00	723.00	823.00	719.00	571.00	641.00	722.00	850.00	879.00	761.00	637.00	683.00	673.00	621.00	842.00	750.00	582.00	694.00	804.00	699.00	588.00	644.00	734.00	849.00	759.00	695.00	625.00	737.00	743.00	689.00	647.00	661.00	659.00	697.00	727.00	797.00	796.00	869.00	890.00	957.00	870.00	888.00	918.00	833.00	879.00	830.00	802.00	879.00	772.00	830.00	826.00	894.00	855.00	830.00	854.00	896.00	902.00	899.00	945.00	805.00	789.00	839.00	793.00	789.00	958.00	939.00	849.00	898.00	990.00	1008.00	1054.00	955.00	986.00	1058.00	1108.00	1087.00	1017.00	966.00	860.00	764.00	808.00	690.00	781.00	861.00	845.00	868.00	767.00	733.00	734.00	677.00	588.00	576.00	549.00	562.00	555.00	658.00	628.00	613.00	587.00	687.00	581.00	545.00	511.00	510.00	495.00	486.00	484.00	467.00	436.00	428.00	423.00	416.00	412.00	416.00	428.00	442.00	428.00	408.00	498.00	622.00	678.00	737.00	643.00	626.00	554.00	433.00	622.00	646.00	598.00	560.00	530.00	571.00	509.00	417.00	366.00	368.00	393.00	423.00	393.00	367.00	338.00	335.00	351.00	363.00	345.00	346.00	359.00	373.00	376.00	390.00	408.00	380.00	389.00	374.00	431.00	445.00	518.00	571.00	681.00	657.00	677.00	726.00	641.00	622.00	620.00	613.00	592.00	561.00	575.00	600.00	625.00	650.00	657.00	658.00	666.00	682.00	716.00	725.00	703.00
601.00	603.00	573.00	633.00	704.00	733.00	693.00	609.00	580.00	602.00	749.00	827.00	867.00	852.00	841.00	861.00	740.00	690.00	747.00	613.00	662.00	742.00	746.00	706.00	681.00	584.00	714.00	815.00	669.00	586.00	488.00	475.00	485.00	457.00	425.00	347.00	316.00	405.00	434.00	505.00	583.00	780.00	802.00	716.00	683.00	681.00	420.00	313.00	308.00	308.00	314.00	522.00	546.00	635.00	699.00	639.00	535.00	447.00	464.00	428.00	450.00	414.00	439.00	365.00	347.00	384.00	470.00	571.00	537.00	694.00	677.00	702.00	586.00	672.00	558.00	464.00	490.00	506.00	701.00	714.00	571.00	495.00	750.00	857.00	919.00	901.00	836.00	710.00	661.00	591.00	634.00	804.00	681.00	566.00	691.00	817.00	636.00	563.00	683.00	754.00	677.00	626.00	578.00	557.00	603.00	619.00	634.00	678.00	692.00	682.00	724.00	792.00	875.00	902.00	979.00	960.00	873.00	825.00	854.00	885.00	815.00	765.00	827.00	796.00	854.00	769.00	716.00	749.00	753.00	768.00	834.00	892.00	981.00	938.00	889.00	837.00	906.00	889.00	752.00	768.00	903.00	872.00	802.00	882.00	1016.00	833.00	943.00	1001.00	938.00	899.00	937.00	1040.00	995.00	885.00	933.00	910.00	764.00	696.00	645.00	725.00	800.00	738.00	738.00	704.00	770.00	754.00	705.00	650.00	609.00	595.00	569.00	541.00	525.00	533.00	528.00	545.00	623.00	630.00	624.00	591.00	551.00	461.00	449.00	443.00	451.00	481.00	527.00	498.00	481.00	468.00	441.00	409.00	399.00	399.00	407.00	490.00	591.00	639.00	654.00	662.00	600.00	549.00	444.00	585.00	540.00	472.00	442.00	418.00	408.00	369.00	352.00	376.00	460.00	461.00	508.00	435.00	392.00	362.00	362.00	408.00	388.00	353.00	354.00	363.00	374.00	393.00	478.00	496.00	427.00	391.00	429.00	379.00	434.00	522.00	571.00	545.00	528.00	584.00	593.00	596.00	658.00	656.00	642.00	610.00	598.00	618.00	628.00	631.00	681.00	687.00	686.00	676.00	696.00	738.00	744.00	694.00
679.00	646.00	574.00	576.00	607.00	658.00	577.00	559.00	611.00	620.00	786.00	828.00	853.00	766.00	706.00	871.00	779.00	676.00	648.00	609.00	628.00	732.00	683.00	575.00	575.00	529.00	639.00	722.00	798.00	741.00	676.00	650.00	595.00	488.00	439.00	350.00	318.00	400.00	531.00	629.00	692.00	692.00	793.00	666.00	543.00	501.00	389.00	340.00	310.00	308.00	313.00	474.00	575.00	611.00	697.00	783.00	638.00	560.00	628.00	571.00	584.00	519.00	530.00	429.00	348.00	348.00	381.00	468.00	555.00	616.00	485.00	537.00	552.00	551.00	490.00	433.00	431.00	501.00	621.00	528.00	473.00	577.00	839.00	933.00	870.00	836.00	956.00	851.00	759.00	644.00	564.00	790.00	687.00	546.00	676.00	802.00	613.00	550.00	644.00	570.00	542.00	556.00	591.00	609.00	650.00	693.00	786.00	810.00	755.00	821.00	730.00	715.00	751.00	794.00	1028.00	916.00	864.00	790.00	867.00	893.00	804.00	731.00	809.00	807.00	784.00	703.00	743.00	833.00	843.00	771.00	819.00	861.00	926.00	868.00	885.00	859.00	933.00	873.00	763.00	742.00	836.00	791.00	894.00	960.00	971.00	794.00	899.00	950.00	927.00	854.00	916.00	938.00	954.00	883.00	760.00	790.00	824.00	776.00	703.00	630.00	695.00	710.00	661.00	637.00	694.00	780.00	794.00	711.00	689.00	683.00	665.00	639.00	604.00	575.00	570.00	546.00	504.00	494.00	495.00	484.00	468.00	458.00	467.00	490.00	562.00	519.00	567.00	589.00	535.00	545.00	584.00	504.00	422.00	394.00	421.00	464.00	526.00	591.00	537.00	577.00	555.00	535.00	472.00	482.00	449.00	369.00	359.00	364.00	362.00	375.00	437.00	465.00	598.00	579.00	589.00	499.00	427.00	371.00	383.00	433.00	390.00	358.00	361.00	375.00	382.00	397.00	492.00	541.00	541.00	436.00	541.00	460.00	395.00	428.00	443.00	453.00	504.00	541.00	570.00	643.00	711.00	682.00	674.00	650.00	633.00	675.00	667.00	655.00	706.00	724.00	723.00	701.00	708.00	756.00	748.00	689.00
774.00	730.00	666.00	587.00	544.00	574.00	555.00	628.00	685.00	706.00	859.00	853.00	831.00	785.00	681.00	795.00	798.00	702.00	620.00	573.00	678.00	777.00	758.00	706.00	475.00	488.00	572.00	647.00	644.00	671.00	665.00	697.00	682.00	557.00	462.00	343.00	317.00	384.00	470.00	578.00	604.00	568.00	781.00	669.00	625.00	595.00	427.00	366.00	330.00	312.00	313.00	520.00	504.00	471.00	551.00	826.00	756.00	710.00	743.00	674.00	714.00	683.00	551.00	469.00	362.00	357.00	356.00	381.00	434.00	414.00	369.00	371.00	381.00	387.00	398.00	402.00	408.00	475.00	478.00	451.00	573.00	657.00	872.00	883.00	782.00	739.00	852.00	819.00	756.00	683.00	547.00	736.00	707.00	544.00	569.00	660.00	564.00	511.00	518.00	551.00	583.00	688.00	728.00	720.00	746.00	676.00	748.00	860.00	890.00	901.00	888.00	823.00	858.00	811.00	877.00	877.00	799.00	722.00	817.00	902.00	819.00	727.00	745.00	697.00	670.00	765.00	789.00	875.00	903.00	847.00	797.00	835.00	941.00	861.00	854.00	804.00	770.00	824.00	801.00	696.00	753.00	868.00	840.00	830.00	809.00	774.00	761.00	855.00	859.00	827.00	807.00	874.00	856.00	814.00	836.00	777.00	696.00	744.00	760.00	702.00	617.00	604.00	633.00	596.00	652.00	733.00	761.00	669.00	643.00	648.00	669.00	638.00	581.00	573.00	594.00	582.00	519.00	504.00	495.00	481.00	489.00	539.00	535.00	542.00	615.00	569.00	592.00	631.00	599.00	642.00	614.00	587.00	518.00	402.00	406.00	424.00	462.00	508.00	474.00	473.00	432.00	425.00	414.00	371.00	360.00	363.00	387.00	387.00	467.00	440.00	530.00	581.00	678.00	698.00	669.00	567.00	506.00	392.00	403.00	400.00	379.00	363.00	374.00	407.00	424.00	414.00	491.00	531.00	569.00	533.00	512.00	562.00	500.00	452.00	423.00	436.00	445.00	474.00	513.00	529.00	596.00	625.00	700.00	711.00	708.00	728.00	712.00	709.00	739.00	770.00	794.00	750.00	734.00	746.00	719.00	685.00
721.00	727.00	731.00	661.00	558.00	530.00	619.00	622.00	685.00	740.00	840.00	769.00	709.00	752.00	663.00	718.00	828.00	781.00	673.00	632.00	749.00	717.00	658.00	632.00	493.00	435.00	519.00	609.00	521.00	573.00	524.00	621.00	651.00	429.00	357.00	320.00	326.00	369.00	409.00	451.00	471.00	583.00	804.00	751.00	637.00	534.00	431.00	434.00	382.00	333.00	322.00	395.00	423.00	444.00	497.00	707.00	804.00	859.00	867.00	806.00	690.00	625.00	571.00	484.00	417.00	417.00	385.00	390.00	379.00	371.00	373.00	385.00	382.00	392.00	392.00	380.00	376.00	381.00	390.00	397.00	435.00	516.00	741.00	683.00	648.00	745.00	847.00	795.00	667.00	597.00	521.00	675.00	691.00	578.00	504.00	513.00	492.00	523.00	612.00	715.00	623.00	651.00	737.00	789.00	695.00	815.00	741.00	798.00	881.00	875.00	917.00	964.00	933.00	870.00	792.00	758.00	819.00	808.00	709.00	854.00	837.00	788.00	693.00	670.00	752.00	891.00	883.00	879.00	872.00	906.00	884.00	919.00	902.00	889.00	871.00	845.00	777.00	728.00	750.00	695.00	715.00	780.00	752.00	752.00	817.00	779.00	720.00	775.00	739.00	806.00	747.00	810.00	867.00	803.00	748.00	775.00	712.00	645.00	682.00	706.00	685.00	642.00	596.00	572.00	595.00	654.00	701.00	718.00	689.00	656.00	603.00	586.00	603.00	633.00	626.00	582.00	573.00	583.00	547.00	518.00	545.00	643.00	631.00	652.00	626.00	650.00	630.00	604.00	679.00	684.00	578.00	594.00	599.00	530.00	383.00	386.00	390.00	395.00	374.00	366.00	365.00	368.00	375.00	372.00	424.00	471.00	499.00	422.00	605.00	514.00	551.00	656.00	702.00	658.00	601.00	570.00	508.00	456.00	453.00	398.00	383.00	371.00	399.00	460.00	514.00	492.00	457.00	517.00	574.00	602.00	447.00	537.00	586.00	529.00	469.00	498.00	458.00	512.00	518.00	563.00	653.00	710.00	749.00	786.00	730.00	788.00	810.00	799.00	823.00	858.00	871.00	813.00	783.00	697.00	682.00	672.00
719.00	630.00	651.00	613.00	524.00	597.00	716.00	687.00	667.00	736.00	747.00	724.00	692.00	637.00	670.00	690.00	790.00	764.00	657.00	683.00	765.00	679.00	621.00	598.00	545.00	477.00	430.00	513.00	459.00	520.00	410.00	399.00	384.00	325.00	324.00	334.00	350.00	380.00	412.00	478.00	554.00	640.00	732.00	637.00	589.00	554.00	538.00	536.00	447.00	373.00	346.00	346.00	443.00	516.00	554.00	673.00	729.00	809.00	888.00	778.00	598.00	570.00	487.00	431.00	564.00	470.00	465.00	555.00	447.00	442.00	439.00	452.00	421.00	535.00	494.00	547.00	439.00	407.00	412.00	394.00	382.00	396.00	680.00	581.00	604.00	699.00	781.00	766.00	647.00	570.00	493.00	647.00	612.00	538.00	484.00	489.00	597.00	670.00	645.00	745.00	710.00	823.00	748.00	778.00	736.00	860.00	888.00	931.00	856.00	730.00	848.00	888.00	803.00	740.00	889.00	812.00	708.00	773.00	654.00	738.00	801.00	697.00	641.00	787.00	796.00	929.00	891.00	773.00	798.00	836.00	884.00	950.00	808.00	800.00	790.00	791.00	741.00	714.00	684.00	719.00	665.00	707.00	783.00	828.00	846.00	694.00	708.00	763.00	808.00	723.00	764.00	824.00	894.00	861.00	716.00	683.00	689.00	674.00	614.00	591.00	633.00	658.00	685.00	582.00	547.00	609.00	732.00	794.00	723.00	664.00	629.00	647.00	722.00	742.00	679.00	611.00	653.00	626.00	589.00	586.00	625.00	668.00	603.00	583.00	596.00	580.00	552.00	544.00	653.00	626.00	531.00	492.00	490.00	440.00	381.00	378.00	376.00	376.00	387.00	395.00	390.00	400.00	409.00	509.00	588.00	623.00	577.00	454.00	686.00	637.00	570.00	667.00	680.00	649.00	593.00	488.00	460.00	565.00	552.00	421.00	386.00	399.00	481.00	524.00	517.00	503.00	529.00	525.00	558.00	623.00	458.00	500.00	594.00	548.00	505.00	570.00	477.00	514.00	586.00	616.00	623.00	684.00	755.00	832.00	847.00	885.00	897.00	876.00	853.00	837.00	815.00	781.00	764.00	674.00	648.00	638.00
703.00	659.00	541.00	511.00	557.00	599.00	656.00	732.00	755.00	760.00	733.00	664.00	613.00	599.00	565.00	648.00	713.00	746.00	629.00	649.00	752.00	783.00	709.00	696.00	718.00	598.00	488.00	406.00	388.00	388.00	329.00	329.00	327.00	337.00	348.00	360.00	387.00	402.00	443.00	490.00	498.00	568.00	740.00	790.00	780.00	709.00	627.00	540.00	496.00	417.00	356.00	320.00	378.00	432.00	474.00	638.00	672.00	736.00	819.00	818.00	764.00	676.00	464.00	516.00	585.00	471.00	589.00	652.00	483.00	550.00	568.00	588.00	512.00	664.00	563.00	664.00	627.00	547.00	481.00	448.00	404.00	385.00	519.00	504.00	533.00	594.00	618.00	667.00	568.00	486.00	528.00	666.00	588.00	472.00	506.00	554.00	693.00	775.00	790.00	800.00	784.00	911.00	912.00	882.00	868.00	938.00	872.00	885.00	846.00	685.00	805.00	886.00	791.00	696.00	850.00	800.00	750.00	665.00	716.00	639.00	680.00	637.00	692.00	842.00	934.00	880.00	808.00	772.00	843.00	905.00	944.00	933.00	863.00	816.00	770.00	739.00	707.00	716.00	674.00	669.00	657.00	683.00	735.00	752.00	749.00	679.00	711.00	785.00	723.00	741.00	807.00	857.00	922.00	859.00	786.00	773.00	801.00	765.00	689.00	627.00	581.00	574.00	588.00	653.00	562.00	571.00	714.00	725.00	669.00	682.00	692.00	692.00	739.00	702.00	681.00	663.00	691.00	648.00	673.00	633.00	672.00	516.00	446.00	449.00	439.00	450.00	455.00	441.00	550.00	537.00	486.00	422.00	399.00	389.00	404.00	423.00	431.00	450.00	474.00	442.00	467.00	544.00	611.00	634.00	563.00	519.00	508.00	504.00	646.00	683.00	645.00	703.00	627.00	544.00	505.00	526.00	549.00	630.00	549.00	406.00	386.00	479.00	574.00	657.00	615.00	508.00	563.00	601.00	604.00	610.00	497.00	487.00	600.00	623.00	542.00	642.00	505.00	556.00	546.00	739.00	703.00	724.00	772.00	875.00	994.00	973.00	919.00	853.00	774.00	762.00	732.00	684.00	669.00	654.00	656.00	666.00
703.00	659.00	541.00	511.00	557.00	599.00	656.00	732.00	755.00	760.00	733.00	664.00	613.00	599.00	565.00	648.00	713.00	746.00	629.00	649.00	752.00	783.00	709.00	696.00	718.00	598.00	488.00	406.00	388.00	388.00	329.00	329.00	327.00	337.00	348.00	360.00	387.00	402.00	443.00	490.00	498.00	568.00	740.00	790.00	780.00	709.00	627.00	540.00	496.00	417.00	356.00	320.00	378.00	432.00	474.00	638.00	672.00	736.00	819.00	818.00	764.00	676.00	464.00	516.00	585.00	471.00	589.00	652.00	483.00	550.00	568.00	588.00	512.00	664.00	563.00	664.00	627.00	547.00	481.00	448.00	404.00	385.00	519.00	504.00	533.00	594.00	618.00	667.00	568.00	486.00	528.00	666.00	588.00	472.00	506.00	554.00	693.00	775.00	790.00	800.00	784.00	911.00	912.00	882.00	868.00	938.00	872.00	885.00	846.00	685.00	805.00	886.00	791.00	696.00	850.00	800.00	750.00	665.00	716.00	639.00	680.00	637.00	692.00	842.00	934.00	880.00	808.00	772.00	843.00	905.00	944.00	933.00	863.00	816.00	770.00	739.00	707.00	716.00	674.00	669.00	657.00	683.00	735.00	752.00	749.00	679.00	711.00	785.00	723.00	741.00	807.00	857.00	922.00	859.00	786.00	773.00	801.00	765.00	689.00	627.00	581.00	574.00	588.00	653.00	562.00	571.00	714.00	725.00	669.00	682.00	692.00	692.00	739.00	702.00	681.00	663.00	691.00	648.00	673.00	633.00	672.00	516.00	446.00	449.00	439.00	450.00	455.00	441.00	550.00	537.00	486.00	422.00	399.00	389.00	404.00	423.00	431.00	450.00	474.00	442.00	467.00	544.00	611.00	634.00	563.00	519.00	508.00	504.00	646.00	683.00	645.00	703.00	627.00	544.00	505.00	526.00	549.00	630.00	549.00	406.00	386.00	479.00	574.00	657.00	615.00	508.00	563.00	601.00	604.00	610.00	497.00	487.00	600.00	623.00	542.00	642.00	505.00	556.00	546.00	739.00	703.00	724.00	772.00	875.00	994.00	973.00	919.00	853.00	774.00	762.00	732.00	684.00	669.00	654.00	656.00	666.00
591.00	613.00	500.00	527.00	602.00	660.00	744.00	753.00	811.00	828.00	791.00	729.00	703.00	691.00	633.00	529.00	578.00	631.00	558.00	689.00	752.00	685.00	627.00	544.00	606.00	632.00	565.00	453.00	337.00	336.00	332.00	342.00	365.00	398.00	395.00	394.00	420.00	435.00	483.00	607.00	661.00	639.00	812.00	836.00	752.00	638.00	623.00	605.00	505.00	399.00	327.00	344.00	439.00	477.00	467.00	522.00	578.00	707.00	835.00	833.00	668.00	589.00	539.00	637.00	526.00	590.00	684.00	674.00	485.00	708.00	754.00	703.00	575.00	706.00	741.00	739.00	612.00	547.00	610.00	522.00	498.00	393.00	479.00	462.00	495.00	497.00	529.00	504.00	467.00	538.00	635.00	671.00	551.00	499.00	605.00	637.00	630.00	712.00	828.00	925.00	963.00	870.00	769.00	748.00	845.00	821.00	850.00	723.00	766.00	675.00	780.00	878.00	781.00	660.00	835.00	708.00	713.00	696.00	645.00	612.00	638.00	641.00	692.00	810.00	819.00	764.00	706.00	813.00	871.00	895.00	849.00	884.00	935.00	875.00	822.00	773.00	763.00	727.00	748.00	747.00	663.00	647.00	650.00	658.00	695.00	683.00	661.00	689.00	691.00	820.00	829.00	800.00	863.00	836.00	713.00	680.00	735.00	757.00	671.00	723.00	654.00	615.00	555.00	569.00	569.00	522.00	593.00	626.00	606.00	655.00	664.00	686.00	663.00	607.00	625.00	668.00	631.00	603.00	571.00	513.00	540.00	412.00	409.00	408.00	405.00	403.00	403.00	399.00	396.00	401.00	394.00	390.00	389.00	394.00	450.00	446.00	531.00	594.00	515.00	541.00	556.00	636.00	699.00	602.00	643.00	572.00	578.00	628.00	600.00	711.00	753.00	721.00	574.00	598.00	603.00	557.00	677.00	595.00	525.00	400.00	395.00	545.00	660.00	753.00	694.00	562.00	635.00	665.00	665.00	707.00	501.00	528.00	624.00	691.00	615.00	650.00	521.00	615.00	638.00	646.00	813.00	835.00	901.00	970.00	1006.00	945.00	902.00	859.00	739.00	746.00	738.00	706.00	696.00	695.00	681.00	685.00
503.00	483.00	526.00	558.00	618.00	672.00	778.00	774.00	742.00	675.00	691.00	782.00	800.00	803.00	771.00	616.00	617.00	583.00	479.00	714.00	652.00	549.00	459.00	421.00	379.00	361.00	342.00	340.00	390.00	433.00	562.00	521.00	531.00	526.00	583.00	611.00	523.00	668.00	636.00	553.00	642.00	799.00	700.00	668.00	620.00	517.00	358.00	324.00	322.00	331.00	349.00	552.00	658.00	695.00	750.00	797.00	842.00	760.00	688.00	742.00	679.00	699.00	790.00	855.00	775.00	830.00	797.00	652.00	523.00	714.00	835.00	716.00	587.00	660.00	755.00	838.00	700.00	587.00	793.00	724.00	602.00	479.00	401.00	415.00	411.00	426.00	448.00	457.00	524.00	554.00	562.00	474.00	443.00	600.00	659.00	749.00	737.00	843.00	755.00	700.00	777.00	749.00	707.00	669.00	626.00	576.00	666.00	694.00	661.00	727.00	730.00	674.00	738.00	679.00	600.00	588.00	601.00	634.00	766.00	755.00	878.00	833.00	745.00	842.00	787.00	779.00	820.00	867.00	812.00	810.00	786.00	738.00	774.00	858.00	863.00	817.00	895.00	890.00	836.00	780.00	804.00	755.00	729.00	696.00	612.00	642.00	628.00	713.00	761.00	702.00	745.00	796.00	835.00	787.00	699.00	676.00	603.00	639.00	672.00	739.00	699.00	663.00	617.00	582.00	555.00	506.00	498.00	551.00	638.00	629.00	613.00	675.00	592.00	519.00	607.00	590.00	532.00	445.00	421.00	417.00	418.00	418.00	432.00	427.00	430.00	429.00	428.00	434.00	425.00	426.00	443.00	509.00	580.00	597.00	655.00	533.00	475.00	568.00	686.00	627.00	689.00	796.00	881.00	897.00	877.00	858.00	735.00	771.00	801.00	822.00	824.00	770.00	769.00	794.00	765.00	768.00	733.00	548.00	467.00	422.00	479.00	584.00	649.00	746.00	743.00	623.00	627.00	729.00	792.00	702.00	549.00	544.00	665.00	759.00	786.00	660.00	641.00	568.00	653.00	710.00	830.00	879.00	977.00	925.00	826.00	826.00	831.00	863.00	931.00	903.00	883.00	806.00	756.00	651.00	591.00	626.00
503.00	483.00	526.00	558.00	618.00	672.00	778.00	774.00	742.00	675.00	691.00	782.00	800.00	803.00	771.00	616.00	617.00	583.00	479.00	714.00	652.00	549.00	459.00	421.00	379.00	361.00	342.00	340.00	390.00	433.00	562.00	521.00	531.00	526.00	583.00	611.00	523.00	668.00	636.00	553.00	642.00	799.00	700.00	668.00	620.00	517.00	358.00	324.00	322.00	331.00	349.00	552.00	658.00	695.00	750.00	797.00	842.00	760.00	688.00	742.00	679.00	699.00	790.00	855.00	775.00	830.00	797.00	652.00	523.00	714.00	835.00	716.00	587.00	660.00	755.00	838.00	700.00	587.00	793.00	724.00	602.00	479.00	401.00	415.00	411.00	426.00	448.00	457.00	524.00	554.00	562.00	474.00	443.00	600.00	659.00	749.00	737.00	843.00	755.00	700.00	777.00	749.00	707.00	669.00	626.00	576.00	666.00	694.00	661.00	727.00	730.00	674.00	738.00	679.00	600.00	588.00	601.00	634.00	766.00	755.00	878.00	833.00	745.00	842.00	787.00	779.00	820.00	867.00	812.00	810.00	786.00	738.00	774.00	858.00	863.00	817.00	895.00	890.00	836.00	780.00	804.00	755.00	729.00	696.00	612.00	642.00	628.00	713.00	761.00	702.00	745.00	796.00	835.00	787.00	699.00	676.00	603.00	639.00	672.00	739.00	699.00	663.00	617.00	582.00	555.00	506.00	498.00	551.00	638.00	629.00	613.00	675.00	592.00	519.00	607.00	590.00	532.00	445.00	421.00	417.00	418.00	418.00	432.00	427.00	430.00	429.00	428.00	434.00	425.00	426.00	443.00	509.00	580.00	597.00	655.00	533.00	475.00	568.00	686.00	627.00	689.00	796.00	881.00	897.00	877.00	858.00	735.00	771.00	801.00	822.00	824.00	770.00	769.00	794.00	765.00	768.00	733.00	548.00	467.00	422.00	479.00	584.00	649.00	746.00	743.00	623.00	627.00	729.00	792.00	702.00	549.00	544.00	665.00	759.00	786.00	660.00	641.00	568.00	653.00	710.00	830.00	879.00	977.00	925.00	826.00	826.00	831.00	863.00	931.00	903.00	883.00	806.00	756.00	651.00	591.00	626.00
475.00	510.00	617.00	588.00	607.00	652.00	782.00	766.00	701.00	637.00	634.00	664.00	745.00	844.00	749.00	694.00	657.00	595.00	506.00	643.00	670.00	569.00	474.00	413.00	373.00	355.00	344.00	351.00	558.00	620.00	719.00	715.00	690.00	591.00	619.00	710.00	666.00	611.00	712.00	713.00	686.00	697.00	614.00	537.00	496.00	442.00	349.00	324.00	327.00	350.00	401.00	620.00	603.00	557.00	606.00	662.00	773.00	691.00	574.00	667.00	721.00	764.00	853.00	915.00	893.00	788.00	658.00	600.00	622.00	749.00	875.00	765.00	686.00	655.00	777.00	833.00	705.00	690.00	847.00	715.00	649.00	573.00	392.00	394.00	397.00	398.00	403.00	422.00	434.00	450.00	469.00	443.00	448.00	515.00	575.00	623.00	611.00	774.00	762.00	620.00	736.00	588.00	531.00	524.00	498.00	528.00	524.00	552.00	571.00	566.00	552.00	553.00	567.00	559.00	584.00	644.00	715.00	769.00	797.00	900.00	922.00	921.00	865.00	827.00	886.00	823.00	870.00	841.00	819.00	746.00	742.00	706.00	843.00	819.00	767.00	802.00	856.00	810.00	781.00	760.00	720.00	799.00	793.00	722.00	642.00	621.00	703.00	687.00	658.00	760.00	803.00	867.00	797.00	733.00	658.00	637.00	575.00	560.00	683.00	729.00	673.00	632.00	620.00	563.00	600.00	573.00	499.00	521.00	588.00	627.00	572.00	645.00	571.00	488.00	530.00	480.00	425.00	420.00	420.00	424.00	423.00	422.00	446.00	446.00	449.00	446.00	442.00	455.00	451.00	487.00	541.00	531.00	546.00	576.00	715.00	624.00	577.00	514.00	691.00	779.00	749.00	810.00	911.00	1018.00	1010.00	935.00	951.00	935.00	795.00	727.00	781.00	742.00	704.00	773.00	759.00	679.00	688.00	550.00	454.00	449.00	527.00	656.00	718.00	782.00	786.00	700.00	586.00	722.00	792.00	728.00	673.00	557.00	591.00	709.00	832.00	761.00	645.00	635.00	639.00	831.00	970.00	970.00	925.00	886.00	905.00	961.00	932.00	887.00	1008.00	1002.00	954.00	854.00	805.00	688.00	691.00	721.00
537.00	594.00	654.00	705.00	702.00	738.00	728.00	737.00	751.00	700.00	633.00	720.00	773.00	820.00	812.00	663.00	582.00	543.00	541.00	530.00	622.00	577.00	494.00	444.00	388.00	356.00	347.00	344.00	496.00	542.00	644.00	746.00	772.00	741.00	694.00	679.00	723.00	591.00	659.00	776.00	806.00	662.00	540.00	501.00	456.00	406.00	362.00	337.00	328.00	327.00	334.00	392.00	423.00	453.00	523.00	590.00	698.00	621.00	512.00	568.00	579.00	677.00	870.00	771.00	809.00	842.00	731.00	778.00	797.00	755.00	845.00	908.00	775.00	670.00	730.00	865.00	844.00	838.00	857.00	721.00	626.00	563.00	396.00	396.00	401.00	434.00	464.00	416.00	411.00	415.00	421.00	425.00	433.00	440.00	451.00	458.00	583.00	693.00	689.00	563.00	592.00	514.00	529.00	611.00	624.00	642.00	638.00	593.00	546.00	600.00	644.00	613.00	633.00	651.00	705.00	618.00	658.00	757.00	913.00	975.00	896.00	919.00	873.00	902.00	946.00	859.00	847.00	778.00	755.00	815.00	767.00	695.00	757.00	802.00	747.00	791.00	746.00	819.00	760.00	704.00	700.00	706.00	784.00	762.00	659.00	709.00	693.00	627.00	674.00	765.00	840.00	788.00	733.00	680.00	634.00	604.00	574.00	547.00	702.00	724.00	666.00	618.00	563.00	529.00	547.00	594.00	586.00	474.00	499.00	580.00	539.00	603.00	527.00	456.00	432.00	429.00	425.00	437.00	445.00	441.00	425.00	429.00	463.00	465.00	468.00	459.00	460.00	496.00	497.00	513.00	566.00	654.00	697.00	696.00	692.00	747.00	687.00	573.00	576.00	717.00	806.00	882.00	929.00	954.00	994.00	1018.00	938.00	848.00	802.00	717.00	650.00	744.00	588.00	687.00	704.00	656.00	562.00	534.00	432.00	479.00	472.00	622.00	673.00	760.00	839.00	776.00	591.00	613.00	728.00	820.00	698.00	614.00	581.00	648.00	766.00	755.00	697.00	772.00	649.00	836.00	1014.00	956.00	936.00	988.00	965.00	1025.00	1004.00	998.00	1012.00	985.00	951.00	876.00	850.00	759.00	753.00	726.00
590.00	662.00	695.00	746.00	791.00	792.00	715.00	656.00	733.00	768.00	562.00	629.00	673.00	739.00	816.00	722.00	672.00	683.00	663.00	442.00	537.00	601.00	579.00	554.00	440.00	381.00	346.00	346.00	394.00	421.00	576.00	586.00	596.00	779.00	837.00	833.00	852.00	692.00	769.00	816.00	877.00	764.00	643.00	652.00	557.00	467.00	385.00	389.00	398.00	373.00	339.00	331.00	331.00	403.00	466.00	531.00	567.00	501.00	455.00	507.00	664.00	697.00	723.00	684.00	720.00	839.00	848.00	835.00	900.00	840.00	886.00	954.00	939.00	796.00	898.00	900.00	887.00	885.00	805.00	714.00	686.00	689.00	464.00	403.00	401.00	459.00	550.00	573.00	518.00	506.00	455.00	522.00	526.00	530.00	611.00	520.00	458.00	546.00	637.00	524.00	500.00	549.00	552.00	636.00	751.00	708.00	763.00	695.00	633.00	705.00	758.00	640.00	676.00	785.00	794.00	746.00	644.00	657.00	824.00	852.00	853.00	758.00	759.00	846.00	959.00	832.00	774.00	747.00	708.00	759.00	786.00	715.00	698.00	782.00	790.00	698.00	695.00	776.00	812.00	817.00	791.00	675.00	656.00	672.00	647.00	608.00	610.00	638.00	716.00	842.00	806.00	719.00	685.00	673.00	582.00	557.00	549.00	554.00	709.00	701.00	654.00	604.00	559.00	523.00	511.00	519.00	559.00	515.00	471.00	496.00	542.00	528.00	465.00	434.00	432.00	433.00	451.00	462.00	461.00	445.00	428.00	443.00	477.00	483.00	486.00	476.00	477.00	563.00	589.00	531.00	538.00	577.00	641.00	699.00	745.00	784.00	702.00	590.00	707.00	636.00	733.00	810.00	876.00	842.00	809.00	799.00	780.00	769.00	649.00	626.00	579.00	608.00	538.00	541.00	529.00	518.00	493.00	448.00	454.00	605.00	484.00	585.00	636.00	740.00	839.00	871.00	726.00	679.00	663.00	787.00	719.00	775.00	707.00	618.00	649.00	839.00	807.00	869.00	737.00	798.00	979.00	1003.00	983.00	1031.00	1064.00	1091.00	1068.00	1019.00	903.00	908.00	876.00	809.00	788.00	740.00	705.00	679.00
590.00	662.00	695.00	746.00	791.00	792.00	715.00	656.00	733.00	768.00	562.00	629.00	673.00	739.00	816.00	722.00	672.00	683.00	663.00	442.00	537.00	601.00	579.00	554.00	440.00	381.00	346.00	346.00	394.00	421.00	576.00	586.00	596.00	779.00	837.00	833.00	852.00	692.00	769.00	816.00	877.00	764.00	643.00	652.00	557.00	467.00	385.00	389.00	398.00	373.00	339.00	331.00	331.00	403.00	466.00	531.00	567.00	501.00	455.00	507.00	664.00	697.00	723.00	684.00	720.00	839.00	848.00	835.00	900.00	840.00	886.00	954.00	939.00	796.00	898.00	900.00	887.00	885.00	805.00	714.00	686.00	689.00	464.00	403.00	401.00	459.00	550.00	573.00	518.00	506.00	455.00	522.00	526.00	530.00	611.00	520.00	458.00	546.00	637.00	524.00	500.00	549.00	552.00	636.00	751.00	708.00	763.00	695.00	633.00	705.00	758.00	640.00	676.00	785.00	794.00	746.00	644.00	657.00	824.00	852.00	853.00	758.00	759.00	846.00	959.00	832.00	774.00	747.00	708.00	759.00	786.00	715.00	698.00	782.00	790.00	698.00	695.00	776.00	812.00	817.00	791.00	675.00	656.00	672.00	647.00	608.00	610.00	638.00	716.00	842.00	806.00	719.00	685.00	673.00	582.00	557.00	549.00	554.00	709.00	701.00	654.00	604.00	559.00	523.00	511.00	519.00	559.00	515.00	471.00	496.00	542.00	528.00	465.00	434.00	432.00	433.00	451.00	462.00	461.00	445.00	428.00	443.00	477.00	483.00	486.00	476.00	477.00	563.00	589.00	531.00	538.00	577.00	641.00	699.00	745.00	784.00	702.00	590.00	707.00	636.00	733.00	810.00	876.00	842.00	809.00	799.00	780.00	769.00	649.00	626.00	579.00	608.00	538.00	541.00	529.00	518.00	493.00	448.00	454.00	605.00	484.00	585.00	636.00	740.00	839.00	871.00	726.00	679.00	663.00	787.00	719.00	775.00	707.00	618.00	649.00	839.00	807.00	869.00	737.00	798.00	979.00	1003.00	983.00	1031.00	1064.00	1091.00	1068.00	1019.00	903.00	908.00	876.00	809.00	788.00	740.00	705.00	679.00
634.00	658.00	583.00	629.00	676.00	767.00	673.00	623.00	629.00	724.00	575.00	560.00	631.00	675.00	766.00	798.00	741.00	652.00	590.00	401.00	469.00	587.00	665.00	617.00	461.00	356.00	350.00	347.00	444.00	478.00	443.00	483.00	587.00	657.00	720.00	830.00	901.00	850.00	859.00	837.00	828.00	685.00	761.00	702.00	615.00	564.00	475.00	514.00	592.00	526.00	411.00	333.00	330.00	374.00	398.00	415.00	426.00	438.00	518.00	558.00	736.00	828.00	694.00	582.00	739.00	776.00	777.00	664.00	765.00	684.00	771.00	743.00	796.00	946.00	921.00	818.00	691.00	753.00	797.00	747.00	664.00	570.00	484.00	433.00	401.00	411.00	485.00	681.00	687.00	673.00	605.00	670.00	598.00	658.00	651.00	556.00	493.00	451.00	471.00	485.00	614.00	686.00	599.00	651.00	843.00	850.00	862.00	762.00	741.00	713.00	788.00	675.00	667.00	775.00	813.00	707.00	758.00	789.00	683.00	706.00	712.00	744.00	803.00	901.00	960.00	879.00	857.00	787.00	746.00	679.00	720.00	702.00	702.00	770.00	811.00	745.00	738.00	806.00	830.00	791.00	800.00	734.00	720.00	686.00	662.00	574.00	566.00	601.00	691.00	696.00	705.00	736.00	662.00	612.00	571.00	545.00	520.00	596.00	675.00	711.00	659.00	611.00	572.00	528.00	521.00	514.00	497.00	544.00	524.00	473.00	459.00	461.00	438.00	442.00	453.00	450.00	487.00	484.00	471.00	447.00	434.00	461.00	480.00	496.00	506.00	505.00	488.00	534.00	662.00	628.00	622.00	631.00	652.00	664.00	686.00	807.00	740.00	645.00	671.00	779.00	726.00	805.00	913.00	931.00	842.00	783.00	795.00	767.00	720.00	664.00	654.00	655.00	706.00	725.00	683.00	585.00	486.00	486.00	549.00	670.00	620.00	588.00	693.00	742.00	839.00	913.00	836.00	833.00	710.00	695.00	842.00	881.00	750.00	720.00	649.00	781.00	874.00	912.00	857.00	858.00	920.00	989.00	1021.00	1011.00	989.00	1034.00	981.00	949.00	810.00	809.00	807.00	755.00	733.00	681.00	628.00	552.00
634.00	658.00	583.00	629.00	676.00	767.00	673.00	623.00	629.00	724.00	575.00	560.00	631.00	675.00	766.00	798.00	741.00	652.00	590.00	401.00	469.00	587.00	665.00	617.00	461.00	356.00	350.00	347.00	444.00	478.00	443.00	483.00	587.00	657.00	720.00	830.00	901.00	850.00	859.00	837.00	828.00	685.00	761.00	702.00	615.00	564.00	475.00	514.00	592.00	526.00	411.00	333.00	330.00	374.00	398.00	415.00	426.00	438.00	518.00	558.00	736.00	828.00	694.00	582.00	739.00	776.00	777.00	664.00	765.00	684.00	771.00	743.00	796.00	946.00	921.00	818.00	691.00	753.00	797.00	747.00	664.00	570.00	484.00	433.00	401.00	411.00	485.00	681.00	687.00	673.00	605.00	670.00	598.00	658.00	651.00	556.00	493.00	451.00	471.00	485.00	614.00	686.00	599.00	651.00	843.00	850.00	862.00	762.00	741.00	713.00	788.00	675.00	667.00	775.00	813.00	707.00	758.00	789.00	683.00	706.00	712.00	744.00	803.00	901.00	960.00	879.00	857.00	787.00	746.00	679.00	720.00	702.00	702.00	770.00	811.00	745.00	738.00	806.00	830.00	791.00	800.00	734.00	720.00	686.00	662.00	574.00	566.00	601.00	691.00	696.00	705.00	736.00	662.00	612.00	571.00	545.00	520.00	596.00	675.00	711.00	659.00	611.00	572.00	528.00	521.00	514.00	497.00	544.00	524.00	473.00	459.00	461.00	438.00	442.00	453.00	450.00	487.00	484.00	471.00	447.00	434.00	461.00	480.00	496.00	506.00	505.00	488.00	534.00	662.00	628.00	622.00	631.00	652.00	664.00	686.00	807.00	740.00	645.00	671.00	779.00	726.00	805.00	913.00	931.00	842.00	783.00	795.00	767.00	720.00	664.00	654.00	655.00	706.00	725.00	683.00	585.00	486.00	486.00	549.00	670.00	620.00	588.00	693.00	742.00	839.00	913.00	836.00	833.00	710.00	695.00	842.00	881.00	750.00	720.00	649.00	781.00	874.00	912.00	857.00	858.00	920.00	989.00	1021.00	1011.00	989.00	1034.00	981.00	949.00	810.00	809.00	807.00	755.00	733.00	681.00	628.00	552.00
509.00	489.00	585.00	671.00	673.00	610.00	754.00	697.00	606.00	540.00	716.00	584.00	504.00	564.00	620.00	721.00	631.00	711.00	619.00	403.00	411.00	521.00	458.00	424.00	354.00	353.00	365.00	416.00	554.00	577.00	709.00	617.00	542.00	559.00	673.00	765.00	789.00	924.00	861.00	802.00	728.00	592.00	481.00	463.00	462.00	470.00	441.00	422.00	363.00	335.00	341.00	338.00	354.00	382.00	360.00	425.00	493.00	564.00	663.00	699.00	601.00	542.00	660.00	534.00	655.00	543.00	519.00	553.00	595.00	688.00	711.00	830.00	892.00	896.00	823.00	754.00	715.00	632.00	597.00	540.00	531.00	545.00	629.00	580.00	479.00	416.00	425.00	532.00	571.00	673.00	704.00	744.00	837.00	770.00	735.00	752.00	649.00	611.00	526.00	469.00	614.00	732.00	843.00	782.00	780.00	662.00	696.00	764.00	862.00	901.00	877.00	799.00	859.00	851.00	980.00	937.00	944.00	845.00	795.00	790.00	901.00	885.00	898.00	821.00	830.00	810.00	763.00	717.00	747.00	752.00	698.00	651.00	619.00	625.00	618.00	609.00	639.00	696.00	683.00	685.00	759.00	704.00	687.00	626.00	686.00	717.00	709.00	635.00	568.00	555.00	610.00	690.00	634.00	617.00	666.00	675.00	584.00	513.00	565.00	591.00	601.00	582.00	548.00	556.00	521.00	500.00	508.00	489.00	471.00	451.00	442.00	441.00	621.00	577.00	511.00	490.00	534.00	536.00	518.00	452.00	445.00	479.00	508.00	548.00	593.00	655.00	642.00	554.00	549.00	592.00	631.00	709.00	779.00	819.00	846.00	859.00	902.00	919.00	741.00	779.00	828.00	920.00	1054.00	1149.00	1090.00	992.00	873.00	824.00	687.00	627.00	583.00	569.00	558.00	539.00	479.00	482.00	581.00	665.00	593.00	835.00	750.00	556.00	590.00	571.00	645.00	743.00	785.00	903.00	1008.00	950.00	1060.00	1038.00	998.00	922.00	951.00	872.00	914.00	811.00	793.00	903.00	842.00	881.00	852.00	739.00	941.00	976.00	892.00	841.00	755.00	660.00	674.00	674.00	635.00	503.00	500.00	418.00
434.00	448.00	604.00	676.00	664.00	551.00	642.00	705.00	609.00	523.00	742.00	652.00	523.00	489.00	578.00	664.00	580.00	681.00	605.00	384.00	371.00	364.00	358.00	357.00	368.00	387.00	436.00	512.00	518.00	614.00	793.00	663.00	696.00	606.00	632.00	729.00	854.00	963.00	988.00	879.00	754.00	600.00	596.00	540.00	464.00	412.00	375.00	359.00	344.00	337.00	340.00	365.00	364.00	443.00	494.00	393.00	413.00	440.00	454.00	456.00	478.00	450.00	487.00	475.00	533.00	523.00	652.00	690.00	735.00	811.00	798.00	846.00	939.00	758.00	702.00	672.00	614.00	556.00	536.00	540.00	521.00	527.00	478.00	475.00	450.00	417.00	412.00	664.00	654.00	590.00	608.00	797.00	788.00	721.00	805.00	784.00	635.00	570.00	569.00	492.00	568.00	662.00	726.00	652.00	638.00	712.00	792.00	813.00	855.00	771.00	845.00	918.00	895.00	950.00	850.00	857.00	925.00	915.00	911.00	917.00	897.00	853.00	901.00	853.00	777.00	752.00	739.00	727.00	693.00	681.00	654.00	649.00	683.00	710.00	685.00	628.00	595.00	585.00	592.00	644.00	685.00	641.00	681.00	653.00	605.00	677.00	672.00	658.00	623.00	538.00	545.00	640.00	647.00	616.00	567.00	602.00	587.00	533.00	484.00	484.00	483.00	476.00	472.00	468.00	466.00	468.00	475.00	478.00	462.00	444.00	444.00	449.00	621.00	531.00	530.00	558.00	626.00	626.00	565.00	455.00	450.00	501.00	528.00	554.00	608.00	699.00	650.00	600.00	637.00	569.00	688.00	664.00	651.00	717.00	767.00	806.00	862.00	926.00	910.00	946.00	951.00	1025.00	1128.00	1114.00	1100.00	956.00	892.00	794.00	630.00	627.00	645.00	627.00	514.00	484.00	518.00	558.00	535.00	745.00	736.00	837.00	702.00	613.00	754.00	732.00	653.00	629.00	750.00	826.00	918.00	1025.00	947.00	926.00	1006.00	1018.00	923.00	862.00	798.00	741.00	717.00	784.00	768.00	767.00	782.00	691.00	891.00	947.00	941.00	836.00	709.00	643.00	552.00	570.00	572.00	436.00	380.00	361.00
434.00	448.00	604.00	676.00	664.00	551.00	642.00	705.00	609.00	523.00	742.00	652.00	523.00	489.00	578.00	664.00	580.00	681.00	605.00	384.00	371.00	364.00	358.00	357.00	368.00	387.00	436.00	512.00	518.00	614.00	793.00	663.00	696.00	606.00	632.00	729.00	854.00	963.00	988.00	879.00	754.00	600.00	596.00	540.00	464.00	412.00	375.00	359.00	344.00	337.00	340.00	365.00	364.00	443.00	494.00	393.00	413.00	440.00	454.00	456.00	478.00	450.00	487.00	475.00	533.00	523.00	652.00	690.00	735.00	811.00	798.00	846.00	939.00	758.00	702.00	672.00	614.00	556.00	536.00	540.00	521.00	527.00	478.00	475.00	450.00	417.00	412.00	664.00	654.00	590.00	608.00	797.00	788.00	721.00	805.00	784.00	635.00	570.00	569.00	492.00	568.00	662.00	726.00	652.00	638.00	712.00	792.00	813.00	855.00	771.00	845.00	918.00	895.00	950.00	850.00	857.00	925.00	915.00	911.00	917.00	897.00	853.00	901.00	853.00	777.00	752.00	739.00	727.00	693.00	681.00	654.00	649.00	683.00	710.00	685.00	628.00	595.00	585.00	592.00	644.00	685.00	641.00	681.00	653.00	605.00	677.00	672.00	658.00	623.00	538.00	545.00	640.00	647.00	616.00	567.00	602.00	587.00	533.00	484.00	484.00	483.00	476.00	472.00	468.00	466.00	468.00	475.00	478.00	462.00	444.00	444.00	449.00	621.00	531.00	530.00	558.00	626.00	626.00	565.00	455.00	450.00	501.00	528.00	554.00	608.00	699.00	650.00	600.00	637.00	569.00	688.00	664.00	651.00	717.00	767.00	806.00	862.00	926.00	910.00	946.00	951.00	1025.00	1128.00	1114.00	1100.00	956.00	892.00	794.00	630.00	627.00	645.00	627.00	514.00	484.00	518.00	558.00	535.00	745.00	736.00	837.00	702.00	613.00	754.00	732.00	653.00	629.00	750.00	826.00	918.00	1025.00	947.00	926.00	1006.00	1018.00	923.00	862.00	798.00	741.00	717.00	784.00	768.00	767.00	782.00	691.00	891.00	947.00	941.00	836.00	709.00	643.00	552.00	570.00	572.00	436.00	380.00	361.00
458.00	429.00	490.00	544.00	540.00	539.00	613.00	707.00	616.00	500.00	727.00	699.00	566.00	460.00	558.00	640.00	536.00	629.00	554.00	363.00	360.00	360.00	365.00	383.00	387.00	448.00	499.00	582.00	598.00	578.00	809.00	789.00	824.00	722.00	749.00	720.00	748.00	912.00	879.00	819.00	781.00	764.00	634.00	533.00	470.00	429.00	377.00	361.00	341.00	340.00	335.00	403.00	409.00	411.00	424.00	550.00	494.00	457.00	480.00	455.00	491.00	495.00	471.00	521.00	496.00	487.00	522.00	598.00	707.00	730.00	813.00	839.00	812.00	659.00	627.00	586.00	565.00	618.00	637.00	615.00	631.00	615.00	604.00	592.00	511.00	431.00	415.00	553.00	517.00	579.00	665.00	729.00	676.00	664.00	730.00	837.00	723.00	675.00	709.00	594.00	492.00	545.00	529.00	541.00	561.00	638.00	663.00	689.00	743.00	749.00	854.00	835.00	789.00	927.00	801.00	765.00	789.00	782.00	893.00	953.00	866.00	792.00	766.00	861.00	834.00	769.00	726.00	694.00	693.00	672.00	701.00	736.00	769.00	741.00	660.00	701.00	662.00	629.00	599.00	575.00	569.00	588.00	592.00	591.00	563.00	564.00	574.00	588.00	599.00	544.00	531.00	557.00	651.00	649.00	589.00	532.00	510.00	490.00	482.00	478.00	476.00	472.00	470.00	465.00	462.00	460.00	458.00	457.00	453.00	447.00	451.00	549.00	573.00	529.00	612.00	668.00	684.00	563.00	502.00	452.00	452.00	544.00	605.00	617.00	640.00	724.00	688.00	687.00	680.00	635.00	666.00	789.00	796.00	775.00	799.00	797.00	846.00	893.00	1056.00	1103.00	1116.00	1151.00	1128.00	938.00	1088.00	1092.00	956.00	859.00	772.00	725.00	640.00	561.00	497.00	548.00	651.00	712.00	596.00	695.00	779.00	857.00	700.00	633.00	764.00	839.00	756.00	707.00	814.00	849.00	953.00	1058.00	836.00	787.00	791.00	886.00	825.00	861.00	800.00	745.00	685.00	731.00	691.00	737.00	773.00	654.00	740.00	824.00	840.00	789.00	660.00	641.00	600.00	440.00	411.00	370.00	370.00	398.00
515.00	466.00	416.00	416.00	416.00	418.00	472.00	568.00	597.00	511.00	638.00	593.00	507.00	455.00	578.00	551.00	513.00	569.00	445.00	364.00	368.00	390.00	429.00	471.00	426.00	453.00	536.00	632.00	730.00	747.00	825.00	854.00	895.00	901.00	873.00	887.00	876.00	837.00	738.00	723.00	709.00	657.00	583.00	501.00	446.00	422.00	375.00	360.00	341.00	336.00	337.00	478.00	521.00	545.00	526.00	453.00	546.00	602.00	643.00	591.00	641.00	669.00	553.00	618.00	656.00	609.00	536.00	505.00	558.00	637.00	664.00	675.00	755.00	698.00	643.00	600.00	668.00	682.00	765.00	762.00	762.00	726.00	539.00	520.00	494.00	469.00	419.00	459.00	564.00	670.00	669.00	563.00	564.00	714.00	742.00	788.00	780.00	707.00	648.00	582.00	511.00	487.00	519.00	616.00	713.00	582.00	591.00	589.00	627.00	706.00	737.00	742.00	767.00	861.00	705.00	708.00	751.00	805.00	934.00	830.00	825.00	820.00	744.00	815.00	828.00	763.00	719.00	786.00	758.00	707.00	784.00	811.00	747.00	690.00	686.00	749.00	729.00	711.00	677.00	641.00	598.00	556.00	563.00	567.00	585.00	543.00	535.00	531.00	530.00	540.00	534.00	522.00	544.00	561.00	534.00	520.00	492.00	490.00	486.00	489.00	493.00	490.00	489.00	472.00	464.00	460.00	457.00	450.00	450.00	475.00	527.00	651.00	556.00	600.00	655.00	675.00	592.00	530.00	468.00	455.00	460.00	507.00	535.00	558.00	601.00	715.00	756.00	755.00	771.00	751.00	629.00	686.00	757.00	796.00	877.00	916.00	953.00	982.00	1112.00	1122.00	1065.00	1001.00	994.00	834.00	971.00	1062.00	1029.00	954.00	731.00	662.00	610.00	523.00	560.00	615.00	679.00	751.00	673.00	734.00	832.00	843.00	692.00	636.00	675.00	805.00	887.00	836.00	925.00	1021.00	1057.00	1117.00	1000.00	898.00	750.00	699.00	748.00	713.00	789.00	832.00	740.00	623.00	649.00	696.00	692.00	610.00	796.00	732.00	650.00	575.00	526.00	463.00	425.00	376.00	372.00	416.00	484.00	585.00
425.00	426.00	424.00	442.00	421.00	409.00	403.00	411.00	433.00	431.00	480.00	479.00	448.00	459.00	580.00	460.00	475.00	409.00	370.00	394.00	462.00	454.00	455.00	538.00	563.00	518.00	466.00	475.00	585.00	673.00	725.00	696.00	777.00	959.00	942.00	851.00	756.00	690.00	739.00	648.00	574.00	522.00	525.00	470.00	418.00	393.00	363.00	341.00	339.00	338.00	344.00	595.00	649.00	673.00	651.00	495.00	461.00	520.00	590.00	653.00	742.00	777.00	731.00	667.00	803.00	728.00	682.00	583.00	523.00	684.00	670.00	697.00	722.00	711.00	641.00	649.00	688.00	757.00	712.00	692.00	674.00	697.00	647.00	644.00	606.00	564.00	460.00	426.00	478.00	565.00	528.00	583.00	625.00	689.00	793.00	815.00	837.00	771.00	667.00	631.00	679.00	547.00	520.00	514.00	689.00	733.00	749.00	676.00	656.00	622.00	625.00	635.00	674.00	689.00	698.00	771.00	881.00	914.00	835.00	831.00	755.00	734.00	751.00	783.00	855.00	815.00	773.00	821.00	761.00	744.00	838.00	824.00	724.00	692.00	765.00	833.00	713.00	671.00	661.00	644.00	588.00	648.00	670.00	661.00	719.00	623.00	647.00	588.00	544.00	522.00	521.00	517.00	515.00	515.00	517.00	506.00	497.00	531.00	545.00	540.00	539.00	533.00	506.00	464.00	461.00	462.00	469.00	526.00	570.00	648.00	634.00	625.00	585.00	614.00	661.00	600.00	529.00	484.00	460.00	461.00	477.00	531.00	559.00	593.00	627.00	689.00	669.00	687.00	696.00	743.00	753.00	711.00	689.00	737.00	765.00	799.00	889.00	985.00	1165.00	1072.00	977.00	887.00	817.00	777.00	831.00	932.00	944.00	868.00	652.00	602.00	549.00	513.00	594.00	643.00	697.00	755.00	735.00	791.00	864.00	800.00	720.00	737.00	749.00	755.00	873.00	996.00	968.00	965.00	1053.00	1113.00	966.00	873.00	850.00	790.00	679.00	620.00	698.00	768.00	738.00	566.00	687.00	611.00	586.00	653.00	729.00	645.00	580.00	486.00	398.00	385.00	383.00	387.00	480.00	586.00	628.00	727.00
457.00	457.00	539.00	601.00	547.00	499.00	430.00	411.00	401.00	396.00	399.00	402.00	403.00	413.00	427.00	387.00	374.00	369.00	371.00	538.00	611.00	565.00	477.00	506.00	695.00	690.00	657.00	608.00	493.00	555.00	606.00	718.00	796.00	815.00	881.00	822.00	746.00	613.00	586.00	569.00	513.00	464.00	443.00	435.00	446.00	452.00	346.00	342.00	338.00	338.00	351.00	496.00	555.00	637.00	664.00	571.00	589.00	525.00	524.00	516.00	608.00	668.00	782.00	827.00	802.00	725.00	684.00	617.00	538.00	570.00	583.00	607.00	675.00	772.00	778.00	796.00	785.00	828.00	795.00	748.00	696.00	675.00	642.00	701.00	686.00	600.00	505.00	426.00	426.00	436.00	474.00	595.00	645.00	747.00	789.00	708.00	875.00	784.00	783.00	784.00	629.00	606.00	625.00	551.00	554.00	727.00	727.00	793.00	782.00	695.00	697.00	720.00	674.00	694.00	755.00	815.00	887.00	891.00	746.00	718.00	724.00	679.00	696.00	789.00	880.00	878.00	827.00	841.00	792.00	821.00	860.00	806.00	799.00	747.00	755.00	835.00	714.00	683.00	686.00	650.00	585.00	644.00	700.00	769.00	794.00	683.00	659.00	620.00	565.00	558.00	524.00	518.00	514.00	510.00	505.00	503.00	601.00	585.00	590.00	575.00	546.00	493.00	467.00	466.00	478.00	482.00	512.00	596.00	659.00	708.00	652.00	615.00	658.00	679.00	677.00	614.00	619.00	480.00	465.00	474.00	496.00	534.00	557.00	583.00	580.00	578.00	586.00	610.00	649.00	681.00	707.00	724.00	777.00	868.00	892.00	819.00	871.00	943.00	1141.00	1132.00	1062.00	952.00	829.00	736.00	699.00	724.00	773.00	813.00	685.00	613.00	539.00	532.00	668.00	688.00	716.00	772.00	801.00	789.00	842.00	953.00	836.00	853.00	901.00	932.00	944.00	995.00	837.00	985.00	1061.00	1033.00	964.00	893.00	838.00	784.00	722.00	600.00	607.00	717.00	735.00	553.00	651.00	567.00	612.00	726.00	580.00	479.00	419.00	395.00	390.00	391.00	424.00	423.00	470.00	707.00	798.00	805.00
457.00	457.00	539.00	601.00	547.00	499.00	430.00	411.00	401.00	396.00	399.00	402.00	403.00	413.00	427.00	387.00	374.00	369.00	371.00	538.00	611.00	565.00	477.00	506.00	695.00	690.00	657.00	608.00	493.00	555.00	606.00	718.00	796.00	815.00	881.00	822.00	746.00	613.00	586.00	569.00	513.00	464.00	443.00	435.00	446.00	452.00	346.00	342.00	338.00	338.00	351.00	496.00	555.00	637.00	664.00	571.00	589.00	525.00	524.00	516.00	608.00	668.00	782.00	827.00	802.00	725.00	684.00	617.00	538.00	570.00	583.00	607.00	675.00	772.00	778.00	796.00	785.00	828.00	795.00	748.00	696.00	675.00	642.00	701.00	686.00	600.00	505.00	426.00	426.00	436.00	474.00	595.00	645.00	747.00	789.00	708.00	875.00	784.00	783.00	784.00	629.00	606.00	625.00	551.00	554.00	727.00	727.00	793.00	782.00	695.00	697.00	720.00	674.00	694.00	755.00	815.00	887.00	891.00	746.00	718.00	724.00	679.00	696.00	789.00	880.00	878.00	827.00	841.00	792.00	821.00	860.00	806.00	799.00	747.00	755.00	835.00	714.00	683.00	686.00	650.00	585.00	644.00	700.00	769.00	794.00	683.00	659.00	620.00	565.00	558.00	524.00	518.00	514.00	510.00	505.00	503.00	601.00	585.00	590.00	575.00	546.00	493.00	467.00	466.00	478.00	482.00	512.00	596.00	659.00	708.00	652.00	615.00	658.00	679.00	677.00	614.00	619.00	480.00	465.00	474.00	496.00	534.00	557.00	583.00	580.00	578.00	586.00	610.00	649.00	681.00	707.00	724.00	777.00	868.00	892.00	819.00	871.00	943.00	1141.00	1132.00	1062.00	952.00	829.00	736.00	699.00	724.00	773.00	813.00	685.00	613.00	539.00	532.00	668.00	688.00	716.00	772.00	801.00	789.00	842.00	953.00	836.00	853.00	901.00	932.00	944.00	995.00	837.00	985.00	1061.00	1033.00	964.00	893.00	838.00	784.00	722.00	600.00	607.00	717.00	735.00	553.00	651.00	567.00	612.00	726.00	580.00	479.00	419.00	395.00	390.00	391.00	424.00	423.00	470.00	707.00	798.00	805.00
582.00	566.00	600.00	686.00	759.00	688.00	596.00	532.00	582.00	525.00	475.00	469.00	486.00	482.00	451.00	476.00	493.00	524.00	545.00	483.00	617.00	690.00	675.00	660.00	610.00	672.00	768.00	832.00	699.00	608.00	571.00	577.00	592.00	677.00	789.00	748.00	660.00	621.00	666.00	694.00	666.00	666.00	538.00	480.00	439.00	376.00	345.00	345.00	351.00	382.00	398.00	450.00	425.00	471.00	542.00	688.00	733.00	737.00	729.00	739.00	700.00	683.00	674.00	724.00	844.00	803.00	776.00	696.00	582.00	619.00	667.00	704.00	738.00	928.00	894.00	792.00	820.00	917.00	842.00	843.00	835.00	767.00	625.00	603.00	566.00	542.00	557.00	552.00	504.00	471.00	450.00	445.00	501.00	553.00	558.00	663.00	630.00	709.00	764.00	691.00	725.00	678.00	718.00	676.00	592.00	532.00	565.00	567.00	620.00	640.00	708.00	740.00	707.00	800.00	840.00	889.00	777.00	682.00	652.00	667.00	752.00	803.00	750.00	817.00	819.00	871.00	944.00	1025.00	1037.00	1131.00	1066.00	982.00	942.00	933.00	888.00	847.00	792.00	731.00	679.00	640.00	597.00	715.00	771.00	870.00	862.00	707.00	674.00	633.00	630.00	655.00	657.00	662.00	628.00	603.00	617.00	601.00	591.00	569.00	488.00	478.00	483.00	496.00	521.00	556.00	574.00	582.00	532.00	568.00	580.00	639.00	677.00	704.00	669.00	619.00	563.00	546.00	492.00	479.00	479.00	479.00	489.00	508.00	519.00	537.00	563.00	638.00	666.00	710.00	745.00	671.00	742.00	815.00	905.00	933.00	848.00	974.00	1053.00	1127.00	1186.00	998.00	939.00	907.00	894.00	973.00	932.00	876.00	811.00	735.00	561.00	557.00	555.00	631.00	653.00	640.00	613.00	650.00	772.00	961.00	953.00	1048.00	1082.00	1032.00	954.00	894.00	954.00	847.00	825.00	956.00	1010.00	922.00	678.00	731.00	746.00	794.00	814.00	745.00	691.00	594.00	530.00	518.00	585.00	713.00	670.00	580.00	404.00	400.00	424.00	461.00	593.00	566.00	646.00	530.00	432.00	634.00	765.00	855.00
625.00	665.00	683.00	664.00	719.00	777.00	617.00	590.00	657.00	604.00	649.00	612.00	638.00	595.00	600.00	589.00	607.00	620.00	559.00	386.00	450.00	581.00	676.00	774.00	730.00	746.00	778.00	835.00	748.00	731.00	695.00	689.00	649.00	751.00	790.00	793.00	764.00	735.00	677.00	669.00	616.00	524.00	487.00	423.00	380.00	367.00	348.00	346.00	360.00	399.00	438.00	608.00	510.00	467.00	468.00	615.00	605.00	659.00	622.00	663.00	817.00	806.00	763.00	760.00	859.00	795.00	706.00	664.00	595.00	706.00	659.00	697.00	779.00	826.00	849.00	788.00	743.00	786.00	741.00	814.00	802.00	844.00	760.00	705.00	639.00	617.00	586.00	527.00	503.00	478.00	474.00	448.00	439.00	488.00	595.00	590.00	676.00	714.00	640.00	621.00	712.00	748.00	694.00	660.00	706.00	597.00	551.00	557.00	536.00	568.00	627.00	627.00	689.00	805.00	754.00	733.00	671.00	624.00	687.00	731.00	711.00	768.00	848.00	771.00	797.00	854.00	890.00	1084.00	1182.00	1244.00	1198.00	1120.00	945.00	871.00	805.00	759.00	690.00	678.00	678.00	637.00	599.00	728.00	822.00	825.00	773.00	722.00	724.00	678.00	663.00	660.00	622.00	611.00	613.00	581.00	533.00	541.00	499.00	489.00	487.00	503.00	531.00	551.00	532.00	614.00	652.00	611.00	608.00	533.00	594.00	594.00	627.00	716.00	618.00	574.00	590.00	563.00	486.00	500.00	504.00	504.00	502.00	498.00	508.00	525.00	540.00	575.00	605.00	682.00	787.00	769.00	718.00	764.00	848.00	900.00	972.00	961.00	984.00	1083.00	1133.00	1008.00	966.00	877.00	807.00	823.00	784.00	744.00	707.00	677.00	578.00	578.00	607.00	744.00	789.00	771.00	694.00	670.00	684.00	808.00	889.00	1093.00	982.00	905.00	938.00	855.00	784.00	731.00	878.00	952.00	911.00	931.00	758.00	669.00	646.00	660.00	744.00	724.00	649.00	614.00	624.00	555.00	493.00	641.00	615.00	493.00	405.00	414.00	555.00	488.00	664.00	688.00	643.00	512.00	454.00	597.00	664.00	771.00
625.00	665.00	683.00	664.00	719.00	777.00	617.00	590.00	657.00	604.00	649.00	612.00	638.00	595.00	600.00	589.00	607.00	620.00	559.00	386.00	450.00	581.00	676.00	774.00	730.00	746.00	778.00	835.00	748.00	731.00	695.00	689.00	649.00	751.00	790.00	793.00	764.00	735.00	677.00	669.00	616.00	524.00	487.00	423.00	380.00	367.00	348.00	346.00	360.00	399.00	438.00	608.00	510.00	467.00	468.00	615.00	605.00	659.00	622.00	663.00	817.00	806.00	763.00	760.00	859.00	795.00	706.00	664.00	595.00	706.00	659.00	697.00	779.00	826.00	849.00	788.00	743.00	786.00	741.00	814.00	802.00	844.00	760.00	705.00	639.00	617.00	586.00	527.00	503.00	478.00	474.00	448.00	439.00	488.00	595.00	590.00	676.00	714.00	640.00	621.00	712.00	748.00	694.00	660.00	706.00	597.00	551.00	557.00	536.00	568.00	627.00	627.00	689.00	805.00	754.00	733.00	671.00	624.00	687.00	731.00	711.00	768.00	848.00	771.00	797.00	854.00	890.00	1084.00	1182.00	1244.00	1198.00	1120.00	945.00	871.00	805.00	759.00	690.00	678.00	678.00	637.00	599.00	728.00	822.00	825.00	773.00	722.00	724.00	678.00	663.00	660.00	622.00	611.00	613.00	581.00	533.00	541.00	499.00	489.00	487.00	503.00	531.00	551.00	532.00	614.00	652.00	611.00	608.00	533.00	594.00	594.00	627.00	716.00	618.00	574.00	590.00	563.00	486.00	500.00	504.00	504.00	502.00	498.00	508.00	525.00	540.00	575.00	605.00	682.00	787.00	769.00	718.00	764.00	848.00	900.00	972.00	961.00	984.00	1083.00	1133.00	1008.00	966.00	877.00	807.00	823.00	784.00	744.00	707.00	677.00	578.00	578.00	607.00	744.00	789.00	771.00	694.00	670.00	684.00	808.00	889.00	1093.00	982.00	905.00	938.00	855.00	784.00	731.00	878.00	952.00	911.00	931.00	758.00	669.00	646.00	660.00	744.00	724.00	649.00	614.00	624.00	555.00	493.00	641.00	615.00	493.00	405.00	414.00	555.00	488.00	664.00	688.00	643.00	512.00	454.00	597.00	664.00	771.00
650.00	655.00	733.00	803.00	778.00	815.00	734.00	734.00	759.00	754.00	707.00	693.00	736.00	709.00	684.00	682.00	707.00	702.00	616.00	386.00	418.00	589.00	675.00	692.00	732.00	712.00	734.00	754.00	673.00	751.00	788.00	775.00	808.00	846.00	863.00	866.00	826.00	757.00	665.00	575.00	607.00	550.00	412.00	386.00	368.00	358.00	347.00	356.00	392.00	472.00	512.00	663.00	562.00	613.00	537.00	506.00	519.00	541.00	551.00	594.00	706.00	702.00	689.00	644.00	831.00	777.00	701.00	659.00	631.00	718.00	751.00	782.00	862.00	834.00	751.00	750.00	712.00	689.00	676.00	744.00	709.00	722.00	694.00	715.00	680.00	638.00	600.00	592.00	532.00	511.00	561.00	510.00	459.00	444.00	480.00	514.00	694.00	657.00	565.00	578.00	630.00	663.00	764.00	733.00	678.00	591.00	660.00	606.00	574.00	571.00	560.00	555.00	630.00	740.00	596.00	622.00	662.00	706.00	728.00	761.00	813.00	765.00	806.00	908.00	868.00	904.00	946.00	1088.00	1193.00	1244.00	1154.00	1028.00	852.00	808.00	801.00	801.00	797.00	736.00	685.00	612.00	654.00	809.00	826.00	784.00	723.00	638.00	692.00	689.00	639.00	578.00	581.00	555.00	556.00	583.00	630.00	560.00	490.00	498.00	542.00	551.00	607.00	637.00	585.00	621.00	685.00	649.00	592.00	524.00	532.00	575.00	650.00	642.00	665.00	637.00	680.00	638.00	496.00	510.00	526.00	533.00	556.00	574.00	518.00	510.00	526.00	600.00	634.00	642.00	669.00	760.00	837.00	770.00	767.00	841.00	981.00	1070.00	1117.00	1150.00	996.00	890.00	809.00	833.00	756.00	660.00	654.00	679.00	664.00	594.00	737.00	686.00	595.00	692.00	876.00	851.00	874.00	800.00	696.00	859.00	941.00	1047.00	985.00	858.00	778.00	730.00	763.00	683.00	839.00	859.00	777.00	864.00	772.00	756.00	703.00	609.00	649.00	770.00	729.00	720.00	713.00	611.00	462.00	513.00	548.00	440.00	410.00	492.00	637.00	543.00	653.00	750.00	688.00	594.00	494.00	579.00	637.00	752.00
754.00	800.00	772.00	827.00	884.00	829.00	746.00	756.00	779.00	746.00	683.00	604.00	566.00	558.00	525.00	459.00	475.00	498.00	489.00	388.00	406.00	471.00	519.00	544.00	536.00	533.00	560.00	578.00	612.00	637.00	775.00	769.00	827.00	839.00	706.00	687.00	650.00	673.00	701.00	634.00	519.00	486.00	388.00	371.00	353.00	349.00	352.00	437.00	406.00	416.00	517.00	682.00	678.00	712.00	665.00	650.00	636.00	617.00	687.00	651.00	643.00	710.00	621.00	659.00	721.00	736.00	749.00	690.00	745.00	792.00	790.00	760.00	824.00	840.00	872.00	845.00	771.00	702.00	675.00	657.00	644.00	621.00	605.00	594.00	581.00	571.00	569.00	558.00	582.00	601.00	620.00	563.00	510.00	447.00	448.00	516.00	552.00	523.00	572.00	621.00	657.00	703.00	771.00	729.00	645.00	707.00	676.00	574.00	643.00	639.00	649.00	637.00	576.00	590.00	659.00	632.00	717.00	783.00	826.00	840.00	816.00	834.00	874.00	811.00	849.00	981.00	1041.00	1235.00	1211.00	1193.00	1148.00	1099.00	906.00	888.00	848.00	838.00	776.00	728.00	665.00	616.00	675.00	749.00	782.00	731.00	694.00	642.00	608.00	601.00	597.00	614.00	649.00	634.00	663.00	645.00	559.00	498.00	501.00	529.00	620.00	641.00	660.00	682.00	664.00	683.00	715.00	663.00	681.00	558.00	592.00	547.00	571.00	624.00	700.00	638.00	609.00	609.00	499.00	512.00	537.00	560.00	590.00	645.00	641.00	523.00	519.00	591.00	658.00	729.00	707.00	679.00	801.00	826.00	851.00	844.00	942.00	978.00	1066.00	1104.00	929.00	814.00	777.00	719.00	728.00	770.00	728.00	665.00	600.00	630.00	845.00	777.00	670.00	611.00	750.00	839.00	930.00	893.00	761.00	799.00	896.00	995.00	887.00	778.00	765.00	778.00	742.00	699.00	672.00	680.00	740.00	808.00	772.00	684.00	668.00	631.00	563.00	694.00	749.00	778.00	788.00	657.00	556.00	473.00	442.00	422.00	447.00	567.00	609.00	560.00	717.00	781.00	767.00	619.00	539.00	615.00	658.00	675.00
767.00	776.00	901.00	885.00	876.00	818.00	698.00	636.00	604.00	603.00	585.00	601.00	520.00	469.00	436.00	397.00	398.00	397.00	394.00	416.00	426.00	483.00	493.00	501.00	531.00	540.00	559.00	579.00	571.00	617.00	683.00	756.00	831.00	810.00	743.00	624.00	568.00	617.00	595.00	653.00	571.00	452.00	371.00	351.00	352.00	352.00	412.00	561.00	532.00	427.00	411.00	591.00	581.00	608.00	659.00	684.00	704.00	718.00	744.00	713.00	699.00	689.00	585.00	604.00	658.00	747.00	801.00	801.00	815.00	766.00	676.00	691.00	733.00	934.00	870.00	804.00	785.00	775.00	753.00	745.00	752.00	728.00	743.00	716.00	708.00	661.00	654.00	566.00	539.00	525.00	517.00	507.00	497.00	448.00	449.00	453.00	547.00	609.00	633.00	706.00	741.00	780.00	827.00	750.00	773.00	663.00	599.00	621.00	690.00	698.00	761.00	709.00	626.00	718.00	724.00	726.00	656.00	659.00	714.00	748.00	718.00	735.00	761.00	822.00	902.00	1164.00	1249.00	1175.00	1118.00	1071.00	1007.00	974.00	896.00	825.00	766.00	762.00	697.00	691.00	637.00	652.00	733.00	760.00	774.00	762.00	744.00	702.00	658.00	676.00	645.00	607.00	602.00	571.00	585.00	568.00	496.00	499.00	534.00	528.00	582.00	592.00	607.00	622.00	648.00	752.00	730.00	685.00	656.00	641.00	671.00	637.00	554.00	594.00	710.00	668.00	640.00	592.00	504.00	518.00	535.00	568.00	614.00	694.00	712.00	593.00	522.00	568.00	653.00	724.00	777.00	763.00	758.00	806.00	846.00	917.00	981.00	1018.00	1011.00	996.00	954.00	888.00	784.00	831.00	918.00	827.00	733.00	648.00	607.00	705.00	939.00	810.00	693.00	685.00	710.00	770.00	792.00	897.00	867.00	947.00	995.00	1010.00	943.00	927.00	936.00	916.00	860.00	813.00	606.00	682.00	810.00	791.00	805.00	775.00	723.00	664.00	585.00	607.00	664.00	732.00	739.00	700.00	619.00	507.00	431.00	420.00	576.00	634.00	636.00	670.00	716.00	782.00	793.00	650.00	581.00	606.00	679.00	712.00
865.00	884.00	851.00	758.00	739.00	807.00	713.00	670.00	622.00	556.00	498.00	490.00	478.00	452.00	410.00	429.00	455.00	432.00	417.00	467.00	505.00	471.00	481.00	526.00	628.00	655.00	698.00	726.00	641.00	685.00	829.00	888.00	843.00	696.00	629.00	587.00	515.00	532.00	507.00	557.00	544.00	482.00	361.00	353.00	354.00	354.00	487.00	601.00	602.00	522.00	472.00	436.00	459.00	489.00	528.00	584.00	616.00	690.00	615.00	633.00	603.00	550.00	634.00	680.00	742.00	763.00	681.00	731.00	742.00	658.00	613.00	655.00	671.00	909.00	906.00	861.00	823.00	854.00	870.00	824.00	775.00	724.00	666.00	654.00	631.00	649.00	659.00	670.00	646.00	610.00	577.00	487.00	464.00	471.00	475.00	454.00	495.00	612.00	654.00	604.00	707.00	669.00	752.00	747.00	746.00	673.00	608.00	703.00	761.00	811.00	818.00	688.00	645.00	780.00	591.00	666.00	720.00	755.00	708.00	701.00	747.00	814.00	823.00	917.00	973.00	1209.00	1268.00	1064.00	1037.00	992.00	917.00	878.00	802.00	805.00	827.00	846.00	723.00	673.00	639.00	728.00	776.00	813.00	749.00	723.00	696.00	707.00	640.00	584.00	575.00	576.00	574.00	577.00	579.00	521.00	507.00	535.00	579.00	613.00	563.00	624.00	673.00	715.00	679.00	735.00	695.00	633.00	611.00	660.00	701.00	638.00	602.00	600.00	718.00	707.00	660.00	578.00	512.00	528.00	543.00	623.00	646.00	722.00	737.00	676.00	586.00	542.00	572.00	607.00	734.00	779.00	732.00	774.00	849.00	880.00	839.00	870.00	885.00	937.00	1051.00	872.00	927.00	975.00	987.00	831.00	752.00	630.00	680.00	793.00	928.00	792.00	800.00	793.00	654.00	722.00	740.00	783.00	860.00	1010.00	962.00	1033.00	937.00	907.00	903.00	852.00	784.00	855.00	618.00	616.00	690.00	696.00	672.00	703.00	659.00	662.00	612.00	541.00	613.00	658.00	634.00	614.00	519.00	447.00	424.00	490.00	686.00	752.00	733.00	787.00	773.00	787.00	751.00	630.00	595.00	562.00	613.00	646.00
888.00	934.00	828.00	764.00	688.00	642.00	777.00	777.00	727.00	679.00	531.00	522.00	463.00	415.00	404.00	493.00	500.00	463.00	438.00	512.00	566.00	588.00	544.00	498.00	534.00	576.00	621.00	713.00	736.00	730.00	802.00	770.00	716.00	696.00	623.00	564.00	504.00	455.00	449.00	433.00	422.00	406.00	355.00	354.00	354.00	393.00	605.00	648.00	658.00	573.00	510.00	479.00	508.00	462.00	459.00	494.00	521.00	526.00	518.00	520.00	532.00	571.00	606.00	631.00	754.00	739.00	647.00	612.00	643.00	592.00	667.00	728.00	767.00	892.00	815.00	790.00	746.00	747.00	827.00	885.00	839.00	773.00	658.00	638.00	619.00	596.00	564.00	575.00	572.00	581.00	544.00	465.00	474.00	543.00	544.00	497.00	459.00	502.00	535.00	608.00	626.00	595.00	632.00	683.00	772.00	684.00	625.00	695.00	724.00	875.00	758.00	684.00	675.00	775.00	640.00	599.00	663.00	731.00	799.00	813.00	787.00	778.00	779.00	859.00	954.00	1163.00	1184.00	1047.00	955.00	898.00	886.00	908.00	848.00	792.00	741.00	793.00	688.00	754.00	683.00	691.00	760.00	764.00	709.00	697.00	680.00	616.00	599.00	627.00	673.00	631.00	611.00	609.00	603.00	517.00	510.00	532.00	647.00	659.00	677.00	589.00	599.00	646.00	681.00	751.00	723.00	662.00	668.00	708.00	679.00	646.00	592.00	655.00	744.00	670.00	618.00	563.00	523.00	544.00	541.00	596.00	651.00	754.00	719.00	635.00	565.00	568.00	547.00	566.00	667.00	675.00	675.00	713.00	738.00	742.00	762.00	805.00	854.00	888.00	1073.00	1051.00	1061.00	1023.00	952.00	797.00	714.00	632.00	669.00	717.00	951.00	943.00	937.00	854.00	677.00	712.00	782.00	847.00	902.00	960.00	824.00	939.00	880.00	828.00	772.00	821.00	737.00	700.00	593.00	560.00	562.00	553.00	524.00	532.00	516.00	508.00	492.00	503.00	481.00	473.00	494.00	513.00	461.00	430.00	439.00	525.00	641.00	746.00	794.00	806.00	803.00	781.00	769.00	665.00	604.00	580.00	562.00	627.00
909.00	942.00	805.00	720.00	683.00	654.00	605.00	688.00	727.00	726.00	656.00	603.00	478.00	409.00	403.00	549.00	528.00	492.00	486.00	550.00	618.00	672.00	636.00	558.00	556.00	627.00	659.00	634.00	754.00	785.00	663.00	636.00	633.00	552.00	530.00	513.00	550.00	554.00	572.00	536.00	541.00	458.00	360.00	357.00	358.00	399.00	510.00	553.00	656.00	684.00	634.00	570.00	575.00	579.00	604.00	507.00	496.00	551.00	530.00	583.00	618.00	640.00	706.00	685.00	753.00	710.00	664.00	584.00	565.00	713.00	702.00	697.00	743.00	952.00	837.00	785.00	747.00	707.00	786.00	852.00	803.00	744.00	778.00	729.00	729.00	689.00	678.00	572.00	542.00	528.00	488.00	494.00	592.00	647.00	606.00	548.00	472.00	465.00	480.00	583.00	578.00	655.00	695.00	694.00	830.00	735.00	636.00	725.00	809.00	841.00	762.00	789.00	709.00	800.00	698.00	679.00	606.00	634.00	778.00	819.00	777.00	751.00	779.00	884.00	953.00	1083.00	1138.00	951.00	903.00	885.00	826.00	870.00	766.00	756.00	754.00	698.00	796.00	803.00	710.00	715.00	781.00	777.00	752.00	770.00	717.00	700.00	676.00	700.00	758.00	687.00	628.00	576.00	534.00	509.00	546.00	522.00	605.00	662.00	744.00	665.00	616.00	598.00	613.00	677.00	732.00	742.00	733.00	674.00	669.00	689.00	648.00	627.00	736.00	674.00	621.00	573.00	543.00	561.00	548.00	622.00	700.00	737.00	673.00	607.00	594.00	673.00	600.00	561.00	576.00	592.00	621.00	652.00	701.00	780.00	882.00	907.00	938.00	984.00	1075.00	1069.00	1055.00	957.00	918.00	848.00	676.00	686.00	782.00	768.00	859.00	989.00	939.00	830.00	796.00	757.00	788.00	752.00	864.00	958.00	839.00	755.00	738.00	732.00	692.00	646.00	635.00	605.00	635.00	723.00	711.00	621.00	634.00	622.00	621.00	554.00	524.00	602.00	583.00	555.00	510.00	488.00	486.00	434.00	531.00	602.00	675.00	773.00	798.00	802.00	812.00	819.00	814.00	660.00	651.00	619.00	629.00	618.00
898.00	895.00	825.00	761.00	721.00	649.00	564.00	520.00	569.00	627.00	581.00	486.00	420.00	408.00	423.00	613.00	582.00	595.00	573.00	624.00	640.00	740.00	725.00	655.00	638.00	655.00	707.00	718.00	802.00	856.00	731.00	645.00	592.00	572.00	624.00	659.00	673.00	700.00	691.00	644.00	572.00	440.00	375.00	354.00	356.00	376.00	545.00	528.00	550.00	613.00	701.00	693.00	657.00	690.00	673.00	617.00	563.00	580.00	609.00	631.00	622.00	624.00	703.00	721.00	633.00	607.00	531.00	531.00	581.00	693.00	749.00	755.00	761.00	926.00	860.00	876.00	812.00	731.00	711.00	797.00	723.00	726.00	677.00	667.00	641.00	688.00	686.00	657.00	583.00	512.00	479.00	563.00	627.00	717.00	636.00	590.00	524.00	483.00	470.00	482.00	607.00	663.00	610.00	643.00	779.00	707.00	692.00	691.00	768.00	886.00	903.00	859.00	778.00	851.00	701.00	665.00	699.00	636.00	685.00	695.00	692.00	722.00	753.00	811.00	846.00	935.00	956.00	897.00	847.00	826.00	786.00	767.00	771.00	780.00	704.00	734.00	858.00	788.00	701.00	779.00	834.00	694.00	688.00	768.00	732.00	693.00	680.00	727.00	744.00	627.00	598.00	572.00	515.00	517.00	607.00	622.00	557.00	661.00	653.00	657.00	688.00	689.00	674.00	647.00	685.00	744.00	800.00	771.00	780.00	753.00	659.00	666.00	716.00	650.00	594.00	556.00	586.00	581.00	558.00	592.00	631.00	737.00	674.00	598.00	626.00	691.00	618.00	604.00	612.00	623.00	599.00	616.00	695.00	786.00	812.00	805.00	843.00	899.00	997.00	956.00	975.00	945.00	850.00	697.00	687.00	700.00	771.00	815.00	789.00	846.00	975.00	973.00	913.00	804.00	866.00	824.00	880.00	982.00	934.00	893.00	794.00	651.00	675.00	712.00	709.00	740.00	711.00	820.00	757.00	731.00	728.00	685.00	643.00	542.00	583.00	685.00	720.00	684.00	627.00	604.00	485.00	451.00	464.00	590.00	668.00	694.00	709.00	775.00	809.00	812.00	801.00	764.00	706.00	689.00	748.00	673.00
898.00	895.00	825.00	761.00	721.00	649.00	564.00	520.00	569.00	627.00	581.00	486.00	420.00	408.00	423.00	613.00	582.00	595.00	573.00	624.00	640.00	740.00	725.00	655.00	638.00	655.00	707.00	718.00	802.00	856.00	731.00	645.00	592.00	572.00	624.00	659.00	673.00	700.00	691.00	644.00	572.00	440.00	375.00	354.00	356.00	376.00	545.00	528.00	550.00	613.00	701.00	693.00	657.00	690.00	673.00	617.00	563.00	580.00	609.00	631.00	622.00	624.00	703.00	721.00	633.00	607.00	531.00	531.00	581.00	693.00	749.00	755.00	761.00	926.00	860.00	876.00	812.00	731.00	711.00	797.00	723.00	726.00	677.00	667.00	641.00	688.00	686.00	657.00	583.00	512.00	479.00	563.00	627.00	717.00	636.00	590.00	524.00	483.00	470.00	482.00	607.00	663.00	610.00	643.00	779.00	707.00	692.00	691.00	768.00	886.00	903.00	859.00	778.00	851.00	701.00	665.00	699.00	636.00	685.00	695.00	692.00	722.00	753.00	811.00	846.00	935.00	956.00	897.00	847.00	826.00	786.00	767.00	771.00	780.00	704.00	734.00	858.00	788.00	701.00	779.00	834.00	694.00	688.00	768.00	732.00	693.00	680.00	727.00	744.00	627.00	598.00	572.00	515.00	517.00	607.00	622.00	557.00	661.00	653.00	657.00	688.00	689.00	674.00	647.00	685.00	744.00	800.00	771.00	780.00	753.00	659.00	666.00	716.00	650.00	594.00	556.00	586.00	581.00	558.00	592.00	631.00	737.00	674.00	598.00	626.00	691.00	618.00	604.00	612.00	623.00	599.00	616.00	695.00	786.00	812.00	805.00	843.00	899.00	997.00	956.00	975.00	945.00	850.00	697.00	687.00	700.00	771.00	815.00	789.00	846.00	975.00	973.00	913.00	804.00	866.00	824.00	880.00	982.00	934.00	893.00	794.00	651.00	675.00	712.00	709.00	740.00	711.00	820.00	757.00	731.00	728.00	685.00	643.00	542.00	583.00	685.00	720.00	684.00	627.00	604.00	485.00	451.00	464.00	590.00	668.00	694.00	709.00	775.00	809.00	812.00	801.00	764.00	706.00	689.00	748.00	673.00
805.00	798.00	713.00	820.00	844.00	823.00	681.00	581.00	503.00	497.00	424.00	414.00	412.00	426.00	428.00	526.00	607.00	638.00	654.00	729.00	747.00	771.00	810.00	820.00	786.00	804.00	782.00	833.00	786.00	757.00	796.00	770.00	710.00	699.00	727.00	690.00	662.00	716.00	677.00	610.00	555.00	533.00	408.00	373.00	359.00	357.00	499.00	581.00	623.00	668.00	729.00	712.00	700.00	621.00	610.00	655.00	591.00	616.00	648.00	594.00	589.00	546.00	646.00	551.00	556.00	497.00	522.00	597.00	678.00	672.00	669.00	678.00	710.00	855.00	779.00	813.00	780.00	717.00	632.00	718.00	723.00	646.00	623.00	583.00	566.00	581.00	565.00	585.00	545.00	492.00	481.00	597.00	666.00	672.00	591.00	579.00	600.00	554.00	507.00	478.00	516.00	551.00	568.00	603.00	724.00	789.00	763.00	697.00	697.00	800.00	880.00	912.00	901.00	832.00	747.00	743.00	690.00	731.00	628.00	655.00	718.00	722.00	786.00	748.00	830.00	902.00	842.00	905.00	845.00	820.00	841.00	833.00	833.00	755.00	815.00	781.00	837.00	757.00	733.00	819.00	795.00	694.00	658.00	679.00	711.00	732.00	705.00	640.00	610.00	638.00	553.00	520.00	523.00	547.00	651.00	694.00	531.00	555.00	587.00	619.00	613.00	637.00	696.00	669.00	644.00	707.00	761.00	736.00	705.00	675.00	686.00	753.00	659.00	622.00	596.00	535.00	662.00	617.00	569.00	604.00	684.00	759.00	688.00	609.00	640.00	667.00	613.00	605.00	662.00	714.00	641.00	621.00	624.00	668.00	774.00	840.00	843.00	907.00	971.00	819.00	803.00	768.00	740.00	727.00	767.00	758.00	774.00	878.00	911.00	871.00	870.00	1018.00	981.00	950.00	1004.00	984.00	1003.00	1095.00	1049.00	932.00	845.00	695.00	755.00	857.00	863.00	798.00	804.00	877.00	859.00	846.00	758.00	683.00	584.00	555.00	597.00	753.00	781.00	751.00	713.00	551.00	699.00	628.00	505.00	459.00	566.00	582.00	629.00	714.00	785.00	783.00	797.00	795.00	777.00	787.00	796.00	758.00
711.00	692.00	604.00	579.00	670.00	761.00	685.00	701.00	606.00	496.00	419.00	419.00	457.00	500.00	539.00	601.00	578.00	502.00	517.00	521.00	508.00	525.00	548.00	592.00	646.00	646.00	646.00	632.00	803.00	778.00	835.00	736.00	670.00	716.00	642.00	690.00	686.00	644.00	585.00	543.00	507.00	567.00	568.00	465.00	414.00	377.00	363.00	362.00	360.00	386.00	501.00	563.00	551.00	600.00	539.00	576.00	598.00	480.00	490.00	437.00	439.00	461.00	478.00	507.00	487.00	552.00	640.00	721.00	755.00	785.00	805.00	823.00	780.00	787.00	814.00	755.00	694.00	672.00	667.00	633.00	576.00	572.00	624.00	692.00	707.00	684.00	607.00	497.00	505.00	562.00	643.00	689.00	763.00	719.00	733.00	765.00	722.00	711.00	662.00	595.00	488.00	488.00	591.00	690.00	693.00	715.00	796.00	872.00	885.00	876.00	822.00	845.00	824.00	859.00	815.00	818.00	766.00	726.00	724.00	718.00	751.00	726.00	750.00	708.00	739.00	768.00	774.00	898.00	916.00	927.00	885.00	876.00	851.00	921.00	911.00	914.00	795.00	818.00	884.00	825.00	736.00	651.00	645.00	626.00	602.00	716.00	652.00	623.00	603.00	531.00	536.00	588.00	631.00	646.00	624.00	586.00	604.00	661.00	592.00	587.00	617.00	665.00	687.00	760.00	767.00	723.00	776.00	765.00	760.00	729.00	686.00	638.00	610.00	553.00	567.00	648.00	586.00	687.00	599.00	602.00	654.00	752.00	718.00	678.00	689.00	658.00	636.00	657.00	741.00	768.00	699.00	758.00	727.00	682.00	687.00	747.00	765.00	844.00	964.00	906.00	913.00	893.00	862.00	991.00	919.00	818.00	905.00	849.00	1129.00	1156.00	1117.00	1173.00	1123.00	1055.00	1016.00	999.00	1001.00	992.00	1014.00	866.00	775.00	884.00	926.00	941.00	1001.00	969.00	866.00	799.00	763.00	736.00	594.00	629.00	704.00	703.00	797.00	795.00	755.00	700.00	622.00	628.00	773.00	749.00	695.00	667.00	520.00	460.00	451.00	476.00	538.00	564.00	592.00	667.00	759.00	817.00	816.00	805.00
711.00	692.00	604.00	579.00	670.00	761.00	685.00	701.00	606.00	496.00	419.00	419.00	457.00	500.00	539.00	601.00	578.00	502.00	517.00	521.00	508.00	525.00	548.00	592.00	646.00	646.00	646.00	632.00	803.00	778.00	835.00	736.00	670.00	716.00	642.00	690.00	686.00	644.00	585.00	543.00	507.00	567.00	568.00	465.00	414.00	377.00	363.00	362.00	360.00	386.00	501.00	563.00	551.00	600.00	539.00	576.00	598.00	480.00	490.00	437.00	439.00	461.00	478.00	507.00	487.00	552.00	640.00	721.00	755.00	785.00	805.00	823.00	780.00	787.00	814.00	755.00	694.00	672.00	667.00	633.00	576.00	572.00	624.00	692.00	707.00	684.00	607.00	497.00	505.00	562.00	643.00	689.00	763.00	719.00	733.00	765.00	722.00	711.00	662.00	595.00	488.00	488.00	591.00	690.00	693.00	715.00	796.00	872.00	885.00	876.00	822.00	845.00	824.00	859.00	815.00	818.00	766.00	726.00	724.00	718.00	751.00	726.00	750.00	708.00	739.00	768.00	774.00	898.00	916.00	927.00	885.00	876.00	851.00	921.00	911.00	914.00	795.00	818.00	884.00	825.00	736.00	651.00	645.00	626.00	602.00	716.00	652.00	623.00	603.00	531.00	536.00	588.00	631.00	646.00	624.00	586.00	604.00	661.00	592.00	587.00	617.00	665.00	687.00	760.00	767.00	723.00	776.00	765.00	760.00	729.00	686.00	638.00	610.00	553.00	567.00	648.00	586.00	687.00	599.00	602.00	654.00	752.00	718.00	678.00	689.00	658.00	636.00	657.00	741.00	768.00	699.00	758.00	727.00	682.00	687.00	747.00	765.00	844.00	964.00	906.00	913.00	893.00	862.00	991.00	919.00	818.00	905.00	849.00	1129.00	1156.00	1117.00	1173.00	1123.00	1055.00	1016.00	999.00	1001.00	992.00	1014.00	866.00	775.00	884.00	926.00	941.00	1001.00	969.00	866.00	799.00	763.00	736.00	594.00	629.00	704.00	703.00	797.00	795.00	755.00	700.00	622.00	628.00	773.00	749.00	695.00	667.00	520.00	460.00	451.00	476.00	538.00	564.00	592.00	667.00	759.00	817.00	816.00	805.00
739.00	660.00	624.00	570.00	553.00	632.00	581.00	665.00	585.00	455.00	432.00	522.00	547.00	518.00	607.00	675.00	598.00	537.00	612.00	634.00	639.00	621.00	588.00	547.00	583.00	602.00	601.00	678.00	813.00	876.00	744.00	699.00	634.00	591.00	579.00	567.00	545.00	554.00	586.00	608.00	608.00	485.00	519.00	450.00	400.00	396.00	381.00	372.00	364.00	360.00	369.00	413.00	431.00	534.00	543.00	467.00	492.00	420.00	416.00	477.00	540.00	605.00	532.00	644.00	597.00	527.00	546.00	622.00	737.00	765.00	737.00	682.00	738.00	747.00	698.00	682.00	676.00	663.00	602.00	621.00	668.00	719.00	702.00	713.00	679.00	600.00	550.00	503.00	590.00	684.00	745.00	778.00	744.00	686.00	659.00	720.00	607.00	569.00	551.00	563.00	514.00	488.00	532.00	611.00	596.00	693.00	758.00	751.00	828.00	875.00	810.00	808.00	865.00	916.00	847.00	787.00	793.00	729.00	773.00	762.00	834.00	804.00	882.00	750.00	793.00	754.00	817.00	818.00	820.00	879.00	867.00	825.00	868.00	905.00	906.00	895.00	907.00	920.00	888.00	778.00	739.00	710.00	705.00	689.00	679.00	597.00	602.00	565.00	538.00	608.00	592.00	574.00	658.00	709.00	654.00	561.00	610.00	671.00	632.00	656.00	601.00	630.00	670.00	688.00	761.00	805.00	806.00	671.00	629.00	619.00	609.00	572.00	566.00	582.00	641.00	695.00	596.00	682.00	613.00	611.00	671.00	720.00	744.00	739.00	722.00	711.00	679.00	672.00	739.00	801.00	737.00	779.00	726.00	744.00	719.00	723.00	742.00	752.00	894.00	900.00	976.00	959.00	955.00	1136.00	1031.00	872.00	932.00	990.00	1156.00	1139.00	1089.00	1098.00	1142.00	1075.00	1021.00	967.00	932.00	932.00	1004.00	945.00	878.00	957.00	1015.00	1076.00	1058.00	960.00	922.00	831.00	762.00	724.00	669.00	729.00	802.00	823.00	827.00	732.00	683.00	674.00	608.00	749.00	780.00	751.00	685.00	609.00	497.00	546.00	524.00	470.00	458.00	462.00	478.00	606.00	689.00	776.00	788.00	811.00
883.00	813.00	726.00	650.00	575.00	526.00	519.00	585.00	512.00	433.00	551.00	636.00	628.00	615.00	653.00	646.00	594.00	585.00	676.00	626.00	753.00	777.00	697.00	629.00	659.00	759.00	713.00	639.00	771.00	794.00	863.00	825.00	770.00	634.00	602.00	611.00	585.00	535.00	509.00	489.00	477.00	461.00	415.00	419.00	460.00	489.00	388.00	372.00	375.00	366.00	360.00	364.00	368.00	368.00	385.00	403.00	387.00	446.00	556.00	613.00	667.00	711.00	574.00	702.00	709.00	594.00	574.00	539.00	598.00	614.00	622.00	641.00	680.00	775.00	755.00	731.00	674.00	627.00	667.00	717.00	719.00	684.00	604.00	591.00	588.00	569.00	519.00	590.00	647.00	673.00	690.00	780.00	745.00	678.00	652.00	597.00	616.00	643.00	692.00	677.00	544.00	508.00	492.00	543.00	720.00	749.00	674.00	760.00	779.00	780.00	780.00	706.00	799.00	889.00	851.00	843.00	860.00	807.00	804.00	810.00	886.00	911.00	873.00	847.00	830.00	779.00	828.00	911.00	860.00	891.00	877.00	831.00	781.00	795.00	824.00	846.00	835.00	800.00	802.00	773.00	736.00	673.00	649.00	626.00	613.00	578.00	547.00	562.00	601.00	682.00	648.00	574.00	606.00	684.00	638.00	574.00	625.00	611.00	696.00	690.00	627.00	708.00	704.00	752.00	758.00	789.00	723.00	701.00	669.00	580.00	578.00	595.00	630.00	610.00	678.00	697.00	671.00	737.00	650.00	622.00	652.00	703.00	738.00	787.00	804.00	754.00	719.00	696.00	800.00	823.00	790.00	808.00	759.00	810.00	784.00	806.00	901.00	842.00	799.00	947.00	965.00	1052.00	1127.00	1199.00	1053.00	951.00	939.00	962.00	1121.00	1117.00	1096.00	1037.00	1075.00	1070.00	1051.00	1004.00	944.00	885.00	921.00	996.00	1009.00	991.00	1040.00	1078.00	1091.00	978.00	807.00	761.00	754.00	704.00	749.00	865.00	844.00	816.00	767.00	666.00	662.00	623.00	667.00	810.00	752.00	701.00	696.00	567.00	574.00	595.00	577.00	539.00	517.00	525.00	508.00	575.00	637.00	633.00	664.00	712.00
871.00	769.00	778.00	703.00	655.00	624.00	517.00	489.00	462.00	437.00	494.00	517.00	553.00	587.00	608.00	693.00	740.00	730.00	694.00	704.00	742.00	818.00	767.00	681.00	604.00	741.00	802.00	761.00	706.00	694.00	830.00	871.00	761.00	722.00	748.00	723.00	740.00	677.00	622.00	606.00	557.00	530.00	495.00	496.00	481.00	444.00	386.00	391.00	395.00	387.00	378.00	365.00	364.00	367.00	366.00	371.00	371.00	393.00	456.00	516.00	606.00	722.00	649.00	691.00	733.00	722.00	685.00	567.00	600.00	581.00	655.00	706.00	690.00	804.00	755.00	714.00	650.00	700.00	745.00	788.00	770.00	749.00	683.00	659.00	638.00	586.00	515.00	583.00	582.00	607.00	619.00	723.00	781.00	727.00	630.00	614.00	728.00	812.00	737.00	664.00	611.00	551.00	508.00	499.00	723.00	684.00	650.00	725.00	680.00	685.00	684.00	693.00	752.00	847.00	739.00	786.00	873.00	875.00	857.00	927.00	919.00	958.00	942.00	1019.00	977.00	852.00	844.00	938.00	941.00	906.00	856.00	826.00	778.00	761.00	750.00	754.00	759.00	726.00	713.00	705.00	687.00	655.00	670.00	669.00	653.00	551.00	577.00	624.00	662.00	665.00	602.00	605.00	596.00	683.00	640.00	581.00	671.00	660.00	734.00	688.00	654.00	670.00	724.00	793.00	814.00	805.00	782.00	630.00	618.00	592.00	586.00	624.00	697.00	651.00	696.00	668.00	704.00	783.00	645.00	642.00	677.00	693.00	727.00	766.00	828.00	785.00	755.00	729.00	854.00	851.00	843.00	876.00	878.00	848.00	870.00	893.00	988.00	881.00	860.00	1000.00	1113.00	1190.00	1256.00	1197.00	1103.00	1088.00	1103.00	1094.00	1084.00	1038.00	1026.00	1008.00	971.00	1008.00	1003.00	964.00	996.00	960.00	899.00	938.00	935.00	1004.00	1085.00	1113.00	1134.00	1025.00	867.00	827.00	787.00	724.00	824.00	934.00	853.00	774.00	753.00	804.00	752.00	700.00	817.00	789.00	643.00	618.00	620.00	527.00	654.00	668.00	627.00	551.00	675.00	726.00	673.00	524.00	534.00	512.00	569.00	669.00
819.00	771.00	703.00	692.00	625.00	580.00	525.00	508.00	450.00	433.00	595.00	622.00	615.00	563.00	571.00	606.00	683.00	769.00	847.00	800.00	844.00	826.00	728.00	648.00	639.00	616.00	708.00	791.00	820.00	751.00	857.00	780.00	710.00	644.00	616.00	602.00	625.00	704.00	714.00	702.00	659.00	542.00	578.00	492.00	413.00	394.00	424.00	429.00	419.00	403.00	399.00	387.00	379.00	370.00	367.00	372.00	371.00	368.00	374.00	407.00	508.00	597.00	741.00	771.00	747.00	681.00	627.00	599.00	661.00	681.00	611.00	645.00	664.00	799.00	737.00	679.00	736.00	714.00	804.00	733.00	687.00	667.00	613.00	614.00	609.00	576.00	518.00	665.00	664.00	703.00	663.00	803.00	747.00	679.00	621.00	702.00	858.00	812.00	731.00	699.00	641.00	574.00	531.00	499.00	669.00	628.00	592.00	614.00	590.00	721.00	757.00	794.00	801.00	786.00	711.00	787.00	819.00	852.00	1000.00	1090.00	1099.00	1098.00	1082.00	1155.00	1102.00	978.00	939.00	896.00	898.00	872.00	843.00	815.00	785.00	762.00	746.00	723.00	749.00	706.00	663.00	676.00	668.00	667.00	639.00	613.00	614.00	594.00	672.00	636.00	673.00	628.00	668.00	634.00	638.00	663.00	647.00	594.00	673.00	714.00	687.00	729.00	722.00	671.00	705.00	815.00	782.00	710.00	693.00	632.00	650.00	677.00	626.00	605.00	725.00	711.00	719.00	749.00	719.00	798.00	664.00	646.00	664.00	712.00	730.00	766.00	815.00	828.00	797.00	763.00	857.00	871.00	936.00	982.00	1021.00	969.00	961.00	946.00	1042.00	976.00	1013.00	1019.00	1163.00	1279.00	1250.00	1078.00	1050.00	1048.00	1093.00	1081.00	1084.00	1061.00	1037.00	1002.00	952.00	921.00	892.00	876.00	949.00	958.00	923.00	865.00	909.00	1063.00	1160.00	1212.00	1182.00	1082.00	915.00	893.00	909.00	790.00	951.00	931.00	869.00	895.00	825.00	858.00	793.00	762.00	860.00	768.00	620.00	589.00	570.00	544.00	718.00	716.00	629.00	622.00	820.00	860.00	836.00	742.00	697.00	482.00	540.00	637.00
819.00	771.00	703.00	692.00	625.00	580.00	525.00	508.00	450.00	433.00	595.00	622.00	615.00	563.00	571.00	606.00	683.00	769.00	847.00	800.00	844.00	826.00	728.00	648.00	639.00	616.00	708.00	791.00	820.00	751.00	857.00	780.00	710.00	644.00	616.00	602.00	625.00	704.00	714.00	702.00	659.00	542.00	578.00	492.00	413.00	394.00	424.00	429.00	419.00	403.00	399.00	387.00	379.00	370.00	367.00	372.00	371.00	368.00	374.00	407.00	508.00	597.00	741.00	771.00	747.00	681.00	627.00	599.00	661.00	681.00	611.00	645.00	664.00	799.00	737.00	679.00	736.00	714.00	804.00	733.00	687.00	667.00	613.00	614.00	609.00	576.00	518.00	665.00	664.00	703.00	663.00	803.00	747.00	679.00	621.00	702.00	858.00	812.00	731.00	699.00	641.00	574.00	531.00	499.00	669.00	628.00	592.00	614.00	590.00	721.00	757.00	794.00	801.00	786.00	711.00	787.00	819.00	852.00	1000.00	1090.00	1099.00	1098.00	1082.00	1155.00	1102.00	978.00	939.00	896.00	898.00	872.00	843.00	815.00	785.00	762.00	746.00	723.00	749.00	706.00	663.00	676.00	668.00	667.00	639.00	613.00	614.00	594.00	672.00	636.00	673.00	628.00	668.00	634.00	638.00	663.00	647.00	594.00	673.00	714.00	687.00	729.00	722.00	671.00	705.00	815.00	782.00	710.00	693.00	632.00	650.00	677.00	626.00	605.00	725.00	711.00	719.00	749.00	719.00	798.00	664.00	646.00	664.00	712.00	730.00	766.00	815.00	828.00	797.00	763.00	857.00	871.00	936.00	982.00	1021.00	969.00	961.00	946.00	1042.00	976.00	1013.00	1019.00	1163.00	1279.00	1250.00	1078.00	1050.00	1048.00	1093.00	1081.00	1084.00	1061.00	1037.00	1002.00	952.00	921.00	892.00	876.00	949.00	958.00	923.00	865.00	909.00	1063.00	1160.00	1212.00	1182.00	1082.00	915.00	893.00	909.00	790.00	951.00	931.00	869.00	895.00	825.00	858.00	793.00	762.00	860.00	768.00	620.00	589.00	570.00	544.00	718.00	716.00	629.00	622.00	820.00	860.00	836.00	742.00	697.00	482.00	540.00	637.00
746.00	784.00	595.00	658.00	647.00	573.00	482.00	469.00	443.00	435.00	526.00	555.00	619.00	715.00	758.00	679.00	663.00	694.00	777.00	923.00	868.00	753.00	718.00	713.00	715.00	642.00	627.00	673.00	771.00	858.00	825.00	707.00	683.00	710.00	698.00	621.00	551.00	552.00	564.00	632.00	623.00	585.00	484.00	410.00	411.00	443.00	518.00	463.00	431.00	419.00	419.00	410.00	400.00	397.00	390.00	372.00	375.00	371.00	371.00	375.00	448.00	497.00	586.00	628.00	776.00	786.00	676.00	688.00	739.00	733.00	683.00	733.00	782.00	785.00	787.00	782.00	746.00	814.00	852.00	794.00	767.00	738.00	669.00	631.00	635.00	604.00	518.00	639.00	724.00	784.00	768.00	843.00	784.00	675.00	649.00	736.00	854.00	737.00	683.00	639.00	641.00	651.00	581.00	508.00	560.00	553.00	591.00	623.00	629.00	615.00	635.00	645.00	653.00	646.00	735.00	758.00	768.00	794.00	1035.00	1167.00	1230.00	1248.00	1229.00	1131.00	1024.00	879.00	891.00	861.00	821.00	793.00	797.00	842.00	816.00	807.00	769.00	734.00	749.00	701.00	670.00	644.00	680.00	610.00	604.00	628.00	577.00	637.00	675.00	747.00	725.00	685.00	663.00	647.00	698.00	723.00	664.00	603.00	658.00	736.00	721.00	695.00	716.00	735.00	751.00	741.00	697.00	660.00	646.00	688.00	732.00	686.00	643.00	657.00	666.00	751.00	788.00	780.00	772.00	824.00	709.00	663.00	686.00	700.00	716.00	754.00	793.00	855.00	843.00	826.00	883.00	942.00	1018.00	1091.00	1132.00	1047.00	996.00	1017.00	1071.00	1051.00	998.00	1195.00	1190.00	1197.00	1137.00	1055.00	1011.00	980.00	1049.00	1017.00	1012.00	1003.00	988.00	1031.00	1025.00	981.00	940.00	878.00	861.00	856.00	862.00	928.00	951.00	1080.00	1162.00	1199.00	1178.00	1152.00	1056.00	1059.00	942.00	878.00	1013.00	992.00	1000.00	966.00	888.00	918.00	847.00	836.00	820.00	693.00	635.00	707.00	648.00	570.00	635.00	686.00	738.00	789.00	887.00	972.00	940.00	823.00	712.00	489.00	535.00	614.00
622.00	666.00	651.00	603.00	550.00	544.00	582.00	561.00	548.00	442.00	597.00	699.00	795.00	840.00	841.00	890.00	917.00	894.00	860.00	806.00	776.00	793.00	840.00	894.00	800.00	714.00	722.00	690.00	845.00	848.00	839.00	729.00	713.00	693.00	711.00	794.00	735.00	583.00	540.00	507.00	468.00	432.00	460.00	511.00	477.00	517.00	622.00	509.00	527.00	569.00	526.00	450.00	466.00	480.00	519.00	461.00	383.00	370.00	373.00	377.00	437.00	468.00	609.00	694.00	775.00	685.00	633.00	688.00	691.00	682.00	678.00	627.00	634.00	630.00	693.00	775.00	816.00	788.00	751.00	787.00	738.00	693.00	727.00	732.00	678.00	629.00	533.00	626.00	624.00	685.00	740.00	901.00	897.00	878.00	781.00	742.00	809.00	900.00	841.00	833.00	780.00	741.00	714.00	644.00	571.00	530.00	521.00	526.00	579.00	782.00	823.00	822.00	814.00	774.00	813.00	766.00	778.00	824.00	973.00	934.00	1019.00	995.00	951.00	896.00	868.00	804.00	776.00	762.00	806.00	771.00	741.00	790.00	770.00	801.00	780.00	715.00	768.00	756.00	725.00	677.00	660.00	633.00	609.00	586.00	573.00	680.00	733.00	799.00	753.00	753.00	720.00	681.00	665.00	657.00	697.00	680.00	684.00	742.00	891.00	838.00	875.00	820.00	746.00	712.00	694.00	713.00	813.00	716.00	741.00	735.00	748.00	732.00	681.00	672.00	718.00	744.00	843.00	755.00	733.00	748.00	713.00	803.00	841.00	831.00	810.00	895.00	891.00	950.00	993.00	1065.00	1065.00	1174.00	1258.00	1252.00	1149.00	1138.00	1156.00	1091.00	1044.00	1123.00	1060.00	982.00	975.00	962.00	920.00	896.00	955.00	914.00	960.00	920.00	957.00	982.00	1012.00	955.00	924.00	926.00	965.00	966.00	918.00	818.00	872.00	1017.00	1080.00	1044.00	954.00	892.00	852.00	866.00	924.00	978.00	1182.00	1133.00	1075.00	1032.00	982.00	896.00	880.00	855.00	863.00	820.00	733.00	724.00	662.00	738.00	855.00	980.00	1047.00	1074.00	1046.00	975.00	862.00	604.00	519.00	526.00	597.00	663.00
622.00	666.00	651.00	603.00	550.00	544.00	582.00	561.00	548.00	442.00	597.00	699.00	795.00	840.00	841.00	890.00	917.00	894.00	860.00	806.00	776.00	793.00	840.00	894.00	800.00	714.00	722.00	690.00	845.00	848.00	839.00	729.00	713.00	693.00	711.00	794.00	735.00	583.00	540.00	507.00	468.00	432.00	460.00	511.00	477.00	517.00	622.00	509.00	527.00	569.00	526.00	450.00	466.00	480.00	519.00	461.00	383.00	370.00	373.00	377.00	437.00	468.00	609.00	694.00	775.00	685.00	633.00	688.00	691.00	682.00	678.00	627.00	634.00	630.00	693.00	775.00	816.00	788.00	751.00	787.00	738.00	693.00	727.00	732.00	678.00	629.00	533.00	626.00	624.00	685.00	740.00	901.00	897.00	878.00	781.00	742.00	809.00	900.00	841.00	833.00	780.00	741.00	714.00	644.00	571.00	530.00	521.00	526.00	579.00	782.00	823.00	822.00	814.00	774.00	813.00	766.00	778.00	824.00	973.00	934.00	1019.00	995.00	951.00	896.00	868.00	804.00	776.00	762.00	806.00	771.00	741.00	790.00	770.00	801.00	780.00	715.00	768.00	756.00	725.00	677.00	660.00	633.00	609.00	586.00	573.00	680.00	733.00	799.00	753.00	753.00	720.00	681.00	665.00	657.00	697.00	680.00	684.00	742.00	891.00	838.00	875.00	820.00	746.00	712.00	694.00	713.00	813.00	716.00	741.00	735.00	748.00	732.00	681.00	672.00	718.00	744.00	843.00	755.00	733.00	748.00	713.00	803.00	841.00	831.00	810.00	895.00	891.00	950.00	993.00	1065.00	1065.00	1174.00	1258.00	1252.00	1149.00	1138.00	1156.00	1091.00	1044.00	1123.00	1060.00	982.00	975.00	962.00	920.00	896.00	955.00	914.00	960.00	920.00	957.00	982.00	1012.00	955.00	924.00	926.00	965.00	966.00	918.00	818.00	872.00	1017.00	1080.00	1044.00	954.00	892.00	852.00	866.00	924.00	978.00	1182.00	1133.00	1075.00	1032.00	982.00	896.00	880.00	855.00	863.00	820.00	733.00	724.00	662.00	738.00	855.00	980.00	1047.00	1074.00	1046.00	975.00	862.00	604.00	519.00	526.00	597.00	663.00
593.00	595.00	678.00	649.00	626.00	643.00	649.00	639.00	617.00	485.00	574.00	661.00	725.00	751.00	801.00	724.00	771.00	819.00	721.00	766.00	678.00	782.00	868.00	872.00	837.00	754.00	816.00	815.00	813.00	894.00	820.00	734.00	644.00	641.00	614.00	685.00	620.00	474.00	462.00	457.00	448.00	468.00	518.00	590.00	605.00	500.00	637.00	537.00	558.00	675.00	655.00	500.00	534.00	558.00	524.00	384.00	375.00	375.00	376.00	402.00	453.00	506.00	644.00	619.00	731.00	689.00	633.00	593.00	588.00	636.00	576.00	562.00	638.00	682.00	722.00	764.00	813.00	738.00	666.00	698.00	705.00	697.00	636.00	631.00	572.00	575.00	544.00	660.00	728.00	801.00	818.00	814.00	903.00	950.00	838.00	813.00	877.00	887.00	792.00	749.00	712.00	696.00	637.00	670.00	669.00	577.00	541.00	528.00	521.00	693.00	667.00	668.00	743.00	821.00	755.00	705.00	786.00	773.00	851.00	863.00	857.00	858.00	819.00	864.00	826.00	752.00	730.00	739.00	713.00	715.00	791.00	818.00	822.00	772.00	712.00	693.00	799.00	821.00	759.00	724.00	673.00	637.00	627.00	595.00	588.00	730.00	765.00	726.00	700.00	773.00	711.00	715.00	773.00	727.00	713.00	720.00	654.00	710.00	876.00	929.00	820.00	736.00	712.00	788.00	778.00	729.00	774.00	730.00	768.00	784.00	745.00	707.00	747.00	742.00	674.00	730.00	844.00	851.00	798.00	809.00	737.00	845.00	915.00	938.00	865.00	944.00	1018.00	971.00	1130.00	1169.00	1082.00	1220.00	1312.00	1300.00	1184.00	1151.00	1180.00	1167.00	1163.00	1124.00	1059.00	994.00	931.00	967.00	916.00	858.00	933.00	905.00	891.00	892.00	942.00	983.00	982.00	921.00	860.00	835.00	902.00	936.00	958.00	830.00	806.00	967.00	1022.00	956.00	882.00	827.00	809.00	809.00	856.00	900.00	1086.00	1115.00	1082.00	1014.00	947.00	834.00	800.00	824.00	801.00	813.00	834.00	770.00	732.00	830.00	1057.00	1083.00	1082.00	1005.00	914.00	843.00	723.00	525.00	502.00	520.00	554.00	617.00
622.00	576.00	549.00	561.00	592.00	634.00	573.00	541.00	508.00	479.00	456.00	546.00	637.00	707.00	729.00	611.00	723.00	772.00	680.00	663.00	631.00	689.00	720.00	737.00	875.00	849.00	888.00	917.00	901.00	911.00	788.00	752.00	700.00	590.00	539.00	597.00	524.00	502.00	524.00	516.00	484.00	497.00	555.00	585.00	678.00	599.00	643.00	585.00	573.00	679.00	621.00	541.00	587.00	484.00	394.00	381.00	381.00	389.00	398.00	424.00	510.00	579.00	564.00	640.00	635.00	635.00	607.00	592.00	537.00	629.00	533.00	570.00	639.00	663.00	627.00	724.00	783.00	754.00	697.00	675.00	643.00	622.00	596.00	629.00	642.00	684.00	551.00	644.00	714.00	688.00	710.00	917.00	933.00	950.00	937.00	949.00	833.00	887.00	901.00	877.00	835.00	768.00	732.00	730.00	620.00	576.00	587.00	576.00	549.00	595.00	672.00	760.00	804.00	862.00	743.00	686.00	675.00	700.00	784.00	808.00	801.00	757.00	812.00	826.00	854.00	739.00	702.00	706.00	709.00	781.00	789.00	737.00	830.00	756.00	681.00	702.00	793.00	795.00	724.00	727.00	717.00	655.00	630.00	607.00	594.00	745.00	716.00	665.00	711.00	789.00	752.00	726.00	806.00	791.00	759.00	719.00	687.00	694.00	804.00	863.00	788.00	774.00	798.00	848.00	801.00	816.00	837.00	819.00	792.00	852.00	746.00	789.00	720.00	767.00	735.00	695.00	866.00	903.00	869.00	846.00	756.00	910.00	959.00	967.00	945.00	974.00	1082.00	1089.00	1044.00	1159.00	1177.00	1267.00	1335.00	1301.00	1157.00	1107.00	1045.00	1029.00	1036.00	1092.00	1065.00	1017.00	946.00	872.00	902.00	830.00	905.00	885.00	851.00	931.00	971.00	969.00	920.00	927.00	901.00	850.00	792.00	871.00	937.00	985.00	945.00	805.00	864.00	863.00	833.00	789.00	771.00	802.00	816.00	850.00	943.00	1026.00	1083.00	1047.00	963.00	831.00	776.00	746.00	765.00	747.00	857.00	879.00	815.00	871.00	950.00	904.00	850.00	760.00	659.00	601.00	538.00	525.00	561.00	613.00	527.00	570.00
690.00	640.00	592.00	591.00	546.00	533.00	552.00	598.00	562.00	489.00	450.00	469.00	571.00	585.00	573.00	559.00	635.00	717.00	691.00	608.00	656.00	732.00	760.00	837.00	905.00	955.00	968.00	866.00	759.00	825.00	823.00	685.00	652.00	625.00	647.00	554.00	499.00	522.00	591.00	539.00	562.00	547.00	666.00	673.00	689.00	695.00	639.00	628.00	591.00	658.00	672.00	427.00	400.00	383.00	386.00	414.00	434.00	463.00	462.00	439.00	527.00	525.00	647.00	704.00	580.00	573.00	591.00	563.00	524.00	574.00	521.00	604.00	584.00	580.00	661.00	662.00	701.00	751.00	768.00	736.00	730.00	719.00	678.00	759.00	731.00	666.00	562.00	588.00	637.00	703.00	757.00	869.00	802.00	829.00	927.00	924.00	776.00	744.00	761.00	766.00	747.00	698.00	637.00	628.00	648.00	691.00	651.00	587.00	556.00	557.00	726.00	809.00	879.00	766.00	845.00	742.00	644.00	667.00	751.00	834.00	773.00	722.00	766.00	758.00	755.00	734.00	692.00	746.00	801.00	823.00	784.00	762.00	725.00	682.00	742.00	751.00	769.00	825.00	792.00	789.00	735.00	654.00	635.00	614.00	589.00	649.00	654.00	733.00	701.00	751.00	814.00	762.00	792.00	848.00	793.00	745.00	734.00	749.00	828.00	825.00	837.00	867.00	869.00	870.00	854.00	820.00	864.00	915.00	921.00	830.00	761.00	821.00	769.00	794.00	758.00	737.00	790.00	869.00	959.00	879.00	789.00	860.00	882.00	959.00	1061.00	1041.00	1162.00	1125.00	1139.00	1192.00	1351.00	1364.00	1410.00	1398.00	1270.00	1166.00	1068.00	1100.00	972.00	989.00	1030.00	1038.00	977.00	866.00	832.00	815.00	918.00	880.00	892.00	948.00	957.00	917.00	820.00	900.00	905.00	844.00	772.00	840.00	922.00	991.00	962.00	839.00	769.00	760.00	775.00	753.00	781.00	801.00	824.00	851.00	937.00	971.00	1035.00	1062.00	981.00	840.00	776.00	728.00	686.00	746.00	864.00	776.00	753.00	702.00	692.00	648.00	608.00	560.00	518.00	526.00	551.00	644.00	629.00	696.00	593.00	543.00
724.00	724.00	702.00	704.00	665.00	625.00	696.00	611.00	500.00	460.00	470.00	458.00	458.00	458.00	465.00	517.00	565.00	628.00	581.00	686.00	794.00	834.00	890.00	849.00	896.00	954.00	943.00	859.00	733.00	681.00	784.00	715.00	627.00	635.00	643.00	560.00	505.00	541.00	653.00	602.00	567.00	659.00	704.00	798.00	762.00	629.00	726.00	695.00	676.00	727.00	708.00	387.00	402.00	405.00	418.00	520.00	559.00	596.00	566.00	533.00	561.00	628.00	619.00	583.00	545.00	533.00	511.00	557.00	495.00	510.00	508.00	521.00	510.00	591.00	600.00	609.00	644.00	632.00	681.00	758.00	762.00	701.00	708.00	793.00	729.00	697.00	653.00	569.00	643.00	735.00	800.00	717.00	785.00	926.00	934.00	899.00	773.00	797.00	726.00	712.00	657.00	692.00	721.00	769.00	701.00	616.00	599.00	623.00	616.00	540.00	642.00	746.00	738.00	660.00	803.00	754.00	635.00	644.00	721.00	777.00	697.00	712.00	761.00	789.00	755.00	665.00	687.00	791.00	795.00	759.00	729.00	719.00	678.00	772.00	789.00	814.00	835.00	829.00	751.00	696.00	675.00	649.00	654.00	637.00	610.00	675.00	689.00	725.00	757.00	768.00	789.00	833.00	824.00	881.00	851.00	827.00	819.00	805.00	796.00	843.00	900.00	920.00	913.00	840.00	785.00	821.00	893.00	966.00	962.00	859.00	830.00	832.00	827.00	840.00	825.00	836.00	747.00	850.00	919.00	911.00	820.00	968.00	1022.00	1008.00	1100.00	1074.00	1222.00	1194.00	1160.00	1235.00	1411.00	1403.00	1387.00	1365.00	1350.00	1240.00	1180.00	1191.00	1065.00	883.00	890.00	974.00	961.00	874.00	847.00	792.00	872.00	914.00	811.00	894.00	864.00	827.00	773.00	866.00	872.00	836.00	764.00	863.00	889.00	902.00	910.00	966.00	893.00	794.00	709.00	723.00	850.00	902.00	944.00	945.00	980.00	943.00	955.00	999.00	942.00	818.00	749.00	695.00	647.00	807.00	768.00	673.00	637.00	589.00	540.00	530.00	531.00	552.00	606.00	624.00	669.00	724.00	740.00	769.00	697.00	622.00
628.00	637.00	682.00	716.00	695.00	698.00	593.00	486.00	467.00	529.00	519.00	543.00	509.00	503.00	467.00	480.00	509.00	543.00	591.00	732.00	789.00	841.00	823.00	739.00	819.00	818.00	897.00	938.00	796.00	708.00	643.00	618.00	560.00	591.00	551.00	548.00	606.00	569.00	704.00	700.00	564.00	732.00	688.00	820.00	711.00	648.00	787.00	870.00	821.00	808.00	680.00	392.00	393.00	387.00	394.00	397.00	421.00	435.00	469.00	523.00	643.00	615.00	483.00	463.00	458.00	463.00	473.00	476.00	460.00	562.00	588.00	608.00	659.00	611.00	599.00	625.00	674.00	666.00	733.00	767.00	737.00	676.00	718.00	801.00	822.00	756.00	697.00	561.00	625.00	711.00	702.00	802.00	848.00	768.00	822.00	914.00	892.00	798.00	773.00	818.00	714.00	809.00	833.00	750.00	626.00	700.00	744.00	711.00	655.00	536.00	586.00	586.00	552.00	548.00	605.00	623.00	626.00	705.00	722.00	646.00	693.00	801.00	895.00	819.00	800.00	662.00	759.00	869.00	821.00	786.00	792.00	725.00	689.00	762.00	785.00	778.00	858.00	824.00	744.00	713.00	739.00	731.00	698.00	660.00	636.00	717.00	727.00	716.00	733.00	747.00	775.00	814.00	872.00	863.00	809.00	800.00	868.00	837.00	777.00	825.00	871.00	832.00	830.00	776.00	815.00	832.00	901.00	946.00	967.00	996.00	934.00	859.00	882.00	933.00	959.00	918.00	831.00	797.00	907.00	894.00	868.00	1028.00	1167.00	1164.00	1186.00	1146.00	1246.00	1349.00	1296.00	1311.00	1402.00	1328.00	1265.00	1231.00	1288.00	1249.00	1218.00	1130.00	1020.00	930.00	872.00	867.00	973.00	913.00	857.00	811.00	777.00	806.00	754.00	749.00	747.00	724.00	727.00	721.00	712.00	708.00	701.00	733.00	748.00	800.00	815.00	951.00	934.00	872.00	733.00	746.00	912.00	996.00	1073.00	1092.00	999.00	924.00	867.00	914.00	901.00	788.00	688.00	622.00	695.00	788.00	651.00	574.00	536.00	532.00	556.00	604.00	635.00	619.00	736.00	714.00	783.00	843.00	821.00	726.00	685.00	634.00
628.00	637.00	682.00	716.00	695.00	698.00	593.00	486.00	467.00	529.00	519.00	543.00	509.00	503.00	467.00	480.00	509.00	543.00	591.00	732.00	789.00	841.00	823.00	739.00	819.00	818.00	897.00	938.00	796.00	708.00	643.00	618.00	560.00	591.00	551.00	548.00	606.00	569.00	704.00	700.00	564.00	732.00	688.00	820.00	711.00	648.00	787.00	870.00	821.00	808.00	680.00	392.00	393.00	387.00	394.00	397.00	421.00	435.00	469.00	523.00	643.00	615.00	483.00	463.00	458.00	463.00	473.00	476.00	460.00	562.00	588.00	608.00	659.00	611.00	599.00	625.00	674.00	666.00	733.00	767.00	737.00	676.00	718.00	801.00	822.00	756.00	697.00	561.00	625.00	711.00	702.00	802.00	848.00	768.00	822.00	914.00	892.00	798.00	773.00	818.00	714.00	809.00	833.00	750.00	626.00	700.00	744.00	711.00	655.00	536.00	586.00	586.00	552.00	548.00	605.00	623.00	626.00	705.00	722.00	646.00	693.00	801.00	895.00	819.00	800.00	662.00	759.00	869.00	821.00	786.00	792.00	725.00	689.00	762.00	785.00	778.00	858.00	824.00	744.00	713.00	739.00	731.00	698.00	660.00	636.00	717.00	727.00	716.00	733.00	747.00	775.00	814.00	872.00	863.00	809.00	800.00	868.00	837.00	777.00	825.00	871.00	832.00	830.00	776.00	815.00	832.00	901.00	946.00	967.00	996.00	934.00	859.00	882.00	933.00	959.00	918.00	831.00	797.00	907.00	894.00	868.00	1028.00	1167.00	1164.00	1186.00	1146.00	1246.00	1349.00	1296.00	1311.00	1402.00	1328.00	1265.00	1231.00	1288.00	1249.00	1218.00	1130.00	1020.00	930.00	872.00	867.00	973.00	913.00	857.00	811.00	777.00	806.00	754.00	749.00	747.00	724.00	727.00	721.00	712.00	708.00	701.00	733.00	748.00	800.00	815.00	951.00	934.00	872.00	733.00	746.00	912.00	996.00	1073.00	1092.00	999.00	924.00	867.00	914.00	901.00	788.00	688.00	622.00	695.00	788.00	651.00	574.00	536.00	532.00	556.00	604.00	635.00	619.00	736.00	714.00	783.00	843.00	821.00	726.00	685.00	634.00
658.00	693.00	564.00	531.00	536.00	506.00	510.00	568.00	573.00	654.00	619.00	704.00	769.00	722.00	643.00	471.00	534.00	609.00	609.00	682.00	680.00	687.00	730.00	778.00	829.00	864.00	925.00	822.00	690.00	667.00	672.00	775.00	711.00	800.00	759.00	734.00	814.00	688.00	657.00	816.00	799.00	716.00	992.00	946.00	893.00	927.00	1008.00	1056.00	1003.00	859.00	770.00	524.00	461.00	446.00	436.00	427.00	432.00	411.00	404.00	405.00	405.00	404.00	401.00	403.00	407.00	412.00	425.00	442.00	463.00	550.00	576.00	569.00	603.00	714.00	654.00	679.00	682.00	746.00	821.00	752.00	691.00	701.00	729.00	812.00	900.00	820.00	729.00	572.00	600.00	633.00	639.00	662.00	664.00	700.00	755.00	752.00	895.00	952.00	930.00	913.00	782.00	718.00	667.00	722.00	845.00	730.00	667.00	593.00	587.00	733.00	706.00	702.00	653.00	613.00	624.00	618.00	570.00	561.00	630.00	634.00	641.00	704.00	660.00	817.00	790.00	685.00	813.00	835.00	758.00	696.00	636.00	669.00	821.00	848.00	813.00	807.00	805.00	781.00	784.00	837.00	877.00	727.00	670.00	654.00	732.00	659.00	641.00	667.00	672.00	718.00	779.00	821.00	854.00	878.00	846.00	812.00	752.00	795.00	759.00	735.00	749.00	735.00	766.00	847.00	866.00	927.00	961.00	822.00	864.00	892.00	939.00	898.00	848.00	871.00	886.00	900.00	938.00	888.00	925.00	973.00	999.00	1017.00	1034.00	1147.00	1281.00	1408.00	1295.00	1232.00	1309.00	1430.00	1286.00	1181.00	1159.00	1157.00	1059.00	1063.00	1043.00	1042.00	1078.00	996.00	991.00	935.00	845.00	889.00	879.00	866.00	869.00	876.00	849.00	831.00	814.00	791.00	804.00	788.00	774.00	765.00	754.00	705.00	688.00	677.00	660.00	766.00	803.00	826.00	814.00	713.00	860.00	900.00	930.00	923.00	919.00	909.00	875.00	830.00	773.00	732.00	687.00	619.00	576.00	548.00	580.00	613.00	679.00	669.00	755.00	800.00	833.00	740.00	864.00	887.00	885.00	862.00	847.00	786.00	707.00	687.00
658.00	693.00	564.00	531.00	536.00	506.00	510.00	568.00	573.00	654.00	619.00	704.00	769.00	722.00	643.00	471.00	534.00	609.00	609.00	682.00	680.00	687.00	730.00	778.00	829.00	864.00	925.00	822.00	690.00	667.00	672.00	775.00	711.00	800.00	759.00	734.00	814.00	688.00	657.00	816.00	799.00	716.00	992.00	946.00	893.00	927.00	1008.00	1056.00	1003.00	859.00	770.00	524.00	461.00	446.00	436.00	427.00	432.00	411.00	404.00	405.00	405.00	404.00	401.00	403.00	407.00	412.00	425.00	442.00	463.00	550.00	576.00	569.00	603.00	714.00	654.00	679.00	682.00	746.00	821.00	752.00	691.00	701.00	729.00	812.00	900.00	820.00	729.00	572.00	600.00	633.00	639.00	662.00	664.00	700.00	755.00	752.00	895.00	952.00	930.00	913.00	782.00	718.00	667.00	722.00	845.00	730.00	667.00	593.00	587.00	733.00	706.00	702.00	653.00	613.00	624.00	618.00	570.00	561.00	630.00	634.00	641.00	704.00	660.00	817.00	790.00	685.00	813.00	835.00	758.00	696.00	636.00	669.00	821.00	848.00	813.00	807.00	805.00	781.00	784.00	837.00	877.00	727.00	670.00	654.00	732.00	659.00	641.00	667.00	672.00	718.00	779.00	821.00	854.00	878.00	846.00	812.00	752.00	795.00	759.00	735.00	749.00	735.00	766.00	847.00	866.00	927.00	961.00	822.00	864.00	892.00	939.00	898.00	848.00	871.00	886.00	900.00	938.00	888.00	925.00	973.00	999.00	1017.00	1034.00	1147.00	1281.00	1408.00	1295.00	1232.00	1309.00	1430.00	1286.00	1181.00	1159.00	1157.00	1059.00	1063.00	1043.00	1042.00	1078.00	996.00	991.00	935.00	845.00	889.00	879.00	866.00	869.00	876.00	849.00	831.00	814.00	791.00	804.00	788.00	774.00	765.00	754.00	705.00	688.00	677.00	660.00	766.00	803.00	826.00	814.00	713.00	860.00	900.00	930.00	923.00	919.00	909.00	875.00	830.00	773.00	732.00	687.00	619.00	576.00	548.00	580.00	613.00	679.00	669.00	755.00	800.00	833.00	740.00	864.00	887.00	885.00	862.00	847.00	786.00	707.00	687.00
658.00	693.00	564.00	531.00	536.00	506.00	510.00	568.00	573.00	654.00	619.00	704.00	769.00	722.00	643.00	471.00	534.00	609.00	609.00	682.00	680.00	687.00	730.00	778.00	829.00	864.00	925.00	822.00	690.00	667.00	672.00	775.00	711.00	800.00	759.00	734.00	814.00	688.00	657.00	816.00	799.00	716.00	992.00	946.00	893.00	927.00	1008.00	1056.00	1003.00	859.00	770.00	524.00	461.00	446.00	436.00	427.00	432.00	411.00	404.00	405.00	405.00	404.00	401.00	403.00	407.00	412.00	425.00	442.00	463.00	550.00	576.00	569.00	603.00	714.00	654.00	679.00	682.00	746.00	821.00	752.00	691.00	701.00	729.00	812.00	900.00	820.00	729.00	572.00	600.00	633.00	639.00	662.00	664.00	700.00	755.00	752.00	895.00	952.00	930.00	913.00	782.00	718.00	667.00	722.00	845.00	730.00	667.00	593.00	587.00	733.00	706.00	702.00	653.00	613.00	624.00	618.00	570.00	561.00	630.00	634.00	641.00	704.00	660.00	817.00	790.00	685.00	813.00	835.00	758.00	696.00	636.00	669.00	821.00	848.00	813.00	807.00	805.00	781.00	784.00	837.00	877.00	727.00	670.00	654.00	732.00	659.00	641.00	667.00	672.00	718.00	779.00	821.00	854.00	878.00	846.00	812.00	752.00	795.00	759.00	735.00	749.00	735.00	766.00	847.00	866.00	927.00	961.00	822.00	864.00	892.00	939.00	898.00	848.00	871.00	886.00	900.00	938.00	888.00	925.00	973.00	999.00	1017.00	1034.00	1147.00	1281.00	1408.00	1295.00	1232.00	1309.00	1430.00	1286.00	1181.00	1159.00	1157.00	1059.00	1063.00	1043.00	1042.00	1078.00	996.00	991.00	935.00	845.00	889.00	879.00	866.00	869.00	876.00	849.00	831.00	814.00	791.00	804.00	788.00	774.00	765.00	754.00	705.00	688.00	677.00	660.00	766.00	803.00	826.00	814.00	713.00	860.00	900.00	930.00	923.00	919.00	909.00	875.00	830.00	773.00	732.00	687.00	619.00	576.00	548.00	580.00	613.00	679.00	669.00	755.00	800.00	833.00	740.00	864.00	887.00	885.00	862.00	847.00	786.00	707.00	687.00
606.00	574.00	526.00	497.00	496.00	537.00	597.00	648.00	669.00	656.00	715.00	743.00	785.00	700.00	614.00	474.00	523.00	607.00	677.00	798.00	827.00	802.00	779.00	724.00	757.00	827.00	905.00	885.00	816.00	798.00	746.00	802.00	726.00	852.00	896.00	883.00	794.00	699.00	723.00	876.00	905.00	704.00	978.00	1103.00	1097.00	1055.00	1085.00	1073.00	1039.00	999.00	964.00	660.00	660.00	622.00	539.00	446.00	475.00	471.00	457.00	453.00	454.00	460.00	454.00	431.00	401.00	401.00	410.00	423.00	435.00	489.00	513.00	537.00	552.00	573.00	586.00	658.00	689.00	736.00	792.00	717.00	748.00	754.00	731.00	776.00	862.00	815.00	784.00	615.00	584.00	692.00	738.00	777.00	780.00	768.00	737.00	726.00	814.00	937.00	939.00	837.00	728.00	705.00	789.00	839.00	782.00	653.00	583.00	628.00	667.00	760.00	779.00	700.00	642.00	597.00	685.00	707.00	627.00	607.00	573.00	573.00	575.00	583.00	588.00	668.00	726.00	714.00	815.00	751.00	746.00	662.00	630.00	699.00	788.00	822.00	765.00	766.00	813.00	780.00	770.00	834.00	844.00	732.00	684.00	675.00	711.00	683.00	670.00	701.00	698.00	784.00	823.00	813.00	830.00	897.00	826.00	816.00	751.00	736.00	753.00	723.00	722.00	747.00	786.00	864.00	920.00	917.00	877.00	825.00	883.00	929.00	977.00	895.00	930.00	954.00	936.00	911.00	909.00	985.00	1010.00	1084.00	1086.00	1181.00	1160.00	1200.00	1308.00	1228.00	1147.00	1081.00	1280.00	1266.00	1221.00	1174.00	1090.00	1138.00	1123.00	1074.00	1024.00	977.00	953.00	977.00	932.00	866.00	825.00	905.00	913.00	911.00	906.00	895.00	846.00	841.00	829.00	824.00	801.00	783.00	750.00	720.00	709.00	728.00	728.00	702.00	686.00	664.00	691.00	719.00	728.00	678.00	783.00	825.00	835.00	810.00	833.00	838.00	848.00	835.00	811.00	729.00	655.00	568.00	566.00	594.00	694.00	721.00	723.00	773.00	850.00	873.00	877.00	827.00	887.00	891.00	885.00	855.00	813.00	735.00	777.00	824.00
684.00	596.00	501.00	527.00	617.00	672.00	726.00	705.00	775.00	746.00	821.00	715.00	647.00	551.00	494.00	503.00	534.00	595.00	640.00	739.00	773.00	702.00	664.00	712.00	847.00	891.00	970.00	969.00	1005.00	975.00	835.00	888.00	734.00	904.00	999.00	883.00	784.00	834.00	768.00	892.00	1018.00	803.00	959.00	1101.00	1129.00	1045.00	941.00	913.00	879.00	865.00	812.00	683.00	625.00	535.00	467.00	484.00	527.00	550.00	544.00	520.00	572.00	589.00	594.00	642.00	439.00	408.00	400.00	408.00	417.00	473.00	501.00	496.00	485.00	531.00	568.00	592.00	605.00	653.00	809.00	747.00	813.00	825.00	814.00	857.00	887.00	809.00	751.00	635.00	583.00	614.00	679.00	813.00	866.00	879.00	828.00	762.00	895.00	957.00	870.00	814.00	715.00	815.00	868.00	822.00	731.00	595.00	661.00	690.00	745.00	774.00	714.00	683.00	680.00	590.00	679.00	753.00	696.00	694.00	629.00	619.00	616.00	637.00	633.00	587.00	601.00	730.00	765.00	668.00	693.00	620.00	671.00	738.00	807.00	776.00	717.00	719.00	722.00	714.00	760.00	808.00	849.00	800.00	710.00	707.00	760.00	712.00	717.00	754.00	773.00	806.00	872.00	859.00	798.00	808.00	804.00	769.00	730.00	748.00	787.00	722.00	731.00	789.00	834.00	933.00	924.00	891.00	819.00	887.00	940.00	946.00	971.00	896.00	895.00	873.00	846.00	873.00	927.00	1049.00	1085.00	1122.00	1177.00	1301.00	1269.00	1199.00	1177.00	1096.00	1029.00	1129.00	1278.00	1208.00	1154.00	1115.00	1099.00	1061.00	1014.00	1015.00	998.00	988.00	937.00	870.00	868.00	898.00	897.00	961.00	975.00	972.00	956.00	929.00	911.00	913.00	878.00	837.00	763.00	732.00	735.00	776.00	805.00	778.00	705.00	807.00	789.00	649.00	640.00	644.00	652.00	640.00	693.00	703.00	710.00	703.00	741.00	766.00	792.00	818.00	804.00	682.00	583.00	558.00	596.00	622.00	692.00	776.00	824.00	855.00	886.00	890.00	888.00	883.00	893.00	893.00	888.00	855.00	849.00	816.00	857.00	869.00
652.00	546.00	508.00	574.00	617.00	679.00	847.00	849.00	851.00	782.00	647.00	566.00	509.00	483.00	484.00	574.00	581.00	531.00	560.00	688.00	646.00	640.00	710.00	780.00	891.00	845.00	841.00	865.00	1045.00	1118.00	1000.00	927.00	771.00	981.00	922.00	855.00	845.00	969.00	867.00	906.00	1022.00	979.00	1042.00	1109.00	1057.00	941.00	793.00	748.00	727.00	665.00	609.00	507.00	500.00	513.00	534.00	532.00	618.00	646.00	616.00	533.00	685.00	759.00	761.00	680.00	531.00	495.00	461.00	423.00	407.00	408.00	408.00	437.00	490.00	633.00	555.00	638.00	708.00	717.00	798.00	827.00	841.00	900.00	796.00	806.00	807.00	807.00	725.00	694.00	620.00	587.00	712.00	826.00	847.00	822.00	835.00	861.00	929.00	974.00	903.00	854.00	760.00	860.00	858.00	802.00	689.00	590.00	657.00	736.00	790.00	744.00	737.00	713.00	641.00	585.00	669.00	746.00	751.00	680.00	745.00	676.00	685.00	718.00	649.00	658.00	634.00	612.00	613.00	609.00	613.00	618.00	646.00	673.00	700.00	741.00	705.00	681.00	687.00	706.00	728.00	791.00	869.00	795.00	717.00	714.00	776.00	802.00	791.00	803.00	852.00	824.00	865.00	883.00	813.00	768.00	730.00	726.00	736.00	800.00	767.00	715.00	726.00	799.00	860.00	882.00	837.00	847.00	764.00	883.00	918.00	871.00	838.00	810.00	824.00	865.00	885.00	892.00	968.00	1091.00	1157.00	1154.00	1211.00	1219.00	1111.00	1074.00	1028.00	1018.00	1005.00	1116.00	1328.00	1316.00	1305.00	1228.00	1129.00	1069.00	998.00	1032.00	991.00	991.00	949.00	962.00	974.00	1010.00	960.00	1059.00	1046.00	1028.00	1001.00	981.00	919.00	849.00	792.00	771.00	790.00	815.00	819.00	891.00	870.00	736.00	757.00	805.00	757.00	763.00	707.00	651.00	630.00	626.00	628.00	623.00	620.00	618.00	635.00	652.00	677.00	726.00	725.00	611.00	567.00	563.00	627.00	676.00	676.00	766.00	819.00	821.00	816.00	844.00	864.00	879.00	893.00	894.00	893.00	872.00	852.00	853.00	873.00	881.00
533.00	517.00	586.00	707.00	720.00	678.00	792.00	852.00	721.00	571.00	494.00	492.00	494.00	513.00	533.00	523.00	612.00	641.00	616.00	632.00	680.00	763.00	801.00	799.00	744.00	832.00	949.00	1017.00	922.00	1019.00	1116.00	955.00	825.00	1003.00	946.00	975.00	962.00	1111.00	1049.00	1022.00	1119.00	1104.00	1052.00	981.00	930.00	877.00	681.00	621.00	605.00	593.00	552.00	644.00	638.00	706.00	725.00	620.00	721.00	755.00	636.00	626.00	777.00	789.00	830.00	744.00	656.00	592.00	529.00	521.00	480.00	419.00	412.00	408.00	436.00	733.00	655.00	604.00	603.00	629.00	746.00	834.00	935.00	891.00	752.00	718.00	709.00	736.00	739.00	654.00	616.00	604.00	601.00	723.00	683.00	735.00	744.00	799.00	962.00	903.00	830.00	781.00	848.00	919.00	846.00	779.00	670.00	648.00	665.00	734.00	780.00	680.00	643.00	612.00	594.00	609.00	726.00	731.00	749.00	749.00	793.00	697.00	728.00	723.00	652.00	782.00	810.00	722.00	703.00	684.00	683.00	655.00	706.00	667.00	638.00	642.00	649.00	680.00	684.00	768.00	787.00	805.00	839.00	798.00	752.00	726.00	740.00	815.00	792.00	777.00	793.00	786.00	773.00	826.00	788.00	764.00	734.00	709.00	801.00	836.00	770.00	731.00	703.00	778.00	810.00	797.00	768.00	757.00	740.00	813.00	799.00	774.00	757.00	790.00	875.00	856.00	853.00	916.00	987.00	1040.00	1063.00	1075.00	1037.00	1020.00	998.00	952.00	1011.00	973.00	979.00	1055.00	1309.00	1384.00	1247.00	1137.00	1153.00	1227.00	1111.00	1109.00	1093.00	1060.00	974.00	1096.00	1101.00	1075.00	1044.00	976.00	942.00	916.00	896.00	884.00	800.00	812.00	847.00	833.00	870.00	866.00	872.00	899.00	872.00	731.00	827.00	804.00	771.00	843.00	795.00	785.00	725.00	654.00	633.00	624.00	618.00	613.00	599.00	597.00	597.00	607.00	607.00	575.00	570.00	581.00	643.00	753.00	702.00	710.00	724.00	734.00	798.00	788.00	795.00	844.00	884.00	895.00	900.00	879.00	868.00	859.00	879.00	894.00
525.00	543.00	670.00	704.00	785.00	831.00	763.00	732.00	563.00	498.00	504.00	520.00	542.00	596.00	632.00	573.00	543.00	563.00	628.00	736.00	738.00	700.00	660.00	689.00	792.00	916.00	1029.00	1104.00	1074.00	1062.00	1136.00	1013.00	955.00	1078.00	1036.00	1116.00	1126.00	1185.00	1170.00	1147.00	1162.00	1095.00	957.00	871.00	793.00	745.00	658.00	730.00	771.00	729.00	611.00	821.00	819.00	831.00	760.00	790.00	831.00	736.00	685.00	799.00	815.00	749.00	688.00	705.00	752.00	699.00	635.00	543.00	471.00	429.00	412.00	411.00	442.00	659.00	657.00	688.00	691.00	720.00	784.00	904.00	892.00	804.00	786.00	731.00	667.00	665.00	673.00	673.00	667.00	645.00	620.00	605.00	654.00	727.00	740.00	796.00	948.00	861.00	842.00	859.00	895.00	896.00	834.00	739.00	627.00	734.00	748.00	733.00	746.00	678.00	625.00	595.00	626.00	656.00	798.00	812.00	832.00	834.00	757.00	728.00	700.00	704.00	681.00	742.00	843.00	775.00	722.00	743.00	680.00	665.00	775.00	746.00	680.00	741.00	718.00	652.00	763.00	804.00	869.00	880.00	880.00	822.00	810.00	799.00	774.00	863.00	863.00	834.00	835.00	749.00	736.00	742.00	757.00	746.00	707.00	703.00	809.00	837.00	818.00	762.00	688.00	713.00	731.00	739.00	725.00	725.00	718.00	735.00	740.00	762.00	773.00	772.00	833.00	882.00	921.00	951.00	934.00	897.00	883.00	878.00	898.00	950.00	932.00	964.00	993.00	929.00	952.00	1023.00	1163.00	1295.00	1242.00	1263.00	1348.00	1373.00	1186.00	1173.00	1082.00	1030.00	1047.00	1139.00	1111.00	1113.00	1130.00	1065.00	1049.00	1018.00	994.00	945.00	833.00	920.00	929.00	843.00	935.00	942.00	913.00	856.00	808.00	746.00	845.00	864.00	825.00	863.00	829.00	771.00	700.00	727.00	747.00	692.00	745.00	765.00	705.00	686.00	646.00	603.00	581.00	595.00	579.00	627.00	706.00	811.00	803.00	815.00	810.00	781.00	857.00	871.00	835.00	813.00	884.00	895.00	903.00	903.00	897.00	876.00	889.00	907.00
582.00	577.00	663.00	721.00	774.00	815.00	789.00	642.00	519.00	500.00	519.00	553.00	583.00	618.00	689.00	726.00	672.00	616.00	612.00	621.00	630.00	684.00	816.00	901.00	727.00	782.00	853.00	902.00	987.00	1048.00	1196.00	1197.00	1109.00	1169.00	1155.00	1217.00	1273.00	1273.00	1308.00	1228.00	1116.00	987.00	874.00	789.00	744.00	757.00	803.00	868.00	905.00	845.00	730.00	870.00	952.00	925.00	821.00	937.00	919.00	866.00	861.00	940.00	814.00	763.00	625.00	592.00	624.00	606.00	549.00	519.00	503.00	411.00	409.00	416.00	459.00	572.00	632.00	706.00	790.00	808.00	844.00	913.00	952.00	880.00	695.00	708.00	741.00	752.00	821.00	733.00	681.00	656.00	636.00	604.00	611.00	671.00	716.00	799.00	946.00	917.00	957.00	890.00	793.00	753.00	742.00	696.00	668.00	732.00	794.00	771.00	724.00	694.00	624.00	602.00	645.00	717.00	899.00	984.00	991.00	988.00	809.00	829.00	766.00	799.00	735.00	683.00	778.00	792.00	776.00	761.00	694.00	648.00	716.00	773.00	779.00	797.00	746.00	704.00	803.00	822.00	803.00	815.00	794.00	793.00	830.00	823.00	840.00	850.00	849.00	902.00	868.00	795.00	750.00	720.00	751.00	786.00	694.00	719.00	846.00	833.00	736.00	705.00	675.00	681.00	688.00	693.00	697.00	701.00	706.00	756.00	795.00	818.00	818.00	806.00	888.00	902.00	898.00	873.00	876.00	816.00	801.00	823.00	859.00	973.00	912.00	880.00	890.00	941.00	972.00	1018.00	1031.00	1115.00	1312.00	1353.00	1384.00	1397.00	1349.00	1280.00	1226.00	1165.00	1099.00	1207.00	1244.00	1261.00	1232.00	1104.00	1047.00	1028.00	964.00	884.00	969.00	985.00	919.00	814.00	945.00	944.00	881.00	830.00	894.00	778.00	827.00	947.00	894.00	838.00	767.00	746.00	756.00	833.00	745.00	771.00	837.00	852.00	849.00	840.00	749.00	616.00	617.00	700.00	586.00	642.00	739.00	849.00	868.00	876.00	872.00	856.00	848.00	884.00	874.00	845.00	864.00	877.00	888.00	907.00	912.00	894.00	897.00	904.00
674.00	632.00	675.00	718.00	737.00	801.00	744.00	631.00	515.00	506.00	544.00	542.00	551.00	589.00	623.00	752.00	804.00	782.00	770.00	740.00	835.00	814.00	850.00	997.00	854.00	881.00	859.00	906.00	935.00	1027.00	1175.00	1269.00	1299.00	1314.00	1304.00	1327.00	1412.00	1368.00	1341.00	1234.00	1098.00	923.00	832.00	832.00	830.00	910.00	948.00	981.00	1019.00	950.00	844.00	818.00	951.00	993.00	956.00	1063.00	1075.00	1051.00	1036.00	958.00	856.00	805.00	719.00	750.00	637.00	605.00	645.00	598.00	469.00	411.00	435.00	472.00	535.00	666.00	729.00	716.00	738.00	672.00	749.00	885.00	984.00	901.00	765.00	803.00	802.00	869.00	884.00	727.00	677.00	650.00	626.00	620.00	611.00	659.00	740.00	825.00	922.00	930.00	922.00	935.00	834.00	751.00	697.00	672.00	716.00	787.00	815.00	761.00	719.00	650.00	637.00	608.00	658.00	777.00	934.00	1031.00	1076.00	1087.00	903.00	894.00	849.00	789.00	744.00	644.00	735.00	829.00	782.00	699.00	694.00	737.00	676.00	694.00	793.00	805.00	775.00	765.00	706.00	733.00	730.00	740.00	738.00	783.00	830.00	815.00	779.00	887.00	817.00	793.00	800.00	786.00	763.00	723.00	724.00	818.00	683.00	738.00	845.00	841.00	732.00	677.00	674.00	699.00	711.00	756.00	757.00	734.00	761.00	772.00	812.00	879.00	891.00	886.00	883.00	848.00	791.00	777.00	800.00	817.00	856.00	890.00	916.00	853.00	841.00	884.00	913.00	991.00	1010.00	1088.00	1152.00	1161.00	1172.00	1221.00	1232.00	1190.00	1200.00	1233.00	1216.00	1270.00	1266.00	1271.00	1341.00	1291.00	1189.00	986.00	948.00	910.00	889.00	871.00	969.00	901.00	843.00	857.00	1021.00	963.00	886.00	886.00	929.00	802.00	802.00	988.00	966.00	816.00	833.00	798.00	865.00	872.00	843.00	864.00	860.00	881.00	843.00	792.00	732.00	614.00	626.00	698.00	595.00	629.00	668.00	775.00	881.00	891.00	893.00	888.00	867.00	891.00	897.00	886.00	894.00	909.00	915.00	918.00	922.00	912.00	907.00	898.00
674.00	632.00	675.00	718.00	737.00	801.00	744.00	631.00	515.00	506.00	544.00	542.00	551.00	589.00	623.00	752.00	804.00	782.00	770.00	740.00	835.00	814.00	850.00	997.00	854.00	881.00	859.00	906.00	935.00	1027.00	1175.00	1269.00	1299.00	1314.00	1304.00	1327.00	1412.00	1368.00	1341.00	1234.00	1098.00	923.00	832.00	832.00	830.00	910.00	948.00	981.00	1019.00	950.00	844.00	818.00	951.00	993.00	956.00	1063.00	1075.00	1051.00	1036.00	958.00	856.00	805.00	719.00	750.00	637.00	605.00	645.00	598.00	469.00	411.00	435.00	472.00	535.00	666.00	729.00	716.00	738.00	672.00	749.00	885.00	984.00	901.00	765.00	803.00	802.00	869.00	884.00	727.00	677.00	650.00	626.00	620.00	611.00	659.00	740.00	825.00	922.00	930.00	922.00	935.00	834.00	751.00	697.00	672.00	716.00	787.00	815.00	761.00	719.00	650.00	637.00	608.00	658.00	777.00	934.00	1031.00	1076.00	1087.00	903.00	894.00	849.00	789.00	744.00	644.00	735.00	829.00	782.00	699.00	694.00	737.00	676.00	694.00	793.00	805.00	775.00	765.00	706.00	733.00	730.00	740.00	738.00	783.00	830.00	815.00	779.00	887.00	817.00	793.00	800.00	786.00	763.00	723.00	724.00	818.00	683.00	738.00	845.00	841.00	732.00	677.00	674.00	699.00	711.00	756.00	757.00	734.00	761.00	772.00	812.00	879.00	891.00	886.00	883.00	848.00	791.00	777.00	800.00	817.00	856.00	890.00	916.00	853.00	841.00	884.00	913.00	991.00	1010.00	1088.00	1152.00	1161.00	1172.00	1221.00	1232.00	1190.00	1200.00	1233.00	1216.00	1270.00	1266.00	1271.00	1341.00	1291.00	1189.00	986.00	948.00	910.00	889.00	871.00	969.00	901.00	843.00	857.00	1021.00	963.00	886.00	886.00	929.00	802.00	802.00	988.00	966.00	816.00	833.00	798.00	865.00	872.00	843.00	864.00	860.00	881.00	843.00	792.00	732.00	614.00	626.00	698.00	595.00	629.00	668.00	775.00	881.00	891.00	893.00	888.00	867.00	891.00	897.00	886.00	894.00	909.00	915.00	918.00	922.00	912.00	907.00	898.00
750.00	705.00	713.00	689.00	700.00	782.00	791.00	640.00	510.00	508.00	599.00	602.00	628.00	604.00	585.00	640.00	734.00	839.00	878.00	933.00	974.00	1059.00	1010.00	1032.00	1007.00	1045.00	1037.00	1073.00	1043.00	996.00	1121.00	1176.00	1263.00	1437.00	1465.00	1446.00	1499.00	1404.00	1279.00	1168.00	1065.00	895.00	959.00	939.00	942.00	991.00	1074.00	1107.00	1133.00	1025.00	904.00	769.00	916.00	1035.00	1101.00	1182.00	1213.00	1202.00	1125.00	1052.00	926.00	843.00	866.00	810.00	668.00	620.00	591.00	546.00	489.00	424.00	479.00	560.00	640.00	698.00	618.00	580.00	601.00	648.00	802.00	925.00	915.00	825.00	809.00	877.00	891.00	906.00	806.00	696.00	660.00	649.00	674.00	654.00	633.00	640.00	689.00	729.00	790.00	836.00	817.00	813.00	729.00	707.00	731.00	764.00	717.00	842.00	785.00	749.00	720.00	717.00	696.00	651.00	639.00	718.00	1022.00	1085.00	1097.00	1059.00	851.00	804.00	812.00	738.00	702.00	665.00	668.00	748.00	807.00	725.00	717.00	760.00	773.00	702.00	715.00	777.00	833.00	796.00	706.00	719.00	752.00	730.00	708.00	812.00	830.00	839.00	806.00	820.00	845.00	824.00	766.00	744.00	773.00	737.00	707.00	721.00	677.00	706.00	827.00	785.00	707.00	664.00	669.00	699.00	711.00	765.00	806.00	813.00	810.00	859.00	845.00	880.00	931.00	894.00	834.00	771.00	743.00	797.00	751.00	927.00	944.00	879.00	824.00	848.00	906.00	917.00	994.00	1073.00	1132.00	1145.00	1246.00	1208.00	1127.00	1063.00	1162.00	1085.00	1018.00	1056.00	1095.00	1211.00	1245.00	1318.00	1366.00	1261.00	1125.00	1065.00	994.00	971.00	952.00	904.00	921.00	880.00	936.00	955.00	1075.00	1023.00	993.00	969.00	988.00	849.00	822.00	934.00	967.00	892.00	905.00	880.00	949.00	924.00	940.00	933.00	899.00	856.00	726.00	690.00	660.00	622.00	615.00	757.00	653.00	629.00	738.00	717.00	848.00	882.00	892.00	895.00	892.00	896.00	906.00	909.00	897.00	911.00	922.00	935.00	941.00	934.00	925.00	920.00
796.00	787.00	828.00	861.00	839.00	788.00	583.00	524.00	524.00	570.00	712.00	687.00	696.00	746.00	779.00	829.00	788.00	803.00	713.00	675.00	708.00	772.00	858.00	949.00	1064.00	1132.00	1204.00	1242.00	1260.00	1175.00	1224.00	1316.00	1404.00	1522.00	1603.00	1656.00	1544.00	1325.00	1243.00	1120.00	1018.00	1088.00	1137.00	1223.00	1264.00	1369.00	1337.00	1250.00	1133.00	1000.00	909.00	863.00	864.00	997.00	1167.00	1456.00	1327.00	1168.00	1071.00	992.00	796.00	709.00	626.00	605.00	549.00	493.00	495.00	512.00	568.00	451.00	433.00	449.00	570.00	606.00	713.00	793.00	812.00	831.00	819.00	894.00	973.00	896.00	764.00	804.00	777.00	742.00	712.00	688.00	788.00	888.00	834.00	706.00	680.00	637.00	658.00	700.00	771.00	822.00	876.00	871.00	778.00	747.00	711.00	749.00	750.00	817.00	853.00	842.00	834.00	845.00	864.00	769.00	666.00	635.00	779.00	810.00	795.00	814.00	796.00	773.00	792.00	809.00	763.00	721.00	741.00	696.00	700.00	801.00	810.00	797.00	794.00	806.00	729.00	797.00	811.00	774.00	786.00	819.00	847.00	835.00	830.00	804.00	848.00	813.00	760.00	742.00	824.00	799.00	735.00	680.00	689.00	686.00	676.00	670.00	663.00	663.00	657.00	658.00	660.00	653.00	660.00	706.00	765.00	819.00	841.00	910.00	953.00	953.00	1018.00	965.00	877.00	863.00	806.00	719.00	691.00	704.00	845.00	789.00	780.00	827.00	859.00	994.00	1037.00	1062.00	1117.00	1157.00	1146.00	1092.00	1185.00	1187.00	1001.00	960.00	1091.00	1132.00	899.00	930.00	917.00	978.00	1138.00	1148.00	1196.00	1311.00	1354.00	1179.00	1056.00	1080.00	1065.00	1175.00	995.00	995.00	1083.00	1145.00	1296.00	1247.00	1187.00	1181.00	1106.00	916.00	861.00	1120.00	1143.00	1127.00	1092.00	1075.00	1071.00	1046.00	974.00	934.00	887.00	843.00	840.00	761.00	687.00	626.00	680.00	797.00	777.00	652.00	649.00	808.00	841.00	843.00	854.00	870.00	895.00	902.00	911.00	922.00	942.00	938.00	943.00	965.00	973.00	967.00	953.00	942.00
796.00	787.00	828.00	861.00	839.00	788.00	583.00	524.00	524.00	570.00	712.00	687.00	696.00	746.00	779.00	829.00	788.00	803.00	713.00	675.00	708.00	772.00	858.00	949.00	1064.00	1132.00	1204.00	1242.00	1260.00	1175.00	1224.00	1316.00	1404.00	1522.00	1603.00	1656.00	1544.00	1325.00	1243.00	1120.00	1018.00	1088.00	1137.00	1223.00	1264.00	1369.00	1337.00	1250.00	1133.00	1000.00	909.00	863.00	864.00	997.00	1167.00	1456.00	1327.00	1168.00	1071.00	992.00	796.00	709.00	626.00	605.00	549.00	493.00	495.00	512.00	568.00	451.00	433.00	449.00	570.00	606.00	713.00	793.00	812.00	831.00	819.00	894.00	973.00	896.00	764.00	804.00	777.00	742.00	712.00	688.00	788.00	888.00	834.00	706.00	680.00	637.00	658.00	700.00	771.00	822.00	876.00	871.00	778.00	747.00	711.00	749.00	750.00	817.00	853.00	842.00	834.00	845.00	864.00	769.00	666.00	635.00	779.00	810.00	795.00	814.00	796.00	773.00	792.00	809.00	763.00	721.00	741.00	696.00	700.00	801.00	810.00	797.00	794.00	806.00	729.00	797.00	811.00	774.00	786.00	819.00	847.00	835.00	830.00	804.00	848.00	813.00	760.00	742.00	824.00	799.00	735.00	680.00	689.00	686.00	676.00	670.00	663.00	663.00	657.00	658.00	660.00	653.00	660.00	706.00	765.00	819.00	841.00	910.00	953.00	953.00	1018.00	965.00	877.00	863.00	806.00	719.00	691.00	704.00	845.00	789.00	780.00	827.00	859.00	994.00	1037.00	1062.00	1117.00	1157.00	1146.00	1092.00	1185.00	1187.00	1001.00	960.00	1091.00	1132.00	899.00	930.00	917.00	978.00	1138.00	1148.00	1196.00	1311.00	1354.00	1179.00	1056.00	1080.00	1065.00	1175.00	995.00	995.00	1083.00	1145.00	1296.00	1247.00	1187.00	1181.00	1106.00	916.00	861.00	1120.00	1143.00	1127.00	1092.00	1075.00	1071.00	1046.00	974.00	934.00	887.00	843.00	840.00	761.00	687.00	626.00	680.00	797.00	777.00	652.00	649.00	808.00	841.00	843.00	854.00	870.00	895.00	902.00	911.00	922.00	942.00	938.00	943.00	965.00	973.00	967.00	953.00	942.00
818.00	735.00	776.00	739.00	699.00	646.00	524.00	544.00	564.00	634.00	710.00	780.00	756.00	824.00	923.00	926.00	976.00	942.00	824.00	790.00	763.00	722.00	781.00	844.00	1028.00	1094.00	1146.00	1218.00	1372.00	1301.00	1249.00	1322.00	1413.00	1604.00	1691.00	1659.00	1540.00	1380.00	1252.00	1111.00	1061.00	1167.00	1299.00	1345.00	1433.00	1493.00	1278.00	1174.00	1061.00	1005.00	1039.00	950.00	903.00	1017.00	1175.00	1447.00	1308.00	1169.00	1069.00	964.00	772.00	799.00	803.00	703.00	551.00	611.00	647.00	625.00	614.00	480.00	452.00	429.00	452.00	655.00	690.00	698.00	688.00	705.00	821.00	909.00	937.00	886.00	858.00	863.00	815.00	793.00	774.00	726.00	783.00	852.00	842.00	801.00	715.00	666.00	697.00	737.00	823.00	815.00	835.00	835.00	759.00	819.00	774.00	850.00	825.00	851.00	829.00	799.00	759.00	708.00	682.00	666.00	682.00	667.00	751.00	745.00	776.00	830.00	839.00	843.00	815.00	785.00	777.00	783.00	857.00	778.00	739.00	799.00	872.00	900.00	848.00	823.00	777.00	789.00	850.00	807.00	859.00	853.00	853.00	836.00	790.00	766.00	801.00	826.00	786.00	710.00	721.00	697.00	683.00	685.00	687.00	683.00	688.00	687.00	733.00	775.00	685.00	666.00	649.00	648.00	656.00	732.00	799.00	934.00	885.00	837.00	894.00	844.00	895.00	879.00	803.00	760.00	744.00	679.00	712.00	771.00	861.00	757.00	835.00	924.00	970.00	931.00	984.00	1064.00	1137.00	1125.00	1054.00	1001.00	1139.00	1127.00	1031.00	907.00	992.00	1012.00	867.00	892.00	909.00	919.00	973.00	1035.00	1127.00	1234.00	1368.00	1175.00	1197.00	1222.00	1208.00	1221.00	1013.00	1052.00	1065.00	1127.00	1235.00	1166.00	1085.00	1025.00	986.00	900.00	885.00	1006.00	1052.00	1100.00	1137.00	1132.00	1105.00	1057.00	977.00	927.00	900.00	878.00	879.00	824.00	744.00	634.00	674.00	782.00	814.00	758.00	692.00	671.00	799.00	840.00	867.00	889.00	901.00	904.00	910.00	917.00	941.00	945.00	949.00	963.00	971.00	969.00	954.00	938.00
864.00	813.00	656.00	628.00	578.00	532.00	547.00	579.00	592.00	600.00	825.00	877.00	943.00	954.00	962.00	1042.00	1093.00	1046.00	941.00	956.00	926.00	853.00	784.00	793.00	1020.00	1099.00	1166.00	1239.00	1388.00	1432.00	1418.00	1380.00	1468.00	1677.00	1716.00	1626.00	1516.00	1270.00	1178.00	1124.00	1151.00	1269.00	1504.00	1510.00	1579.00	1555.00	1246.00	1111.00	1101.00	1164.00	1241.00	1020.00	964.00	1071.00	1200.00	1446.00	1384.00	1245.00	1076.00	924.00	913.00	957.00	765.00	715.00	624.00	716.00	707.00	576.00	450.00	460.00	479.00	505.00	503.00	652.00	631.00	668.00	756.00	806.00	795.00	792.00	764.00	756.00	963.00	964.00	900.00	811.00	786.00	780.00	886.00	980.00	994.00	869.00	774.00	692.00	748.00	769.00	768.00	796.00	864.00	911.00	799.00	854.00	892.00	896.00	944.00	835.00	766.00	744.00	723.00	703.00	679.00	704.00	737.00	730.00	697.00	743.00	764.00	751.00	800.00	840.00	836.00	881.00	919.00	839.00	921.00	816.00	751.00	769.00	808.00	924.00	904.00	931.00	860.00	848.00	853.00	833.00	837.00	807.00	779.00	773.00	763.00	791.00	746.00	730.00	767.00	692.00	687.00	689.00	691.00	731.00	737.00	708.00	776.00	747.00	821.00	796.00	702.00	707.00	660.00	653.00	647.00	670.00	783.00	866.00	782.00	824.00	831.00	737.00	794.00	849.00	799.00	753.00	689.00	655.00	733.00	807.00	826.00	801.00	859.00	910.00	944.00	1053.00	1051.00	1118.00	1131.00	1024.00	993.00	976.00	1120.00	1068.00	1090.00	971.00	868.00	839.00	1020.00	1097.00	1075.00	1038.00	1056.00	1012.00	1123.00	1215.00	1276.00	1309.00	1326.00	1297.00	1239.00	1161.00	1163.00	1197.00	1187.00	1226.00	1243.00	1196.00	1127.00	1050.00	1001.00	937.00	935.00	1005.00	1020.00	988.00	1014.00	991.00	970.00	965.00	927.00	925.00	926.00	931.00	855.00	800.00	694.00	667.00	739.00	793.00	803.00	842.00	829.00	753.00	688.00	763.00	818.00	859.00	903.00	900.00	905.00	901.00	914.00	921.00	929.00	949.00	957.00	955.00	944.00	931.00
767.00	731.00	697.00	651.00	551.00	526.00	597.00	574.00	601.00	659.00	737.00	793.00	858.00	905.00	890.00	981.00	1120.00	1183.00	1132.00	1079.00	1067.00	993.00	903.00	853.00	938.00	1042.00	1134.00	1184.00	1305.00	1424.00	1581.00	1463.00	1507.00	1737.00	1722.00	1614.00	1481.00	1238.00	1202.00	1209.00	1291.00	1517.00	1594.00	1642.00	1566.00	1445.00	1210.00	1181.00	1244.00	1343.00	1455.00	1110.00	1022.00	1082.00	1203.00	1475.00	1396.00	1202.00	1055.00	1087.00	1088.00	1003.00	755.00	751.00	773.00	749.00	604.00	443.00	457.00	618.00	622.00	525.00	541.00	850.00	834.00	798.00	856.00	879.00	689.00	676.00	687.00	780.00	1046.00	938.00	843.00	861.00	868.00	837.00	943.00	1065.00	1064.00	811.00	749.00	699.00	787.00	814.00	854.00	880.00	896.00	958.00	864.00	879.00	965.00	951.00	892.00	762.00	762.00	785.00	802.00	709.00	711.00	736.00	777.00	801.00	712.00	728.00	734.00	740.00	736.00	763.00	820.00	846.00	902.00	938.00	903.00	790.00	829.00	848.00	797.00	814.00	858.00	926.00	968.00	1005.00	916.00	909.00	856.00	837.00	818.00	793.00	748.00	749.00	786.00	721.00	700.00	712.00	724.00	722.00	702.00	791.00	805.00	737.00	739.00	818.00	791.00	748.00	735.00	709.00	719.00	709.00	670.00	655.00	655.00	710.00	741.00	827.00	814.00	701.00	802.00	872.00	839.00	798.00	690.00	643.00	690.00	722.00	772.00	844.00	984.00	1037.00	1110.00	1139.00	1128.00	1074.00	1051.00	1024.00	938.00	946.00	1091.00	1062.00	1118.00	1057.00	906.00	816.00	1099.00	1018.00	973.00	1050.00	1224.00	1094.00	1070.00	1106.00	1167.00	1260.00	1281.00	1287.00	1262.00	1232.00	1279.00	1316.00	1310.00	1304.00	1229.00	1170.00	1114.00	1040.00	1002.00	975.00	1000.00	958.00	937.00	923.00	912.00	917.00	883.00	865.00	831.00	826.00	817.00	807.00	729.00	670.00	692.00	796.00	827.00	899.00	892.00	858.00	814.00	768.00	713.00	691.00	748.00	794.00	851.00	877.00	901.00	899.00	877.00	889.00	915.00	950.00	958.00	948.00	935.00	923.00