																																																																																																																																																																																																																																																															
																																																																																																																																																																																																																																																															
																																																																																																																																																																																																																																																															
																																																																																																																																																																																																																																																															
																																																																																																																																																																																																																																																															
																																																																																																																																																																																																																																																															
																																																																																																																																																																																																																																																															
																																																																																																																																																																																																																																																															
																																																																																																																																																																																																																																																															
																																																																																																																																																																																																																																																															
																																																																																																																																																																																																																																																															
																																																																																																																																																																																																																																																															
																																																																																																																																																																																																																																																															
																																																																																																																																																																																																																																																															
																																																																																																																																																																																																																																																															
																																																																																																																																																																																																																																																															
																																																																																																																																																																																																																																																															
																																																																																																																																																																																																																																																															
																																																																																																																																																																																																																																																															
																																																																																																																																																																																																																																																															
																																																																																																																																																																																																																																																															
																																																																																																																																																																																																																																																															
																																																																																																																																																																																																																																																															
																																																																																																																																																																																																																																																															
																																																																																																																																																																																																																																																															
																																																																																																																																																																																																																																																															
																																																																																																																																																																																																																																																															
																																																																																																																																																																																																																																																															
																																																																																																																																																																																																																																																															
																																																																																																																																																																																																																																																															
																																																																																																																																																																																																																																																															
																																																																																																																																																																																																																																																															
																																																																																																																																																																																																																																																															
																																																																																																																																																																																																																																																															
																																																																																																																																																																																																																																																															
																																																																																																																																																																																																																																																															
																																																																																																																																																																																																																																																															
																																																																																																																																																																																																																																																															
																																																																																																																																																																																																																																																															
																																																																																																																																																																																																																																																															
																																																																																																																																																																																																																																																															
																																																																																																																																																																																																																																																															
																																																																																																																																																																																																																																																															
																																																																																																																																																																																																																																																															
																																																																																																																																																																																																																																																															
																																																																																																																																																																																																																																																															
																																																																																																																																																																																																																																																															
																																																																																																																																																																																																																																																															
																																																																																																																																																																																																																																																															
																																																																																																																																																																																																																																																															
																																																																																																																																																																																																																																																															
																																																																																																																																																																																																																																																															
																																																																																																																																																																																																																																																															
																																																																																																																																																																																																																																																															1.00
																																																																																																																																																																																																																																																															1.00
																																																																																																																																																																																																																																																						1.00	1.00	3.00	2.00	4.00	5.00	6.00	5.00	4.00	4.00
																																																																																																																																																																																																																																																						1.00	1.00	3.00	2.00	4.00	5.00	6.00	5.00	4.00	4.00
																																																																																																																																																																																																																																																						1.00	1.00	3.00	2.00	4.00	5.00	6.00	5.00	4.00	4.00
																																																																																																																																																																																																																																											1.00	1.00	1.00	2.00	3.00	2.00	4.00	4.00	3.00	5.00	6.00	6.00	5.00	7.00	7.00	7.00	7.00	6.00	7.00	8.00	8.00
																																																																																																																																																																																																																																											1.00	1.00	1.00	2.00	3.00	2.00	4.00	4.00	3.00	5.00	6.00	6.00	5.00	7.00	7.00	7.00	7.00	6.00	7.00	8.00	8.00
																																																																																																																																																																																																																																							2.00	3.00	4.00	3.00	7.00	7.00	8.00	8.00	8.00	9.00	10.00	9.00	6.00	5.00	5.00	6.00	5.00	5.00	4.00	6.00	6.00	8.00	7.00	8.00	8.00
																																																																																																																																																																																																																																							2.00	3.00	4.00	3.00	7.00	7.00	8.00	8.00	8.00	9.00	10.00	9.00	6.00	5.00	5.00	6.00	5.00	5.00	4.00	6.00	6.00	8.00	7.00	8.00	8.00
																																																																																																																																																																																																																																							2.00	3.00	4.00	3.00	7.00	7.00	8.00	8.00	8.00	9.00	10.00	9.00	6.00	5.00	5.00	6.00	5.00	5.00	4.00	6.00	6.00	8.00	7.00	8.00	8.00
																																																																																																																																																																																																																													2.00	3.00	2.00	2.00	3.00	4.00	6.00	7.00	6.00	10.00	8.00	7.00	7.00	6.00	6.00	6.00	7.00	8.00	10.00	10.00	8.00	7.00	7.00	8.00	6.00	4.00	4.00	6.00	6.00	7.00	12.00	13.00	11.00	7.00	10.00
																																																																																																																																																																																																																													2.00	3.00	2.00	2.00	3.00	4.00	6.00	7.00	6.00	10.00	8.00	7.00	7.00	6.00	6.00	6.00	7.00	8.00	10.00	10.00	8.00	7.00	7.00	8.00	6.00	4.00	4.00	6.00	6.00	7.00	12.00	13.00	11.00	7.00	10.00
																																																																																																																																																																																																																					2.00	3.00	4.00	6.00	6.00	5.00	6.00	8.00	7.00	7.00	7.00	9.00	7.00	4.00	6.00	7.00	6.00	6.00	4.00	3.00	4.00	5.00	7.00	7.00	7.00	6.00	6.00	10.00	11.00	9.00	6.00	10.00	9.00	8.00	9.00	5.00	5.00	5.00	5.00	6.00	9.00	13.00	12.00
																																																																																																																																																																																																																					2.00	3.00	4.00	6.00	6.00	5.00	6.00	8.00	7.00	7.00	7.00	9.00	7.00	4.00	6.00	7.00	6.00	6.00	4.00	3.00	4.00	5.00	7.00	7.00	7.00	6.00	6.00	10.00	11.00	9.00	6.00	10.00	9.00	8.00	9.00	5.00	5.00	5.00	5.00	6.00	9.00	13.00	12.00
																																																																																																																																																																																																											4.00	4.00	4.00	2.00	2.00	5.00	7.00	9.00	7.00	8.00	7.00	6.00	6.00	6.00	8.00	8.00	9.00	9.00	8.00	7.00	6.00	6.00	7.00	9.00	8.00	7.00	6.00	6.00	6.00	5.00	5.00	6.00	7.00	8.00	9.00	7.00	9.00	9.00	6.00	7.00	9.00	6.00	7.00	8.00	9.00	10.00	7.00	7.00	10.00	11.00	22.00	25.00	6.00
																																																																																																																																																																																																											4.00	4.00	4.00	2.00	2.00	5.00	7.00	9.00	7.00	8.00	7.00	6.00	6.00	6.00	8.00	8.00	9.00	9.00	8.00	7.00	6.00	6.00	7.00	9.00	8.00	7.00	6.00	6.00	6.00	5.00	5.00	6.00	7.00	8.00	9.00	7.00	9.00	9.00	6.00	7.00	9.00	6.00	7.00	8.00	9.00	10.00	7.00	7.00	10.00	11.00	22.00	25.00	6.00
																																																																																																																																																																																																											4.00	4.00	4.00	2.00	2.00	5.00	7.00	9.00	7.00	8.00	7.00	6.00	6.00	6.00	8.00	8.00	9.00	9.00	8.00	7.00	6.00	6.00	7.00	9.00	8.00	7.00	6.00	6.00	6.00	5.00	5.00	6.00	7.00	8.00	9.00	7.00	9.00	9.00	6.00	7.00	9.00	6.00	7.00	8.00	9.00	10.00	7.00	7.00	10.00	11.00	22.00	25.00	6.00
																																																																																																																																																																																																							1.00	3.00	7.00	12.00	11.00	10.00	11.00	10.00	8.00	8.00	8.00	8.00	8.00	6.00	6.00	7.00	8.00	8.00	7.00	6.00	7.00	8.00	7.00	6.00	9.00	11.00	8.00	9.00	11.00	10.00	9.00	9.00	12.00	12.00	11.00	9.00	6.00	5.00	5.00	5.00	6.00	8.00	9.00	7.00	5.00	6.00	7.00	10.00	6.00	7.00	13.00	10.00	7.00	7.00	7.00	7.00	7.00
																																																																																																																																																																																															1.00	3.00	4.00	7.00	8.00	10.00	11.00	11.00	13.00	13.00	14.00	12.00	10.00	10.00	9.00	9.00	9.00	11.00	11.00	10.00	10.00	7.00	11.00	12.00	12.00	9.00	9.00	7.00	5.00	5.00	11.00	11.00	10.00	10.00	6.00	4.00	4.00	3.00	2.00	7.00	12.00	10.00	6.00	8.00	12.00	10.00	7.00	5.00	8.00	7.00	6.00	7.00	11.00	6.00	6.00	11.00	9.00	8.00	13.00	12.00	8.00	7.00	7.00	7.00	8.00
																																																																																																																																																																																															1.00	3.00	4.00	7.00	8.00	10.00	11.00	11.00	13.00	13.00	14.00	12.00	10.00	10.00	9.00	9.00	9.00	11.00	11.00	10.00	10.00	7.00	11.00	12.00	12.00	9.00	9.00	7.00	5.00	5.00	11.00	11.00	10.00	10.00	6.00	4.00	4.00	3.00	2.00	7.00	12.00	10.00	6.00	8.00	12.00	10.00	7.00	5.00	8.00	7.00	6.00	7.00	11.00	6.00	6.00	11.00	9.00	8.00	13.00	12.00	8.00	7.00	7.00	7.00	8.00
																																																																																																																																																																																															1.00	3.00	4.00	7.00	8.00	10.00	11.00	11.00	13.00	13.00	14.00	12.00	10.00	10.00	9.00	9.00	9.00	11.00	11.00	10.00	10.00	7.00	11.00	12.00	12.00	9.00	9.00	7.00	5.00	5.00	11.00	11.00	10.00	10.00	6.00	4.00	4.00	3.00	2.00	7.00	12.00	10.00	6.00	8.00	12.00	10.00	7.00	5.00	8.00	7.00	6.00	7.00	11.00	6.00	6.00	11.00	9.00	8.00	13.00	12.00	8.00	7.00	7.00	7.00	8.00
																																																																																																																																																																																								1.00		1.00	3.00	6.00	9.00	9.00	9.00	10.00	10.00	10.00	11.00	12.00	13.00	14.00	14.00	13.00	10.00	10.00	8.00	9.00	10.00	11.00	12.00	12.00	12.00	13.00	14.00	14.00	9.00	10.00	12.00	12.00	6.00	6.00	8.00	7.00	10.00	12.00	12.00	9.00	7.00	9.00	11.00	13.00	12.00	8.00	4.00	6.00	7.00	9.00	15.00	7.00	6.00	7.00	7.00	9.00	11.00	11.00	10.00	9.00	6.00	6.00	8.00	11.00	11.00	9.00	7.00	8.00	7.00	5.00	10.00
																																																																																																																																																																																								1.00		1.00	3.00	6.00	9.00	9.00	9.00	10.00	10.00	10.00	11.00	12.00	13.00	14.00	14.00	13.00	10.00	10.00	8.00	9.00	10.00	11.00	12.00	12.00	12.00	13.00	14.00	14.00	9.00	10.00	12.00	12.00	6.00	6.00	8.00	7.00	10.00	12.00	12.00	9.00	7.00	9.00	11.00	13.00	12.00	8.00	4.00	6.00	7.00	9.00	15.00	7.00	6.00	7.00	7.00	9.00	11.00	11.00	10.00	9.00	6.00	6.00	8.00	11.00	11.00	9.00	7.00	8.00	7.00	5.00	10.00
																																																																																																																																																																																			3.00	1.00	2.00	2.00	5.00	6.00	11.00	9.00	6.00	8.00	8.00	10.00	11.00	9.00	11.00	11.00	11.00	10.00	8.00	9.00	10.00	11.00	12.00	11.00	7.00	6.00	9.00	12.00	10.00	12.00	15.00	15.00	17.00	17.00	16.00	14.00	14.00	12.00	7.00	7.00	8.00	10.00	14.00	14.00	11.00	10.00	8.00	13.00	15.00	10.00	10.00	11.00	16.00	22.00	23.00	19.00	6.00	4.00	5.00	5.00	8.00	6.00	5.00	6.00	5.00	13.00	9.00	7.00	7.00	10.00	9.00	7.00	5.00	5.00	7.00	7.00	7.00
																																																																																																																																																																																			3.00	1.00	2.00	2.00	5.00	6.00	11.00	9.00	6.00	8.00	8.00	10.00	11.00	9.00	11.00	11.00	11.00	10.00	8.00	9.00	10.00	11.00	12.00	11.00	7.00	6.00	9.00	12.00	10.00	12.00	15.00	15.00	17.00	17.00	16.00	14.00	14.00	12.00	7.00	7.00	8.00	10.00	14.00	14.00	11.00	10.00	8.00	13.00	15.00	10.00	10.00	11.00	16.00	22.00	23.00	19.00	6.00	4.00	5.00	5.00	8.00	6.00	5.00	6.00	5.00	13.00	9.00	7.00	7.00	10.00	9.00	7.00	5.00	5.00	7.00	7.00	7.00
																																																																																																																																																																																			3.00	1.00	2.00	2.00	5.00	6.00	11.00	9.00	6.00	8.00	8.00	10.00	11.00	9.00	11.00	11.00	11.00	10.00	8.00	9.00	10.00	11.00	12.00	11.00	7.00	6.00	9.00	12.00	10.00	12.00	15.00	15.00	17.00	17.00	16.00	14.00	14.00	12.00	7.00	7.00	8.00	10.00	14.00	14.00	11.00	10.00	8.00	13.00	15.00	10.00	10.00	11.00	16.00	22.00	23.00	19.00	6.00	4.00	5.00	5.00	8.00	6.00	5.00	6.00	5.00	13.00	9.00	7.00	7.00	10.00	9.00	7.00	5.00	5.00	7.00	7.00	7.00
																																																																																																																																																																												4.00	4.00	5.00	5.00	10.00	12.00	10.00	11.00	13.00	14.00	12.00	13.00	12.00	9.00	9.00	10.00	8.00	9.00	9.00	11.00	9.00	6.00	5.00	6.00	6.00	5.00	8.00	10.00	11.00	13.00	14.00	15.00	16.00	15.00	15.00	14.00	16.00	16.00	18.00	15.00	13.00	9.00	9.00	10.00	11.00	14.00	15.00	16.00	15.00	15.00	13.00	13.00	15.00	19.00	12.00	11.00	10.00	5.00	18.00	28.00	20.00	10.00	10.00	4.00	5.00	8.00	7.00	10.00	6.00	4.00	10.00	13.00	11.00	9.00	6.00	5.00	7.00	10.00	10.00	9.00	7.00	3.00	5.00	4.00
																																																																																																																																																																												4.00	4.00	5.00	5.00	10.00	12.00	10.00	11.00	13.00	14.00	12.00	13.00	12.00	9.00	9.00	10.00	8.00	9.00	9.00	11.00	9.00	6.00	5.00	6.00	6.00	5.00	8.00	10.00	11.00	13.00	14.00	15.00	16.00	15.00	15.00	14.00	16.00	16.00	18.00	15.00	13.00	9.00	9.00	10.00	11.00	14.00	15.00	16.00	15.00	15.00	13.00	13.00	15.00	19.00	12.00	11.00	10.00	5.00	18.00	28.00	20.00	10.00	10.00	4.00	5.00	8.00	7.00	10.00	6.00	4.00	10.00	13.00	11.00	9.00	6.00	5.00	7.00	10.00	10.00	9.00	7.00	3.00	5.00	4.00
																																																																																																																																																																						1.00	3.00	6.00	7.00	10.00	12.00	9.00	9.00	10.00	10.00	9.00	10.00	9.00	8.00	8.00	9.00	9.00	10.00	10.00	10.00	10.00	11.00	11.00	11.00	11.00	12.00	14.00	14.00	17.00	16.00	19.00	19.00	18.00	21.00	18.00	14.00	9.00	9.00	10.00	12.00	12.00	11.00	14.00	11.00	10.00	11.00	11.00	7.00	8.00	11.00	12.00	9.00	14.00	13.00	11.00	10.00	7.00	7.00	16.00	12.00	13.00	14.00	15.00	18.00	13.00	19.00	29.00	25.00	21.00	5.00	3.00	6.00	7.00	5.00	5.00	5.00	7.00	18.00	14.00	9.00	6.00	7.00	10.00	8.00	6.00	6.00	6.00	6.00	9.00	13.00
																																																																																																																																																																						1.00	3.00	6.00	7.00	10.00	12.00	9.00	9.00	10.00	10.00	9.00	10.00	9.00	8.00	8.00	9.00	9.00	10.00	10.00	10.00	10.00	11.00	11.00	11.00	11.00	12.00	14.00	14.00	17.00	16.00	19.00	19.00	18.00	21.00	18.00	14.00	9.00	9.00	10.00	12.00	12.00	11.00	14.00	11.00	10.00	11.00	11.00	7.00	8.00	11.00	12.00	9.00	14.00	13.00	11.00	10.00	7.00	7.00	16.00	12.00	13.00	14.00	15.00	18.00	13.00	19.00	29.00	25.00	21.00	5.00	3.00	6.00	7.00	5.00	5.00	5.00	7.00	18.00	14.00	9.00	6.00	7.00	10.00	8.00	6.00	6.00	6.00	6.00	9.00	13.00
																																																																																																																																																																	2.00	2.00	8.00	10.00	14.00	15.00	13.00	11.00	11.00	10.00	11.00	11.00	10.00	9.00	9.00	9.00	10.00	10.00	10.00	9.00	5.00	7.00	7.00	8.00	10.00	10.00	13.00	14.00	15.00	10.00	11.00	12.00	11.00	9.00	12.00	16.00	17.00	17.00	16.00	16.00	17.00	13.00	7.00	5.00	6.00	8.00	9.00	11.00	15.00	17.00	15.00	13.00	10.00	11.00	12.00	9.00	8.00	14.00	16.00	13.00	10.00	9.00	11.00	16.00	11.00	13.00	12.00	13.00	7.00	9.00	21.00	29.00	35.00	39.00	7.00	3.00	5.00	6.00	8.00	6.00	4.00	15.00	35.00	26.00	11.00	7.00	8.00	8.00	9.00	9.00	11.00	12.00	11.00	15.00	9.00
																																																																																																																																																																	2.00	2.00	8.00	10.00	14.00	15.00	13.00	11.00	11.00	10.00	11.00	11.00	10.00	9.00	9.00	9.00	10.00	10.00	10.00	9.00	5.00	7.00	7.00	8.00	10.00	10.00	13.00	14.00	15.00	10.00	11.00	12.00	11.00	9.00	12.00	16.00	17.00	17.00	16.00	16.00	17.00	13.00	7.00	5.00	6.00	8.00	9.00	11.00	15.00	17.00	15.00	13.00	10.00	11.00	12.00	9.00	8.00	14.00	16.00	13.00	10.00	9.00	11.00	16.00	11.00	13.00	12.00	13.00	7.00	9.00	21.00	29.00	35.00	39.00	7.00	3.00	5.00	6.00	8.00	6.00	4.00	15.00	35.00	26.00	11.00	7.00	8.00	8.00	9.00	9.00	11.00	12.00	11.00	15.00	9.00
																																																																																																																																																												1.00	2.00	5.00	11.00	11.00	10.00	12.00	13.00	14.00	13.00	11.00	13.00	14.00	16.00	18.00	17.00	11.00	10.00	11.00	9.00	7.00	8.00	12.00	13.00	10.00	12.00	9.00	11.00	13.00	13.00	12.00	12.00	18.00	14.00	8.00	8.00	8.00	8.00	8.00	8.00	12.00	16.00	14.00	15.00	17.00	18.00	15.00	12.00	11.00	8.00	8.00	12.00	15.00	9.00	9.00	9.00	4.00	11.00	12.00	10.00	11.00	13.00	15.00	15.00	13.00	6.00	6.00	9.00	11.00	13.00	7.00	6.00	5.00	4.00	6.00	13.00	11.00	8.00	14.00	37.00	15.00	4.00	10.00	9.00	15.00	18.00	17.00	18.00	37.00	35.00	19.00	5.00	7.00	11.00	13.00	13.00	13.00	20.00	20.00	7.00
																																																																																																																																																												1.00	2.00	5.00	11.00	11.00	10.00	12.00	13.00	14.00	13.00	11.00	13.00	14.00	16.00	18.00	17.00	11.00	10.00	11.00	9.00	7.00	8.00	12.00	13.00	10.00	12.00	9.00	11.00	13.00	13.00	12.00	12.00	18.00	14.00	8.00	8.00	8.00	8.00	8.00	8.00	12.00	16.00	14.00	15.00	17.00	18.00	15.00	12.00	11.00	8.00	8.00	12.00	15.00	9.00	9.00	9.00	4.00	11.00	12.00	10.00	11.00	13.00	15.00	15.00	13.00	6.00	6.00	9.00	11.00	13.00	7.00	6.00	5.00	4.00	6.00	13.00	11.00	8.00	14.00	37.00	15.00	4.00	10.00	9.00	15.00	18.00	17.00	18.00	37.00	35.00	19.00	5.00	7.00	11.00	13.00	13.00	13.00	20.00	20.00	7.00
																																																																																																																																																						1.00	3.00	8.00	6.00	6.00	8.00	12.00	11.00	12.00	11.00	12.00	12.00	13.00	11.00	11.00	13.00	15.00	10.00	12.00	12.00	13.00	14.00	8.00	11.00	12.00	12.00	12.00	13.00	17.00	15.00	14.00	16.00	11.00	13.00	16.00	16.00	18.00	18.00	16.00	14.00	10.00	9.00	8.00	8.00	11.00	15.00	16.00	12.00	12.00	18.00	19.00	15.00	14.00	11.00	8.00	7.00	9.00	8.00	7.00	11.00	10.00	7.00	6.00	8.00	7.00	10.00	16.00	17.00	10.00	7.00	9.00	13.00	10.00	8.00	7.00	8.00	10.00	9.00	6.00	5.00	7.00	5.00	5.00	11.00	13.00	35.00	23.00	9.00	8.00	10.00	11.00	10.00	11.00	11.00	18.00	15.00	12.00	13.00	6.00	13.00	20.00	17.00	9.00	13.00	17.00	9.00
																																																																																																																																																						1.00	3.00	8.00	6.00	6.00	8.00	12.00	11.00	12.00	11.00	12.00	12.00	13.00	11.00	11.00	13.00	15.00	10.00	12.00	12.00	13.00	14.00	8.00	11.00	12.00	12.00	12.00	13.00	17.00	15.00	14.00	16.00	11.00	13.00	16.00	16.00	18.00	18.00	16.00	14.00	10.00	9.00	8.00	8.00	11.00	15.00	16.00	12.00	12.00	18.00	19.00	15.00	14.00	11.00	8.00	7.00	9.00	8.00	7.00	11.00	10.00	7.00	6.00	8.00	7.00	10.00	16.00	17.00	10.00	7.00	9.00	13.00	10.00	8.00	7.00	8.00	10.00	9.00	6.00	5.00	7.00	5.00	5.00	11.00	13.00	35.00	23.00	9.00	8.00	10.00	11.00	10.00	11.00	11.00	18.00	15.00	12.00	13.00	6.00	13.00	20.00	17.00	9.00	13.00	17.00	9.00
																																																																																																																																																						1.00	3.00	8.00	6.00	6.00	8.00	12.00	11.00	12.00	11.00	12.00	12.00	13.00	11.00	11.00	13.00	15.00	10.00	12.00	12.00	13.00	14.00	8.00	11.00	12.00	12.00	12.00	13.00	17.00	15.00	14.00	16.00	11.00	13.00	16.00	16.00	18.00	18.00	16.00	14.00	10.00	9.00	8.00	8.00	11.00	15.00	16.00	12.00	12.00	18.00	19.00	15.00	14.00	11.00	8.00	7.00	9.00	8.00	7.00	11.00	10.00	7.00	6.00	8.00	7.00	10.00	16.00	17.00	10.00	7.00	9.00	13.00	10.00	8.00	7.00	8.00	10.00	9.00	6.00	5.00	7.00	5.00	5.00	11.00	13.00	35.00	23.00	9.00	8.00	10.00	11.00	10.00	11.00	11.00	18.00	15.00	12.00	13.00	6.00	13.00	20.00	17.00	9.00	13.00	17.00	9.00
																																																																																																																																																1.00	4.00	4.00	6.00	8.00	9.00	8.00	9.00	8.00	9.00	10.00	11.00	12.00	9.00	9.00	14.00	11.00	10.00	7.00	4.00	4.00	5.00	7.00	10.00	13.00	14.00	14.00	16.00	22.00	21.00	20.00	23.00	20.00	18.00	17.00	19.00	20.00	19.00	17.00	18.00	18.00	15.00	17.00	20.00	18.00	15.00	12.00	13.00	10.00	12.00	18.00	18.00	17.00	14.00	14.00	14.00	11.00	8.00	8.00	6.00	7.00	8.00	9.00	11.00	9.00	9.00	8.00	7.00	7.00	9.00	11.00	17.00	20.00	17.00	8.00	5.00	8.00	9.00	5.00	4.00	15.00	13.00	7.00	3.00	3.00	3.00	3.00	3.00	4.00	7.00	10.00	12.00	16.00	11.00	5.00	2.00	4.00	6.00	6.00	8.00	12.00	11.00	10.00	7.00	19.00	17.00	14.00	22.00	21.00	8.00	13.00	14.00
																																																																																																																																																1.00	4.00	4.00	6.00	8.00	9.00	8.00	9.00	8.00	9.00	10.00	11.00	12.00	9.00	9.00	14.00	11.00	10.00	7.00	4.00	4.00	5.00	7.00	10.00	13.00	14.00	14.00	16.00	22.00	21.00	20.00	23.00	20.00	18.00	17.00	19.00	20.00	19.00	17.00	18.00	18.00	15.00	17.00	20.00	18.00	15.00	12.00	13.00	10.00	12.00	18.00	18.00	17.00	14.00	14.00	14.00	11.00	8.00	8.00	6.00	7.00	8.00	9.00	11.00	9.00	9.00	8.00	7.00	7.00	9.00	11.00	17.00	20.00	17.00	8.00	5.00	8.00	9.00	5.00	4.00	15.00	13.00	7.00	3.00	3.00	3.00	3.00	3.00	4.00	7.00	10.00	12.00	16.00	11.00	5.00	2.00	4.00	6.00	6.00	8.00	12.00	11.00	10.00	7.00	19.00	17.00	14.00	22.00	21.00	8.00	13.00	14.00
																																																																																																																																												1.00	5.00	8.00	9.00	12.00	10.00	10.00	8.00	7.00	7.00	11.00	11.00	11.00	11.00	9.00	8.00	7.00	8.00	7.00	6.00	5.00	6.00	6.00	10.00	19.00	24.00	25.00	24.00	27.00	21.00	18.00	20.00	15.00	13.00	11.00	11.00	23.00	27.00	25.00	18.00	13.00	10.00	16.00	16.00	18.00	19.00	14.00	14.00	15.00	15.00	13.00	14.00	18.00	19.00	22.00	19.00	14.00	10.00	10.00	11.00	10.00	9.00	8.00	10.00	10.00	10.00	9.00	9.00	11.00	10.00	9.00	11.00	9.00	6.00	9.00	8.00	11.00	20.00	11.00	9.00	11.00	8.00	10.00	10.00	14.00	15.00	9.00	6.00	4.00	4.00	4.00	4.00	8.00	13.00	10.00	10.00	11.00	10.00	7.00	6.00	7.00	5.00	5.00	8.00	12.00	14.00	11.00	9.00	9.00	15.00	20.00	20.00	21.00	17.00	20.00	23.00
																																																																																																																																												1.00	5.00	8.00	9.00	12.00	10.00	10.00	8.00	7.00	7.00	11.00	11.00	11.00	11.00	9.00	8.00	7.00	8.00	7.00	6.00	5.00	6.00	6.00	10.00	19.00	24.00	25.00	24.00	27.00	21.00	18.00	20.00	15.00	13.00	11.00	11.00	23.00	27.00	25.00	18.00	13.00	10.00	16.00	16.00	18.00	19.00	14.00	14.00	15.00	15.00	13.00	14.00	18.00	19.00	22.00	19.00	14.00	10.00	10.00	11.00	10.00	9.00	8.00	10.00	10.00	10.00	9.00	9.00	11.00	10.00	9.00	11.00	9.00	6.00	9.00	8.00	11.00	20.00	11.00	9.00	11.00	8.00	10.00	10.00	14.00	15.00	9.00	6.00	4.00	4.00	4.00	4.00	8.00	13.00	10.00	10.00	11.00	10.00	7.00	6.00	7.00	5.00	5.00	8.00	12.00	14.00	11.00	9.00	9.00	15.00	20.00	20.00	21.00	17.00	20.00	23.00
																																																																																																																																												1.00	5.00	8.00	9.00	12.00	10.00	10.00	8.00	7.00	7.00	11.00	11.00	11.00	11.00	9.00	8.00	7.00	8.00	7.00	6.00	5.00	6.00	6.00	10.00	19.00	24.00	25.00	24.00	27.00	21.00	18.00	20.00	15.00	13.00	11.00	11.00	23.00	27.00	25.00	18.00	13.00	10.00	16.00	16.00	18.00	19.00	14.00	14.00	15.00	15.00	13.00	14.00	18.00	19.00	22.00	19.00	14.00	10.00	10.00	11.00	10.00	9.00	8.00	10.00	10.00	10.00	9.00	9.00	11.00	10.00	9.00	11.00	9.00	6.00	9.00	8.00	11.00	20.00	11.00	9.00	11.00	8.00	10.00	10.00	14.00	15.00	9.00	6.00	4.00	4.00	4.00	4.00	8.00	13.00	10.00	10.00	11.00	10.00	7.00	6.00	7.00	5.00	5.00	8.00	12.00	14.00	11.00	9.00	9.00	15.00	20.00	20.00	21.00	17.00	20.00	23.00
																																																																																																																											1.00	2.00	4.00	7.00	5.00	3.00	1.00	1.00	1.00	2.00	2.00	4.00	5.00	8.00	8.00	7.00	9.00	13.00	14.00	12.00	9.00	7.00	8.00	7.00	8.00	9.00	10.00	8.00	7.00	9.00	11.00	7.00	10.00	16.00	20.00	20.00	8.00	7.00	14.00	18.00	21.00	16.00	18.00	23.00	22.00	18.00	17.00	18.00	22.00	15.00	10.00	13.00	19.00	24.00	16.00	11.00	8.00	7.00	14.00	15.00	14.00	11.00	12.00	16.00	15.00	14.00	15.00	11.00	13.00	21.00	17.00	20.00	21.00	15.00	13.00	13.00	11.00	8.00	7.00	10.00	13.00	13.00	11.00	8.00	10.00	14.00	13.00	12.00	12.00	14.00	13.00	10.00	10.00	10.00	16.00	13.00	8.00	6.00	8.00	6.00	8.00	15.00	17.00	11.00	4.00	5.00	9.00	10.00	10.00	11.00	11.00	7.00	5.00	3.00	4.00	8.00	17.00	12.00	6.00	4.00	5.00	10.00	10.00	10.00	12.00	11.00	11.00	16.00	18.00	16.00	18.00	18.00	20.00
																																																																																																																											1.00	2.00	4.00	7.00	5.00	3.00	1.00	1.00	1.00	2.00	2.00	4.00	5.00	8.00	8.00	7.00	9.00	13.00	14.00	12.00	9.00	7.00	8.00	7.00	8.00	9.00	10.00	8.00	7.00	9.00	11.00	7.00	10.00	16.00	20.00	20.00	8.00	7.00	14.00	18.00	21.00	16.00	18.00	23.00	22.00	18.00	17.00	18.00	22.00	15.00	10.00	13.00	19.00	24.00	16.00	11.00	8.00	7.00	14.00	15.00	14.00	11.00	12.00	16.00	15.00	14.00	15.00	11.00	13.00	21.00	17.00	20.00	21.00	15.00	13.00	13.00	11.00	8.00	7.00	10.00	13.00	13.00	11.00	8.00	10.00	14.00	13.00	12.00	12.00	14.00	13.00	10.00	10.00	10.00	16.00	13.00	8.00	6.00	8.00	6.00	8.00	15.00	17.00	11.00	4.00	5.00	9.00	10.00	10.00	11.00	11.00	7.00	5.00	3.00	4.00	8.00	17.00	12.00	6.00	4.00	5.00	10.00	10.00	10.00	12.00	11.00	11.00	16.00	18.00	16.00	18.00	18.00	20.00
																																																																																																																											1.00	2.00	4.00	7.00	5.00	3.00	1.00	1.00	1.00	2.00	2.00	4.00	5.00	8.00	8.00	7.00	9.00	13.00	14.00	12.00	9.00	7.00	8.00	7.00	8.00	9.00	10.00	8.00	7.00	9.00	11.00	7.00	10.00	16.00	20.00	20.00	8.00	7.00	14.00	18.00	21.00	16.00	18.00	23.00	22.00	18.00	17.00	18.00	22.00	15.00	10.00	13.00	19.00	24.00	16.00	11.00	8.00	7.00	14.00	15.00	14.00	11.00	12.00	16.00	15.00	14.00	15.00	11.00	13.00	21.00	17.00	20.00	21.00	15.00	13.00	13.00	11.00	8.00	7.00	10.00	13.00	13.00	11.00	8.00	10.00	14.00	13.00	12.00	12.00	14.00	13.00	10.00	10.00	10.00	16.00	13.00	8.00	6.00	8.00	6.00	8.00	15.00	17.00	11.00	4.00	5.00	9.00	10.00	10.00	11.00	11.00	7.00	5.00	3.00	4.00	8.00	17.00	12.00	6.00	4.00	5.00	10.00	10.00	10.00	12.00	11.00	11.00	16.00	18.00	16.00	18.00	18.00	20.00
																																																																																																																1.00	3.00				1.00	4.00	3.00	5.00	8.00	9.00	9.00	9.00	8.00	9.00	9.00	10.00	10.00	9.00	9.00	13.00	13.00	12.00	14.00	7.00	9.00	11.00	11.00	9.00	11.00	9.00	10.00	11.00	9.00	6.00	5.00	6.00	9.00	19.00	25.00	27.00	22.00	22.00	17.00	22.00	21.00	20.00	10.00	11.00	16.00	19.00	25.00	26.00	25.00	24.00	21.00	18.00	19.00	24.00	26.00	15.00	13.00	12.00	14.00	11.00	10.00	10.00	9.00	6.00	10.00	12.00	12.00	11.00	10.00	9.00	10.00	12.00	16.00	19.00	19.00	15.00	16.00	19.00	19.00	19.00	18.00	19.00	14.00	10.00	8.00	10.00	11.00	10.00	13.00	11.00	10.00	14.00	12.00	11.00	10.00	9.00	11.00	8.00	9.00	12.00	10.00	10.00	12.00	13.00	9.00	8.00	6.00	11.00	14.00	14.00	10.00	8.00	11.00	11.00	6.00	10.00	14.00	12.00	4.00	7.00	11.00	12.00	18.00	12.00	5.00	2.00	2.00	6.00	4.00	2.00	2.00	11.00	14.00	15.00	13.00	12.00	10.00	18.00	25.00
																																																																																																					3.00	5.00	5.00	5.00	5.00	6.00	7.00	8.00	5.00	6.00	7.00	9.00	8.00	4.00	5.00	6.00	8.00	9.00	10.00	9.00	9.00	10.00	9.00	9.00	9.00	9.00	9.00	10.00	12.00	13.00	13.00	9.00	9.00	11.00	13.00	9.00	8.00	7.00	5.00	3.00	7.00	9.00	20.00	22.00	10.00	9.00	11.00	14.00	24.00	25.00	29.00	29.00	27.00	14.00	6.00	9.00	21.00	22.00	22.00	20.00	8.00	16.00	24.00	22.00	20.00	22.00	28.00	24.00	19.00	19.00	16.00	6.00	6.00	5.00	6.00	12.00	13.00	12.00	10.00	12.00	12.00	10.00	12.00	13.00	7.00	9.00	13.00	13.00	12.00	12.00	12.00	16.00	15.00	15.00	17.00	19.00	19.00	19.00	19.00	12.00	8.00	7.00	7.00	7.00	7.00	7.00	7.00	7.00	7.00	7.00	7.00	7.00	6.00	8.00	14.00	15.00	13.00	10.00	8.00	11.00	12.00	13.00	14.00	15.00	12.00	14.00	12.00	8.00	6.00	10.00	11.00	13.00	15.00	11.00	6.00	8.00	12.00	9.00	12.00	13.00	10.00	7.00	6.00	7.00	11.00	10.00	8.00	13.00	13.00	9.00	3.00	2.00	12.00	20.00	26.00
																																																																																																					3.00	5.00	5.00	5.00	5.00	6.00	7.00	8.00	5.00	6.00	7.00	9.00	8.00	4.00	5.00	6.00	8.00	9.00	10.00	9.00	9.00	10.00	9.00	9.00	9.00	9.00	9.00	10.00	12.00	13.00	13.00	9.00	9.00	11.00	13.00	9.00	8.00	7.00	5.00	3.00	7.00	9.00	20.00	22.00	10.00	9.00	11.00	14.00	24.00	25.00	29.00	29.00	27.00	14.00	6.00	9.00	21.00	22.00	22.00	20.00	8.00	16.00	24.00	22.00	20.00	22.00	28.00	24.00	19.00	19.00	16.00	6.00	6.00	5.00	6.00	12.00	13.00	12.00	10.00	12.00	12.00	10.00	12.00	13.00	7.00	9.00	13.00	13.00	12.00	12.00	12.00	16.00	15.00	15.00	17.00	19.00	19.00	19.00	19.00	12.00	8.00	7.00	7.00	7.00	7.00	7.00	7.00	7.00	7.00	7.00	7.00	7.00	6.00	8.00	14.00	15.00	13.00	10.00	8.00	11.00	12.00	13.00	14.00	15.00	12.00	14.00	12.00	8.00	6.00	10.00	11.00	13.00	15.00	11.00	6.00	8.00	12.00	9.00	12.00	13.00	10.00	7.00	6.00	7.00	11.00	10.00	8.00	13.00	13.00	9.00	3.00	2.00	12.00	20.00	26.00
																																																																																																					3.00	5.00	5.00	5.00	5.00	6.00	7.00	8.00	5.00	6.00	7.00	9.00	8.00	4.00	5.00	6.00	8.00	9.00	10.00	9.00	9.00	10.00	9.00	9.00	9.00	9.00	9.00	10.00	12.00	13.00	13.00	9.00	9.00	11.00	13.00	9.00	8.00	7.00	5.00	3.00	7.00	9.00	20.00	22.00	10.00	9.00	11.00	14.00	24.00	25.00	29.00	29.00	27.00	14.00	6.00	9.00	21.00	22.00	22.00	20.00	8.00	16.00	24.00	22.00	20.00	22.00	28.00	24.00	19.00	19.00	16.00	6.00	6.00	5.00	6.00	12.00	13.00	12.00	10.00	12.00	12.00	10.00	12.00	13.00	7.00	9.00	13.00	13.00	12.00	12.00	12.00	16.00	15.00	15.00	17.00	19.00	19.00	19.00	19.00	12.00	8.00	7.00	7.00	7.00	7.00	7.00	7.00	7.00	7.00	7.00	7.00	7.00	6.00	8.00	14.00	15.00	13.00	10.00	8.00	11.00	12.00	13.00	14.00	15.00	12.00	14.00	12.00	8.00	6.00	10.00	11.00	13.00	15.00	11.00	6.00	8.00	12.00	9.00	12.00	13.00	10.00	7.00	6.00	7.00	11.00	10.00	8.00	13.00	13.00	9.00	3.00	2.00	12.00	20.00	26.00
																																																																																																		3.00	4.00	9.00	9.00	9.00	10.00	10.00	10.00	10.00	10.00	10.00	10.00	10.00	10.00	9.00	9.00	8.00	8.00	8.00	7.00	9.00	10.00	10.00	10.00	10.00	10.00	10.00	10.00	9.00	9.00	9.00	9.00	8.00	8.00	8.00	9.00	10.00	8.00	6.00	7.00	9.00	17.00	33.00	38.00	43.00	46.00	47.00	17.00	4.00	13.00	32.00	45.00	28.00	35.00	31.00	29.00	11.00	6.00	14.00	20.00	19.00	19.00	18.00	11.00	7.00	21.00	21.00	22.00	24.00	18.00	14.00	16.00	15.00	11.00	13.00	14.00	13.00	11.00	11.00	11.00	10.00	11.00	11.00	11.00	8.00	7.00	8.00	12.00	13.00	15.00	17.00	18.00	14.00	13.00	11.00	12.00	15.00	17.00	17.00	15.00	15.00	18.00	14.00	12.00	7.00	7.00	7.00	7.00	7.00	7.00	7.00	7.00	7.00	7.00	7.00	9.00	9.00	11.00	12.00	7.00	6.00	7.00	12.00	10.00	10.00	12.00	10.00	8.00	10.00	12.00	9.00	6.00	11.00	8.00	6.00	10.00	15.00	10.00	7.00	8.00	7.00	6.00	7.00	7.00	6.00	7.00	7.00	6.00	12.00	12.00	9.00	17.00	13.00	6.00	3.00	33.00	49.00	47.00
																																																																																																		3.00	4.00	9.00	9.00	9.00	10.00	10.00	10.00	10.00	10.00	10.00	10.00	10.00	10.00	9.00	9.00	8.00	8.00	8.00	7.00	9.00	10.00	10.00	10.00	10.00	10.00	10.00	10.00	9.00	9.00	9.00	9.00	8.00	8.00	8.00	9.00	10.00	8.00	6.00	7.00	9.00	17.00	33.00	38.00	43.00	46.00	47.00	17.00	4.00	13.00	32.00	45.00	28.00	35.00	31.00	29.00	11.00	6.00	14.00	20.00	19.00	19.00	18.00	11.00	7.00	21.00	21.00	22.00	24.00	18.00	14.00	16.00	15.00	11.00	13.00	14.00	13.00	11.00	11.00	11.00	10.00	11.00	11.00	11.00	8.00	7.00	8.00	12.00	13.00	15.00	17.00	18.00	14.00	13.00	11.00	12.00	15.00	17.00	17.00	15.00	15.00	18.00	14.00	12.00	7.00	7.00	7.00	7.00	7.00	7.00	7.00	7.00	7.00	7.00	7.00	9.00	9.00	11.00	12.00	7.00	6.00	7.00	12.00	10.00	10.00	12.00	10.00	8.00	10.00	12.00	9.00	6.00	11.00	8.00	6.00	10.00	15.00	10.00	7.00	8.00	7.00	6.00	7.00	7.00	6.00	7.00	7.00	6.00	12.00	12.00	9.00	17.00	13.00	6.00	3.00	33.00	49.00	47.00
																																																																																												2.00	5.00	6.00	5.00	7.00	7.00	9.00	9.00	10.00	10.00	10.00	10.00	10.00	10.00	10.00	10.00	10.00	10.00	10.00	10.00	10.00	9.00	8.00	8.00	7.00	6.00	6.00	7.00	7.00	7.00	8.00	9.00	9.00	10.00	10.00	10.00	9.00	9.00	10.00	8.00	11.00	13.00	18.00	18.00	10.00	11.00	24.00	40.00	42.00	41.00	40.00	35.00	39.00	44.00	38.00	34.00	30.00	33.00	49.00	46.00	29.00	15.00	9.00	7.00	9.00	16.00	17.00	25.00	26.00	8.00	6.00	16.00	16.00	22.00	21.00	13.00	15.00	16.00	13.00	9.00	17.00	20.00	18.00	16.00	11.00	10.00	9.00	8.00	10.00	11.00	14.00	12.00	12.00	11.00	9.00	8.00	9.00	9.00	11.00	11.00	7.00	8.00	13.00	14.00	14.00	15.00	14.00	16.00	17.00	16.00	13.00	7.00	7.00	7.00	7.00	7.00	7.00	7.00	7.00	8.00	10.00	13.00	16.00	14.00	13.00	13.00	9.00	9.00	9.00	7.00	9.00	9.00	16.00	13.00	9.00	8.00	9.00	7.00	12.00	13.00	12.00	15.00	11.00	7.00	7.00	7.00	7.00	7.00	7.00	7.00	7.00	7.00	7.00	8.00	11.00	14.00	15.00	18.00	10.00	3.00	8.00	49.00	49.00	51.00
																																																																																												2.00	5.00	6.00	5.00	7.00	7.00	9.00	9.00	10.00	10.00	10.00	10.00	10.00	10.00	10.00	10.00	10.00	10.00	10.00	10.00	10.00	9.00	8.00	8.00	7.00	6.00	6.00	7.00	7.00	7.00	8.00	9.00	9.00	10.00	10.00	10.00	9.00	9.00	10.00	8.00	11.00	13.00	18.00	18.00	10.00	11.00	24.00	40.00	42.00	41.00	40.00	35.00	39.00	44.00	38.00	34.00	30.00	33.00	49.00	46.00	29.00	15.00	9.00	7.00	9.00	16.00	17.00	25.00	26.00	8.00	6.00	16.00	16.00	22.00	21.00	13.00	15.00	16.00	13.00	9.00	17.00	20.00	18.00	16.00	11.00	10.00	9.00	8.00	10.00	11.00	14.00	12.00	12.00	11.00	9.00	8.00	9.00	9.00	11.00	11.00	7.00	8.00	13.00	14.00	14.00	15.00	14.00	16.00	17.00	16.00	13.00	7.00	7.00	7.00	7.00	7.00	7.00	7.00	7.00	8.00	10.00	13.00	16.00	14.00	13.00	13.00	9.00	9.00	9.00	7.00	9.00	9.00	16.00	13.00	9.00	8.00	9.00	7.00	12.00	13.00	12.00	15.00	11.00	7.00	7.00	7.00	7.00	7.00	7.00	7.00	7.00	7.00	7.00	8.00	11.00	14.00	15.00	18.00	10.00	3.00	8.00	49.00	49.00	51.00
																																																																																												2.00	5.00	6.00	5.00	7.00	7.00	9.00	9.00	10.00	10.00	10.00	10.00	10.00	10.00	10.00	10.00	10.00	10.00	10.00	10.00	10.00	9.00	8.00	8.00	7.00	6.00	6.00	7.00	7.00	7.00	8.00	9.00	9.00	10.00	10.00	10.00	9.00	9.00	10.00	8.00	11.00	13.00	18.00	18.00	10.00	11.00	24.00	40.00	42.00	41.00	40.00	35.00	39.00	44.00	38.00	34.00	30.00	33.00	49.00	46.00	29.00	15.00	9.00	7.00	9.00	16.00	17.00	25.00	26.00	8.00	6.00	16.00	16.00	22.00	21.00	13.00	15.00	16.00	13.00	9.00	17.00	20.00	18.00	16.00	11.00	10.00	9.00	8.00	10.00	11.00	14.00	12.00	12.00	11.00	9.00	8.00	9.00	9.00	11.00	11.00	7.00	8.00	13.00	14.00	14.00	15.00	14.00	16.00	17.00	16.00	13.00	7.00	7.00	7.00	7.00	7.00	7.00	7.00	7.00	8.00	10.00	13.00	16.00	14.00	13.00	13.00	9.00	9.00	9.00	7.00	9.00	9.00	16.00	13.00	9.00	8.00	9.00	7.00	12.00	13.00	12.00	15.00	11.00	7.00	7.00	7.00	7.00	7.00	7.00	7.00	7.00	7.00	7.00	8.00	11.00	14.00	15.00	18.00	10.00	3.00	8.00	49.00	49.00	51.00
																																																								1.00	2.00	3.00	4.00	2.00	1.00																												3.00	4.00	9.00	9.00	9.00	9.00	9.00	9.00	9.00	9.00	9.00	10.00	10.00	10.00	10.00	10.00	10.00	10.00	10.00	10.00	10.00	9.00	9.00	10.00	9.00	9.00	9.00	9.00	8.00	9.00	8.00	7.00	7.00	7.00	6.00	6.00	7.00	8.00	16.00	20.00	20.00	19.00	15.00	19.00	20.00	16.00	15.00	9.00	8.00	18.00	35.00	55.00	40.00	36.00	31.00	32.00	40.00	35.00	28.00	25.00	33.00	54.00	45.00	29.00	14.00	9.00	7.00	9.00	14.00	16.00	16.00	16.00	8.00	15.00	20.00	18.00	19.00	19.00	18.00	17.00	16.00	12.00	12.00	12.00	15.00	14.00	10.00	8.00	10.00	11.00	9.00	7.00	11.00	16.00	13.00	8.00	7.00	7.00	7.00	7.00	7.00	8.00	9.00	13.00	13.00	12.00	12.00	14.00	17.00	18.00	12.00	12.00	16.00	18.00	10.00	8.00	8.00	8.00	10.00	11.00	12.00	12.00	10.00	14.00	15.00	14.00	11.00	9.00	12.00	10.00	8.00	6.00	10.00	19.00	23.00	16.00	12.00	9.00	8.00	9.00	14.00	5.00	8.00	14.00	10.00	7.00	7.00	7.00	7.00	7.00	7.00	7.00	7.00	7.00	7.00	8.00	13.00	20.00	15.00	10.00	11.00	5.00	2.00	3.00	31.00	52.00	46.00
																																																								1.00	2.00	3.00	4.00	2.00	1.00																												3.00	4.00	9.00	9.00	9.00	9.00	9.00	9.00	9.00	9.00	9.00	10.00	10.00	10.00	10.00	10.00	10.00	10.00	10.00	10.00	10.00	9.00	9.00	10.00	9.00	9.00	9.00	9.00	8.00	9.00	8.00	7.00	7.00	7.00	6.00	6.00	7.00	8.00	16.00	20.00	20.00	19.00	15.00	19.00	20.00	16.00	15.00	9.00	8.00	18.00	35.00	55.00	40.00	36.00	31.00	32.00	40.00	35.00	28.00	25.00	33.00	54.00	45.00	29.00	14.00	9.00	7.00	9.00	14.00	16.00	16.00	16.00	8.00	15.00	20.00	18.00	19.00	19.00	18.00	17.00	16.00	12.00	12.00	12.00	15.00	14.00	10.00	8.00	10.00	11.00	9.00	7.00	11.00	16.00	13.00	8.00	7.00	7.00	7.00	7.00	7.00	8.00	9.00	13.00	13.00	12.00	12.00	14.00	17.00	18.00	12.00	12.00	16.00	18.00	10.00	8.00	8.00	8.00	10.00	11.00	12.00	12.00	10.00	14.00	15.00	14.00	11.00	9.00	12.00	10.00	8.00	6.00	10.00	19.00	23.00	16.00	12.00	9.00	8.00	9.00	14.00	5.00	8.00	14.00	10.00	7.00	7.00	7.00	7.00	7.00	7.00	7.00	7.00	7.00	7.00	8.00	13.00	20.00	15.00	10.00	11.00	5.00	2.00	3.00	31.00	52.00	46.00
																																														1.00	2.00	3.00	4.00	4.00	5.00	6.00	7.00	6.00	6.00	7.00	7.00	7.00	7.00	7.00	7.00	5.00	3.00	2.00	2.00																		1.00	4.00	5.00	5.00	7.00	8.00	9.00	9.00	9.00	9.00	9.00	9.00	8.00	9.00	9.00	9.00	9.00	9.00	9.00	9.00	9.00	9.00	9.00	10.00	10.00	10.00	9.00	9.00	10.00	9.00	9.00	9.00	9.00	9.00	9.00	9.00	9.00	9.00	10.00	14.00	18.00	17.00	19.00	21.00	23.00	22.00	20.00	18.00	15.00	16.00	17.00	16.00	16.00	7.00	9.00	21.00	31.00	49.00	20.00	11.00	6.00	5.00	9.00	7.00	7.00	9.00	9.00	26.00	28.00	31.00	21.00	4.00	6.00	9.00	12.00	14.00	16.00	20.00	19.00	18.00	14.00	15.00	13.00	12.00	14.00	15.00	17.00	20.00	15.00	13.00	16.00	18.00	15.00	8.00	9.00	10.00	9.00	7.00	9.00	10.00	8.00	7.00	7.00	7.00	7.00	7.00	7.00	7.00	7.00	12.00	16.00	15.00	14.00	12.00	12.00	11.00	10.00	10.00	9.00	10.00	12.00	10.00	9.00	7.00	7.00	13.00	13.00	14.00	12.00	13.00	14.00	13.00	12.00	11.00	13.00	11.00	7.00	6.00	11.00	18.00	21.00	16.00	15.00	10.00	8.00	7.00	9.00	11.00	12.00	19.00	18.00	10.00	7.00	7.00	7.00	7.00	7.00	7.00	7.00	7.00	8.00	11.00	12.00	12.00	12.00	8.00	6.00	3.00	4.00	20.00	37.00	25.00	18.00
																																														1.00	2.00	3.00	4.00	4.00	5.00	6.00	7.00	6.00	6.00	7.00	7.00	7.00	7.00	7.00	7.00	5.00	3.00	2.00	2.00																		1.00	4.00	5.00	5.00	7.00	8.00	9.00	9.00	9.00	9.00	9.00	9.00	8.00	9.00	9.00	9.00	9.00	9.00	9.00	9.00	9.00	9.00	9.00	10.00	10.00	10.00	9.00	9.00	10.00	9.00	9.00	9.00	9.00	9.00	9.00	9.00	9.00	9.00	10.00	14.00	18.00	17.00	19.00	21.00	23.00	22.00	20.00	18.00	15.00	16.00	17.00	16.00	16.00	7.00	9.00	21.00	31.00	49.00	20.00	11.00	6.00	5.00	9.00	7.00	7.00	9.00	9.00	26.00	28.00	31.00	21.00	4.00	6.00	9.00	12.00	14.00	16.00	20.00	19.00	18.00	14.00	15.00	13.00	12.00	14.00	15.00	17.00	20.00	15.00	13.00	16.00	18.00	15.00	8.00	9.00	10.00	9.00	7.00	9.00	10.00	8.00	7.00	7.00	7.00	7.00	7.00	7.00	7.00	7.00	12.00	16.00	15.00	14.00	12.00	12.00	11.00	10.00	10.00	9.00	10.00	12.00	10.00	9.00	7.00	7.00	13.00	13.00	14.00	12.00	13.00	14.00	13.00	12.00	11.00	13.00	11.00	7.00	6.00	11.00	18.00	21.00	16.00	15.00	10.00	8.00	7.00	9.00	11.00	12.00	19.00	18.00	10.00	7.00	7.00	7.00	7.00	7.00	7.00	7.00	7.00	8.00	11.00	12.00	12.00	12.00	8.00	6.00	3.00	4.00	20.00	37.00	25.00	18.00
																																					1.00	2.00	3.00	3.00	3.00	6.00	6.00	6.00	7.00	7.00	7.00	7.00	7.00	7.00	7.00	7.00	7.00	7.00	7.00	7.00	6.00	6.00	7.00	7.00	7.00	7.00	8.00	8.00	8.00	7.00	8.00	8.00	3.00	1.00	5.00	4.00			1.00	4.00		1.00	3.00	4.00	1.00		3.00	8.00	8.00	8.00	9.00	9.00	9.00	9.00	8.00	8.00	9.00	9.00	9.00	9.00	9.00	9.00	9.00	9.00	9.00	9.00	9.00	9.00	9.00	9.00	9.00	9.00	9.00	9.00	9.00	9.00	9.00	10.00	10.00	10.00	10.00	10.00	10.00	11.00	15.00	23.00	34.00	30.00	20.00	13.00	10.00	10.00	12.00	14.00	16.00	16.00	15.00	14.00	16.00	12.00	12.00	18.00	26.00	49.00	15.00	5.00	3.00	3.00	6.00	8.00	7.00	6.00	9.00	12.00	17.00	23.00	16.00	4.00	3.00	4.00	6.00	8.00	10.00	17.00	20.00	13.00	9.00	10.00	10.00	13.00	9.00	10.00	19.00	22.00	20.00	13.00	14.00	15.00	14.00	11.00	6.00	9.00	10.00	9.00	14.00	13.00	9.00	8.00	7.00	7.00	7.00	7.00	7.00	7.00	7.00	14.00	15.00	8.00	7.00	7.00	7.00	7.00	7.00	7.00	7.00	7.00	7.00	7.00	7.00	7.00	7.00	8.00	10.00	11.00	9.00	10.00	8.00	8.00	8.00	8.00	11.00	14.00	16.00	14.00	14.00	10.00	6.00	12.00	14.00	15.00	11.00	8.00	7.00	6.00	6.00	9.00	14.00	15.00	7.00	7.00	7.00	7.00	7.00	7.00	9.00	9.00	8.00	8.00	15.00	20.00	13.00	7.00	16.00	21.00	40.00	63.00	49.00	19.00	24.00
																																					1.00	2.00	3.00	3.00	3.00	6.00	6.00	6.00	7.00	7.00	7.00	7.00	7.00	7.00	7.00	7.00	7.00	7.00	7.00	7.00	6.00	6.00	7.00	7.00	7.00	7.00	8.00	8.00	8.00	7.00	8.00	8.00	3.00	1.00	5.00	4.00			1.00	4.00		1.00	3.00	4.00	1.00		3.00	8.00	8.00	8.00	9.00	9.00	9.00	9.00	8.00	8.00	9.00	9.00	9.00	9.00	9.00	9.00	9.00	9.00	9.00	9.00	9.00	9.00	9.00	9.00	9.00	9.00	9.00	9.00	9.00	9.00	9.00	10.00	10.00	10.00	10.00	10.00	10.00	11.00	15.00	23.00	34.00	30.00	20.00	13.00	10.00	10.00	12.00	14.00	16.00	16.00	15.00	14.00	16.00	12.00	12.00	18.00	26.00	49.00	15.00	5.00	3.00	3.00	6.00	8.00	7.00	6.00	9.00	12.00	17.00	23.00	16.00	4.00	3.00	4.00	6.00	8.00	10.00	17.00	20.00	13.00	9.00	10.00	10.00	13.00	9.00	10.00	19.00	22.00	20.00	13.00	14.00	15.00	14.00	11.00	6.00	9.00	10.00	9.00	14.00	13.00	9.00	8.00	7.00	7.00	7.00	7.00	7.00	7.00	7.00	14.00	15.00	8.00	7.00	7.00	7.00	7.00	7.00	7.00	7.00	7.00	7.00	7.00	7.00	7.00	7.00	8.00	10.00	11.00	9.00	10.00	8.00	8.00	8.00	8.00	11.00	14.00	16.00	14.00	14.00	10.00	6.00	12.00	14.00	15.00	11.00	8.00	7.00	6.00	6.00	9.00	14.00	15.00	7.00	7.00	7.00	7.00	7.00	7.00	9.00	9.00	8.00	8.00	15.00	20.00	13.00	7.00	16.00	21.00	40.00	63.00	49.00	19.00	24.00
																															1.00	1.00	1.00	2.00	4.00	6.00	6.00	6.00	6.00	6.00	7.00	7.00	7.00	7.00	7.00	7.00	7.00	7.00	7.00	7.00	7.00	7.00	7.00	7.00	6.00	6.00	6.00	6.00	7.00	7.00	7.00	7.00	8.00	8.00	8.00	9.00	9.00	9.00	9.00	8.00	8.00	8.00	7.00	7.00	7.00	7.00	7.00	8.00	8.00	7.00	8.00	8.00	8.00	8.00	8.00	8.00	9.00	9.00	8.00	8.00	9.00	9.00	9.00	9.00	8.00	9.00	9.00	8.00	9.00	9.00	9.00	9.00	9.00	9.00	10.00	10.00	10.00	9.00	10.00	10.00	10.00	11.00	12.00	13.00	12.00	11.00	10.00	10.00	10.00	11.00	13.00	19.00	20.00	15.00	12.00	10.00	10.00	10.00	10.00	10.00	10.00	10.00	10.00	10.00	10.00	10.00	10.00	10.00	10.00	10.00	18.00	14.00	11.00	9.00	11.00	10.00	9.00	9.00	14.00	16.00	7.00	4.00	3.00	3.00	3.00	4.00	5.00	8.00	12.00	16.00	11.00	9.00	9.00	14.00	20.00	20.00	20.00	16.00	15.00	17.00	18.00	8.00	11.00	11.00	12.00	14.00	15.00	17.00	14.00	13.00	16.00	14.00	16.00	17.00	10.00	8.00	8.00	7.00	8.00	12.00	15.00	11.00	7.00	7.00	7.00	7.00	7.00	7.00	7.00	7.00	7.00	7.00	7.00	7.00	7.00	7.00	7.00	7.00	7.00	7.00	9.00	10.00	12.00	11.00	10.00	13.00	12.00	8.00	8.00	7.00	8.00	11.00	10.00	8.00	10.00	10.00	11.00	12.00	14.00	19.00	18.00	13.00	10.00	8.00	7.00	7.00	7.00	7.00	7.00	9.00	11.00	13.00	15.00	11.00	11.00	6.00	5.00	30.00	46.00	51.00	51.00	55.00	41.00	23.00	14.00
																															1.00	1.00	1.00	2.00	4.00	6.00	6.00	6.00	6.00	6.00	7.00	7.00	7.00	7.00	7.00	7.00	7.00	7.00	7.00	7.00	7.00	7.00	7.00	7.00	6.00	6.00	6.00	6.00	7.00	7.00	7.00	7.00	8.00	8.00	8.00	9.00	9.00	9.00	9.00	8.00	8.00	8.00	7.00	7.00	7.00	7.00	7.00	8.00	8.00	7.00	8.00	8.00	8.00	8.00	8.00	8.00	9.00	9.00	8.00	8.00	9.00	9.00	9.00	9.00	8.00	9.00	9.00	8.00	9.00	9.00	9.00	9.00	9.00	9.00	10.00	10.00	10.00	9.00	10.00	10.00	10.00	11.00	12.00	13.00	12.00	11.00	10.00	10.00	10.00	11.00	13.00	19.00	20.00	15.00	12.00	10.00	10.00	10.00	10.00	10.00	10.00	10.00	10.00	10.00	10.00	10.00	10.00	10.00	10.00	10.00	18.00	14.00	11.00	9.00	11.00	10.00	9.00	9.00	14.00	16.00	7.00	4.00	3.00	3.00	3.00	4.00	5.00	8.00	12.00	16.00	11.00	9.00	9.00	14.00	20.00	20.00	20.00	16.00	15.00	17.00	18.00	8.00	11.00	11.00	12.00	14.00	15.00	17.00	14.00	13.00	16.00	14.00	16.00	17.00	10.00	8.00	8.00	7.00	8.00	12.00	15.00	11.00	7.00	7.00	7.00	7.00	7.00	7.00	7.00	7.00	7.00	7.00	7.00	7.00	7.00	7.00	7.00	7.00	7.00	7.00	9.00	10.00	12.00	11.00	10.00	13.00	12.00	8.00	8.00	7.00	8.00	11.00	10.00	8.00	10.00	10.00	11.00	12.00	14.00	19.00	18.00	13.00	10.00	8.00	7.00	7.00	7.00	7.00	7.00	9.00	11.00	13.00	15.00	11.00	11.00	6.00	5.00	30.00	46.00	51.00	51.00	55.00	41.00	23.00	14.00
											1.00				1.00				1.00	2.00	2.00	3.00	3.00	6.00	6.00	6.00	6.00	7.00	6.00	6.00	6.00	6.00	6.00	6.00	6.00	6.00	6.00	6.00	7.00	6.00	7.00	7.00	6.00	7.00	7.00	7.00	7.00	7.00	7.00	7.00	7.00	7.00	7.00	6.00	7.00	6.00	6.00	6.00	7.00	7.00	7.00	7.00	7.00	8.00	8.00	8.00	9.00	9.00	8.00	8.00	7.00	8.00	8.00	7.00	7.00	7.00	8.00	8.00	8.00	8.00	8.00	8.00	8.00	7.00	7.00	7.00	8.00	8.00	8.00	8.00	8.00	8.00	8.00	8.00	8.00	8.00	8.00	8.00	8.00	8.00	8.00	8.00	8.00	8.00	8.00	9.00	9.00	11.00	16.00	18.00	18.00	18.00	18.00	21.00	18.00	14.00	11.00	10.00	14.00	14.00	12.00	10.00	10.00	10.00	10.00	10.00	10.00	12.00	15.00	16.00	15.00	15.00	16.00	16.00	14.00	11.00	11.00	10.00	10.00	10.00	13.00	16.00	17.00	17.00	15.00	14.00	14.00	16.00	17.00	18.00	10.00	4.00	4.00	6.00	5.00	5.00	6.00	6.00	12.00	16.00	16.00	13.00	17.00	18.00	16.00	15.00	16.00	17.00	19.00	17.00	16.00	18.00	13.00	12.00	14.00	13.00	12.00	12.00	12.00	14.00	18.00	13.00	11.00	10.00	13.00	16.00	18.00	18.00	22.00	20.00	15.00	7.00	7.00	7.00	7.00	7.00	7.00	7.00	7.00	7.00	7.00	7.00	7.00	7.00	7.00	7.00	7.00	7.00	7.00	7.00	7.00	7.00	7.00	10.00	13.00	15.00	10.00	7.00	7.00	10.00	12.00	9.00	10.00	9.00	7.00	11.00	11.00	10.00	12.00	18.00	13.00	9.00	8.00	8.00	7.00	7.00	7.00	7.00	7.00	6.00	6.00	14.00	37.00	26.00	8.00	16.00	31.00	42.00	44.00	34.00	24.00	20.00	45.00	47.00	18.00
											1.00				1.00				1.00	2.00	2.00	3.00	3.00	6.00	6.00	6.00	6.00	7.00	6.00	6.00	6.00	6.00	6.00	6.00	6.00	6.00	6.00	6.00	7.00	6.00	7.00	7.00	6.00	7.00	7.00	7.00	7.00	7.00	7.00	7.00	7.00	7.00	7.00	6.00	7.00	6.00	6.00	6.00	7.00	7.00	7.00	7.00	7.00	8.00	8.00	8.00	9.00	9.00	8.00	8.00	7.00	8.00	8.00	7.00	7.00	7.00	8.00	8.00	8.00	8.00	8.00	8.00	8.00	7.00	7.00	7.00	8.00	8.00	8.00	8.00	8.00	8.00	8.00	8.00	8.00	8.00	8.00	8.00	8.00	8.00	8.00	8.00	8.00	8.00	8.00	9.00	9.00	11.00	16.00	18.00	18.00	18.00	18.00	21.00	18.00	14.00	11.00	10.00	14.00	14.00	12.00	10.00	10.00	10.00	10.00	10.00	10.00	12.00	15.00	16.00	15.00	15.00	16.00	16.00	14.00	11.00	11.00	10.00	10.00	10.00	13.00	16.00	17.00	17.00	15.00	14.00	14.00	16.00	17.00	18.00	10.00	4.00	4.00	6.00	5.00	5.00	6.00	6.00	12.00	16.00	16.00	13.00	17.00	18.00	16.00	15.00	16.00	17.00	19.00	17.00	16.00	18.00	13.00	12.00	14.00	13.00	12.00	12.00	12.00	14.00	18.00	13.00	11.00	10.00	13.00	16.00	18.00	18.00	22.00	20.00	15.00	7.00	7.00	7.00	7.00	7.00	7.00	7.00	7.00	7.00	7.00	7.00	7.00	7.00	7.00	7.00	7.00	7.00	7.00	7.00	7.00	7.00	7.00	10.00	13.00	15.00	10.00	7.00	7.00	10.00	12.00	9.00	10.00	9.00	7.00	11.00	11.00	10.00	12.00	18.00	13.00	9.00	8.00	8.00	7.00	7.00	7.00	7.00	7.00	6.00	6.00	14.00	37.00	26.00	8.00	16.00	31.00	42.00	44.00	34.00	24.00	20.00	45.00	47.00	18.00
											1.00				1.00				1.00	2.00	2.00	3.00	3.00	6.00	6.00	6.00	6.00	7.00	6.00	6.00	6.00	6.00	6.00	6.00	6.00	6.00	6.00	6.00	7.00	6.00	7.00	7.00	6.00	7.00	7.00	7.00	7.00	7.00	7.00	7.00	7.00	7.00	7.00	6.00	7.00	6.00	6.00	6.00	7.00	7.00	7.00	7.00	7.00	8.00	8.00	8.00	9.00	9.00	8.00	8.00	7.00	8.00	8.00	7.00	7.00	7.00	8.00	8.00	8.00	8.00	8.00	8.00	8.00	7.00	7.00	7.00	8.00	8.00	8.00	8.00	8.00	8.00	8.00	8.00	8.00	8.00	8.00	8.00	8.00	8.00	8.00	8.00	8.00	8.00	8.00	9.00	9.00	11.00	16.00	18.00	18.00	18.00	18.00	21.00	18.00	14.00	11.00	10.00	14.00	14.00	12.00	10.00	10.00	10.00	10.00	10.00	10.00	12.00	15.00	16.00	15.00	15.00	16.00	16.00	14.00	11.00	11.00	10.00	10.00	10.00	13.00	16.00	17.00	17.00	15.00	14.00	14.00	16.00	17.00	18.00	10.00	4.00	4.00	6.00	5.00	5.00	6.00	6.00	12.00	16.00	16.00	13.00	17.00	18.00	16.00	15.00	16.00	17.00	19.00	17.00	16.00	18.00	13.00	12.00	14.00	13.00	12.00	12.00	12.00	14.00	18.00	13.00	11.00	10.00	13.00	16.00	18.00	18.00	22.00	20.00	15.00	7.00	7.00	7.00	7.00	7.00	7.00	7.00	7.00	7.00	7.00	7.00	7.00	7.00	7.00	7.00	7.00	7.00	7.00	7.00	7.00	7.00	7.00	10.00	13.00	15.00	10.00	7.00	7.00	10.00	12.00	9.00	10.00	9.00	7.00	11.00	11.00	10.00	12.00	18.00	13.00	9.00	8.00	8.00	7.00	7.00	7.00	7.00	7.00	6.00	6.00	14.00	37.00	26.00	8.00	16.00	31.00	42.00	44.00	34.00	24.00	20.00	45.00	47.00	18.00
									1.00	4.00	7.00	7.00	7.00	7.00	8.00	8.00	7.00	6.00	8.00	8.00	8.00	8.00	8.00	7.00	7.00	7.00	7.00	7.00	7.00	7.00	6.00	6.00	6.00	5.00	5.00	6.00	7.00	7.00	7.00	6.00	6.00	7.00	6.00	6.00	6.00	6.00	7.00	7.00	7.00	7.00	7.00	7.00	7.00	7.00	8.00	8.00	8.00	9.00	9.00	8.00	8.00	8.00	7.00	7.00	7.00	7.00	7.00	7.00	7.00	7.00	6.00	6.00	6.00	7.00	7.00	8.00	8.00	9.00	8.00	8.00	8.00	8.00	8.00	8.00	7.00	7.00	8.00	8.00	8.00	8.00	8.00	5.00	4.00	4.00	5.00	6.00	7.00	8.00	7.00	7.00	8.00	8.00	8.00	8.00	9.00	9.00	14.00	19.00	11.00	10.00	10.00	10.00	12.00	15.00	15.00	14.00	11.00	11.00	22.00	25.00	18.00	10.00	10.00	10.00	10.00	10.00	10.00	12.00	16.00	18.00	16.00	16.00	15.00	15.00	16.00	18.00	16.00	14.00	10.00	10.00	14.00	18.00	18.00	20.00	19.00	22.00	19.00	17.00	21.00	24.00	25.00	16.00	5.00	9.00	8.00	10.00	11.00	15.00	13.00	14.00	15.00	16.00	10.00	14.00	16.00	16.00	18.00	18.00	16.00	16.00	16.00	20.00	20.00	17.00	14.00	9.00	8.00	12.00	14.00	13.00	13.00	13.00	12.00	13.00	16.00	16.00	18.00	16.00	17.00	18.00	17.00	10.00	7.00	7.00	7.00	7.00	7.00	7.00	7.00	7.00	7.00	7.00	7.00	7.00	7.00	7.00	7.00	7.00	7.00	7.00	7.00	7.00	7.00	9.00	10.00	11.00	15.00	12.00	11.00	10.00	10.00	11.00	10.00	10.00	9.00	12.00	14.00	12.00	9.00	16.00	14.00	10.00	8.00	7.00	7.00	7.00	7.00	7.00	8.00	7.00	4.00	12.00	30.00	31.00	23.00	14.00	15.00	33.00	31.00	31.00	36.00	41.00	42.00	46.00	36.00
									1.00	4.00	7.00	7.00	7.00	7.00	8.00	8.00	7.00	6.00	8.00	8.00	8.00	8.00	8.00	7.00	7.00	7.00	7.00	7.00	7.00	7.00	6.00	6.00	6.00	5.00	5.00	6.00	7.00	7.00	7.00	6.00	6.00	7.00	6.00	6.00	6.00	6.00	7.00	7.00	7.00	7.00	7.00	7.00	7.00	7.00	8.00	8.00	8.00	9.00	9.00	8.00	8.00	8.00	7.00	7.00	7.00	7.00	7.00	7.00	7.00	7.00	6.00	6.00	6.00	7.00	7.00	8.00	8.00	9.00	8.00	8.00	8.00	8.00	8.00	8.00	7.00	7.00	8.00	8.00	8.00	8.00	8.00	5.00	4.00	4.00	5.00	6.00	7.00	8.00	7.00	7.00	8.00	8.00	8.00	8.00	9.00	9.00	14.00	19.00	11.00	10.00	10.00	10.00	12.00	15.00	15.00	14.00	11.00	11.00	22.00	25.00	18.00	10.00	10.00	10.00	10.00	10.00	10.00	12.00	16.00	18.00	16.00	16.00	15.00	15.00	16.00	18.00	16.00	14.00	10.00	10.00	14.00	18.00	18.00	20.00	19.00	22.00	19.00	17.00	21.00	24.00	25.00	16.00	5.00	9.00	8.00	10.00	11.00	15.00	13.00	14.00	15.00	16.00	10.00	14.00	16.00	16.00	18.00	18.00	16.00	16.00	16.00	20.00	20.00	17.00	14.00	9.00	8.00	12.00	14.00	13.00	13.00	13.00	12.00	13.00	16.00	16.00	18.00	16.00	17.00	18.00	17.00	10.00	7.00	7.00	7.00	7.00	7.00	7.00	7.00	7.00	7.00	7.00	7.00	7.00	7.00	7.00	7.00	7.00	7.00	7.00	7.00	7.00	7.00	9.00	10.00	11.00	15.00	12.00	11.00	10.00	10.00	11.00	10.00	10.00	9.00	12.00	14.00	12.00	9.00	16.00	14.00	10.00	8.00	7.00	7.00	7.00	7.00	7.00	8.00	7.00	4.00	12.00	30.00	31.00	23.00	14.00	15.00	33.00	31.00	31.00	36.00	41.00	42.00	46.00	36.00
		1.00	2.00	4.00	4.00	4.00	4.00	5.00	7.00	7.00	7.00	7.00	8.00	8.00	8.00	8.00	8.00	8.00	8.00	8.00	8.00	8.00	8.00	7.00	7.00	7.00	7.00	7.00	7.00	7.00	6.00	6.00	6.00	6.00	5.00	5.00	6.00	6.00	6.00	6.00	6.00	6.00	6.00	6.00	6.00	6.00	6.00	6.00	6.00	6.00	6.00	7.00	7.00	8.00	8.00	8.00	9.00	9.00	9.00	9.00	9.00	9.00	9.00	9.00	9.00	8.00	8.00	8.00	6.00	3.00	1.00	3.00	6.00	6.00	7.00	7.00	8.00	8.00	8.00	8.00	9.00	9.00	9.00	8.00	8.00	8.00	8.00	8.00	8.00	8.00	8.00	8.00	8.00	9.00	8.00	8.00	7.00	7.00	8.00	7.00	6.00	6.00	6.00	7.00	7.00	8.00	7.00	8.00	8.00	9.00	9.00	9.00	9.00	9.00	9.00	11.00	14.00	19.00	19.00	19.00	18.00	13.00	10.00	10.00	10.00	10.00	11.00	12.00	15.00	16.00	16.00	16.00	17.00	17.00	17.00	17.00	16.00	13.00	10.00	10.00	14.00	16.00	21.00	24.00	24.00	25.00	22.00	20.00	20.00	15.00	17.00	20.00	16.00	9.00	7.00	12.00	17.00	12.00	15.00	17.00	16.00	21.00	16.00	9.00	11.00	16.00	20.00	20.00	20.00	18.00	20.00	20.00	19.00	15.00	12.00	10.00	9.00	11.00	12.00	13.00	12.00	12.00	15.00	15.00	16.00	15.00	15.00	16.00	16.00	14.00	11.00	14.00	12.00	7.00	7.00	7.00	7.00	7.00	7.00	7.00	7.00	7.00	7.00	7.00	7.00	7.00	7.00	7.00	7.00	7.00	7.00	7.00	8.00	11.00	13.00	16.00	9.00	7.00	7.00	7.00	7.00	7.00	7.00	8.00	10.00	6.00	7.00	7.00	6.00	7.00	8.00	11.00	11.00	11.00	9.00	8.00	5.00	8.00	11.00	8.00	5.00	16.00	37.00	47.00	26.00	23.00	30.00	30.00	25.00	30.00	36.00	40.00	27.00	18.00	29.00
		1.00	2.00	4.00	4.00	4.00	4.00	5.00	7.00	7.00	7.00	7.00	8.00	8.00	8.00	8.00	8.00	8.00	8.00	8.00	8.00	8.00	8.00	7.00	7.00	7.00	7.00	7.00	7.00	7.00	6.00	6.00	6.00	6.00	5.00	5.00	6.00	6.00	6.00	6.00	6.00	6.00	6.00	6.00	6.00	6.00	6.00	6.00	6.00	6.00	6.00	7.00	7.00	8.00	8.00	8.00	9.00	9.00	9.00	9.00	9.00	9.00	9.00	9.00	9.00	8.00	8.00	8.00	6.00	3.00	1.00	3.00	6.00	6.00	7.00	7.00	8.00	8.00	8.00	8.00	9.00	9.00	9.00	8.00	8.00	8.00	8.00	8.00	8.00	8.00	8.00	8.00	8.00	9.00	8.00	8.00	7.00	7.00	8.00	7.00	6.00	6.00	6.00	7.00	7.00	8.00	7.00	8.00	8.00	9.00	9.00	9.00	9.00	9.00	9.00	11.00	14.00	19.00	19.00	19.00	18.00	13.00	10.00	10.00	10.00	10.00	11.00	12.00	15.00	16.00	16.00	16.00	17.00	17.00	17.00	17.00	16.00	13.00	10.00	10.00	14.00	16.00	21.00	24.00	24.00	25.00	22.00	20.00	20.00	15.00	17.00	20.00	16.00	9.00	7.00	12.00	17.00	12.00	15.00	17.00	16.00	21.00	16.00	9.00	11.00	16.00	20.00	20.00	20.00	18.00	20.00	20.00	19.00	15.00	12.00	10.00	9.00	11.00	12.00	13.00	12.00	12.00	15.00	15.00	16.00	15.00	15.00	16.00	16.00	14.00	11.00	14.00	12.00	7.00	7.00	7.00	7.00	7.00	7.00	7.00	7.00	7.00	7.00	7.00	7.00	7.00	7.00	7.00	7.00	7.00	7.00	7.00	8.00	11.00	13.00	16.00	9.00	7.00	7.00	7.00	7.00	7.00	7.00	8.00	10.00	6.00	7.00	7.00	6.00	7.00	8.00	11.00	11.00	11.00	9.00	8.00	5.00	8.00	11.00	8.00	5.00	16.00	37.00	47.00	26.00	23.00	30.00	30.00	25.00	30.00	36.00	40.00	27.00	18.00	29.00
		1.00	2.00	4.00	4.00	4.00	4.00	5.00	7.00	7.00	7.00	7.00	8.00	8.00	8.00	8.00	8.00	8.00	8.00	8.00	8.00	8.00	8.00	7.00	7.00	7.00	7.00	7.00	7.00	7.00	6.00	6.00	6.00	6.00	5.00	5.00	6.00	6.00	6.00	6.00	6.00	6.00	6.00	6.00	6.00	6.00	6.00	6.00	6.00	6.00	6.00	7.00	7.00	8.00	8.00	8.00	9.00	9.00	9.00	9.00	9.00	9.00	9.00	9.00	9.00	8.00	8.00	8.00	6.00	3.00	1.00	3.00	6.00	6.00	7.00	7.00	8.00	8.00	8.00	8.00	9.00	9.00	9.00	8.00	8.00	8.00	8.00	8.00	8.00	8.00	8.00	8.00	8.00	9.00	8.00	8.00	7.00	7.00	8.00	7.00	6.00	6.00	6.00	7.00	7.00	8.00	7.00	8.00	8.00	9.00	9.00	9.00	9.00	9.00	9.00	11.00	14.00	19.00	19.00	19.00	18.00	13.00	10.00	10.00	10.00	10.00	11.00	12.00	15.00	16.00	16.00	16.00	17.00	17.00	17.00	17.00	16.00	13.00	10.00	10.00	14.00	16.00	21.00	24.00	24.00	25.00	22.00	20.00	20.00	15.00	17.00	20.00	16.00	9.00	7.00	12.00	17.00	12.00	15.00	17.00	16.00	21.00	16.00	9.00	11.00	16.00	20.00	20.00	20.00	18.00	20.00	20.00	19.00	15.00	12.00	10.00	9.00	11.00	12.00	13.00	12.00	12.00	15.00	15.00	16.00	15.00	15.00	16.00	16.00	14.00	11.00	14.00	12.00	7.00	7.00	7.00	7.00	7.00	7.00	7.00	7.00	7.00	7.00	7.00	7.00	7.00	7.00	7.00	7.00	7.00	7.00	7.00	8.00	11.00	13.00	16.00	9.00	7.00	7.00	7.00	7.00	7.00	7.00	8.00	10.00	6.00	7.00	7.00	6.00	7.00	8.00	11.00	11.00	11.00	9.00	8.00	5.00	8.00	11.00	8.00	5.00	16.00	37.00	47.00	26.00	23.00	30.00	30.00	25.00	30.00	36.00	40.00	27.00	18.00	29.00
6.00	5.00	6.00	6.00	6.00	6.00	6.00	6.00	6.00	7.00	7.00	7.00	7.00	8.00	8.00	9.00	9.00	8.00	9.00	8.00	8.00	8.00	7.00	7.00	7.00	7.00	7.00	6.00	6.00	6.00	6.00	6.00	6.00	6.00	6.00	6.00	6.00	6.00	6.00	6.00	6.00	6.00	6.00	6.00	6.00	6.00	6.00	6.00	6.00	6.00	6.00	6.00	8.00	8.00	8.00	7.00	8.00	8.00	8.00	8.00	8.00	8.00	8.00	8.00	9.00	9.00	9.00	9.00	9.00	3.00	1.00	2.00	4.00	7.00	8.00	8.00	7.00	7.00	7.00	7.00	7.00	7.00	8.00	8.00	8.00	8.00	9.00	8.00	9.00	9.00	9.00	8.00	8.00	8.00	8.00	8.00	8.00	8.00	8.00	7.00	7.00	8.00	8.00	8.00	7.00	7.00	8.00	6.00	6.00	8.00	8.00	8.00	8.00	8.00	8.00	8.00	11.00	17.00	30.00	18.00	14.00	12.00	12.00	12.00	11.00	11.00	11.00	12.00	13.00	16.00	18.00	19.00	19.00	18.00	16.00	18.00	18.00	16.00	11.00	10.00	10.00	18.00	18.00	21.00	23.00	20.00	21.00	18.00	18.00	20.00	18.00	20.00	21.00	17.00	17.00	20.00	18.00	15.00	17.00	19.00	16.00	19.00	22.00	20.00	19.00	15.00	20.00	17.00	20.00	25.00	22.00	17.00	12.00	11.00	10.00	11.00	14.00	11.00	8.00	7.00	8.00	11.00	8.00	8.00	11.00	15.00	18.00	21.00	18.00	14.00	10.00	10.00	10.00	12.00	8.00	7.00	7.00	7.00	7.00	7.00	7.00	7.00	7.00	7.00	7.00	7.00	7.00	7.00	7.00	7.00	7.00	7.00	7.00	6.00	13.00	10.00	8.00	7.00	7.00	7.00	7.00	7.00	7.00	7.00	8.00	11.00	15.00	13.00	10.00	8.00	9.00	10.00	6.00	8.00	11.00	17.00	18.00	14.00	12.00	6.00	7.00	14.00	27.00	47.00	36.00	25.00	21.00	26.00	21.00	27.00	29.00	24.00	21.00	37.00	38.00	23.00
6.00	5.00	6.00	6.00	6.00	6.00	6.00	6.00	6.00	7.00	7.00	7.00	7.00	8.00	8.00	9.00	9.00	8.00	9.00	8.00	8.00	8.00	7.00	7.00	7.00	7.00	7.00	6.00	6.00	6.00	6.00	6.00	6.00	6.00	6.00	6.00	6.00	6.00	6.00	6.00	6.00	6.00	6.00	6.00	6.00	6.00	6.00	6.00	6.00	6.00	6.00	6.00	8.00	8.00	8.00	7.00	8.00	8.00	8.00	8.00	8.00	8.00	8.00	8.00	9.00	9.00	9.00	9.00	9.00	3.00	1.00	2.00	4.00	7.00	8.00	8.00	7.00	7.00	7.00	7.00	7.00	7.00	8.00	8.00	8.00	8.00	9.00	8.00	9.00	9.00	9.00	8.00	8.00	8.00	8.00	8.00	8.00	8.00	8.00	7.00	7.00	8.00	8.00	8.00	7.00	7.00	8.00	6.00	6.00	8.00	8.00	8.00	8.00	8.00	8.00	8.00	11.00	17.00	30.00	18.00	14.00	12.00	12.00	12.00	11.00	11.00	11.00	12.00	13.00	16.00	18.00	19.00	19.00	18.00	16.00	18.00	18.00	16.00	11.00	10.00	10.00	18.00	18.00	21.00	23.00	20.00	21.00	18.00	18.00	20.00	18.00	20.00	21.00	17.00	17.00	20.00	18.00	15.00	17.00	19.00	16.00	19.00	22.00	20.00	19.00	15.00	20.00	17.00	20.00	25.00	22.00	17.00	12.00	11.00	10.00	11.00	14.00	11.00	8.00	7.00	8.00	11.00	8.00	8.00	11.00	15.00	18.00	21.00	18.00	14.00	10.00	10.00	10.00	12.00	8.00	7.00	7.00	7.00	7.00	7.00	7.00	7.00	7.00	7.00	7.00	7.00	7.00	7.00	7.00	7.00	7.00	7.00	7.00	6.00	13.00	10.00	8.00	7.00	7.00	7.00	7.00	7.00	7.00	7.00	8.00	11.00	15.00	13.00	10.00	8.00	9.00	10.00	6.00	8.00	11.00	17.00	18.00	14.00	12.00	6.00	7.00	14.00	27.00	47.00	36.00	25.00	21.00	26.00	21.00	27.00	29.00	24.00	21.00	37.00	38.00	23.00
6.00	6.00	6.00	6.00	6.00	6.00	6.00	6.00	6.00	7.00	7.00	7.00	8.00	8.00	8.00	9.00	9.00	9.00	9.00	8.00	8.00	8.00	8.00	8.00	7.00	7.00	7.00	7.00	7.00	6.00	7.00	7.00	6.00	6.00	6.00	6.00	6.00	6.00	6.00	6.00	6.00	6.00	6.00	6.00	6.00	6.00	6.00	6.00	6.00	6.00	6.00	7.00	8.00	7.00	7.00	8.00	9.00	9.00	8.00	8.00	8.00	8.00	8.00	8.00	8.00	8.00	8.00	8.00	7.00	2.00	4.00	6.00	8.00	9.00	9.00	9.00	9.00	9.00	8.00	8.00	8.00	8.00	7.00	7.00	7.00	7.00	7.00	8.00	8.00	8.00	8.00	8.00	9.00	8.00	9.00	9.00	9.00	9.00	9.00	8.00	8.00	8.00	8.00	8.00	8.00	8.00	6.00	6.00	8.00	9.00	9.00	9.00	9.00	9.00	9.00	8.00	8.00	8.00	20.00	16.00	13.00	12.00	12.00	12.00	12.00	13.00	12.00	12.00	14.00	17.00	20.00	21.00	21.00	21.00	21.00	21.00	19.00	18.00	12.00	10.00	11.00	15.00	18.00	20.00	19.00	17.00	18.00	19.00	19.00	20.00	23.00	22.00	19.00	15.00	14.00	14.00	16.00	14.00	14.00	19.00	27.00	31.00	24.00	25.00	22.00	22.00	23.00	20.00	19.00	19.00	17.00	16.00	20.00	14.00	12.00	16.00	14.00	13.00	14.00	14.00	13.00	11.00	11.00	10.00	11.00	9.00	13.00	20.00	18.00	10.00	8.00	9.00	7.00	7.00	9.00	10.00	10.00	11.00	11.00	10.00	9.00	9.00	9.00	8.00	7.00	7.00	7.00	7.00	7.00	7.00	7.00	7.00	9.00	16.00	15.00	8.00	7.00	7.00	7.00	7.00	7.00	7.00	7.00	7.00	7.00	9.00	12.00	13.00	12.00	14.00	16.00	13.00	12.00	11.00	10.00	13.00	9.00	5.00	4.00	22.00	31.00	42.00	51.00	52.00	19.00	24.00	31.00	27.00	29.00	23.00	16.00	16.00	12.00	21.00	45.00	53.00
6.00	6.00	6.00	6.00	6.00	6.00	6.00	6.00	6.00	7.00	7.00	7.00	8.00	8.00	8.00	9.00	9.00	9.00	9.00	8.00	8.00	8.00	8.00	8.00	7.00	7.00	7.00	7.00	7.00	6.00	7.00	7.00	6.00	6.00	6.00	6.00	6.00	6.00	6.00	6.00	6.00	6.00	6.00	6.00	6.00	6.00	6.00	6.00	6.00	6.00	6.00	7.00	8.00	7.00	7.00	8.00	9.00	9.00	8.00	8.00	8.00	8.00	8.00	8.00	8.00	8.00	8.00	8.00	7.00	2.00	4.00	6.00	8.00	9.00	9.00	9.00	9.00	9.00	8.00	8.00	8.00	8.00	7.00	7.00	7.00	7.00	7.00	8.00	8.00	8.00	8.00	8.00	9.00	8.00	9.00	9.00	9.00	9.00	9.00	8.00	8.00	8.00	8.00	8.00	8.00	8.00	6.00	6.00	8.00	9.00	9.00	9.00	9.00	9.00	9.00	8.00	8.00	8.00	20.00	16.00	13.00	12.00	12.00	12.00	12.00	13.00	12.00	12.00	14.00	17.00	20.00	21.00	21.00	21.00	21.00	21.00	19.00	18.00	12.00	10.00	11.00	15.00	18.00	20.00	19.00	17.00	18.00	19.00	19.00	20.00	23.00	22.00	19.00	15.00	14.00	14.00	16.00	14.00	14.00	19.00	27.00	31.00	24.00	25.00	22.00	22.00	23.00	20.00	19.00	19.00	17.00	16.00	20.00	14.00	12.00	16.00	14.00	13.00	14.00	14.00	13.00	11.00	11.00	10.00	11.00	9.00	13.00	20.00	18.00	10.00	8.00	9.00	7.00	7.00	9.00	10.00	10.00	11.00	11.00	10.00	9.00	9.00	9.00	8.00	7.00	7.00	7.00	7.00	7.00	7.00	7.00	7.00	9.00	16.00	15.00	8.00	7.00	7.00	7.00	7.00	7.00	7.00	7.00	7.00	7.00	9.00	12.00	13.00	12.00	14.00	16.00	13.00	12.00	11.00	10.00	13.00	9.00	5.00	4.00	22.00	31.00	42.00	51.00	52.00	19.00	24.00	31.00	27.00	29.00	23.00	16.00	16.00	12.00	21.00	45.00	53.00
6.00	6.00	7.00	7.00	7.00	7.00	7.00	6.00	6.00	7.00	7.00	7.00	7.00	7.00	7.00	7.00	7.00	8.00	8.00	8.00	8.00	8.00	8.00	8.00	8.00	8.00	8.00	8.00	8.00	7.00	7.00	7.00	7.00	7.00	7.00	7.00	7.00	7.00	7.00	6.00	6.00	7.00	6.00	6.00	6.00	6.00	6.00	6.00	6.00	6.00	6.00	8.00	8.00	8.00	8.00	9.00	9.00	8.00	9.00	9.00	9.00	9.00	9.00	9.00	9.00	9.00	8.00	8.00	4.00	7.00	7.00	8.00	8.00	8.00	7.00	8.00	8.00	8.00	9.00	9.00	9.00	9.00	9.00	9.00	9.00	9.00	8.00	8.00	8.00	8.00	8.00	8.00	8.00	8.00	8.00	8.00	8.00	8.00	9.00	9.00	9.00	9.00	9.00	9.00	9.00	8.00	7.00	7.00	7.00	8.00	8.00	9.00	9.00	9.00	9.00	9.00	9.00	10.00	17.00	12.00	11.00	11.00	11.00	11.00	11.00	11.00	11.00	12.00	14.00	17.00	19.00	17.00	18.00	19.00	19.00	19.00	18.00	19.00	20.00	18.00	19.00	18.00	21.00	23.00	21.00	18.00	19.00	19.00	19.00	20.00	17.00	14.00	12.00	15.00	15.00	15.00	15.00	16.00	17.00	12.00	13.00	34.00	34.00	24.00	25.00	25.00	27.00	25.00	20.00	15.00	17.00	16.00	21.00	18.00	18.00	16.00	13.00	16.00	17.00	14.00	12.00	12.00	13.00	14.00	12.00	16.00	19.00	19.00	14.00	8.00	6.00	6.00	6.00	6.00	9.00	7.00	6.00	6.00	7.00	7.00	8.00	9.00	9.00	10.00	11.00	9.00	9.00	8.00	7.00	8.00	9.00	9.00	10.00	13.00	10.00	8.00	7.00	7.00	7.00	7.00	7.00	7.00	7.00	7.00	9.00	9.00	10.00	12.00	13.00	11.00	8.00	7.00	3.00	2.00	3.00	13.00	4.00	7.00	14.00	60.00	55.00	41.00	24.00	21.00	25.00	33.00	34.00	27.00	25.00	22.00	20.00	22.00	27.00	24.00	31.00	39.00
6.00	6.00	7.00	7.00	7.00	7.00	7.00	6.00	6.00	7.00	7.00	7.00	7.00	7.00	7.00	7.00	7.00	8.00	8.00	8.00	8.00	8.00	8.00	8.00	8.00	8.00	8.00	8.00	8.00	7.00	7.00	7.00	7.00	7.00	7.00	7.00	7.00	7.00	7.00	6.00	6.00	7.00	6.00	6.00	6.00	6.00	6.00	6.00	6.00	6.00	6.00	8.00	8.00	8.00	8.00	9.00	9.00	8.00	9.00	9.00	9.00	9.00	9.00	9.00	9.00	9.00	8.00	8.00	4.00	7.00	7.00	8.00	8.00	8.00	7.00	8.00	8.00	8.00	9.00	9.00	9.00	9.00	9.00	9.00	9.00	9.00	8.00	8.00	8.00	8.00	8.00	8.00	8.00	8.00	8.00	8.00	8.00	8.00	9.00	9.00	9.00	9.00	9.00	9.00	9.00	8.00	7.00	7.00	7.00	8.00	8.00	9.00	9.00	9.00	9.00	9.00	9.00	10.00	17.00	12.00	11.00	11.00	11.00	11.00	11.00	11.00	11.00	12.00	14.00	17.00	19.00	17.00	18.00	19.00	19.00	19.00	18.00	19.00	20.00	18.00	19.00	18.00	21.00	23.00	21.00	18.00	19.00	19.00	19.00	20.00	17.00	14.00	12.00	15.00	15.00	15.00	15.00	16.00	17.00	12.00	13.00	34.00	34.00	24.00	25.00	25.00	27.00	25.00	20.00	15.00	17.00	16.00	21.00	18.00	18.00	16.00	13.00	16.00	17.00	14.00	12.00	12.00	13.00	14.00	12.00	16.00	19.00	19.00	14.00	8.00	6.00	6.00	6.00	6.00	9.00	7.00	6.00	6.00	7.00	7.00	8.00	9.00	9.00	10.00	11.00	9.00	9.00	8.00	7.00	8.00	9.00	9.00	10.00	13.00	10.00	8.00	7.00	7.00	7.00	7.00	7.00	7.00	7.00	7.00	9.00	9.00	10.00	12.00	13.00	11.00	8.00	7.00	3.00	2.00	3.00	13.00	4.00	7.00	14.00	60.00	55.00	41.00	24.00	21.00	25.00	33.00	34.00	27.00	25.00	22.00	20.00	22.00	27.00	24.00	31.00	39.00
6.00	6.00	7.00	7.00	7.00	7.00	7.00	6.00	6.00	7.00	7.00	7.00	7.00	7.00	7.00	7.00	7.00	8.00	8.00	8.00	8.00	8.00	8.00	8.00	8.00	8.00	8.00	8.00	8.00	7.00	7.00	7.00	7.00	7.00	7.00	7.00	7.00	7.00	7.00	6.00	6.00	7.00	6.00	6.00	6.00	6.00	6.00	6.00	6.00	6.00	6.00	8.00	8.00	8.00	8.00	9.00	9.00	8.00	9.00	9.00	9.00	9.00	9.00	9.00	9.00	9.00	8.00	8.00	4.00	7.00	7.00	8.00	8.00	8.00	7.00	8.00	8.00	8.00	9.00	9.00	9.00	9.00	9.00	9.00	9.00	9.00	8.00	8.00	8.00	8.00	8.00	8.00	8.00	8.00	8.00	8.00	8.00	8.00	9.00	9.00	9.00	9.00	9.00	9.00	9.00	8.00	7.00	7.00	7.00	8.00	8.00	9.00	9.00	9.00	9.00	9.00	9.00	10.00	17.00	12.00	11.00	11.00	11.00	11.00	11.00	11.00	11.00	12.00	14.00	17.00	19.00	17.00	18.00	19.00	19.00	19.00	18.00	19.00	20.00	18.00	19.00	18.00	21.00	23.00	21.00	18.00	19.00	19.00	19.00	20.00	17.00	14.00	12.00	15.00	15.00	15.00	15.00	16.00	17.00	12.00	13.00	34.00	34.00	24.00	25.00	25.00	27.00	25.00	20.00	15.00	17.00	16.00	21.00	18.00	18.00	16.00	13.00	16.00	17.00	14.00	12.00	12.00	13.00	14.00	12.00	16.00	19.00	19.00	14.00	8.00	6.00	6.00	6.00	6.00	9.00	7.00	6.00	6.00	7.00	7.00	8.00	9.00	9.00	10.00	11.00	9.00	9.00	8.00	7.00	8.00	9.00	9.00	10.00	13.00	10.00	8.00	7.00	7.00	7.00	7.00	7.00	7.00	7.00	7.00	9.00	9.00	10.00	12.00	13.00	11.00	8.00	7.00	3.00	2.00	3.00	13.00	4.00	7.00	14.00	60.00	55.00	41.00	24.00	21.00	25.00	33.00	34.00	27.00	25.00	22.00	20.00	22.00	27.00	24.00	31.00	39.00
5.00	5.00	6.00	6.00	6.00	6.00	6.00	6.00	7.00	7.00	7.00	7.00	7.00	7.00	7.00	7.00	7.00	7.00	7.00	7.00	7.00	7.00	7.00	7.00	8.00	8.00	8.00	8.00	8.00	8.00	8.00	8.00	8.00	8.00	8.00	8.00	7.00	7.00	7.00	7.00	7.00	7.00	7.00	7.00	7.00	7.00	6.00	6.00	6.00	6.00	7.00	8.00	8.00	8.00	9.00	9.00	9.00	9.00	9.00	9.00	9.00	8.00	8.00	8.00	8.00	8.00	8.00	7.00	7.00	9.00	9.00	9.00	8.00	8.00	8.00	8.00	8.00	8.00	8.00	8.00	8.00	8.00	8.00	9.00	9.00	8.00	9.00	9.00	9.00	9.00	9.00	9.00	9.00	8.00	8.00	8.00	8.00	8.00	8.00	8.00	8.00	8.00	8.00	8.00	8.00	8.00	8.00	8.00	8.00	7.00	10.00	10.00	10.00	9.00	8.00	8.00	8.00	9.00	11.00	12.00	11.00	11.00	11.00	11.00	11.00	11.00	11.00	11.00	13.00	17.00	18.00	16.00	18.00	18.00	18.00	17.00	18.00	19.00	19.00	19.00	17.00	17.00	20.00	23.00	22.00	19.00	18.00	19.00	19.00	20.00	23.00	17.00	15.00	16.00	12.00	12.00	14.00	16.00	17.00	12.00	12.00	27.00	36.00	23.00	23.00	24.00	23.00	21.00	20.00	18.00	13.00	12.00	23.00	17.00	10.00	13.00	12.00	13.00	20.00	20.00	18.00	16.00	20.00	20.00	19.00	18.00	19.00	19.00	13.00	8.00	6.00	7.00	6.00	5.00	6.00	7.00	6.00	7.00	8.00	7.00	7.00	8.00	9.00	8.00	7.00	8.00	8.00	8.00	9.00	9.00	11.00	13.00	13.00	9.00	8.00	7.00	7.00	7.00	7.00	7.00	7.00	7.00	7.00	7.00	8.00	9.00	6.00	7.00	8.00	9.00	13.00	10.00	8.00	12.00	22.00	16.00	17.00	26.00	44.00	58.00	46.00	27.00	16.00	17.00	25.00	29.00	31.00	31.00	25.00	25.00	20.00	17.00	25.00	34.00	38.00	28.00
5.00	5.00	6.00	6.00	6.00	6.00	6.00	6.00	7.00	7.00	7.00	7.00	7.00	7.00	7.00	7.00	7.00	7.00	7.00	7.00	7.00	7.00	7.00	7.00	8.00	8.00	8.00	8.00	8.00	8.00	8.00	8.00	8.00	8.00	8.00	8.00	7.00	7.00	7.00	7.00	7.00	7.00	7.00	7.00	7.00	7.00	6.00	6.00	6.00	6.00	7.00	8.00	8.00	8.00	9.00	9.00	9.00	9.00	9.00	9.00	9.00	8.00	8.00	8.00	8.00	8.00	8.00	7.00	7.00	9.00	9.00	9.00	8.00	8.00	8.00	8.00	8.00	8.00	8.00	8.00	8.00	8.00	8.00	9.00	9.00	8.00	9.00	9.00	9.00	9.00	9.00	9.00	9.00	8.00	8.00	8.00	8.00	8.00	8.00	8.00	8.00	8.00	8.00	8.00	8.00	8.00	8.00	8.00	8.00	7.00	10.00	10.00	10.00	9.00	8.00	8.00	8.00	9.00	11.00	12.00	11.00	11.00	11.00	11.00	11.00	11.00	11.00	11.00	13.00	17.00	18.00	16.00	18.00	18.00	18.00	17.00	18.00	19.00	19.00	19.00	17.00	17.00	20.00	23.00	22.00	19.00	18.00	19.00	19.00	20.00	23.00	17.00	15.00	16.00	12.00	12.00	14.00	16.00	17.00	12.00	12.00	27.00	36.00	23.00	23.00	24.00	23.00	21.00	20.00	18.00	13.00	12.00	23.00	17.00	10.00	13.00	12.00	13.00	20.00	20.00	18.00	16.00	20.00	20.00	19.00	18.00	19.00	19.00	13.00	8.00	6.00	7.00	6.00	5.00	6.00	7.00	6.00	7.00	8.00	7.00	7.00	8.00	9.00	8.00	7.00	8.00	8.00	8.00	9.00	9.00	11.00	13.00	13.00	9.00	8.00	7.00	7.00	7.00	7.00	7.00	7.00	7.00	7.00	7.00	8.00	9.00	6.00	7.00	8.00	9.00	13.00	10.00	8.00	12.00	22.00	16.00	17.00	26.00	44.00	58.00	46.00	27.00	16.00	17.00	25.00	29.00	31.00	31.00	25.00	25.00	20.00	17.00	25.00	34.00	38.00	28.00
5.00	5.00	5.00	5.00	5.00	5.00	5.00	5.00	5.00	6.00	6.00	6.00	6.00	6.00	6.00	7.00	7.00	7.00	7.00	7.00	7.00	7.00	7.00	7.00	7.00	7.00	7.00	7.00	7.00	7.00	8.00	8.00	8.00	8.00	8.00	8.00	8.00	8.00	8.00	8.00	8.00	8.00	8.00	8.00	8.00	7.00	7.00	7.00	7.00	7.00	8.00	7.00	8.00	8.00	9.00	9.00	8.00	8.00	8.00	9.00	9.00	9.00	9.00	9.00	9.00	9.00	6.00	7.00	8.00	8.00	8.00	8.00	8.00	8.00	8.00	9.00	9.00	9.00	8.00	9.00	8.00	8.00	8.00	8.00	8.00	8.00	8.00	8.00	8.00	8.00	8.00	8.00	9.00	9.00	9.00	9.00	9.00	9.00	9.00	8.00	8.00	8.00	8.00	8.00	7.00	8.00	8.00	8.00	8.00	9.00	9.00	9.00	9.00	9.00	10.00	11.00	11.00	11.00	10.00	11.00	11.00	10.00	10.00	10.00	10.00	11.00	11.00	11.00	14.00	20.00	22.00	20.00	13.00	13.00	17.00	22.00	20.00	19.00	19.00	20.00	18.00	22.00	24.00	27.00	24.00	23.00	24.00	24.00	22.00	19.00	23.00	24.00	23.00	19.00	13.00	18.00	17.00	14.00	12.00	17.00	19.00	18.00	25.00	24.00	24.00	23.00	24.00	23.00	20.00	18.00	19.00	18.00	19.00	20.00	17.00	16.00	19.00	13.00	10.00	13.00	17.00	17.00	17.00	20.00	19.00	16.00	20.00	22.00	18.00	10.00	8.00	9.00	9.00	9.00	8.00	7.00	6.00	6.00	8.00	7.00	8.00	9.00	9.00	8.00	8.00	10.00	10.00	10.00	8.00	8.00	9.00	13.00	15.00	10.00	8.00	7.00	7.00	7.00	7.00	7.00	7.00	7.00	7.00	7.00	7.00	7.00	9.00	9.00	8.00	7.00	8.00	7.00	10.00	17.00	18.00	38.00	31.00	26.00	27.00	44.00	48.00	34.00	20.00	19.00	21.00	19.00	21.00	21.00	13.00	21.00	32.00	46.00	54.00	54.00	45.00	55.00
5.00	5.00	5.00	5.00	5.00	5.00	5.00	5.00	5.00	6.00	6.00	6.00	6.00	6.00	6.00	7.00	7.00	7.00	7.00	7.00	7.00	7.00	7.00	7.00	7.00	7.00	7.00	7.00	7.00	7.00	8.00	8.00	8.00	8.00	8.00	8.00	8.00	8.00	8.00	8.00	8.00	8.00	8.00	8.00	8.00	7.00	7.00	7.00	7.00	7.00	8.00	7.00	8.00	8.00	9.00	9.00	8.00	8.00	8.00	9.00	9.00	9.00	9.00	9.00	9.00	9.00	6.00	7.00	8.00	8.00	8.00	8.00	8.00	8.00	8.00	9.00	9.00	9.00	8.00	9.00	8.00	8.00	8.00	8.00	8.00	8.00	8.00	8.00	8.00	8.00	8.00	8.00	9.00	9.00	9.00	9.00	9.00	9.00	9.00	8.00	8.00	8.00	8.00	8.00	7.00	8.00	8.00	8.00	8.00	9.00	9.00	9.00	9.00	9.00	10.00	11.00	11.00	11.00	10.00	11.00	11.00	10.00	10.00	10.00	10.00	11.00	11.00	11.00	14.00	20.00	22.00	20.00	13.00	13.00	17.00	22.00	20.00	19.00	19.00	20.00	18.00	22.00	24.00	27.00	24.00	23.00	24.00	24.00	22.00	19.00	23.00	24.00	23.00	19.00	13.00	18.00	17.00	14.00	12.00	17.00	19.00	18.00	25.00	24.00	24.00	23.00	24.00	23.00	20.00	18.00	19.00	18.00	19.00	20.00	17.00	16.00	19.00	13.00	10.00	13.00	17.00	17.00	17.00	20.00	19.00	16.00	20.00	22.00	18.00	10.00	8.00	9.00	9.00	9.00	8.00	7.00	6.00	6.00	8.00	7.00	8.00	9.00	9.00	8.00	8.00	10.00	10.00	10.00	8.00	8.00	9.00	13.00	15.00	10.00	8.00	7.00	7.00	7.00	7.00	7.00	7.00	7.00	7.00	7.00	7.00	7.00	9.00	9.00	8.00	7.00	8.00	7.00	10.00	17.00	18.00	38.00	31.00	26.00	27.00	44.00	48.00	34.00	20.00	19.00	21.00	19.00	21.00	21.00	13.00	21.00	32.00	46.00	54.00	54.00	45.00	55.00
5.00	5.00	5.00	5.00	5.00	5.00	5.00	5.00	5.00	6.00	6.00	6.00	6.00	6.00	6.00	7.00	7.00	7.00	7.00	7.00	7.00	7.00	7.00	7.00	7.00	7.00	7.00	7.00	7.00	7.00	8.00	8.00	8.00	8.00	8.00	8.00	8.00	8.00	8.00	8.00	8.00	8.00	8.00	8.00	8.00	7.00	7.00	7.00	7.00	7.00	8.00	7.00	8.00	8.00	9.00	9.00	8.00	8.00	8.00	9.00	9.00	9.00	9.00	9.00	9.00	9.00	6.00	7.00	8.00	8.00	8.00	8.00	8.00	8.00	8.00	9.00	9.00	9.00	8.00	9.00	8.00	8.00	8.00	8.00	8.00	8.00	8.00	8.00	8.00	8.00	8.00	8.00	9.00	9.00	9.00	9.00	9.00	9.00	9.00	8.00	8.00	8.00	8.00	8.00	7.00	8.00	8.00	8.00	8.00	9.00	9.00	9.00	9.00	9.00	10.00	11.00	11.00	11.00	10.00	11.00	11.00	10.00	10.00	10.00	10.00	11.00	11.00	11.00	14.00	20.00	22.00	20.00	13.00	13.00	17.00	22.00	20.00	19.00	19.00	20.00	18.00	22.00	24.00	27.00	24.00	23.00	24.00	24.00	22.00	19.00	23.00	24.00	23.00	19.00	13.00	18.00	17.00	14.00	12.00	17.00	19.00	18.00	25.00	24.00	24.00	23.00	24.00	23.00	20.00	18.00	19.00	18.00	19.00	20.00	17.00	16.00	19.00	13.00	10.00	13.00	17.00	17.00	17.00	20.00	19.00	16.00	20.00	22.00	18.00	10.00	8.00	9.00	9.00	9.00	8.00	7.00	6.00	6.00	8.00	7.00	8.00	9.00	9.00	8.00	8.00	10.00	10.00	10.00	8.00	8.00	9.00	13.00	15.00	10.00	8.00	7.00	7.00	7.00	7.00	7.00	7.00	7.00	7.00	7.00	7.00	7.00	9.00	9.00	8.00	7.00	8.00	7.00	10.00	17.00	18.00	38.00	31.00	26.00	27.00	44.00	48.00	34.00	20.00	19.00	21.00	19.00	21.00	21.00	13.00	21.00	32.00	46.00	54.00	54.00	45.00	55.00
4.00	4.00	5.00	5.00	5.00	5.00	5.00	5.00	5.00	5.00	5.00	5.00	5.00	5.00	5.00	6.00	6.00	6.00	6.00	6.00	6.00	6.00	6.00	6.00	6.00	6.00	6.00	7.00	7.00	7.00	7.00	7.00	7.00	7.00	7.00	7.00	7.00	8.00	8.00	8.00	8.00	8.00	8.00	8.00	8.00	8.00	8.00	8.00	7.00	7.00	7.00	7.00	7.00	7.00	7.00	8.00	8.00	8.00	8.00	8.00	8.00	8.00	8.00	8.00	8.00	8.00	5.00	7.00	8.00	8.00	8.00	8.00	8.00	8.00	8.00	8.00	8.00	8.00	8.00	8.00	8.00	8.00	8.00	8.00	8.00	8.00	8.00	8.00	8.00	8.00	8.00	8.00	8.00	8.00	8.00	8.00	8.00	8.00	9.00	9.00	9.00	9.00	9.00	9.00	8.00	8.00	8.00	8.00	8.00	8.00	8.00	8.00	8.00	9.00	14.00	15.00	14.00	13.00	11.00	11.00	11.00	11.00	11.00	11.00	11.00	11.00	11.00	11.00	13.00	18.00	19.00	15.00	13.00	13.00	13.00	13.00	21.00	23.00	22.00	24.00	23.00	23.00	24.00	26.00	28.00	23.00	20.00	18.00	19.00	20.00	23.00	25.00	23.00	19.00	17.00	18.00	21.00	18.00	17.00	22.00	27.00	21.00	19.00	26.00	31.00	34.00	25.00	20.00	18.00	16.00	15.00	13.00	16.00	15.00	15.00	17.00	17.00	16.00	16.00	16.00	18.00	20.00	22.00	20.00	19.00	18.00	17.00	17.00	17.00	16.00	9.00	10.00	11.00	11.00	11.00	10.00	9.00	9.00	8.00	9.00	9.00	8.00	7.00	7.00	7.00	6.00	6.00	6.00	8.00	9.00	11.00	15.00	19.00	9.00	7.00	7.00	7.00	7.00	7.00	7.00	7.00	7.00	7.00	7.00	6.00	8.00	9.00	10.00	11.00	8.00	4.00	3.00	2.00	9.00	27.00	63.00	46.00	28.00	27.00	27.00	30.00	26.00	17.00	13.00	16.00	15.00	16.00	21.00	46.00	55.00	62.00	63.00	60.00	61.00	66.00	66.00
4.00	4.00	5.00	5.00	5.00	5.00	5.00	5.00	5.00	5.00	5.00	5.00	5.00	5.00	5.00	6.00	6.00	6.00	6.00	6.00	6.00	6.00	6.00	6.00	6.00	6.00	6.00	7.00	7.00	7.00	7.00	7.00	7.00	7.00	7.00	7.00	7.00	8.00	8.00	8.00	8.00	8.00	8.00	8.00	8.00	8.00	8.00	8.00	7.00	7.00	7.00	7.00	7.00	7.00	7.00	8.00	8.00	8.00	8.00	8.00	8.00	8.00	8.00	8.00	8.00	8.00	5.00	7.00	8.00	8.00	8.00	8.00	8.00	8.00	8.00	8.00	8.00	8.00	8.00	8.00	8.00	8.00	8.00	8.00	8.00	8.00	8.00	8.00	8.00	8.00	8.00	8.00	8.00	8.00	8.00	8.00	8.00	8.00	9.00	9.00	9.00	9.00	9.00	9.00	8.00	8.00	8.00	8.00	8.00	8.00	8.00	8.00	8.00	9.00	14.00	15.00	14.00	13.00	11.00	11.00	11.00	11.00	11.00	11.00	11.00	11.00	11.00	11.00	13.00	18.00	19.00	15.00	13.00	13.00	13.00	13.00	21.00	23.00	22.00	24.00	23.00	23.00	24.00	26.00	28.00	23.00	20.00	18.00	19.00	20.00	23.00	25.00	23.00	19.00	17.00	18.00	21.00	18.00	17.00	22.00	27.00	21.00	19.00	26.00	31.00	34.00	25.00	20.00	18.00	16.00	15.00	13.00	16.00	15.00	15.00	17.00	17.00	16.00	16.00	16.00	18.00	20.00	22.00	20.00	19.00	18.00	17.00	17.00	17.00	16.00	9.00	10.00	11.00	11.00	11.00	10.00	9.00	9.00	8.00	9.00	9.00	8.00	7.00	7.00	7.00	6.00	6.00	6.00	8.00	9.00	11.00	15.00	19.00	9.00	7.00	7.00	7.00	7.00	7.00	7.00	7.00	7.00	7.00	7.00	6.00	8.00	9.00	10.00	11.00	8.00	4.00	3.00	2.00	9.00	27.00	63.00	46.00	28.00	27.00	27.00	30.00	26.00	17.00	13.00	16.00	15.00	16.00	21.00	46.00	55.00	62.00	63.00	60.00	61.00	66.00	66.00
4.00	4.00	3.00	4.00	5.00	4.00	5.00	5.00	5.00	5.00	5.00	5.00	5.00	5.00	5.00	5.00	5.00	5.00	5.00	5.00	5.00	5.00	6.00	5.00	5.00	5.00	6.00	6.00	6.00	7.00	7.00	7.00	7.00	7.00	7.00	7.00	7.00	7.00	7.00	7.00	7.00	7.00	6.00	6.00	6.00	6.00	7.00	6.00	6.00	6.00	6.00	7.00	7.00	7.00	7.00	7.00	7.00	7.00	7.00	7.00	7.00	7.00	8.00	8.00	8.00	7.00	7.00	6.00	6.00	7.00	7.00	8.00	8.00	8.00	8.00	8.00	8.00	8.00	8.00	8.00	8.00	8.00	8.00	8.00	8.00	8.00	8.00	8.00	8.00	8.00	8.00	8.00	8.00	8.00	8.00	8.00	8.00	8.00	8.00	8.00	8.00	8.00	7.00	7.00	7.00	9.00	9.00	9.00	10.00	9.00	9.00	9.00	9.00	11.00	20.00	23.00	20.00	16.00	12.00	12.00	11.00	11.00	11.00	11.00	11.00	11.00	11.00	11.00	11.00	11.00	13.00	13.00	14.00	13.00	13.00	13.00	15.00	22.00	23.00	22.00	22.00	22.00	22.00	23.00	23.00	22.00	23.00	23.00	23.00	23.00	24.00	27.00	27.00	21.00	16.00	19.00	22.00	21.00	22.00	20.00	21.00	23.00	23.00	29.00	31.00	30.00	28.00	15.00	16.00	19.00	21.00	17.00	14.00	16.00	16.00	15.00	14.00	15.00	12.00	11.00	15.00	18.00	19.00	22.00	22.00	19.00	20.00	19.00	18.00	19.00	11.00	6.00	8.00	9.00	7.00	8.00	10.00	11.00	10.00	9.00	8.00	8.00	8.00	8.00	8.00	7.00	7.00	8.00	9.00	10.00	12.00	12.00	13.00	6.00	6.00	7.00	7.00	7.00	7.00	7.00	7.00	7.00	7.00	7.00	6.00	7.00	8.00	9.00	8.00	7.00	8.00	8.00	11.00	28.00	49.00	62.00	56.00	46.00	29.00	13.00	25.00	37.00	37.00	37.00	37.00	33.00	25.00	34.00	76.00	71.00	52.00	32.00	19.00	40.00	49.00	39.00
4.00	4.00	3.00	4.00	5.00	4.00	5.00	5.00	5.00	5.00	5.00	5.00	5.00	5.00	5.00	5.00	5.00	5.00	5.00	5.00	5.00	5.00	6.00	5.00	5.00	5.00	6.00	6.00	6.00	7.00	7.00	7.00	7.00	7.00	7.00	7.00	7.00	7.00	7.00	7.00	7.00	7.00	6.00	6.00	6.00	6.00	7.00	6.00	6.00	6.00	6.00	7.00	7.00	7.00	7.00	7.00	7.00	7.00	7.00	7.00	7.00	7.00	8.00	8.00	8.00	7.00	7.00	6.00	6.00	7.00	7.00	8.00	8.00	8.00	8.00	8.00	8.00	8.00	8.00	8.00	8.00	8.00	8.00	8.00	8.00	8.00	8.00	8.00	8.00	8.00	8.00	8.00	8.00	8.00	8.00	8.00	8.00	8.00	8.00	8.00	8.00	8.00	7.00	7.00	7.00	9.00	9.00	9.00	10.00	9.00	9.00	9.00	9.00	11.00	20.00	23.00	20.00	16.00	12.00	12.00	11.00	11.00	11.00	11.00	11.00	11.00	11.00	11.00	11.00	11.00	13.00	13.00	14.00	13.00	13.00	13.00	15.00	22.00	23.00	22.00	22.00	22.00	22.00	23.00	23.00	22.00	23.00	23.00	23.00	23.00	24.00	27.00	27.00	21.00	16.00	19.00	22.00	21.00	22.00	20.00	21.00	23.00	23.00	29.00	31.00	30.00	28.00	15.00	16.00	19.00	21.00	17.00	14.00	16.00	16.00	15.00	14.00	15.00	12.00	11.00	15.00	18.00	19.00	22.00	22.00	19.00	20.00	19.00	18.00	19.00	11.00	6.00	8.00	9.00	7.00	8.00	10.00	11.00	10.00	9.00	8.00	8.00	8.00	8.00	8.00	7.00	7.00	8.00	9.00	10.00	12.00	12.00	13.00	6.00	6.00	7.00	7.00	7.00	7.00	7.00	7.00	7.00	7.00	7.00	6.00	7.00	8.00	9.00	8.00	7.00	8.00	8.00	11.00	28.00	49.00	62.00	56.00	46.00	29.00	13.00	25.00	37.00	37.00	37.00	37.00	33.00	25.00	34.00	76.00	71.00	52.00	32.00	19.00	40.00	49.00	39.00
3.00	4.00	4.00	4.00	4.00	4.00	4.00	4.00	4.00	4.00	4.00	5.00	4.00	4.00	4.00	5.00	5.00	5.00	5.00	5.00	5.00	5.00	5.00	5.00	5.00	5.00	5.00	5.00	6.00	6.00	6.00	6.00	6.00	6.00	6.00	6.00	6.00	7.00	7.00	7.00	7.00	7.00	7.00	7.00	7.00	7.00	6.00	6.00	6.00	6.00	6.00	6.00	7.00	7.00	8.00	7.00	7.00	7.00	7.00	7.00	6.00	6.00	6.00	7.00	7.00	6.00	7.00	6.00	7.00	6.00	6.00	6.00	6.00	8.00	8.00	8.00	8.00	8.00	8.00	8.00	8.00	8.00	8.00	8.00	8.00	8.00	8.00	8.00	8.00	8.00	8.00	8.00	8.00	8.00	8.00	8.00	9.00	9.00	8.00	8.00	8.00	6.00	7.00	8.00	8.00	7.00	7.00	7.00	7.00	9.00	9.00	9.00	12.00	18.00	23.00	21.00	19.00	17.00	15.00	13.00	13.00	13.00	13.00	13.00	13.00	12.00	12.00	12.00	12.00	13.00	13.00	13.00	13.00	13.00	13.00	13.00	15.00	22.00	23.00	23.00	21.00	21.00	20.00	21.00	21.00	22.00	22.00	23.00	22.00	22.00	21.00	26.00	28.00	26.00	22.00	22.00	23.00	23.00	22.00	19.00	20.00	23.00	27.00	31.00	31.00	26.00	21.00	14.00	13.00	14.00	14.00	15.00	17.00	16.00	18.00	17.00	17.00	17.00	16.00	16.00	17.00	17.00	20.00	22.00	17.00	10.00	11.00	13.00	12.00	10.00	16.00	13.00	8.00	9.00	7.00	8.00	8.00	5.00	4.00	6.00	6.00	8.00	9.00	10.00	11.00	10.00	11.00	12.00	14.00	12.00	14.00	15.00	10.00	7.00	7.00	7.00	7.00	7.00	7.00	7.00	7.00	7.00	7.00	9.00	10.00	10.00	8.00	7.00	6.00	5.00	31.00	35.00	27.00	32.00	43.00	51.00	32.00	19.00	17.00	14.00	20.00	30.00	33.00	33.00	26.00	29.00	26.00	21.00	42.00	59.00	45.00	23.00	20.00	32.00	42.00	11.00
3.00	4.00	4.00	4.00	4.00	4.00	4.00	4.00	4.00	4.00	4.00	5.00	4.00	4.00	4.00	5.00	5.00	5.00	5.00	5.00	5.00	5.00	5.00	5.00	5.00	5.00	5.00	5.00	6.00	6.00	6.00	6.00	6.00	6.00	6.00	6.00	6.00	7.00	7.00	7.00	7.00	7.00	7.00	7.00	7.00	7.00	6.00	6.00	6.00	6.00	6.00	6.00	7.00	7.00	8.00	7.00	7.00	7.00	7.00	7.00	6.00	6.00	6.00	7.00	7.00	6.00	7.00	6.00	7.00	6.00	6.00	6.00	6.00	8.00	8.00	8.00	8.00	8.00	8.00	8.00	8.00	8.00	8.00	8.00	8.00	8.00	8.00	8.00	8.00	8.00	8.00	8.00	8.00	8.00	8.00	8.00	9.00	9.00	8.00	8.00	8.00	6.00	7.00	8.00	8.00	7.00	7.00	7.00	7.00	9.00	9.00	9.00	12.00	18.00	23.00	21.00	19.00	17.00	15.00	13.00	13.00	13.00	13.00	13.00	13.00	12.00	12.00	12.00	12.00	13.00	13.00	13.00	13.00	13.00	13.00	13.00	15.00	22.00	23.00	23.00	21.00	21.00	20.00	21.00	21.00	22.00	22.00	23.00	22.00	22.00	21.00	26.00	28.00	26.00	22.00	22.00	23.00	23.00	22.00	19.00	20.00	23.00	27.00	31.00	31.00	26.00	21.00	14.00	13.00	14.00	14.00	15.00	17.00	16.00	18.00	17.00	17.00	17.00	16.00	16.00	17.00	17.00	20.00	22.00	17.00	10.00	11.00	13.00	12.00	10.00	16.00	13.00	8.00	9.00	7.00	8.00	8.00	5.00	4.00	6.00	6.00	8.00	9.00	10.00	11.00	10.00	11.00	12.00	14.00	12.00	14.00	15.00	10.00	7.00	7.00	7.00	7.00	7.00	7.00	7.00	7.00	7.00	7.00	9.00	10.00	10.00	8.00	7.00	6.00	5.00	31.00	35.00	27.00	32.00	43.00	51.00	32.00	19.00	17.00	14.00	20.00	30.00	33.00	33.00	26.00	29.00	26.00	21.00	42.00	59.00	45.00	23.00	20.00	32.00	42.00	11.00
4.00	4.00	4.00	4.00	4.00	4.00	4.00	4.00	4.00	4.00	4.00	4.00	4.00	4.00	4.00	4.00	4.00	5.00	5.00	5.00	5.00	5.00	5.00	5.00	5.00	5.00	5.00	5.00	5.00	5.00	5.00	5.00	5.00	5.00	5.00	6.00	6.00	7.00	7.00	7.00	7.00	7.00	6.00	6.00	7.00	7.00	7.00	7.00	7.00	7.00	7.00	7.00	7.00	7.00	6.00	6.00	7.00	7.00	7.00	7.00	7.00	7.00	7.00	7.00	7.00	6.00	6.00	6.00	6.00	6.00	6.00	6.00	6.00	5.00	6.00	7.00	8.00	9.00	9.00	9.00	9.00	8.00	8.00	8.00	8.00	8.00	8.00	8.00	8.00	7.00	7.00	7.00	7.00	8.00	8.00	7.00	8.00	8.00	8.00	8.00	8.00	8.00	8.00	8.00	8.00	8.00	8.00	8.00	8.00	8.00	9.00	10.00	10.00	12.00	11.00	9.00	9.00	9.00	10.00	14.00	19.00	21.00	21.00	15.00	14.00	14.00	14.00	14.00	15.00	16.00	16.00	15.00	13.00	13.00	13.00	15.00	21.00	24.00	24.00	25.00	21.00	20.00	20.00	23.00	24.00	20.00	18.00	17.00	17.00	18.00	20.00	20.00	21.00	22.00	23.00	21.00	20.00	19.00	21.00	22.00	23.00	27.00	27.00	38.00	50.00	34.00	15.00	13.00	13.00	13.00	13.00	13.00	16.00	19.00	16.00	15.00	22.00	19.00	23.00	21.00	16.00	12.00	12.00	11.00	13.00	11.00	9.00	11.00	12.00	13.00	11.00	12.00	9.00	11.00	10.00	9.00	11.00	12.00	11.00	9.00	10.00	11.00	13.00	12.00	12.00	12.00	15.00	16.00	13.00	11.00	8.00	8.00	7.00	7.00	7.00	7.00	7.00	7.00	7.00	7.00	7.00	7.00	7.00	8.00	7.00	7.00	4.00	8.00	23.00	35.00	38.00	46.00	39.00	29.00	26.00	27.00	23.00	20.00	19.00	20.00	18.00	20.00	27.00	31.00	25.00	24.00	32.00	35.00	13.00	31.00	47.00	46.00	28.00	37.00	48.00	26.00
4.00	4.00	4.00	4.00	4.00	4.00	4.00	4.00	4.00	4.00	4.00	4.00	4.00	4.00	4.00	4.00	4.00	5.00	5.00	5.00	5.00	5.00	5.00	5.00	5.00	5.00	5.00	5.00	5.00	5.00	5.00	5.00	5.00	5.00	5.00	6.00	6.00	7.00	7.00	7.00	7.00	7.00	6.00	6.00	7.00	7.00	7.00	7.00	7.00	7.00	7.00	7.00	7.00	7.00	6.00	6.00	7.00	7.00	7.00	7.00	7.00	7.00	7.00	7.00	7.00	6.00	6.00	6.00	6.00	6.00	6.00	6.00	6.00	5.00	6.00	7.00	8.00	9.00	9.00	9.00	9.00	8.00	8.00	8.00	8.00	8.00	8.00	8.00	8.00	7.00	7.00	7.00	7.00	8.00	8.00	7.00	8.00	8.00	8.00	8.00	8.00	8.00	8.00	8.00	8.00	8.00	8.00	8.00	8.00	8.00	9.00	10.00	10.00	12.00	11.00	9.00	9.00	9.00	10.00	14.00	19.00	21.00	21.00	15.00	14.00	14.00	14.00	14.00	15.00	16.00	16.00	15.00	13.00	13.00	13.00	15.00	21.00	24.00	24.00	25.00	21.00	20.00	20.00	23.00	24.00	20.00	18.00	17.00	17.00	18.00	20.00	20.00	21.00	22.00	23.00	21.00	20.00	19.00	21.00	22.00	23.00	27.00	27.00	38.00	50.00	34.00	15.00	13.00	13.00	13.00	13.00	13.00	16.00	19.00	16.00	15.00	22.00	19.00	23.00	21.00	16.00	12.00	12.00	11.00	13.00	11.00	9.00	11.00	12.00	13.00	11.00	12.00	9.00	11.00	10.00	9.00	11.00	12.00	11.00	9.00	10.00	11.00	13.00	12.00	12.00	12.00	15.00	16.00	13.00	11.00	8.00	8.00	7.00	7.00	7.00	7.00	7.00	7.00	7.00	7.00	7.00	7.00	7.00	8.00	7.00	7.00	4.00	8.00	23.00	35.00	38.00	46.00	39.00	29.00	26.00	27.00	23.00	20.00	19.00	20.00	18.00	20.00	27.00	31.00	25.00	24.00	32.00	35.00	13.00	31.00	47.00	46.00	28.00	37.00	48.00	26.00
4.00	4.00	4.00	4.00	4.00	4.00	4.00	4.00	4.00	4.00	4.00	4.00	4.00	4.00	4.00	4.00	4.00	4.00	4.00	4.00	4.00	4.00	4.00	4.00	4.00	4.00	4.00	5.00	5.00	5.00	5.00	5.00	5.00	5.00	5.00	5.00	5.00	5.00	5.00	6.00	6.00	6.00	6.00	6.00	6.00	7.00	8.00	7.00	7.00	7.00	7.00	7.00	7.00	7.00	7.00	7.00	7.00	6.00	7.00	6.00	6.00	6.00	6.00	6.00	6.00	7.00	7.00	7.00	7.00	7.00	7.00	7.00	6.00	6.00	6.00	5.00	5.00	6.00	8.00	9.00	8.00	8.00	8.00	9.00	9.00	9.00	8.00	8.00	8.00	7.00	7.00	8.00	8.00	8.00	8.00	8.00	7.00	7.00	7.00	8.00	8.00	8.00	8.00	8.00	8.00	8.00	8.00	8.00	7.00	9.00	9.00	9.00	9.00	9.00	9.00	9.00	9.00	9.00	9.00	16.00	24.00	28.00	30.00	23.00	15.00	10.00	9.00	9.00	11.00	16.00	18.00	20.00	18.00	17.00	21.00	32.00	40.00	27.00	23.00	21.00	20.00	22.00	21.00	22.00	22.00	23.00	22.00	21.00	22.00	21.00	24.00	22.00	20.00	20.00	19.00	19.00	19.00	20.00	23.00	21.00	23.00	20.00	18.00	31.00	50.00	52.00	27.00	13.00	13.00	13.00	13.00	14.00	20.00	21.00	21.00	20.00	23.00	22.00	23.00	22.00	21.00	20.00	16.00	16.00	15.00	14.00	15.00	16.00	16.00	15.00	12.00	10.00	11.00	12.00	11.00	12.00	11.00	9.00	9.00	12.00	12.00	11.00	11.00	12.00	13.00	13.00	12.00	15.00	12.00	8.00	7.00	7.00	7.00	7.00	7.00	7.00	7.00	7.00	7.00	7.00	7.00	7.00	7.00	7.00	8.00	8.00	17.00	27.00	48.00	59.00	44.00	36.00	29.00	22.00	17.00	24.00	25.00	27.00	28.00	29.00	29.00	30.00	30.00	28.00	27.00	30.00	34.00	36.00	27.00	24.00	30.00	42.00	49.00	39.00	45.00	41.00
4.00	4.00	4.00	4.00	4.00	4.00	4.00	4.00	4.00	4.00	4.00	4.00	4.00	4.00	4.00	4.00	4.00	4.00	4.00	4.00	4.00	4.00	4.00	4.00	4.00	4.00	4.00	5.00	5.00	5.00	5.00	5.00	5.00	5.00	5.00	5.00	5.00	5.00	5.00	6.00	6.00	6.00	6.00	6.00	6.00	7.00	8.00	7.00	7.00	7.00	7.00	7.00	7.00	7.00	7.00	7.00	7.00	6.00	7.00	6.00	6.00	6.00	6.00	6.00	6.00	7.00	7.00	7.00	7.00	7.00	7.00	7.00	6.00	6.00	6.00	5.00	5.00	6.00	8.00	9.00	8.00	8.00	8.00	9.00	9.00	9.00	8.00	8.00	8.00	7.00	7.00	8.00	8.00	8.00	8.00	8.00	7.00	7.00	7.00	8.00	8.00	8.00	8.00	8.00	8.00	8.00	8.00	8.00	7.00	9.00	9.00	9.00	9.00	9.00	9.00	9.00	9.00	9.00	9.00	16.00	24.00	28.00	30.00	23.00	15.00	10.00	9.00	9.00	11.00	16.00	18.00	20.00	18.00	17.00	21.00	32.00	40.00	27.00	23.00	21.00	20.00	22.00	21.00	22.00	22.00	23.00	22.00	21.00	22.00	21.00	24.00	22.00	20.00	20.00	19.00	19.00	19.00	20.00	23.00	21.00	23.00	20.00	18.00	31.00	50.00	52.00	27.00	13.00	13.00	13.00	13.00	14.00	20.00	21.00	21.00	20.00	23.00	22.00	23.00	22.00	21.00	20.00	16.00	16.00	15.00	14.00	15.00	16.00	16.00	15.00	12.00	10.00	11.00	12.00	11.00	12.00	11.00	9.00	9.00	12.00	12.00	11.00	11.00	12.00	13.00	13.00	12.00	15.00	12.00	8.00	7.00	7.00	7.00	7.00	7.00	7.00	7.00	7.00	7.00	7.00	7.00	7.00	7.00	7.00	8.00	8.00	17.00	27.00	48.00	59.00	44.00	36.00	29.00	22.00	17.00	24.00	25.00	27.00	28.00	29.00	29.00	30.00	30.00	28.00	27.00	30.00	34.00	36.00	27.00	24.00	30.00	42.00	49.00	39.00	45.00	41.00
4.00	4.00	4.00	4.00	4.00	4.00	4.00	4.00	4.00	4.00	4.00	4.00	4.00	4.00	4.00	4.00	4.00	4.00	4.00	4.00	4.00	4.00	4.00	4.00	4.00	4.00	4.00	5.00	5.00	5.00	5.00	5.00	5.00	5.00	5.00	5.00	5.00	5.00	5.00	6.00	6.00	6.00	6.00	6.00	6.00	7.00	8.00	7.00	7.00	7.00	7.00	7.00	7.00	7.00	7.00	7.00	7.00	6.00	7.00	6.00	6.00	6.00	6.00	6.00	6.00	7.00	7.00	7.00	7.00	7.00	7.00	7.00	6.00	6.00	6.00	5.00	5.00	6.00	8.00	9.00	8.00	8.00	8.00	9.00	9.00	9.00	8.00	8.00	8.00	7.00	7.00	8.00	8.00	8.00	8.00	8.00	7.00	7.00	7.00	8.00	8.00	8.00	8.00	8.00	8.00	8.00	8.00	8.00	7.00	9.00	9.00	9.00	9.00	9.00	9.00	9.00	9.00	9.00	9.00	16.00	24.00	28.00	30.00	23.00	15.00	10.00	9.00	9.00	11.00	16.00	18.00	20.00	18.00	17.00	21.00	32.00	40.00	27.00	23.00	21.00	20.00	22.00	21.00	22.00	22.00	23.00	22.00	21.00	22.00	21.00	24.00	22.00	20.00	20.00	19.00	19.00	19.00	20.00	23.00	21.00	23.00	20.00	18.00	31.00	50.00	52.00	27.00	13.00	13.00	13.00	13.00	14.00	20.00	21.00	21.00	20.00	23.00	22.00	23.00	22.00	21.00	20.00	16.00	16.00	15.00	14.00	15.00	16.00	16.00	15.00	12.00	10.00	11.00	12.00	11.00	12.00	11.00	9.00	9.00	12.00	12.00	11.00	11.00	12.00	13.00	13.00	12.00	15.00	12.00	8.00	7.00	7.00	7.00	7.00	7.00	7.00	7.00	7.00	7.00	7.00	7.00	7.00	7.00	7.00	8.00	8.00	17.00	27.00	48.00	59.00	44.00	36.00	29.00	22.00	17.00	24.00	25.00	27.00	28.00	29.00	29.00	30.00	30.00	28.00	27.00	30.00	34.00	36.00	27.00	24.00	30.00	42.00	49.00	39.00	45.00	41.00
4.00	4.00	4.00	4.00	4.00	4.00	4.00	4.00	4.00	4.00	4.00	4.00	4.00	4.00	4.00	4.00	4.00	4.00	4.00	4.00	4.00	4.00	3.00	4.00	4.00	4.00	4.00	4.00	4.00	4.00	4.00	4.00	4.00	4.00	5.00	5.00	5.00	5.00	5.00	5.00	5.00	5.00	5.00	5.00	6.00	7.00	8.00	8.00	7.00	7.00	8.00	8.00	8.00	8.00	8.00	7.00	7.00	8.00	8.00	7.00	7.00	7.00	7.00	7.00	6.00	6.00	6.00	6.00	6.00	6.00	7.00	6.00	7.00	7.00	7.00	7.00	7.00	6.00	5.00	6.00	7.00	7.00	7.00	7.00	8.00	8.00	8.00	8.00	8.00	8.00	8.00	8.00	8.00	8.00	8.00	8.00	8.00	8.00	8.00	8.00	8.00	8.00	8.00	8.00	8.00	7.00	8.00	8.00	7.00	7.00	7.00	7.00	7.00	7.00	9.00	9.00	11.00	12.00	12.00	12.00	16.00	19.00	18.00	13.00	10.00	8.00	8.00	9.00	12.00	20.00	23.00	26.00	29.00	23.00	21.00	25.00	28.00	22.00	20.00	20.00	21.00	21.00	22.00	21.00	21.00	25.00	25.00	24.00	25.00	25.00	21.00	20.00	20.00	21.00	22.00	22.00	23.00	25.00	24.00	24.00	27.00	9.00	9.00	45.00	47.00	49.00	44.00	35.00	33.00	35.00	45.00	51.00	43.00	41.00	37.00	25.00	16.00	16.00	18.00	21.00	23.00	23.00	15.00	16.00	18.00	23.00	23.00	21.00	18.00	18.00	20.00	22.00	16.00	14.00	13.00	11.00	10.00	9.00	7.00	7.00	8.00	7.00	7.00	7.00	7.00	8.00	8.00	9.00	14.00	13.00	9.00	7.00	7.00	7.00	7.00	7.00	7.00	7.00	7.00	7.00	7.00	7.00	6.00	5.00	13.00	18.00	33.00	48.00	58.00	56.00	29.00	20.00	18.00	21.00	23.00	23.00	23.00	23.00	25.00	21.00	18.00	21.00	25.00	32.00	31.00	36.00	34.00	27.00	21.00	21.00	23.00	30.00	36.00	24.00	31.00	30.00
4.00	4.00	4.00	4.00	4.00	4.00	4.00	4.00	4.00	4.00	4.00	4.00	4.00	4.00	4.00	4.00	4.00	4.00	4.00	4.00	4.00	4.00	3.00	4.00	4.00	4.00	4.00	4.00	4.00	4.00	4.00	4.00	4.00	4.00	5.00	5.00	5.00	5.00	5.00	5.00	5.00	5.00	5.00	5.00	6.00	7.00	8.00	8.00	7.00	7.00	8.00	8.00	8.00	8.00	8.00	7.00	7.00	8.00	8.00	7.00	7.00	7.00	7.00	7.00	6.00	6.00	6.00	6.00	6.00	6.00	7.00	6.00	7.00	7.00	7.00	7.00	7.00	6.00	5.00	6.00	7.00	7.00	7.00	7.00	8.00	8.00	8.00	8.00	8.00	8.00	8.00	8.00	8.00	8.00	8.00	8.00	8.00	8.00	8.00	8.00	8.00	8.00	8.00	8.00	8.00	7.00	8.00	8.00	7.00	7.00	7.00	7.00	7.00	7.00	9.00	9.00	11.00	12.00	12.00	12.00	16.00	19.00	18.00	13.00	10.00	8.00	8.00	9.00	12.00	20.00	23.00	26.00	29.00	23.00	21.00	25.00	28.00	22.00	20.00	20.00	21.00	21.00	22.00	21.00	21.00	25.00	25.00	24.00	25.00	25.00	21.00	20.00	20.00	21.00	22.00	22.00	23.00	25.00	24.00	24.00	27.00	9.00	9.00	45.00	47.00	49.00	44.00	35.00	33.00	35.00	45.00	51.00	43.00	41.00	37.00	25.00	16.00	16.00	18.00	21.00	23.00	23.00	15.00	16.00	18.00	23.00	23.00	21.00	18.00	18.00	20.00	22.00	16.00	14.00	13.00	11.00	10.00	9.00	7.00	7.00	8.00	7.00	7.00	7.00	7.00	8.00	8.00	9.00	14.00	13.00	9.00	7.00	7.00	7.00	7.00	7.00	7.00	7.00	7.00	7.00	7.00	7.00	6.00	5.00	13.00	18.00	33.00	48.00	58.00	56.00	29.00	20.00	18.00	21.00	23.00	23.00	23.00	23.00	25.00	21.00	18.00	21.00	25.00	32.00	31.00	36.00	34.00	27.00	21.00	21.00	23.00	30.00	36.00	24.00	31.00	30.00
3.00	4.00	4.00	4.00	4.00	4.00	4.00	4.00	4.00	4.00	3.00	3.00	3.00	3.00	4.00	4.00	4.00	4.00	4.00	4.00	4.00	4.00	4.00	4.00	4.00	4.00	4.00	4.00	4.00	4.00	4.00	4.00	4.00	4.00	4.00	4.00	4.00	5.00	5.00	5.00	5.00	5.00	5.00	6.00	7.00	7.00	7.00	7.00	7.00	7.00	7.00	8.00	8.00	8.00	8.00	8.00	8.00	8.00	8.00	8.00	8.00	8.00	7.00	7.00	7.00	7.00	7.00	7.00	7.00	7.00	7.00	7.00	7.00	6.00	6.00	6.00	6.00	6.00	6.00	6.00	6.00	6.00	5.00	7.00	7.00	7.00	7.00	7.00	8.00	7.00	8.00	8.00	8.00	8.00	9.00	9.00	9.00	9.00	9.00	9.00	8.00	8.00	8.00	8.00	8.00	8.00	8.00	8.00	8.00	8.00	8.00	8.00	7.00	8.00	8.00	14.00	21.00	21.00	16.00	12.00	11.00	11.00	11.00	10.00	9.00	8.00	8.00	8.00	11.00	18.00	21.00	22.00	20.00	25.00	30.00	30.00	27.00	20.00	18.00	18.00	18.00	22.00	22.00	22.00	21.00	21.00	21.00	21.00	21.00	20.00	20.00	20.00	23.00	25.00	28.00	26.00	25.00	26.00	27.00	19.00	12.00	9.00	9.00	29.00	24.00	18.00	17.00	23.00	29.00	32.00	39.00	45.00	33.00	19.00	13.00	12.00	15.00	15.00	17.00	25.00	26.00	20.00	21.00	20.00	20.00	22.00	22.00	21.00	20.00	18.00	15.00	15.00	12.00	12.00	9.00	8.00	8.00	8.00	7.00	7.00	7.00	7.00	7.00	7.00	7.00	7.00	7.00	7.00	7.00	8.00	11.00	13.00	12.00	13.00	16.00	14.00	15.00	14.00	13.00	12.00	8.00	25.00	33.00	42.00	54.00	53.00	56.00	64.00	66.00	52.00	20.00	27.00	28.00	28.00	29.00	27.00	26.00	24.00	25.00	24.00	31.00	34.00	29.00	21.00	24.00	31.00	33.00	31.00	25.00	27.00	27.00	28.00	31.00	30.00	32.00	35.00
3.00	4.00	4.00	4.00	4.00	4.00	4.00	4.00	4.00	4.00	3.00	3.00	3.00	3.00	4.00	4.00	4.00	4.00	4.00	4.00	4.00	4.00	4.00	4.00	4.00	4.00	4.00	4.00	4.00	4.00	4.00	4.00	4.00	4.00	4.00	4.00	4.00	5.00	5.00	5.00	5.00	5.00	5.00	6.00	7.00	7.00	7.00	7.00	7.00	7.00	7.00	8.00	8.00	8.00	8.00	8.00	8.00	8.00	8.00	8.00	8.00	8.00	7.00	7.00	7.00	7.00	7.00	7.00	7.00	7.00	7.00	7.00	7.00	6.00	6.00	6.00	6.00	6.00	6.00	6.00	6.00	6.00	5.00	7.00	7.00	7.00	7.00	7.00	8.00	7.00	8.00	8.00	8.00	8.00	9.00	9.00	9.00	9.00	9.00	9.00	8.00	8.00	8.00	8.00	8.00	8.00	8.00	8.00	8.00	8.00	8.00	8.00	7.00	8.00	8.00	14.00	21.00	21.00	16.00	12.00	11.00	11.00	11.00	10.00	9.00	8.00	8.00	8.00	11.00	18.00	21.00	22.00	20.00	25.00	30.00	30.00	27.00	20.00	18.00	18.00	18.00	22.00	22.00	22.00	21.00	21.00	21.00	21.00	21.00	20.00	20.00	20.00	23.00	25.00	28.00	26.00	25.00	26.00	27.00	19.00	12.00	9.00	9.00	29.00	24.00	18.00	17.00	23.00	29.00	32.00	39.00	45.00	33.00	19.00	13.00	12.00	15.00	15.00	17.00	25.00	26.00	20.00	21.00	20.00	20.00	22.00	22.00	21.00	20.00	18.00	15.00	15.00	12.00	12.00	9.00	8.00	8.00	8.00	7.00	7.00	7.00	7.00	7.00	7.00	7.00	7.00	7.00	7.00	7.00	8.00	11.00	13.00	12.00	13.00	16.00	14.00	15.00	14.00	13.00	12.00	8.00	25.00	33.00	42.00	54.00	53.00	56.00	64.00	66.00	52.00	20.00	27.00	28.00	28.00	29.00	27.00	26.00	24.00	25.00	24.00	31.00	34.00	29.00	21.00	24.00	31.00	33.00	31.00	25.00	27.00	27.00	28.00	31.00	30.00	32.00	35.00
3.00	4.00	4.00	4.00	4.00	4.00	4.00	4.00	4.00	4.00	3.00	3.00	3.00	3.00	4.00	4.00	4.00	4.00	4.00	4.00	4.00	4.00	4.00	4.00	4.00	4.00	4.00	4.00	4.00	4.00	4.00	4.00	4.00	4.00	4.00	4.00	4.00	5.00	5.00	5.00	5.00	5.00	5.00	6.00	7.00	7.00	7.00	7.00	7.00	7.00	7.00	8.00	8.00	8.00	8.00	8.00	8.00	8.00	8.00	8.00	8.00	8.00	7.00	7.00	7.00	7.00	7.00	7.00	7.00	7.00	7.00	7.00	7.00	6.00	6.00	6.00	6.00	6.00	6.00	6.00	6.00	6.00	5.00	7.00	7.00	7.00	7.00	7.00	8.00	7.00	8.00	8.00	8.00	8.00	9.00	9.00	9.00	9.00	9.00	9.00	8.00	8.00	8.00	8.00	8.00	8.00	8.00	8.00	8.00	8.00	8.00	8.00	7.00	8.00	8.00	14.00	21.00	21.00	16.00	12.00	11.00	11.00	11.00	10.00	9.00	8.00	8.00	8.00	11.00	18.00	21.00	22.00	20.00	25.00	30.00	30.00	27.00	20.00	18.00	18.00	18.00	22.00	22.00	22.00	21.00	21.00	21.00	21.00	21.00	20.00	20.00	20.00	23.00	25.00	28.00	26.00	25.00	26.00	27.00	19.00	12.00	9.00	9.00	29.00	24.00	18.00	17.00	23.00	29.00	32.00	39.00	45.00	33.00	19.00	13.00	12.00	15.00	15.00	17.00	25.00	26.00	20.00	21.00	20.00	20.00	22.00	22.00	21.00	20.00	18.00	15.00	15.00	12.00	12.00	9.00	8.00	8.00	8.00	7.00	7.00	7.00	7.00	7.00	7.00	7.00	7.00	7.00	7.00	7.00	8.00	11.00	13.00	12.00	13.00	16.00	14.00	15.00	14.00	13.00	12.00	8.00	25.00	33.00	42.00	54.00	53.00	56.00	64.00	66.00	52.00	20.00	27.00	28.00	28.00	29.00	27.00	26.00	24.00	25.00	24.00	31.00	34.00	29.00	21.00	24.00	31.00	33.00	31.00	25.00	27.00	27.00	28.00	31.00	30.00	32.00	35.00
3.00	3.00	3.00	3.00	3.00	3.00	3.00	2.00	2.00	2.00	2.00	2.00	2.00	2.00	2.00	4.00	4.00	4.00	4.00	4.00	4.00	4.00	4.00	4.00	4.00	4.00	4.00	4.00	4.00	4.00	4.00	4.00	4.00	4.00	4.00	4.00	4.00	4.00	4.00	4.00	4.00	4.00	4.00	4.00	4.00	4.00	6.00	6.00	6.00	6.00	7.00	7.00	8.00	7.00	8.00	8.00	8.00	8.00	8.00	8.00	8.00	8.00	8.00	8.00	7.00	7.00	8.00	7.00	7.00	7.00	7.00	7.00	7.00	7.00	7.00	7.00	7.00	7.00	6.00	6.00	6.00	6.00	4.00	6.00	7.00	7.00	7.00	7.00	7.00	8.00	7.00	8.00	8.00	8.00	8.00	8.00	8.00	8.00	8.00	9.00	9.00	9.00	9.00	9.00	9.00	8.00	8.00	8.00	9.00	8.00	8.00	8.00	8.00	8.00	8.00	6.00	8.00	9.00	9.00	10.00	11.00	11.00	12.00	15.00	14.00	11.00	8.00	8.00	11.00	16.00	19.00	19.00	27.00	38.00	52.00	49.00	20.00	17.00	18.00	18.00	19.00	21.00	21.00	22.00	22.00	20.00	20.00	21.00	22.00	22.00	18.00	17.00	17.00	16.00	23.00	30.00	32.00	25.00	15.00	9.00	8.00	9.00	15.00	26.00	22.00	20.00	20.00	19.00	18.00	18.00	16.00	16.00	18.00	15.00	16.00	16.00	25.00	24.00	20.00	16.00	18.00	24.00	18.00	16.00	15.00	15.00	14.00	15.00	14.00	14.00	16.00	15.00	15.00	14.00	10.00	9.00	7.00	7.00	7.00	7.00	7.00	7.00	7.00	7.00	7.00	7.00	7.00	7.00	7.00	7.00	12.00	15.00	13.00	13.00	12.00	12.00	12.00	11.00	12.00	14.00	14.00	37.00	49.00	55.00	60.00	60.00	53.00	33.00	20.00	26.00	22.00	25.00	25.00	24.00	25.00	28.00	29.00	29.00	26.00	29.00	29.00	30.00	29.00	29.00	31.00	29.00	30.00	34.00	29.00	24.00	23.00	24.00	28.00	31.00	35.00	31.00
4.00	4.00	4.00	4.00	4.00	3.00	3.00	2.00	2.00	2.00	2.00	2.00	2.00	2.00	2.00	2.00	2.00	3.00	3.00	4.00	4.00	4.00	4.00	4.00	4.00	4.00	4.00	4.00	4.00	3.00	4.00	4.00	4.00	4.00	4.00	4.00	4.00	4.00	4.00	4.00	4.00	4.00	5.00	4.00	4.00	3.00	7.00	7.00	7.00	7.00	8.00	7.00	7.00	7.00	7.00	7.00	7.00	7.00	7.00	8.00	8.00	8.00	8.00	7.00	8.00	8.00	7.00	8.00	7.00	7.00	7.00	7.00	7.00	7.00	7.00	7.00	7.00	7.00	7.00	6.00	7.00	6.00	6.00	7.00	7.00	7.00	7.00	7.00	7.00	7.00	7.00	7.00	7.00	7.00	7.00	7.00	7.00	7.00	8.00	8.00	8.00	8.00	8.00	8.00	8.00	8.00	8.00	8.00	8.00	9.00	9.00	9.00	8.00	9.00	8.00	9.00	8.00	8.00	8.00	8.00	9.00	13.00	20.00	29.00	27.00	21.00	14.00	10.00	12.00	19.00	23.00	22.00	33.00	49.00	57.00	47.00	17.00	17.00	17.00	17.00	19.00	19.00	20.00	20.00	21.00	20.00	19.00	20.00	20.00	21.00	23.00	21.00	19.00	19.00	24.00	32.00	40.00	48.00	37.00	9.00	9.00	22.00	24.00	18.00	19.00	17.00	15.00	17.00	18.00	18.00	17.00	18.00	19.00	17.00	19.00	19.00	20.00	21.00	23.00	23.00	20.00	19.00	20.00	19.00	18.00	16.00	16.00	17.00	17.00	16.00	15.00	15.00	9.00	8.00	7.00	7.00	7.00	7.00	7.00	7.00	7.00	7.00	7.00	7.00	7.00	7.00	7.00	7.00	7.00	8.00	13.00	16.00	16.00	17.00	18.00	16.00	16.00	13.00	10.00	14.00	16.00	49.00	63.00	62.00	38.00	33.00	34.00	30.00	31.00	33.00	29.00	27.00	28.00	27.00	26.00	31.00	31.00	29.00	30.00	31.00	28.00	26.00	29.00	31.00	26.00	30.00	32.00	34.00	35.00	33.00	31.00	28.00	27.00	30.00	31.00	32.00
4.00	4.00	4.00	4.00	4.00	3.00	3.00	2.00	2.00	2.00	2.00	2.00	2.00	2.00	2.00	2.00	2.00	3.00	3.00	4.00	4.00	4.00	4.00	4.00	4.00	4.00	4.00	4.00	4.00	3.00	4.00	4.00	4.00	4.00	4.00	4.00	4.00	4.00	4.00	4.00	4.00	4.00	5.00	4.00	4.00	3.00	7.00	7.00	7.00	7.00	8.00	7.00	7.00	7.00	7.00	7.00	7.00	7.00	7.00	8.00	8.00	8.00	8.00	7.00	8.00	8.00	7.00	8.00	7.00	7.00	7.00	7.00	7.00	7.00	7.00	7.00	7.00	7.00	7.00	6.00	7.00	6.00	6.00	7.00	7.00	7.00	7.00	7.00	7.00	7.00	7.00	7.00	7.00	7.00	7.00	7.00	7.00	7.00	8.00	8.00	8.00	8.00	8.00	8.00	8.00	8.00	8.00	8.00	8.00	9.00	9.00	9.00	8.00	9.00	8.00	9.00	8.00	8.00	8.00	8.00	9.00	13.00	20.00	29.00	27.00	21.00	14.00	10.00	12.00	19.00	23.00	22.00	33.00	49.00	57.00	47.00	17.00	17.00	17.00	17.00	19.00	19.00	20.00	20.00	21.00	20.00	19.00	20.00	20.00	21.00	23.00	21.00	19.00	19.00	24.00	32.00	40.00	48.00	37.00	9.00	9.00	22.00	24.00	18.00	19.00	17.00	15.00	17.00	18.00	18.00	17.00	18.00	19.00	17.00	19.00	19.00	20.00	21.00	23.00	23.00	20.00	19.00	20.00	19.00	18.00	16.00	16.00	17.00	17.00	16.00	15.00	15.00	9.00	8.00	7.00	7.00	7.00	7.00	7.00	7.00	7.00	7.00	7.00	7.00	7.00	7.00	7.00	7.00	7.00	8.00	13.00	16.00	16.00	17.00	18.00	16.00	16.00	13.00	10.00	14.00	16.00	49.00	63.00	62.00	38.00	33.00	34.00	30.00	31.00	33.00	29.00	27.00	28.00	27.00	26.00	31.00	31.00	29.00	30.00	31.00	28.00	26.00	29.00	31.00	26.00	30.00	32.00	34.00	35.00	33.00	31.00	28.00	27.00	30.00	31.00	32.00
4.00	4.00	4.00	4.00	4.00	3.00	3.00	2.00	2.00	2.00	2.00	2.00	2.00	2.00	2.00	2.00	2.00	3.00	3.00	4.00	4.00	4.00	4.00	4.00	4.00	4.00	4.00	4.00	4.00	3.00	4.00	4.00	4.00	4.00	4.00	4.00	4.00	4.00	4.00	4.00	4.00	4.00	5.00	4.00	4.00	3.00	7.00	7.00	7.00	7.00	8.00	7.00	7.00	7.00	7.00	7.00	7.00	7.00	7.00	8.00	8.00	8.00	8.00	7.00	8.00	8.00	7.00	8.00	7.00	7.00	7.00	7.00	7.00	7.00	7.00	7.00	7.00	7.00	7.00	6.00	7.00	6.00	6.00	7.00	7.00	7.00	7.00	7.00	7.00	7.00	7.00	7.00	7.00	7.00	7.00	7.00	7.00	7.00	8.00	8.00	8.00	8.00	8.00	8.00	8.00	8.00	8.00	8.00	8.00	9.00	9.00	9.00	8.00	9.00	8.00	9.00	8.00	8.00	8.00	8.00	9.00	13.00	20.00	29.00	27.00	21.00	14.00	10.00	12.00	19.00	23.00	22.00	33.00	49.00	57.00	47.00	17.00	17.00	17.00	17.00	19.00	19.00	20.00	20.00	21.00	20.00	19.00	20.00	20.00	21.00	23.00	21.00	19.00	19.00	24.00	32.00	40.00	48.00	37.00	9.00	9.00	22.00	24.00	18.00	19.00	17.00	15.00	17.00	18.00	18.00	17.00	18.00	19.00	17.00	19.00	19.00	20.00	21.00	23.00	23.00	20.00	19.00	20.00	19.00	18.00	16.00	16.00	17.00	17.00	16.00	15.00	15.00	9.00	8.00	7.00	7.00	7.00	7.00	7.00	7.00	7.00	7.00	7.00	7.00	7.00	7.00	7.00	7.00	7.00	8.00	13.00	16.00	16.00	17.00	18.00	16.00	16.00	13.00	10.00	14.00	16.00	49.00	63.00	62.00	38.00	33.00	34.00	30.00	31.00	33.00	29.00	27.00	28.00	27.00	26.00	31.00	31.00	29.00	30.00	31.00	28.00	26.00	29.00	31.00	26.00	30.00	32.00	34.00	35.00	33.00	31.00	28.00	27.00	30.00	31.00	32.00
4.00	4.00	4.00	4.00	4.00	4.00	4.00	3.00	3.00	3.00	3.00	2.00	2.00	2.00	2.00	2.00	2.00	2.00	2.00	3.00	3.00	3.00	3.00	3.00	4.00	3.00	3.00	3.00	2.00	2.00	2.00	2.00	4.00	4.00	4.00	4.00	4.00	4.00	4.00	4.00	4.00	5.00	6.00	7.00	7.00	6.00	6.00	6.00	5.00	5.00	5.00	5.00	5.00	5.00	5.00	6.00	7.00	7.00	7.00	7.00	7.00	7.00	7.00	7.00	7.00	7.00	7.00	7.00	7.00	7.00	7.00	7.00	7.00	7.00	7.00	7.00	7.00	7.00	7.00	6.00	6.00	6.00	8.00	8.00	8.00	8.00	8.00	8.00	8.00	8.00	7.00	7.00	7.00	7.00	7.00	7.00	7.00	7.00	7.00	7.00	7.00	8.00	8.00	8.00	8.00	8.00	8.00	9.00	7.00	8.00	7.00	7.00	7.00	6.00	8.00	8.00	7.00	8.00	8.00	10.00	12.00	16.00	20.00	21.00	17.00	14.00	15.00	19.00	27.00	41.00	46.00	47.00	38.00	34.00	33.00	31.00	14.00	13.00	13.00	14.00	14.00	19.00	19.00	19.00	19.00	18.00	17.00	18.00	19.00	19.00	18.00	18.00	19.00	18.00	22.00	27.00	39.00	46.00	21.00	8.00	8.00	14.00	20.00	17.00	18.00	20.00	19.00	18.00	17.00	14.00	14.00	16.00	22.00	19.00	18.00	19.00	23.00	29.00	33.00	32.00	26.00	22.00	20.00	18.00	19.00	16.00	15.00	15.00	15.00	15.00	14.00	17.00	12.00	8.00	7.00	7.00	7.00	7.00	7.00	7.00	7.00	7.00	7.00	7.00	7.00	7.00	7.00	7.00	10.00	15.00	17.00	17.00	17.00	16.00	15.00	14.00	13.00	21.00	30.00	37.00	38.00	42.00	49.00	53.00	24.00	26.00	36.00	36.00	35.00	38.00	40.00	34.00	30.00	30.00	31.00	28.00	31.00	32.00	31.00	24.00	27.00	29.00	30.00	27.00	31.00	32.00	32.00	33.00	33.00	30.00	31.00	32.00	39.00	30.00	29.00	27.00
4.00	4.00	4.00	4.00	4.00	4.00	4.00	3.00	3.00	3.00	3.00	2.00	2.00	2.00	2.00	2.00	2.00	2.00	2.00	3.00	3.00	3.00	3.00	3.00	4.00	3.00	3.00	3.00	2.00	2.00	2.00	2.00	4.00	4.00	4.00	4.00	4.00	4.00	4.00	4.00	4.00	5.00	6.00	7.00	7.00	6.00	6.00	6.00	5.00	5.00	5.00	5.00	5.00	5.00	5.00	6.00	7.00	7.00	7.00	7.00	7.00	7.00	7.00	7.00	7.00	7.00	7.00	7.00	7.00	7.00	7.00	7.00	7.00	7.00	7.00	7.00	7.00	7.00	7.00	6.00	6.00	6.00	8.00	8.00	8.00	8.00	8.00	8.00	8.00	8.00	7.00	7.00	7.00	7.00	7.00	7.00	7.00	7.00	7.00	7.00	7.00	8.00	8.00	8.00	8.00	8.00	8.00	9.00	7.00	8.00	7.00	7.00	7.00	6.00	8.00	8.00	7.00	8.00	8.00	10.00	12.00	16.00	20.00	21.00	17.00	14.00	15.00	19.00	27.00	41.00	46.00	47.00	38.00	34.00	33.00	31.00	14.00	13.00	13.00	14.00	14.00	19.00	19.00	19.00	19.00	18.00	17.00	18.00	19.00	19.00	18.00	18.00	19.00	18.00	22.00	27.00	39.00	46.00	21.00	8.00	8.00	14.00	20.00	17.00	18.00	20.00	19.00	18.00	17.00	14.00	14.00	16.00	22.00	19.00	18.00	19.00	23.00	29.00	33.00	32.00	26.00	22.00	20.00	18.00	19.00	16.00	15.00	15.00	15.00	15.00	14.00	17.00	12.00	8.00	7.00	7.00	7.00	7.00	7.00	7.00	7.00	7.00	7.00	7.00	7.00	7.00	7.00	7.00	10.00	15.00	17.00	17.00	17.00	16.00	15.00	14.00	13.00	21.00	30.00	37.00	38.00	42.00	49.00	53.00	24.00	26.00	36.00	36.00	35.00	38.00	40.00	34.00	30.00	30.00	31.00	28.00	31.00	32.00	31.00	24.00	27.00	29.00	30.00	27.00	31.00	32.00	32.00	33.00	33.00	30.00	31.00	32.00	39.00	30.00	29.00	27.00
6.00	6.00	5.00	5.00	4.00	4.00	4.00	4.00	4.00	4.00	4.00	3.00	2.00	2.00	2.00	2.00	2.00	2.00	3.00	3.00	2.00	3.00	3.00	3.00	3.00	3.00	3.00	3.00	2.00	2.00	2.00	2.00	3.00	3.00	3.00	3.00	3.00	2.00	3.00	4.00	5.00	6.00	5.00	5.00	5.00	6.00	4.00	4.00	4.00	4.00	4.00	4.00	4.00	4.00	4.00	4.00	5.00	5.00	5.00	4.00	5.00	5.00	6.00	7.00	6.00	6.00	6.00	7.00	6.00	6.00	7.00	7.00	7.00	7.00	7.00	7.00	7.00	6.00	6.00	7.00	7.00	7.00	8.00	8.00	8.00	8.00	8.00	8.00	8.00	8.00	8.00	8.00	8.00	8.00	8.00	8.00	7.00	7.00	7.00	7.00	7.00	7.00	7.00	7.00	7.00	7.00	8.00	8.00	8.00	8.00	8.00	8.00	8.00	8.00	7.00	7.00	6.00	5.00	8.00	7.00	6.00	9.00	12.00	16.00	18.00	20.00	22.00	29.00	36.00	46.00	44.00	32.00	15.00	15.00	16.00	21.00	17.00	14.00	12.00	13.00	17.00	19.00	19.00	19.00	19.00	20.00	20.00	21.00	21.00	21.00	19.00	18.00	19.00	18.00	16.00	16.00	27.00	40.00	22.00	9.00	8.00	8.00	10.00	18.00	17.00	17.00	18.00	19.00	19.00	19.00	20.00	21.00	20.00	20.00	20.00	20.00	21.00	22.00	25.00	29.00	35.00	18.00	15.00	16.00	18.00	18.00	20.00	20.00	19.00	19.00	19.00	19.00	17.00	12.00	7.00	7.00	7.00	7.00	7.00	7.00	7.00	7.00	7.00	7.00	7.00	7.00	9.00	11.00	17.00	20.00	20.00	16.00	11.00	12.00	14.00	17.00	25.00	53.00	47.00	32.00	26.00	38.00	36.00	32.00	32.00	38.00	41.00	41.00	45.00	43.00	33.00	31.00	29.00	28.00	28.00	25.00	26.00	27.00	25.00	26.00	27.00	27.00	27.00	29.00	33.00	33.00	35.00	40.00	32.00	22.00	26.00	28.00	27.00	25.00	24.00	39.00
6.00	6.00	5.00	5.00	4.00	4.00	4.00	4.00	4.00	4.00	4.00	3.00	2.00	2.00	2.00	2.00	2.00	2.00	3.00	3.00	2.00	3.00	3.00	3.00	3.00	3.00	3.00	3.00	2.00	2.00	2.00	2.00	3.00	3.00	3.00	3.00	3.00	2.00	3.00	4.00	5.00	6.00	5.00	5.00	5.00	6.00	4.00	4.00	4.00	4.00	4.00	4.00	4.00	4.00	4.00	4.00	5.00	5.00	5.00	4.00	5.00	5.00	6.00	7.00	6.00	6.00	6.00	7.00	6.00	6.00	7.00	7.00	7.00	7.00	7.00	7.00	7.00	6.00	6.00	7.00	7.00	7.00	8.00	8.00	8.00	8.00	8.00	8.00	8.00	8.00	8.00	8.00	8.00	8.00	8.00	8.00	7.00	7.00	7.00	7.00	7.00	7.00	7.00	7.00	7.00	7.00	8.00	8.00	8.00	8.00	8.00	8.00	8.00	8.00	7.00	7.00	6.00	5.00	8.00	7.00	6.00	9.00	12.00	16.00	18.00	20.00	22.00	29.00	36.00	46.00	44.00	32.00	15.00	15.00	16.00	21.00	17.00	14.00	12.00	13.00	17.00	19.00	19.00	19.00	19.00	20.00	20.00	21.00	21.00	21.00	19.00	18.00	19.00	18.00	16.00	16.00	27.00	40.00	22.00	9.00	8.00	8.00	10.00	18.00	17.00	17.00	18.00	19.00	19.00	19.00	20.00	21.00	20.00	20.00	20.00	20.00	21.00	22.00	25.00	29.00	35.00	18.00	15.00	16.00	18.00	18.00	20.00	20.00	19.00	19.00	19.00	19.00	17.00	12.00	7.00	7.00	7.00	7.00	7.00	7.00	7.00	7.00	7.00	7.00	7.00	7.00	9.00	11.00	17.00	20.00	20.00	16.00	11.00	12.00	14.00	17.00	25.00	53.00	47.00	32.00	26.00	38.00	36.00	32.00	32.00	38.00	41.00	41.00	45.00	43.00	33.00	31.00	29.00	28.00	28.00	25.00	26.00	27.00	25.00	26.00	27.00	27.00	27.00	29.00	33.00	33.00	35.00	40.00	32.00	22.00	26.00	28.00	27.00	25.00	24.00	39.00
8.00	8.00	7.00	7.00	7.00	7.00	6.00	5.00	5.00	5.00	4.00	4.00	4.00	4.00	3.00	3.00	4.00	4.00	4.00	4.00	4.00	4.00	4.00	3.00	3.00	2.00	2.00	2.00	2.00	2.00	2.00	2.00	3.00	3.00	3.00	3.00	3.00	2.00	3.00	5.00	6.00	6.00	6.00	6.00	5.00	5.00	4.00	4.00	4.00	4.00	4.00	4.00	4.00	4.00	4.00	4.00	4.00	4.00	4.00	4.00	4.00	4.00	4.00	7.00	7.00	7.00	6.00	7.00	6.00	6.00	6.00	6.00	6.00	6.00	5.00	5.00	5.00	7.00	7.00	7.00	7.00	7.00	7.00	7.00	7.00	7.00	8.00	8.00	8.00	8.00	8.00	8.00	8.00	8.00	8.00	8.00	8.00	8.00	8.00	8.00	8.00	8.00	8.00	8.00	7.00	7.00	7.00	7.00	7.00	7.00	6.00	7.00	8.00	7.00	8.00	8.00	8.00	8.00	8.00	8.00	9.00	9.00	11.00	15.00	12.00	10.00	10.00	18.00	21.00	25.00	26.00	24.00	16.00	16.00	19.00	21.00	21.00	21.00	21.00	20.00	21.00	19.00	18.00	18.00	20.00	22.00	20.00	19.00	19.00	20.00	18.00	17.00	17.00	19.00	20.00	20.00	29.00	29.00	19.00	15.00	16.00	11.00	10.00	19.00	16.00	16.00	18.00	18.00	19.00	21.00	24.00	27.00	22.00	22.00	21.00	21.00	19.00	17.00	21.00	27.00	33.00	23.00	17.00	18.00	19.00	21.00	20.00	18.00	17.00	17.00	20.00	20.00	20.00	19.00	14.00	9.00	7.00	7.00	7.00	7.00	7.00	7.00	7.00	9.00	12.00	14.00	17.00	18.00	17.00	17.00	17.00	15.00	13.00	17.00	27.00	38.00	52.00	64.00	52.00	30.00	29.00	30.00	29.00	29.00	30.00	30.00	36.00	38.00	45.00	47.00	28.00	28.00	28.00	28.00	28.00	26.00	26.00	27.00	28.00	28.00	27.00	27.00	27.00	29.00	29.00	24.00	25.00	26.00	28.00	26.00	30.00	36.00	35.00	27.00	32.00	35.00
8.00	8.00	7.00	7.00	7.00	7.00	6.00	5.00	5.00	5.00	4.00	4.00	4.00	4.00	3.00	3.00	4.00	4.00	4.00	4.00	4.00	4.00	4.00	3.00	3.00	2.00	2.00	2.00	2.00	2.00	2.00	2.00	3.00	3.00	3.00	3.00	3.00	2.00	3.00	5.00	6.00	6.00	6.00	6.00	5.00	5.00	4.00	4.00	4.00	4.00	4.00	4.00	4.00	4.00	4.00	4.00	4.00	4.00	4.00	4.00	4.00	4.00	4.00	7.00	7.00	7.00	6.00	7.00	6.00	6.00	6.00	6.00	6.00	6.00	5.00	5.00	5.00	7.00	7.00	7.00	7.00	7.00	7.00	7.00	7.00	7.00	8.00	8.00	8.00	8.00	8.00	8.00	8.00	8.00	8.00	8.00	8.00	8.00	8.00	8.00	8.00	8.00	8.00	8.00	7.00	7.00	7.00	7.00	7.00	7.00	6.00	7.00	8.00	7.00	8.00	8.00	8.00	8.00	8.00	8.00	9.00	9.00	11.00	15.00	12.00	10.00	10.00	18.00	21.00	25.00	26.00	24.00	16.00	16.00	19.00	21.00	21.00	21.00	21.00	20.00	21.00	19.00	18.00	18.00	20.00	22.00	20.00	19.00	19.00	20.00	18.00	17.00	17.00	19.00	20.00	20.00	29.00	29.00	19.00	15.00	16.00	11.00	10.00	19.00	16.00	16.00	18.00	18.00	19.00	21.00	24.00	27.00	22.00	22.00	21.00	21.00	19.00	17.00	21.00	27.00	33.00	23.00	17.00	18.00	19.00	21.00	20.00	18.00	17.00	17.00	20.00	20.00	20.00	19.00	14.00	9.00	7.00	7.00	7.00	7.00	7.00	7.00	7.00	9.00	12.00	14.00	17.00	18.00	17.00	17.00	17.00	15.00	13.00	17.00	27.00	38.00	52.00	64.00	52.00	30.00	29.00	30.00	29.00	29.00	30.00	30.00	36.00	38.00	45.00	47.00	28.00	28.00	28.00	28.00	28.00	26.00	26.00	27.00	28.00	28.00	27.00	27.00	27.00	29.00	29.00	24.00	25.00	26.00	28.00	26.00	30.00	36.00	35.00	27.00	32.00	35.00
8.00	8.00	7.00	7.00	7.00	7.00	6.00	5.00	5.00	5.00	4.00	4.00	4.00	4.00	3.00	3.00	4.00	4.00	4.00	4.00	4.00	4.00	4.00	3.00	3.00	2.00	2.00	2.00	2.00	2.00	2.00	2.00	3.00	3.00	3.00	3.00	3.00	2.00	3.00	5.00	6.00	6.00	6.00	6.00	5.00	5.00	4.00	4.00	4.00	4.00	4.00	4.00	4.00	4.00	4.00	4.00	4.00	4.00	4.00	4.00	4.00	4.00	4.00	7.00	7.00	7.00	6.00	7.00	6.00	6.00	6.00	6.00	6.00	6.00	5.00	5.00	5.00	7.00	7.00	7.00	7.00	7.00	7.00	7.00	7.00	7.00	8.00	8.00	8.00	8.00	8.00	8.00	8.00	8.00	8.00	8.00	8.00	8.00	8.00	8.00	8.00	8.00	8.00	8.00	7.00	7.00	7.00	7.00	7.00	7.00	6.00	7.00	8.00	7.00	8.00	8.00	8.00	8.00	8.00	8.00	9.00	9.00	11.00	15.00	12.00	10.00	10.00	18.00	21.00	25.00	26.00	24.00	16.00	16.00	19.00	21.00	21.00	21.00	21.00	20.00	21.00	19.00	18.00	18.00	20.00	22.00	20.00	19.00	19.00	20.00	18.00	17.00	17.00	19.00	20.00	20.00	29.00	29.00	19.00	15.00	16.00	11.00	10.00	19.00	16.00	16.00	18.00	18.00	19.00	21.00	24.00	27.00	22.00	22.00	21.00	21.00	19.00	17.00	21.00	27.00	33.00	23.00	17.00	18.00	19.00	21.00	20.00	18.00	17.00	17.00	20.00	20.00	20.00	19.00	14.00	9.00	7.00	7.00	7.00	7.00	7.00	7.00	7.00	9.00	12.00	14.00	17.00	18.00	17.00	17.00	17.00	15.00	13.00	17.00	27.00	38.00	52.00	64.00	52.00	30.00	29.00	30.00	29.00	29.00	30.00	30.00	36.00	38.00	45.00	47.00	28.00	28.00	28.00	28.00	28.00	26.00	26.00	27.00	28.00	28.00	27.00	27.00	27.00	29.00	29.00	24.00	25.00	26.00	28.00	26.00	30.00	36.00	35.00	27.00	32.00	35.00
8.00	9.00	9.00	9.00	9.00	8.00	8.00	8.00	7.00	7.00	7.00	6.00	6.00	5.00	5.00	4.00	4.00	4.00	4.00	4.00	4.00	4.00	4.00	4.00	3.00	3.00	3.00	3.00	3.00	3.00	3.00	3.00	3.00	3.00	3.00	3.00	3.00	3.00	5.00	6.00	6.00	6.00	6.00	6.00	6.00	6.00	4.00	4.00	4.00	4.00	4.00	4.00	4.00	4.00	4.00	4.00	4.00	4.00	4.00	4.00	4.00	4.00	7.00	8.00	8.00	8.00	8.00	8.00	7.00	6.00	6.00	6.00	5.00	5.00	5.00	5.00	6.00	6.00	7.00	7.00	7.00	7.00	7.00	7.00	8.00	7.00	7.00	7.00	7.00	7.00	7.00	8.00	8.00	8.00	8.00	8.00	8.00	8.00	9.00	8.00	8.00	8.00	8.00	8.00	8.00	8.00	8.00	8.00	8.00	7.00	6.00	7.00	7.00	7.00	7.00	7.00	7.00	7.00	7.00	7.00	7.00	8.00	9.00	8.00	7.00	9.00	8.00	11.00	17.00	16.00	18.00	16.00	16.00	18.00	20.00	20.00	23.00	26.00	28.00	24.00	21.00	21.00	19.00	19.00	19.00	21.00	21.00	21.00	20.00	20.00	16.00	14.00	14.00	15.00	30.00	34.00	30.00	23.00	18.00	15.00	17.00	18.00	18.00	20.00	20.00	20.00	20.00	20.00	20.00	20.00	20.00	20.00	22.00	22.00	25.00	21.00	17.00	18.00	20.00	21.00	20.00	17.00	21.00	20.00	18.00	19.00	18.00	17.00	17.00	18.00	24.00	23.00	19.00	18.00	20.00	20.00	17.00	16.00	14.00	14.00	12.00	13.00	13.00	15.00	15.00	14.00	14.00	15.00	15.00	17.00	16.00	14.00	26.00	48.00	61.00	67.00	67.00	60.00	42.00	27.00	25.00	25.00	25.00	25.00	25.00	25.00	31.00	32.00	36.00	38.00	30.00	28.00	28.00	29.00	29.00	27.00	28.00	25.00	28.00	30.00	33.00	34.00	38.00	37.00	36.00	33.00	31.00	32.00	33.00	32.00	31.00	32.00	37.00	32.00	34.00	35.00
8.00	9.00	9.00	9.00	9.00	8.00	8.00	8.00	7.00	7.00	7.00	6.00	6.00	5.00	5.00	4.00	4.00	4.00	4.00	4.00	4.00	4.00	4.00	4.00	3.00	3.00	3.00	3.00	3.00	3.00	3.00	3.00	3.00	3.00	3.00	3.00	3.00	3.00	5.00	6.00	6.00	6.00	6.00	6.00	6.00	6.00	4.00	4.00	4.00	4.00	4.00	4.00	4.00	4.00	4.00	4.00	4.00	4.00	4.00	4.00	4.00	4.00	7.00	8.00	8.00	8.00	8.00	8.00	7.00	6.00	6.00	6.00	5.00	5.00	5.00	5.00	6.00	6.00	7.00	7.00	7.00	7.00	7.00	7.00	8.00	7.00	7.00	7.00	7.00	7.00	7.00	8.00	8.00	8.00	8.00	8.00	8.00	8.00	9.00	8.00	8.00	8.00	8.00	8.00	8.00	8.00	8.00	8.00	8.00	7.00	6.00	7.00	7.00	7.00	7.00	7.00	7.00	7.00	7.00	7.00	7.00	8.00	9.00	8.00	7.00	9.00	8.00	11.00	17.00	16.00	18.00	16.00	16.00	18.00	20.00	20.00	23.00	26.00	28.00	24.00	21.00	21.00	19.00	19.00	19.00	21.00	21.00	21.00	20.00	20.00	16.00	14.00	14.00	15.00	30.00	34.00	30.00	23.00	18.00	15.00	17.00	18.00	18.00	20.00	20.00	20.00	20.00	20.00	20.00	20.00	20.00	20.00	22.00	22.00	25.00	21.00	17.00	18.00	20.00	21.00	20.00	17.00	21.00	20.00	18.00	19.00	18.00	17.00	17.00	18.00	24.00	23.00	19.00	18.00	20.00	20.00	17.00	16.00	14.00	14.00	12.00	13.00	13.00	15.00	15.00	14.00	14.00	15.00	15.00	17.00	16.00	14.00	26.00	48.00	61.00	67.00	67.00	60.00	42.00	27.00	25.00	25.00	25.00	25.00	25.00	25.00	31.00	32.00	36.00	38.00	30.00	28.00	28.00	29.00	29.00	27.00	28.00	25.00	28.00	30.00	33.00	34.00	38.00	37.00	36.00	33.00	31.00	32.00	33.00	32.00	31.00	32.00	37.00	32.00	34.00	35.00
9.00	9.00	8.00	8.00	8.00	9.00	8.00	9.00	9.00	8.00	8.00	8.00	8.00	8.00	6.00	4.00	2.00	2.00	2.00	3.00	3.00	3.00	4.00	4.00	3.00	3.00	3.00	3.00	3.00	4.00	4.00	4.00	4.00	4.00	4.00	3.00	3.00	3.00	5.00	5.00	5.00	5.00	5.00	5.00	5.00	6.00	6.00	4.00	4.00	4.00	4.00	4.00	4.00	4.00	4.00	4.00	4.00	4.00	4.00	4.00	4.00	5.00	6.00	6.00	7.00	7.00	8.00	7.00	7.00	7.00	5.00	6.00	7.00	6.00	7.00	7.00	6.00	6.00	6.00	7.00	6.00	6.00	7.00	7.00	7.00	7.00	7.00	7.00	7.00	7.00	7.00	7.00	8.00	8.00	8.00	8.00	8.00	8.00	8.00	8.00	8.00	8.00	8.00	8.00	8.00	8.00	8.00	8.00	8.00	8.00	8.00	8.00	8.00	8.00	8.00	8.00	8.00	7.00	7.00	7.00	7.00	6.00	7.00	7.00	7.00	7.00	7.00	7.00	11.00	15.00	18.00	19.00	22.00	21.00	20.00	21.00	23.00	25.00	26.00	24.00	19.00	20.00	21.00	20.00	19.00	21.00	21.00	22.00	20.00	15.00	11.00	11.00	11.00	11.00	24.00	31.00	26.00	19.00	16.00	18.00	19.00	20.00	20.00	19.00	20.00	19.00	19.00	19.00	19.00	20.00	21.00	21.00	20.00	19.00	19.00	20.00	21.00	23.00	24.00	24.00	23.00	20.00	21.00	21.00	28.00	19.00	20.00	20.00	19.00	18.00	19.00	18.00	19.00	20.00	19.00	21.00	21.00	20.00	19.00	22.00	20.00	18.00	18.00	18.00	19.00	18.00	17.00	18.00	17.00	17.00	23.00	33.00	40.00	57.00	46.00	37.00	43.00	58.00	46.00	30.00	26.00	25.00	25.00	25.00	25.00	26.00	30.00	35.00	37.00	40.00	40.00	34.00	28.00	28.00	31.00	32.00	31.00	33.00	38.00	35.00	33.00	34.00	36.00	40.00	39.00	35.00	35.00	34.00	35.00	36.00	35.00	38.00	40.00	34.00	34.00	34.00
9.00	9.00	8.00	8.00	8.00	9.00	8.00	9.00	9.00	8.00	8.00	8.00	8.00	8.00	6.00	4.00	2.00	2.00	2.00	3.00	3.00	3.00	4.00	4.00	3.00	3.00	3.00	3.00	3.00	4.00	4.00	4.00	4.00	4.00	4.00	3.00	3.00	3.00	5.00	5.00	5.00	5.00	5.00	5.00	5.00	6.00	6.00	4.00	4.00	4.00	4.00	4.00	4.00	4.00	4.00	4.00	4.00	4.00	4.00	4.00	4.00	5.00	6.00	6.00	7.00	7.00	8.00	7.00	7.00	7.00	5.00	6.00	7.00	6.00	7.00	7.00	6.00	6.00	6.00	7.00	6.00	6.00	7.00	7.00	7.00	7.00	7.00	7.00	7.00	7.00	7.00	7.00	8.00	8.00	8.00	8.00	8.00	8.00	8.00	8.00	8.00	8.00	8.00	8.00	8.00	8.00	8.00	8.00	8.00	8.00	8.00	8.00	8.00	8.00	8.00	8.00	8.00	7.00	7.00	7.00	7.00	6.00	7.00	7.00	7.00	7.00	7.00	7.00	11.00	15.00	18.00	19.00	22.00	21.00	20.00	21.00	23.00	25.00	26.00	24.00	19.00	20.00	21.00	20.00	19.00	21.00	21.00	22.00	20.00	15.00	11.00	11.00	11.00	11.00	24.00	31.00	26.00	19.00	16.00	18.00	19.00	20.00	20.00	19.00	20.00	19.00	19.00	19.00	19.00	20.00	21.00	21.00	20.00	19.00	19.00	20.00	21.00	23.00	24.00	24.00	23.00	20.00	21.00	21.00	28.00	19.00	20.00	20.00	19.00	18.00	19.00	18.00	19.00	20.00	19.00	21.00	21.00	20.00	19.00	22.00	20.00	18.00	18.00	18.00	19.00	18.00	17.00	18.00	17.00	17.00	23.00	33.00	40.00	57.00	46.00	37.00	43.00	58.00	46.00	30.00	26.00	25.00	25.00	25.00	25.00	26.00	30.00	35.00	37.00	40.00	40.00	34.00	28.00	28.00	31.00	32.00	31.00	33.00	38.00	35.00	33.00	34.00	36.00	40.00	39.00	35.00	35.00	34.00	35.00	36.00	35.00	38.00	40.00	34.00	34.00	34.00
9.00	9.00	8.00	8.00	6.00	5.00	6.00	8.00	8.00	8.00	8.00	8.00	8.00	8.00	3.00	2.00	2.00	2.00	2.00	2.00	2.00	2.00	5.00	6.00	5.00	5.00	4.00	4.00	3.00	4.00	3.00	3.00	4.00	3.00	4.00	4.00	4.00	3.00	6.00	5.00	6.00	5.00	5.00	5.00	5.00	7.00	7.00	7.00	5.00	4.00	4.00	4.00	4.00	4.00	4.00	4.00	4.00	4.00	4.00	4.00	7.00	7.00	6.00	6.00	6.00	6.00	6.00	5.00	5.00	5.00	4.00	5.00	6.00	7.00	7.00	7.00	7.00	7.00	7.00	7.00	7.00	7.00	7.00	7.00	7.00	7.00	6.00	6.00	7.00	7.00	7.00	7.00	7.00	7.00	7.00	7.00	8.00	8.00	8.00	8.00	8.00	8.00	8.00	8.00	8.00	8.00	8.00	8.00	8.00	8.00	9.00	9.00	9.00	9.00	8.00	8.00	8.00	8.00	8.00	7.00	7.00	7.00	8.00	7.00	7.00	8.00	8.00	10.00	12.00	17.00	19.00	19.00	19.00	19.00	17.00	15.00	16.00	19.00	21.00	23.00	24.00	23.00	23.00	23.00	21.00	20.00	20.00	19.00	18.00	18.00	12.00	13.00	16.00	22.00	52.00	53.00	41.00	32.00	21.00	17.00	21.00	23.00	23.00	19.00	20.00	23.00	23.00	20.00	21.00	21.00	21.00	20.00	19.00	16.00	16.00	16.00	19.00	19.00	17.00	16.00	15.00	21.00	19.00	19.00	20.00	20.00	21.00	21.00	22.00	26.00	21.00	21.00	17.00	16.00	19.00	19.00	18.00	19.00	20.00	23.00	22.00	21.00	20.00	18.00	17.00	20.00	21.00	20.00	22.00	27.00	39.00	51.00	57.00	35.00	30.00	34.00	34.00	33.00	42.00	44.00	31.00	29.00	37.00	40.00	36.00	35.00	36.00	39.00	41.00	37.00	31.00	32.00	34.00	40.00	40.00	38.00	37.00	38.00	39.00	35.00	34.00	31.00	29.00	35.00	57.00	53.00	47.00	39.00	35.00	32.00	35.00	38.00	38.00	27.00	26.00	32.00
9.00	9.00	8.00	8.00	6.00	5.00	6.00	8.00	8.00	8.00	8.00	8.00	8.00	8.00	3.00	2.00	2.00	2.00	2.00	2.00	2.00	2.00	5.00	6.00	5.00	5.00	4.00	4.00	3.00	4.00	3.00	3.00	4.00	3.00	4.00	4.00	4.00	3.00	6.00	5.00	6.00	5.00	5.00	5.00	5.00	7.00	7.00	7.00	5.00	4.00	4.00	4.00	4.00	4.00	4.00	4.00	4.00	4.00	4.00	4.00	7.00	7.00	6.00	6.00	6.00	6.00	6.00	5.00	5.00	5.00	4.00	5.00	6.00	7.00	7.00	7.00	7.00	7.00	7.00	7.00	7.00	7.00	7.00	7.00	7.00	7.00	6.00	6.00	7.00	7.00	7.00	7.00	7.00	7.00	7.00	7.00	8.00	8.00	8.00	8.00	8.00	8.00	8.00	8.00	8.00	8.00	8.00	8.00	8.00	8.00	9.00	9.00	9.00	9.00	8.00	8.00	8.00	8.00	8.00	7.00	7.00	7.00	8.00	7.00	7.00	8.00	8.00	10.00	12.00	17.00	19.00	19.00	19.00	19.00	17.00	15.00	16.00	19.00	21.00	23.00	24.00	23.00	23.00	23.00	21.00	20.00	20.00	19.00	18.00	18.00	12.00	13.00	16.00	22.00	52.00	53.00	41.00	32.00	21.00	17.00	21.00	23.00	23.00	19.00	20.00	23.00	23.00	20.00	21.00	21.00	21.00	20.00	19.00	16.00	16.00	16.00	19.00	19.00	17.00	16.00	15.00	21.00	19.00	19.00	20.00	20.00	21.00	21.00	22.00	26.00	21.00	21.00	17.00	16.00	19.00	19.00	18.00	19.00	20.00	23.00	22.00	21.00	20.00	18.00	17.00	20.00	21.00	20.00	22.00	27.00	39.00	51.00	57.00	35.00	30.00	34.00	34.00	33.00	42.00	44.00	31.00	29.00	37.00	40.00	36.00	35.00	36.00	39.00	41.00	37.00	31.00	32.00	34.00	40.00	40.00	38.00	37.00	38.00	39.00	35.00	34.00	31.00	29.00	35.00	57.00	53.00	47.00	39.00	35.00	32.00	35.00	38.00	38.00	27.00	26.00	32.00
9.00	9.00	8.00	8.00	6.00	5.00	6.00	8.00	8.00	8.00	8.00	8.00	8.00	8.00	3.00	2.00	2.00	2.00	2.00	2.00	2.00	2.00	5.00	6.00	5.00	5.00	4.00	4.00	3.00	4.00	3.00	3.00	4.00	3.00	4.00	4.00	4.00	3.00	6.00	5.00	6.00	5.00	5.00	5.00	5.00	7.00	7.00	7.00	5.00	4.00	4.00	4.00	4.00	4.00	4.00	4.00	4.00	4.00	4.00	4.00	7.00	7.00	6.00	6.00	6.00	6.00	6.00	5.00	5.00	5.00	4.00	5.00	6.00	7.00	7.00	7.00	7.00	7.00	7.00	7.00	7.00	7.00	7.00	7.00	7.00	7.00	6.00	6.00	7.00	7.00	7.00	7.00	7.00	7.00	7.00	7.00	8.00	8.00	8.00	8.00	8.00	8.00	8.00	8.00	8.00	8.00	8.00	8.00	8.00	8.00	9.00	9.00	9.00	9.00	8.00	8.00	8.00	8.00	8.00	7.00	7.00	7.00	8.00	7.00	7.00	8.00	8.00	10.00	12.00	17.00	19.00	19.00	19.00	19.00	17.00	15.00	16.00	19.00	21.00	23.00	24.00	23.00	23.00	23.00	21.00	20.00	20.00	19.00	18.00	18.00	12.00	13.00	16.00	22.00	52.00	53.00	41.00	32.00	21.00	17.00	21.00	23.00	23.00	19.00	20.00	23.00	23.00	20.00	21.00	21.00	21.00	20.00	19.00	16.00	16.00	16.00	19.00	19.00	17.00	16.00	15.00	21.00	19.00	19.00	20.00	20.00	21.00	21.00	22.00	26.00	21.00	21.00	17.00	16.00	19.00	19.00	18.00	19.00	20.00	23.00	22.00	21.00	20.00	18.00	17.00	20.00	21.00	20.00	22.00	27.00	39.00	51.00	57.00	35.00	30.00	34.00	34.00	33.00	42.00	44.00	31.00	29.00	37.00	40.00	36.00	35.00	36.00	39.00	41.00	37.00	31.00	32.00	34.00	40.00	40.00	38.00	37.00	38.00	39.00	35.00	34.00	31.00	29.00	35.00	57.00	53.00	47.00	39.00	35.00	32.00	35.00	38.00	38.00	27.00	26.00	32.00
9.00	9.00	9.00	9.00	6.00	5.00	6.00	8.00	8.00	8.00	8.00	7.00	7.00	7.00	2.00	2.00	2.00	2.00	2.00	2.00	4.00	6.00	8.00	8.00	7.00	7.00	6.00	6.00	6.00	5.00	5.00	5.00	5.00	4.00	4.00	4.00	5.00	4.00	3.00	2.00	2.00	3.00	5.00	6.00	7.00	7.00	7.00	7.00	7.00	7.00	6.00	4.00	4.00	4.00	4.00	4.00	4.00	5.00	6.00	7.00	7.00	7.00	7.00	7.00	7.00	7.00	7.00	7.00	7.00	6.00	5.00	4.00	4.00	4.00	5.00	5.00	6.00	7.00	7.00	7.00	7.00	7.00	7.00	7.00	7.00	7.00	7.00	7.00	7.00	7.00	7.00	7.00	7.00	7.00	7.00	7.00	7.00	8.00	8.00	7.00	7.00	8.00	8.00	8.00	8.00	8.00	8.00	8.00	8.00	8.00	8.00	8.00	8.00	8.00	8.00	8.00	9.00	9.00	8.00	7.00	7.00	8.00	7.00	8.00	7.00	7.00	10.00	14.00	17.00	22.00	25.00	23.00	18.00	17.00	16.00	17.00	15.00	18.00	23.00	25.00	27.00	21.00	19.00	17.00	19.00	21.00	23.00	26.00	25.00	22.00	17.00	23.00	38.00	46.00	50.00	52.00	53.00	50.00	41.00	21.00	19.00	18.00	17.00	17.00	18.00	19.00	19.00	20.00	20.00	20.00	20.00	19.00	17.00	17.00	17.00	17.00	20.00	21.00	18.00	16.00	16.00	18.00	20.00	20.00	20.00	18.00	15.00	12.00	11.00	11.00	11.00	12.00	14.00	20.00	20.00	20.00	21.00	24.00	26.00	24.00	25.00	27.00	24.00	26.00	23.00	22.00	24.00	27.00	52.00	63.00	63.00	67.00	59.00	25.00	30.00	41.00	43.00	26.00	30.00	40.00	37.00	38.00	54.00	65.00	60.00	45.00	35.00	37.00	36.00	34.00	35.00	37.00	39.00	42.00	48.00	54.00	49.00	41.00	38.00	32.00	30.00	33.00	35.00	37.00	44.00	43.00	31.00	27.00	27.00	29.00	33.00	37.00	36.00	39.00	38.00	32.00
9.00	9.00	9.00	9.00	6.00	5.00	6.00	8.00	8.00	8.00	8.00	7.00	7.00	7.00	2.00	2.00	2.00	2.00	2.00	2.00	4.00	6.00	8.00	8.00	7.00	7.00	6.00	6.00	6.00	5.00	5.00	5.00	5.00	4.00	4.00	4.00	5.00	4.00	3.00	2.00	2.00	3.00	5.00	6.00	7.00	7.00	7.00	7.00	7.00	7.00	6.00	4.00	4.00	4.00	4.00	4.00	4.00	5.00	6.00	7.00	7.00	7.00	7.00	7.00	7.00	7.00	7.00	7.00	7.00	6.00	5.00	4.00	4.00	4.00	5.00	5.00	6.00	7.00	7.00	7.00	7.00	7.00	7.00	7.00	7.00	7.00	7.00	7.00	7.00	7.00	7.00	7.00	7.00	7.00	7.00	7.00	7.00	8.00	8.00	7.00	7.00	8.00	8.00	8.00	8.00	8.00	8.00	8.00	8.00	8.00	8.00	8.00	8.00	8.00	8.00	8.00	9.00	9.00	8.00	7.00	7.00	8.00	7.00	8.00	7.00	7.00	10.00	14.00	17.00	22.00	25.00	23.00	18.00	17.00	16.00	17.00	15.00	18.00	23.00	25.00	27.00	21.00	19.00	17.00	19.00	21.00	23.00	26.00	25.00	22.00	17.00	23.00	38.00	46.00	50.00	52.00	53.00	50.00	41.00	21.00	19.00	18.00	17.00	17.00	18.00	19.00	19.00	20.00	20.00	20.00	20.00	19.00	17.00	17.00	17.00	17.00	20.00	21.00	18.00	16.00	16.00	18.00	20.00	20.00	20.00	18.00	15.00	12.00	11.00	11.00	11.00	12.00	14.00	20.00	20.00	20.00	21.00	24.00	26.00	24.00	25.00	27.00	24.00	26.00	23.00	22.00	24.00	27.00	52.00	63.00	63.00	67.00	59.00	25.00	30.00	41.00	43.00	26.00	30.00	40.00	37.00	38.00	54.00	65.00	60.00	45.00	35.00	37.00	36.00	34.00	35.00	37.00	39.00	42.00	48.00	54.00	49.00	41.00	38.00	32.00	30.00	33.00	35.00	37.00	44.00	43.00	31.00	27.00	27.00	29.00	33.00	37.00	36.00	39.00	38.00	32.00
9.00	9.00	8.00	8.00	8.00	8.00	8.00	9.00	9.00	8.00	8.00	7.00	7.00	6.00	7.00	4.00	3.00	2.00	3.00	5.00	6.00	6.00	5.00	6.00	7.00	7.00	7.00	7.00	7.00	7.00	7.00	7.00	6.00	6.00	6.00	7.00	7.00	7.00	6.00	6.00	5.00	4.00	6.00	7.00	7.00	7.00	7.00	7.00	7.00	7.00	7.00	7.00	7.00	6.00	6.00	6.00	7.00	7.00	7.00	7.00	7.00	7.00	6.00	7.00	7.00	7.00	7.00	7.00	7.00	7.00	7.00	7.00	7.00	7.00	6.00	4.00	5.00	6.00	6.00	6.00	6.00	6.00	6.00	7.00	7.00	7.00	7.00	7.00	7.00	7.00	7.00	7.00	7.00	7.00	7.00	7.00	7.00	7.00	8.00	8.00	8.00	8.00	8.00	7.00	8.00	8.00	8.00	8.00	7.00	7.00	8.00	8.00	8.00	8.00	8.00	8.00	8.00	8.00	8.00	8.00	8.00	8.00	9.00	9.00	9.00	8.00	8.00	13.00	18.00	21.00	22.00	20.00	19.00	21.00	23.00	24.00	23.00	26.00	25.00	19.00	15.00	16.00	20.00	24.00	29.00	24.00	21.00	20.00	20.00	21.00	20.00	31.00	41.00	39.00	28.00	24.00	25.00	30.00	38.00	25.00	15.00	15.00	17.00	19.00	19.00	20.00	21.00	19.00	16.00	16.00	17.00	18.00	20.00	21.00	21.00	21.00	20.00	17.00	18.00	18.00	19.00	17.00	19.00	19.00	21.00	14.00	10.00	9.00	9.00	9.00	9.00	9.00	10.00	12.00	20.00	20.00	21.00	23.00	23.00	25.00	26.00	27.00	28.00	28.00	25.00	25.00	34.00	47.00	50.00	50.00	49.00	59.00	51.00	14.00	19.00	24.00	26.00	33.00	45.00	43.00	37.00	50.00	61.00	64.00	32.00	27.00	26.00	26.00	27.00	28.00	31.00	39.00	44.00	42.00	39.00	41.00	35.00	31.00	36.00	42.00	43.00	41.00	38.00	37.00	37.00	34.00	33.00	34.00	33.00	33.00	31.00	35.00	44.00	35.00	28.00	26.00
9.00	9.00	8.00	8.00	8.00	8.00	8.00	9.00	9.00	8.00	8.00	7.00	7.00	6.00	7.00	4.00	3.00	2.00	3.00	5.00	6.00	6.00	5.00	6.00	7.00	7.00	7.00	7.00	7.00	7.00	7.00	7.00	6.00	6.00	6.00	7.00	7.00	7.00	6.00	6.00	5.00	4.00	6.00	7.00	7.00	7.00	7.00	7.00	7.00	7.00	7.00	7.00	7.00	6.00	6.00	6.00	7.00	7.00	7.00	7.00	7.00	7.00	6.00	7.00	7.00	7.00	7.00	7.00	7.00	7.00	7.00	7.00	7.00	7.00	6.00	4.00	5.00	6.00	6.00	6.00	6.00	6.00	6.00	7.00	7.00	7.00	7.00	7.00	7.00	7.00	7.00	7.00	7.00	7.00	7.00	7.00	7.00	7.00	8.00	8.00	8.00	8.00	8.00	7.00	8.00	8.00	8.00	8.00	7.00	7.00	8.00	8.00	8.00	8.00	8.00	8.00	8.00	8.00	8.00	8.00	8.00	8.00	9.00	9.00	9.00	8.00	8.00	13.00	18.00	21.00	22.00	20.00	19.00	21.00	23.00	24.00	23.00	26.00	25.00	19.00	15.00	16.00	20.00	24.00	29.00	24.00	21.00	20.00	20.00	21.00	20.00	31.00	41.00	39.00	28.00	24.00	25.00	30.00	38.00	25.00	15.00	15.00	17.00	19.00	19.00	20.00	21.00	19.00	16.00	16.00	17.00	18.00	20.00	21.00	21.00	21.00	20.00	17.00	18.00	18.00	19.00	17.00	19.00	19.00	21.00	14.00	10.00	9.00	9.00	9.00	9.00	9.00	10.00	12.00	20.00	20.00	21.00	23.00	23.00	25.00	26.00	27.00	28.00	28.00	25.00	25.00	34.00	47.00	50.00	50.00	49.00	59.00	51.00	14.00	19.00	24.00	26.00	33.00	45.00	43.00	37.00	50.00	61.00	64.00	32.00	27.00	26.00	26.00	27.00	28.00	31.00	39.00	44.00	42.00	39.00	41.00	35.00	31.00	36.00	42.00	43.00	41.00	38.00	37.00	37.00	34.00	33.00	34.00	33.00	33.00	31.00	35.00	44.00	35.00	28.00	26.00
9.00	9.00	8.00	8.00	8.00	8.00	8.00	9.00	9.00	8.00	8.00	7.00	7.00	6.00	7.00	4.00	3.00	2.00	3.00	5.00	6.00	6.00	5.00	6.00	7.00	7.00	7.00	7.00	7.00	7.00	7.00	7.00	6.00	6.00	6.00	7.00	7.00	7.00	6.00	6.00	5.00	4.00	6.00	7.00	7.00	7.00	7.00	7.00	7.00	7.00	7.00	7.00	7.00	6.00	6.00	6.00	7.00	7.00	7.00	7.00	7.00	7.00	6.00	7.00	7.00	7.00	7.00	7.00	7.00	7.00	7.00	7.00	7.00	7.00	6.00	4.00	5.00	6.00	6.00	6.00	6.00	6.00	6.00	7.00	7.00	7.00	7.00	7.00	7.00	7.00	7.00	7.00	7.00	7.00	7.00	7.00	7.00	7.00	8.00	8.00	8.00	8.00	8.00	7.00	8.00	8.00	8.00	8.00	7.00	7.00	8.00	8.00	8.00	8.00	8.00	8.00	8.00	8.00	8.00	8.00	8.00	8.00	9.00	9.00	9.00	8.00	8.00	13.00	18.00	21.00	22.00	20.00	19.00	21.00	23.00	24.00	23.00	26.00	25.00	19.00	15.00	16.00	20.00	24.00	29.00	24.00	21.00	20.00	20.00	21.00	20.00	31.00	41.00	39.00	28.00	24.00	25.00	30.00	38.00	25.00	15.00	15.00	17.00	19.00	19.00	20.00	21.00	19.00	16.00	16.00	17.00	18.00	20.00	21.00	21.00	21.00	20.00	17.00	18.00	18.00	19.00	17.00	19.00	19.00	21.00	14.00	10.00	9.00	9.00	9.00	9.00	9.00	10.00	12.00	20.00	20.00	21.00	23.00	23.00	25.00	26.00	27.00	28.00	28.00	25.00	25.00	34.00	47.00	50.00	50.00	49.00	59.00	51.00	14.00	19.00	24.00	26.00	33.00	45.00	43.00	37.00	50.00	61.00	64.00	32.00	27.00	26.00	26.00	27.00	28.00	31.00	39.00	44.00	42.00	39.00	41.00	35.00	31.00	36.00	42.00	43.00	41.00	38.00	37.00	37.00	34.00	33.00	34.00	33.00	33.00	31.00	35.00	44.00	35.00	28.00	26.00
10.00	10.00	10.00	10.00	10.00	9.00	6.00	5.00	4.00	3.00	2.00	2.00	2.00	2.00	2.00	2.00	2.00	2.00	2.00	2.00	2.00	2.00	2.00	2.00	3.00	3.00	4.00	6.00	6.00	6.00	7.00	7.00	8.00	7.00	7.00	7.00	7.00	7.00	7.00	7.00	7.00	7.00	7.00	7.00	7.00	8.00	8.00	7.00	7.00	7.00	7.00	7.00	6.00	7.00	7.00	6.00	6.00	6.00	6.00	6.00	6.00	6.00	6.00	6.00	6.00	6.00	6.00	6.00	6.00	6.00	6.00	6.00	6.00	6.00	7.00	7.00	5.00	7.00	7.00	7.00	7.00	7.00	7.00	7.00	6.00	6.00	6.00	6.00	6.00	6.00	7.00	7.00	7.00	7.00	7.00	7.00	7.00	7.00	8.00	8.00	8.00	8.00	8.00	8.00	8.00	8.00	8.00	8.00	8.00	7.00	7.00	8.00	8.00	8.00	8.00	8.00	8.00	8.00	9.00	9.00	8.00	8.00	8.00	7.00	7.00	6.00	9.00	26.00	30.00	23.00	20.00	18.00	19.00	19.00	26.00	30.00	18.00	16.00	15.00	15.00	17.00	23.00	24.00	31.00	29.00	18.00	16.00	16.00	18.00	19.00	19.00	24.00	33.00	32.00	21.00	20.00	20.00	21.00	32.00	21.00	19.00	19.00	20.00	19.00	18.00	18.00	18.00	18.00	17.00	16.00	16.00	17.00	18.00	22.00	24.00	23.00	22.00	20.00	19.00	19.00	17.00	16.00	17.00	17.00	17.00	18.00	16.00	11.00	9.00	9.00	9.00	9.00	18.00	21.00	20.00	20.00	21.00	21.00	21.00	25.00	26.00	27.00	26.00	26.00	27.00	31.00	39.00	43.00	35.00	42.00	43.00	41.00	42.00	38.00	38.00	43.00	41.00	42.00	48.00	54.00	54.00	47.00	43.00	39.00	35.00	28.00	26.00	26.00	26.00	26.00	29.00	36.00	40.00	38.00	37.00	42.00	42.00	40.00	40.00	43.00	41.00	38.00	30.00	31.00	40.00	40.00	39.00	38.00	34.00	32.00	34.00	44.00	45.00	31.00	27.00	31.00
10.00	10.00	10.00	10.00	10.00	9.00	6.00	5.00	4.00	3.00	2.00	2.00	2.00	2.00	2.00	2.00	2.00	2.00	2.00	2.00	2.00	2.00	2.00	2.00	3.00	3.00	4.00	6.00	6.00	6.00	7.00	7.00	8.00	7.00	7.00	7.00	7.00	7.00	7.00	7.00	7.00	7.00	7.00	7.00	7.00	8.00	8.00	7.00	7.00	7.00	7.00	7.00	6.00	7.00	7.00	6.00	6.00	6.00	6.00	6.00	6.00	6.00	6.00	6.00	6.00	6.00	6.00	6.00	6.00	6.00	6.00	6.00	6.00	6.00	7.00	7.00	5.00	7.00	7.00	7.00	7.00	7.00	7.00	7.00	6.00	6.00	6.00	6.00	6.00	6.00	7.00	7.00	7.00	7.00	7.00	7.00	7.00	7.00	8.00	8.00	8.00	8.00	8.00	8.00	8.00	8.00	8.00	8.00	8.00	7.00	7.00	8.00	8.00	8.00	8.00	8.00	8.00	8.00	9.00	9.00	8.00	8.00	8.00	7.00	7.00	6.00	9.00	26.00	30.00	23.00	20.00	18.00	19.00	19.00	26.00	30.00	18.00	16.00	15.00	15.00	17.00	23.00	24.00	31.00	29.00	18.00	16.00	16.00	18.00	19.00	19.00	24.00	33.00	32.00	21.00	20.00	20.00	21.00	32.00	21.00	19.00	19.00	20.00	19.00	18.00	18.00	18.00	18.00	17.00	16.00	16.00	17.00	18.00	22.00	24.00	23.00	22.00	20.00	19.00	19.00	17.00	16.00	17.00	17.00	17.00	18.00	16.00	11.00	9.00	9.00	9.00	9.00	18.00	21.00	20.00	20.00	21.00	21.00	21.00	25.00	26.00	27.00	26.00	26.00	27.00	31.00	39.00	43.00	35.00	42.00	43.00	41.00	42.00	38.00	38.00	43.00	41.00	42.00	48.00	54.00	54.00	47.00	43.00	39.00	35.00	28.00	26.00	26.00	26.00	26.00	29.00	36.00	40.00	38.00	37.00	42.00	42.00	40.00	40.00	43.00	41.00	38.00	30.00	31.00	40.00	40.00	39.00	38.00	34.00	32.00	34.00	44.00	45.00	31.00	27.00	31.00
11.00	11.00	10.00	9.00	9.00	6.00	2.00	2.00	2.00	2.00	2.00	2.00	2.00	2.00	2.00	2.00	2.00	2.00	2.00	2.00	2.00	2.00	2.00	2.00	2.00	2.00	2.00	2.00	6.00	6.00	6.00	6.00	6.00	6.00	6.00	7.00	7.00	7.00	7.00	6.00	7.00	7.00	7.00	7.00	7.00	7.00	7.00	7.00	7.00	7.00	7.00	7.00	7.00	7.00	7.00	7.00	5.00	5.00	5.00	5.00	5.00	4.00	4.00	5.00	5.00	5.00	5.00	5.00	6.00	6.00	6.00	6.00	6.00	6.00	6.00	6.00	6.00	6.00	7.00	7.00	7.00	7.00	7.00	7.00	7.00	7.00	7.00	7.00	7.00	7.00	7.00	6.00	6.00	6.00	6.00	6.00	7.00	7.00	7.00	8.00	8.00	8.00	8.00	8.00	8.00	8.00	8.00	8.00	8.00	7.00	7.00	8.00	8.00	8.00	8.00	8.00	8.00	8.00	8.00	8.00	8.00	8.00	8.00	8.00	8.00	9.00	8.00	13.00	19.00	15.00	12.00	18.00	23.00	26.00	29.00	28.00	15.00	15.00	15.00	18.00	25.00	27.00	28.00	26.00	23.00	19.00	20.00	21.00	19.00	20.00	26.00	31.00	31.00	26.00	24.00	25.00	27.00	36.00	37.00	20.00	21.00	20.00	21.00	21.00	20.00	20.00	20.00	19.00	17.00	16.00	16.00	15.00	19.00	23.00	23.00	21.00	26.00	23.00	20.00	19.00	18.00	18.00	17.00	16.00	16.00	16.00	17.00	17.00	11.00	10.00	19.00	21.00	24.00	25.00	24.00	24.00	23.00	23.00	23.00	24.00	23.00	23.00	23.00	30.00	36.00	48.00	58.00	60.00	60.00	62.00	64.00	61.00	61.00	60.00	57.00	56.00	53.00	39.00	33.00	49.00	62.00	36.00	25.00	26.00	39.00	41.00	59.00	55.00	54.00	54.00	54.00	42.00	37.00	41.00	46.00	37.00	37.00	37.00	39.00	36.00	35.00	36.00	35.00	32.00	38.00	41.00	41.00	39.00	37.00	39.00	40.00	44.00	49.00	34.00	27.00	36.00
11.00	11.00	10.00	9.00	9.00	6.00	2.00	2.00	2.00	2.00	2.00	2.00	2.00	2.00	2.00	2.00	2.00	2.00	2.00	2.00	2.00	2.00	2.00	2.00	2.00	2.00	2.00	2.00	6.00	6.00	6.00	6.00	6.00	6.00	6.00	7.00	7.00	7.00	7.00	6.00	7.00	7.00	7.00	7.00	7.00	7.00	7.00	7.00	7.00	7.00	7.00	7.00	7.00	7.00	7.00	7.00	5.00	5.00	5.00	5.00	5.00	4.00	4.00	5.00	5.00	5.00	5.00	5.00	6.00	6.00	6.00	6.00	6.00	6.00	6.00	6.00	6.00	6.00	7.00	7.00	7.00	7.00	7.00	7.00	7.00	7.00	7.00	7.00	7.00	7.00	7.00	6.00	6.00	6.00	6.00	6.00	7.00	7.00	7.00	8.00	8.00	8.00	8.00	8.00	8.00	8.00	8.00	8.00	8.00	7.00	7.00	8.00	8.00	8.00	8.00	8.00	8.00	8.00	8.00	8.00	8.00	8.00	8.00	8.00	8.00	9.00	8.00	13.00	19.00	15.00	12.00	18.00	23.00	26.00	29.00	28.00	15.00	15.00	15.00	18.00	25.00	27.00	28.00	26.00	23.00	19.00	20.00	21.00	19.00	20.00	26.00	31.00	31.00	26.00	24.00	25.00	27.00	36.00	37.00	20.00	21.00	20.00	21.00	21.00	20.00	20.00	20.00	19.00	17.00	16.00	16.00	15.00	19.00	23.00	23.00	21.00	26.00	23.00	20.00	19.00	18.00	18.00	17.00	16.00	16.00	16.00	17.00	17.00	11.00	10.00	19.00	21.00	24.00	25.00	24.00	24.00	23.00	23.00	23.00	24.00	23.00	23.00	23.00	30.00	36.00	48.00	58.00	60.00	60.00	62.00	64.00	61.00	61.00	60.00	57.00	56.00	53.00	39.00	33.00	49.00	62.00	36.00	25.00	26.00	39.00	41.00	59.00	55.00	54.00	54.00	54.00	42.00	37.00	41.00	46.00	37.00	37.00	37.00	39.00	36.00	35.00	36.00	35.00	32.00	38.00	41.00	41.00	39.00	37.00	39.00	40.00	44.00	49.00	34.00	27.00	36.00
11.00	9.00	8.00	7.00	3.00	2.00	2.00	2.00	2.00	2.00	2.00	2.00	2.00	2.00	2.00	2.00	2.00	2.00	2.00	2.00	2.00	2.00	2.00	2.00	2.00	2.00	2.00	2.00	7.00	7.00	7.00	7.00	7.00	5.00	5.00	4.00	4.00	5.00	5.00	6.00	6.00	6.00	6.00	7.00	7.00	7.00	6.00	6.00	6.00	6.00	6.00	6.00	6.00	6.00	6.00	6.00	3.00	6.00	7.00	6.00	5.00	6.00	4.00	4.00	5.00	5.00	5.00	5.00	5.00	5.00	5.00	5.00	5.00	5.00	5.00	5.00	4.00	6.00	7.00	7.00	7.00	7.00	6.00	6.00	7.00	7.00	7.00	7.00	7.00	7.00	7.00	7.00	8.00	8.00	8.00	8.00	8.00	8.00	8.00	7.00	7.00	7.00	7.00	7.00	7.00	7.00	8.00	8.00	7.00	7.00	6.00	7.00	7.00	8.00	8.00	8.00	8.00	8.00	8.00	9.00	8.00	9.00	9.00	8.00	8.00	7.00	7.00	8.00	12.00	23.00	24.00	24.00	24.00	22.00	21.00	25.00	30.00	29.00	28.00	29.00	27.00	28.00	24.00	23.00	21.00	22.00	20.00	22.00	22.00	20.00	25.00	24.00	20.00	18.00	18.00	23.00	30.00	30.00	25.00	19.00	19.00	20.00	19.00	21.00	20.00	19.00	18.00	18.00	16.00	15.00	17.00	19.00	26.00	20.00	18.00	17.00	22.00	24.00	22.00	17.00	16.00	16.00	17.00	17.00	18.00	18.00	17.00	14.00	13.00	17.00	21.00	22.00	22.00	24.00	23.00	24.00	26.00	24.00	24.00	24.00	23.00	23.00	23.00	39.00	51.00	59.00	62.00	63.00	61.00	60.00	61.00	62.00	64.00	63.00	64.00	64.00	66.00	52.00	38.00	35.00	44.00	33.00	26.00	39.00	47.00	53.00	54.00	43.00	38.00	43.00	43.00	37.00	27.00	31.00	40.00	33.00	37.00	35.00	35.00	41.00	40.00	39.00	39.00	36.00	38.00	41.00	45.00	56.00	50.00	41.00	39.00	38.00	34.00	38.00	43.00	57.00
11.00	9.00	8.00	7.00	3.00	2.00	2.00	2.00	2.00	2.00	2.00	2.00	2.00	2.00	2.00	2.00	2.00	2.00	2.00	2.00	2.00	2.00	2.00	2.00	2.00	2.00	2.00	2.00	7.00	7.00	7.00	7.00	7.00	5.00	5.00	4.00	4.00	5.00	5.00	6.00	6.00	6.00	6.00	7.00	7.00	7.00	6.00	6.00	6.00	6.00	6.00	6.00	6.00	6.00	6.00	6.00	3.00	6.00	7.00	6.00	5.00	6.00	4.00	4.00	5.00	5.00	5.00	5.00	5.00	5.00	5.00	5.00	5.00	5.00	5.00	5.00	4.00	6.00	7.00	7.00	7.00	7.00	6.00	6.00	7.00	7.00	7.00	7.00	7.00	7.00	7.00	7.00	8.00	8.00	8.00	8.00	8.00	8.00	8.00	7.00	7.00	7.00	7.00	7.00	7.00	7.00	8.00	8.00	7.00	7.00	6.00	7.00	7.00	8.00	8.00	8.00	8.00	8.00	8.00	9.00	8.00	9.00	9.00	8.00	8.00	7.00	7.00	8.00	12.00	23.00	24.00	24.00	24.00	22.00	21.00	25.00	30.00	29.00	28.00	29.00	27.00	28.00	24.00	23.00	21.00	22.00	20.00	22.00	22.00	20.00	25.00	24.00	20.00	18.00	18.00	23.00	30.00	30.00	25.00	19.00	19.00	20.00	19.00	21.00	20.00	19.00	18.00	18.00	16.00	15.00	17.00	19.00	26.00	20.00	18.00	17.00	22.00	24.00	22.00	17.00	16.00	16.00	17.00	17.00	18.00	18.00	17.00	14.00	13.00	17.00	21.00	22.00	22.00	24.00	23.00	24.00	26.00	24.00	24.00	24.00	23.00	23.00	23.00	39.00	51.00	59.00	62.00	63.00	61.00	60.00	61.00	62.00	64.00	63.00	64.00	64.00	66.00	52.00	38.00	35.00	44.00	33.00	26.00	39.00	47.00	53.00	54.00	43.00	38.00	43.00	43.00	37.00	27.00	31.00	40.00	33.00	37.00	35.00	35.00	41.00	40.00	39.00	39.00	36.00	38.00	41.00	45.00	56.00	50.00	41.00	39.00	38.00	34.00	38.00	43.00	57.00
8.00	8.00	2.00	2.00	2.00	2.00	2.00	2.00	2.00	2.00	2.00	2.00	2.00	2.00	2.00	2.00	2.00	2.00	2.00	2.00	2.00	2.00	2.00	2.00	2.00	2.00	2.00	2.00	7.00	6.00	6.00	6.00	5.00	4.00	4.00	4.00	4.00	4.00	4.00	4.00	4.00	4.00	4.00	5.00	7.00	7.00	6.00	6.00	6.00	5.00	5.00	5.00	5.00	5.00	5.00	6.00	3.00	5.00	6.00	6.00	6.00	6.00	6.00	6.00	6.00	5.00	5.00	5.00	5.00	4.00	4.00	5.00	4.00	4.00	4.00	5.00	5.00	6.00	6.00	6.00	6.00	6.00	7.00	7.00	7.00	7.00	7.00	7.00	7.00	7.00	7.00	7.00	7.00	8.00	8.00	8.00	8.00	8.00	8.00	8.00	8.00	8.00	8.00	8.00	8.00	7.00	7.00	7.00	7.00	7.00	7.00	7.00	6.00	7.00	8.00	8.00	8.00	8.00	8.00	8.00	8.00	8.00	8.00	8.00	7.00	7.00	8.00	8.00	10.00	17.00	20.00	19.00	22.00	18.00	16.00	21.00	33.00	33.00	27.00	33.00	39.00	17.00	17.00	18.00	21.00	25.00	22.00	22.00	24.00	26.00	21.00	21.00	22.00	23.00	17.00	20.00	27.00	30.00	30.00	25.00	21.00	16.00	18.00	18.00	17.00	17.00	15.00	16.00	17.00	19.00	22.00	27.00	24.00	23.00	21.00	22.00	25.00	26.00	26.00	24.00	20.00	15.00	15.00	15.00	16.00	17.00	19.00	21.00	25.00	25.00	22.00	26.00	27.00	25.00	22.00	22.00	24.00	25.00	24.00	24.00	21.00	21.00	23.00	54.00	64.00	64.00	64.00	65.00	65.00	66.00	65.00	65.00	66.00	63.00	61.00	60.00	56.00	57.00	61.00	62.00	60.00	38.00	29.00	40.00	35.00	35.00	38.00	39.00	35.00	28.00	34.00	41.00	45.00	43.00	42.00	36.00	38.00	39.00	39.00	35.00	39.00	40.00	38.00	38.00	51.00	56.00	48.00	40.00	39.00	40.00	42.00	48.00	50.00	39.00	46.00	63.00
8.00	8.00	2.00	2.00	2.00	2.00	2.00	2.00	2.00	2.00	2.00	2.00	2.00	2.00	2.00	2.00	2.00	2.00	2.00	2.00	2.00	2.00	2.00	2.00	2.00	2.00	2.00	2.00	7.00	6.00	6.00	6.00	5.00	4.00	4.00	4.00	4.00	4.00	4.00	4.00	4.00	4.00	4.00	5.00	7.00	7.00	6.00	6.00	6.00	5.00	5.00	5.00	5.00	5.00	5.00	6.00	3.00	5.00	6.00	6.00	6.00	6.00	6.00	6.00	6.00	5.00	5.00	5.00	5.00	4.00	4.00	5.00	4.00	4.00	4.00	5.00	5.00	6.00	6.00	6.00	6.00	6.00	7.00	7.00	7.00	7.00	7.00	7.00	7.00	7.00	7.00	7.00	7.00	8.00	8.00	8.00	8.00	8.00	8.00	8.00	8.00	8.00	8.00	8.00	8.00	7.00	7.00	7.00	7.00	7.00	7.00	7.00	6.00	7.00	8.00	8.00	8.00	8.00	8.00	8.00	8.00	8.00	8.00	8.00	7.00	7.00	8.00	8.00	10.00	17.00	20.00	19.00	22.00	18.00	16.00	21.00	33.00	33.00	27.00	33.00	39.00	17.00	17.00	18.00	21.00	25.00	22.00	22.00	24.00	26.00	21.00	21.00	22.00	23.00	17.00	20.00	27.00	30.00	30.00	25.00	21.00	16.00	18.00	18.00	17.00	17.00	15.00	16.00	17.00	19.00	22.00	27.00	24.00	23.00	21.00	22.00	25.00	26.00	26.00	24.00	20.00	15.00	15.00	15.00	16.00	17.00	19.00	21.00	25.00	25.00	22.00	26.00	27.00	25.00	22.00	22.00	24.00	25.00	24.00	24.00	21.00	21.00	23.00	54.00	64.00	64.00	64.00	65.00	65.00	66.00	65.00	65.00	66.00	63.00	61.00	60.00	56.00	57.00	61.00	62.00	60.00	38.00	29.00	40.00	35.00	35.00	38.00	39.00	35.00	28.00	34.00	41.00	45.00	43.00	42.00	36.00	38.00	39.00	39.00	35.00	39.00	40.00	38.00	38.00	51.00	56.00	48.00	40.00	39.00	40.00	42.00	48.00	50.00	39.00	46.00	63.00
8.00	8.00	2.00	2.00	2.00	2.00	2.00	2.00	2.00	2.00	2.00	2.00	2.00	2.00	2.00	2.00	2.00	2.00	2.00	2.00	2.00	2.00	2.00	2.00	2.00	2.00	2.00	2.00	7.00	6.00	6.00	6.00	5.00	4.00	4.00	4.00	4.00	4.00	4.00	4.00	4.00	4.00	4.00	5.00	7.00	7.00	6.00	6.00	6.00	5.00	5.00	5.00	5.00	5.00	5.00	6.00	3.00	5.00	6.00	6.00	6.00	6.00	6.00	6.00	6.00	5.00	5.00	5.00	5.00	4.00	4.00	5.00	4.00	4.00	4.00	5.00	5.00	6.00	6.00	6.00	6.00	6.00	7.00	7.00	7.00	7.00	7.00	7.00	7.00	7.00	7.00	7.00	7.00	8.00	8.00	8.00	8.00	8.00	8.00	8.00	8.00	8.00	8.00	8.00	8.00	7.00	7.00	7.00	7.00	7.00	7.00	7.00	6.00	7.00	8.00	8.00	8.00	8.00	8.00	8.00	8.00	8.00	8.00	8.00	7.00	7.00	8.00	8.00	10.00	17.00	20.00	19.00	22.00	18.00	16.00	21.00	33.00	33.00	27.00	33.00	39.00	17.00	17.00	18.00	21.00	25.00	22.00	22.00	24.00	26.00	21.00	21.00	22.00	23.00	17.00	20.00	27.00	30.00	30.00	25.00	21.00	16.00	18.00	18.00	17.00	17.00	15.00	16.00	17.00	19.00	22.00	27.00	24.00	23.00	21.00	22.00	25.00	26.00	26.00	24.00	20.00	15.00	15.00	15.00	16.00	17.00	19.00	21.00	25.00	25.00	22.00	26.00	27.00	25.00	22.00	22.00	24.00	25.00	24.00	24.00	21.00	21.00	23.00	54.00	64.00	64.00	64.00	65.00	65.00	66.00	65.00	65.00	66.00	63.00	61.00	60.00	56.00	57.00	61.00	62.00	60.00	38.00	29.00	40.00	35.00	35.00	38.00	39.00	35.00	28.00	34.00	41.00	45.00	43.00	42.00	36.00	38.00	39.00	39.00	35.00	39.00	40.00	38.00	38.00	51.00	56.00	48.00	40.00	39.00	40.00	42.00	48.00	50.00	39.00	46.00	63.00
9.00	6.00	2.00	2.00	2.00	2.00	2.00	2.00	2.00	2.00	2.00	2.00	2.00	2.00	2.00	2.00	2.00	2.00	2.00	2.00	2.00	2.00	2.00	2.00	2.00	2.00	2.00	5.00	7.00	6.00	5.00	4.00	4.00	4.00	4.00	4.00	4.00	4.00	4.00	4.00	4.00	4.00	4.00	5.00	7.00	7.00	7.00	7.00	7.00	7.00	6.00	6.00	5.00	5.00	5.00	5.00	4.00	5.00	5.00	5.00	5.00	4.00	4.00	4.00	4.00	5.00	4.00	4.00	4.00	5.00	5.00	4.00	5.00	6.00	6.00	6.00	6.00	6.00	6.00	6.00	6.00	6.00	6.00	6.00	6.00	6.00	6.00	7.00	7.00	7.00	7.00	7.00	7.00	7.00	7.00	7.00	7.00	7.00	8.00	8.00	8.00	8.00	8.00	8.00	8.00	8.00	8.00	8.00	8.00	8.00	8.00	7.00	6.00	6.00	6.00	6.00	6.00	7.00	7.00	7.00	8.00	8.00	8.00	7.00	8.00	8.00	8.00	8.00	11.00	16.00	20.00	23.00	26.00	25.00	21.00	14.00	25.00	26.00	31.00	42.00	48.00	39.00	34.00	25.00	21.00	23.00	26.00	25.00	24.00	23.00	19.00	20.00	28.00	31.00	21.00	19.00	22.00	25.00	27.00	26.00	21.00	23.00	22.00	19.00	22.00	20.00	19.00	19.00	19.00	19.00	18.00	17.00	23.00	24.00	24.00	23.00	26.00	30.00	28.00	27.00	23.00	20.00	22.00	23.00	22.00	23.00	24.00	23.00	24.00	24.00	24.00	23.00	21.00	23.00	23.00	26.00	30.00	30.00	29.00	29.00	29.00	29.00	35.00	65.00	59.00	49.00	53.00	52.00	56.00	64.00	69.00	71.00	65.00	66.00	64.00	59.00	56.00	58.00	62.00	61.00	52.00	45.00	40.00	30.00	42.00	39.00	42.00	36.00	38.00	41.00	45.00	39.00	35.00	42.00	50.00	27.00	26.00	26.00	27.00	28.00	29.00	35.00	42.00	43.00	43.00	42.00	36.00	40.00	48.00	46.00	43.00	43.00	45.00	47.00	39.00	45.00
9.00	6.00	2.00	2.00	2.00	2.00	2.00	2.00	2.00	2.00	2.00	2.00	2.00	2.00	2.00	2.00	2.00	2.00	2.00	2.00	2.00	2.00	2.00	2.00	2.00	2.00	2.00	5.00	7.00	6.00	5.00	4.00	4.00	4.00	4.00	4.00	4.00	4.00	4.00	4.00	4.00	4.00	4.00	5.00	7.00	7.00	7.00	7.00	7.00	7.00	6.00	6.00	5.00	5.00	5.00	5.00	4.00	5.00	5.00	5.00	5.00	4.00	4.00	4.00	4.00	5.00	4.00	4.00	4.00	5.00	5.00	4.00	5.00	6.00	6.00	6.00	6.00	6.00	6.00	6.00	6.00	6.00	6.00	6.00	6.00	6.00	6.00	7.00	7.00	7.00	7.00	7.00	7.00	7.00	7.00	7.00	7.00	7.00	8.00	8.00	8.00	8.00	8.00	8.00	8.00	8.00	8.00	8.00	8.00	8.00	8.00	7.00	6.00	6.00	6.00	6.00	6.00	7.00	7.00	7.00	8.00	8.00	8.00	7.00	8.00	8.00	8.00	8.00	11.00	16.00	20.00	23.00	26.00	25.00	21.00	14.00	25.00	26.00	31.00	42.00	48.00	39.00	34.00	25.00	21.00	23.00	26.00	25.00	24.00	23.00	19.00	20.00	28.00	31.00	21.00	19.00	22.00	25.00	27.00	26.00	21.00	23.00	22.00	19.00	22.00	20.00	19.00	19.00	19.00	19.00	18.00	17.00	23.00	24.00	24.00	23.00	26.00	30.00	28.00	27.00	23.00	20.00	22.00	23.00	22.00	23.00	24.00	23.00	24.00	24.00	24.00	23.00	21.00	23.00	23.00	26.00	30.00	30.00	29.00	29.00	29.00	29.00	35.00	65.00	59.00	49.00	53.00	52.00	56.00	64.00	69.00	71.00	65.00	66.00	64.00	59.00	56.00	58.00	62.00	61.00	52.00	45.00	40.00	30.00	42.00	39.00	42.00	36.00	38.00	41.00	45.00	39.00	35.00	42.00	50.00	27.00	26.00	26.00	27.00	28.00	29.00	35.00	42.00	43.00	43.00	42.00	36.00	40.00	48.00	46.00	43.00	43.00	45.00	47.00	39.00	45.00
8.00	5.00	2.00	2.00	2.00	2.00	2.00	2.00	2.00	2.00	2.00	2.00	2.00	2.00	2.00	2.00	2.00	2.00	2.00	2.00	2.00	2.00	2.00	2.00	2.00	2.00	5.00	7.00	6.00	4.00	4.00	4.00	4.00	4.00	4.00	4.00	4.00	4.00	4.00	4.00	4.00	4.00	4.00	6.00	7.00	7.00	7.00	7.00	7.00	7.00	6.00	6.00	6.00	6.00	6.00	6.00	3.00	5.00	4.00	4.00	5.00	5.00	5.00	5.00	5.00	5.00	5.00	5.00	5.00	5.00	5.00	5.00	5.00	6.00	6.00	6.00	6.00	7.00	7.00	7.00	7.00	6.00	6.00	6.00	6.00	6.00	6.00	6.00	6.00	7.00	7.00	7.00	7.00	7.00	7.00	7.00	7.00	7.00	7.00	7.00	8.00	8.00	7.00	8.00	8.00	8.00	8.00	8.00	8.00	8.00	8.00	8.00	8.00	8.00	8.00	8.00	8.00	6.00	7.00	7.00	7.00	7.00	6.00	7.00	7.00	7.00	7.00	8.00	11.00	16.00	16.00	13.00	17.00	25.00	34.00	34.00	15.00	18.00	26.00	34.00	28.00	39.00	39.00	33.00	22.00	23.00	25.00	23.00	21.00	22.00	19.00	23.00	25.00	25.00	15.00	13.00	13.00	13.00	15.00	19.00	23.00	24.00	25.00	21.00	23.00	22.00	17.00	19.00	20.00	19.00	18.00	17.00	18.00	20.00	19.00	22.00	22.00	23.00	24.00	20.00	19.00	20.00	19.00	20.00	20.00	22.00	22.00	23.00	23.00	25.00	29.00	18.00	12.00	12.00	12.00	12.00	18.00	28.00	30.00	28.00	36.00	50.00	54.00	39.00	32.00	28.00	34.00	40.00	34.00	36.00	48.00	55.00	70.00	65.00	53.00	40.00	35.00	35.00	40.00	37.00	35.00	30.00	28.00	32.00	43.00	43.00	41.00	37.00	41.00	46.00	53.00	49.00	34.00	37.00	54.00	26.00	26.00	26.00	26.00	26.00	26.00	26.00	30.00	38.00	39.00	38.00	41.00	40.00	39.00	43.00	43.00	43.00	47.00	40.00	34.00	42.00
8.00	5.00	2.00	2.00	2.00	2.00	2.00	2.00	2.00	2.00	2.00	2.00	2.00	2.00	2.00	2.00	2.00	2.00	2.00	2.00	2.00	2.00	2.00	2.00	2.00	2.00	5.00	7.00	6.00	4.00	4.00	4.00	4.00	4.00	4.00	4.00	4.00	4.00	4.00	4.00	4.00	4.00	4.00	6.00	7.00	7.00	7.00	7.00	7.00	7.00	6.00	6.00	6.00	6.00	6.00	6.00	3.00	5.00	4.00	4.00	5.00	5.00	5.00	5.00	5.00	5.00	5.00	5.00	5.00	5.00	5.00	5.00	5.00	6.00	6.00	6.00	6.00	7.00	7.00	7.00	7.00	6.00	6.00	6.00	6.00	6.00	6.00	6.00	6.00	7.00	7.00	7.00	7.00	7.00	7.00	7.00	7.00	7.00	7.00	7.00	8.00	8.00	7.00	8.00	8.00	8.00	8.00	8.00	8.00	8.00	8.00	8.00	8.00	8.00	8.00	8.00	8.00	6.00	7.00	7.00	7.00	7.00	6.00	7.00	7.00	7.00	7.00	8.00	11.00	16.00	16.00	13.00	17.00	25.00	34.00	34.00	15.00	18.00	26.00	34.00	28.00	39.00	39.00	33.00	22.00	23.00	25.00	23.00	21.00	22.00	19.00	23.00	25.00	25.00	15.00	13.00	13.00	13.00	15.00	19.00	23.00	24.00	25.00	21.00	23.00	22.00	17.00	19.00	20.00	19.00	18.00	17.00	18.00	20.00	19.00	22.00	22.00	23.00	24.00	20.00	19.00	20.00	19.00	20.00	20.00	22.00	22.00	23.00	23.00	25.00	29.00	18.00	12.00	12.00	12.00	12.00	18.00	28.00	30.00	28.00	36.00	50.00	54.00	39.00	32.00	28.00	34.00	40.00	34.00	36.00	48.00	55.00	70.00	65.00	53.00	40.00	35.00	35.00	40.00	37.00	35.00	30.00	28.00	32.00	43.00	43.00	41.00	37.00	41.00	46.00	53.00	49.00	34.00	37.00	54.00	26.00	26.00	26.00	26.00	26.00	26.00	26.00	30.00	38.00	39.00	38.00	41.00	40.00	39.00	43.00	43.00	43.00	47.00	40.00	34.00	42.00
8.00	6.00	2.00	2.00	2.00	2.00	2.00	2.00	2.00	2.00	2.00	2.00	2.00	2.00	2.00	2.00	2.00	2.00	2.00	2.00	2.00	2.00	2.00	2.00	3.00	5.00	5.00	5.00	4.00	4.00	4.00	4.00	4.00	4.00	4.00	4.00	4.00	4.00	4.00	4.00	4.00	4.00	6.00	6.00	6.00	7.00	7.00	7.00	7.00	7.00	7.00	6.00	6.00	5.00	5.00	5.00	3.00	4.00	3.00	3.00	5.00	6.00	6.00	6.00	5.00	5.00	5.00	5.00	5.00	5.00	5.00	5.00	5.00	5.00	5.00	5.00	5.00	6.00	6.00	6.00	6.00	7.00	7.00	7.00	7.00	7.00	7.00	6.00	6.00	7.00	6.00	6.00	6.00	6.00	7.00	7.00	7.00	7.00	7.00	7.00	7.00	7.00	7.00	7.00	7.00	7.00	7.00	7.00	7.00	8.00	8.00	8.00	8.00	8.00	8.00	8.00	8.00	8.00	8.00	8.00	8.00	8.00	8.00	8.00	8.00	7.00	7.00	7.00	10.00	17.00	18.00	17.00	14.00	12.00	19.00	20.00	27.00	31.00	22.00	28.00	31.00	24.00	23.00	17.00	14.00	19.00	16.00	18.00	20.00	22.00	24.00	26.00	26.00	27.00	19.00	13.00	13.00	15.00	15.00	11.00	21.00	21.00	22.00	19.00	19.00	20.00	21.00	22.00	20.00	18.00	17.00	18.00	21.00	21.00	24.00	24.00	23.00	23.00	21.00	20.00	18.00	17.00	20.00	22.00	22.00	22.00	22.00	23.00	24.00	23.00	29.00	17.00	12.00	12.00	12.00	14.00	23.00	29.00	35.00	53.00	70.00	69.00	34.00	24.00	29.00	38.00	41.00	36.00	34.00	33.00	36.00	34.00	46.00	72.00	69.00	58.00	51.00	49.00	41.00	37.00	34.00	32.00	28.00	26.00	39.00	43.00	42.00	37.00	38.00	46.00	52.00	44.00	28.00	33.00	52.00	26.00	26.00	26.00	26.00	26.00	26.00	28.00	31.00	38.00	37.00	38.00	38.00	39.00	38.00	40.00	43.00	44.00	44.00	42.00	37.00	41.00
8.00	6.00	2.00	2.00	2.00	2.00	2.00	2.00	2.00	2.00	2.00	2.00	2.00	2.00	2.00	2.00	2.00	2.00	2.00	2.00	2.00	2.00	2.00	2.00	3.00	5.00	5.00	5.00	4.00	4.00	4.00	4.00	4.00	4.00	4.00	4.00	4.00	4.00	4.00	4.00	4.00	4.00	6.00	6.00	6.00	7.00	7.00	7.00	7.00	7.00	7.00	6.00	6.00	5.00	5.00	5.00	3.00	4.00	3.00	3.00	5.00	6.00	6.00	6.00	5.00	5.00	5.00	5.00	5.00	5.00	5.00	5.00	5.00	5.00	5.00	5.00	5.00	6.00	6.00	6.00	6.00	7.00	7.00	7.00	7.00	7.00	7.00	6.00	6.00	7.00	6.00	6.00	6.00	6.00	7.00	7.00	7.00	7.00	7.00	7.00	7.00	7.00	7.00	7.00	7.00	7.00	7.00	7.00	7.00	8.00	8.00	8.00	8.00	8.00	8.00	8.00	8.00	8.00	8.00	8.00	8.00	8.00	8.00	8.00	8.00	7.00	7.00	7.00	10.00	17.00	18.00	17.00	14.00	12.00	19.00	20.00	27.00	31.00	22.00	28.00	31.00	24.00	23.00	17.00	14.00	19.00	16.00	18.00	20.00	22.00	24.00	26.00	26.00	27.00	19.00	13.00	13.00	15.00	15.00	11.00	21.00	21.00	22.00	19.00	19.00	20.00	21.00	22.00	20.00	18.00	17.00	18.00	21.00	21.00	24.00	24.00	23.00	23.00	21.00	20.00	18.00	17.00	20.00	22.00	22.00	22.00	22.00	23.00	24.00	23.00	29.00	17.00	12.00	12.00	12.00	14.00	23.00	29.00	35.00	53.00	70.00	69.00	34.00	24.00	29.00	38.00	41.00	36.00	34.00	33.00	36.00	34.00	46.00	72.00	69.00	58.00	51.00	49.00	41.00	37.00	34.00	32.00	28.00	26.00	39.00	43.00	42.00	37.00	38.00	46.00	52.00	44.00	28.00	33.00	52.00	26.00	26.00	26.00	26.00	26.00	26.00	28.00	31.00	38.00	37.00	38.00	38.00	39.00	38.00	40.00	43.00	44.00	44.00	42.00	37.00	41.00
8.00	6.00	2.00	2.00	2.00	2.00	2.00	2.00	2.00	2.00	2.00	2.00	2.00	2.00	2.00	2.00	2.00	2.00	2.00	2.00	2.00	2.00	2.00	2.00	3.00	5.00	5.00	5.00	4.00	4.00	4.00	4.00	4.00	4.00	4.00	4.00	4.00	4.00	4.00	4.00	4.00	4.00	6.00	6.00	6.00	7.00	7.00	7.00	7.00	7.00	7.00	6.00	6.00	5.00	5.00	5.00	3.00	4.00	3.00	3.00	5.00	6.00	6.00	6.00	5.00	5.00	5.00	5.00	5.00	5.00	5.00	5.00	5.00	5.00	5.00	5.00	5.00	6.00	6.00	6.00	6.00	7.00	7.00	7.00	7.00	7.00	7.00	6.00	6.00	7.00	6.00	6.00	6.00	6.00	7.00	7.00	7.00	7.00	7.00	7.00	7.00	7.00	7.00	7.00	7.00	7.00	7.00	7.00	7.00	8.00	8.00	8.00	8.00	8.00	8.00	8.00	8.00	8.00	8.00	8.00	8.00	8.00	8.00	8.00	8.00	7.00	7.00	7.00	10.00	17.00	18.00	17.00	14.00	12.00	19.00	20.00	27.00	31.00	22.00	28.00	31.00	24.00	23.00	17.00	14.00	19.00	16.00	18.00	20.00	22.00	24.00	26.00	26.00	27.00	19.00	13.00	13.00	15.00	15.00	11.00	21.00	21.00	22.00	19.00	19.00	20.00	21.00	22.00	20.00	18.00	17.00	18.00	21.00	21.00	24.00	24.00	23.00	23.00	21.00	20.00	18.00	17.00	20.00	22.00	22.00	22.00	22.00	23.00	24.00	23.00	29.00	17.00	12.00	12.00	12.00	14.00	23.00	29.00	35.00	53.00	70.00	69.00	34.00	24.00	29.00	38.00	41.00	36.00	34.00	33.00	36.00	34.00	46.00	72.00	69.00	58.00	51.00	49.00	41.00	37.00	34.00	32.00	28.00	26.00	39.00	43.00	42.00	37.00	38.00	46.00	52.00	44.00	28.00	33.00	52.00	26.00	26.00	26.00	26.00	26.00	26.00	28.00	31.00	38.00	37.00	38.00	38.00	39.00	38.00	40.00	43.00	44.00	44.00	42.00	37.00	41.00
8.00	8.00	3.00	2.00	2.00	2.00	2.00	2.00	2.00	2.00	2.00	2.00	2.00	2.00	2.00	2.00	2.00	2.00	2.00	2.00	2.00	2.00	2.00	2.00	6.00	6.00	6.00	6.00	4.00	4.00	4.00	4.00	4.00	4.00	4.00	4.00	4.00	4.00	4.00	4.00	4.00	5.00	7.00	7.00	7.00	7.00	7.00	6.00	7.00	7.00	6.00	7.00	7.00	7.00	7.00	6.00	5.00	6.00	5.00	4.00	4.00	4.00	4.00	4.00	5.00	6.00	5.00	5.00	5.00	5.00	5.00	5.00	5.00	5.00	5.00	5.00	5.00	5.00	5.00	5.00	5.00	6.00	6.00	6.00	6.00	7.00	6.00	7.00	7.00	7.00	7.00	7.00	7.00	7.00	7.00	6.00	6.00	6.00	7.00	7.00	7.00	7.00	7.00	7.00	7.00	7.00	7.00	7.00	7.00	7.00	7.00	7.00	7.00	7.00	7.00	8.00	7.00	8.00	8.00	7.00	8.00	7.00	7.00	8.00	8.00	8.00	9.00	9.00	11.00	13.00	16.00	17.00	21.00	16.00	10.00	11.00	22.00	28.00	28.00	32.00	17.00	25.00	26.00	28.00	29.00	22.00	23.00	24.00	30.00	29.00	24.00	23.00	21.00	16.00	23.00	24.00	20.00	14.00	11.00	16.00	20.00	27.00	21.00	19.00	21.00	23.00	25.00	22.00	20.00	20.00	17.00	16.00	18.00	19.00	20.00	23.00	21.00	23.00	24.00	23.00	20.00	19.00	18.00	17.00	20.00	22.00	23.00	24.00	26.00	27.00	29.00	22.00	23.00	26.00	33.00	37.00	37.00	33.00	34.00	62.00	74.00	74.00	47.00	26.00	30.00	36.00	38.00	36.00	36.00	40.00	46.00	46.00	41.00	51.00	50.00	47.00	42.00	39.00	36.00	38.00	42.00	39.00	33.00	35.00	52.00	54.00	53.00	41.00	33.00	38.00	39.00	39.00	32.00	32.00	36.00	49.00	44.00	36.00	32.00	35.00	38.00	40.00	39.00	40.00	40.00	41.00	41.00	40.00	38.00	39.00	40.00	43.00	46.00	39.00	35.00	36.00
10.00	9.00	7.00	4.00	2.00	2.00	2.00	2.00	2.00	2.00	2.00	2.00	2.00	2.00	2.00	2.00	2.00	2.00	2.00	2.00	2.00	2.00	4.00	6.00	8.00	7.00	7.00	6.00	6.00	4.00	4.00	4.00	4.00	4.00	4.00	4.00	4.00	4.00	4.00	5.00	6.00	6.00	7.00	6.00	7.00	7.00	7.00	7.00	7.00	7.00	7.00	7.00	6.00	6.00	6.00	6.00	5.00	3.00	6.00	6.00	6.00	6.00	5.00	6.00	4.00	4.00	5.00	5.00	5.00	5.00	5.00	5.00	5.00	5.00	5.00	5.00	5.00	5.00	5.00	5.00	4.00	4.00	4.00	4.00	4.00	5.00	5.00	6.00	6.00	6.00	6.00	7.00	6.00	7.00	7.00	7.00	7.00	7.00	7.00	7.00	7.00	7.00	7.00	7.00	6.00	6.00	6.00	7.00	7.00	7.00	7.00	7.00	7.00	7.00	7.00	7.00	7.00	7.00	7.00	7.00	7.00	7.00	7.00	8.00	8.00	8.00	8.00	8.00	8.00	10.00	12.00	14.00	18.00	18.00	12.00	9.00	21.00	32.00	37.00	33.00	16.00	17.00	20.00	25.00	33.00	31.00	24.00	23.00	23.00	24.00	26.00	22.00	21.00	23.00	27.00	28.00	25.00	23.00	18.00	16.00	21.00	28.00	28.00	24.00	28.00	25.00	22.00	22.00	21.00	20.00	20.00	19.00	17.00	17.00	18.00	20.00	22.00	20.00	20.00	21.00	20.00	21.00	23.00	23.00	22.00	21.00	21.00	23.00	24.00	23.00	28.00	27.00	29.00	32.00	36.00	35.00	36.00	34.00	32.00	36.00	47.00	60.00	68.00	30.00	33.00	38.00	42.00	40.00	38.00	44.00	51.00	51.00	40.00	38.00	44.00	46.00	42.00	44.00	47.00	47.00	37.00	28.00	38.00	45.00	39.00	39.00	38.00	35.00	30.00	29.00	45.00	57.00	49.00	39.00	31.00	56.00	50.00	35.00	33.00	38.00	39.00	41.00	39.00	36.00	38.00	37.00	38.00	38.00	38.00	37.00	39.00	41.00	42.00	36.00	35.00	36.00
10.00	9.00	7.00	4.00	2.00	2.00	2.00	2.00	2.00	2.00	2.00	2.00	2.00	2.00	2.00	2.00	2.00	2.00	2.00	2.00	2.00	2.00	4.00	6.00	8.00	7.00	7.00	6.00	6.00	4.00	4.00	4.00	4.00	4.00	4.00	4.00	4.00	4.00	4.00	5.00	6.00	6.00	7.00	6.00	7.00	7.00	7.00	7.00	7.00	7.00	7.00	7.00	6.00	6.00	6.00	6.00	5.00	3.00	6.00	6.00	6.00	6.00	5.00	6.00	4.00	4.00	5.00	5.00	5.00	5.00	5.00	5.00	5.00	5.00	5.00	5.00	5.00	5.00	5.00	5.00	4.00	4.00	4.00	4.00	4.00	5.00	5.00	6.00	6.00	6.00	6.00	7.00	6.00	7.00	7.00	7.00	7.00	7.00	7.00	7.00	7.00	7.00	7.00	7.00	6.00	6.00	6.00	7.00	7.00	7.00	7.00	7.00	7.00	7.00	7.00	7.00	7.00	7.00	7.00	7.00	7.00	7.00	7.00	8.00	8.00	8.00	8.00	8.00	8.00	10.00	12.00	14.00	18.00	18.00	12.00	9.00	21.00	32.00	37.00	33.00	16.00	17.00	20.00	25.00	33.00	31.00	24.00	23.00	23.00	24.00	26.00	22.00	21.00	23.00	27.00	28.00	25.00	23.00	18.00	16.00	21.00	28.00	28.00	24.00	28.00	25.00	22.00	22.00	21.00	20.00	20.00	19.00	17.00	17.00	18.00	20.00	22.00	20.00	20.00	21.00	20.00	21.00	23.00	23.00	22.00	21.00	21.00	23.00	24.00	23.00	28.00	27.00	29.00	32.00	36.00	35.00	36.00	34.00	32.00	36.00	47.00	60.00	68.00	30.00	33.00	38.00	42.00	40.00	38.00	44.00	51.00	51.00	40.00	38.00	44.00	46.00	42.00	44.00	47.00	47.00	37.00	28.00	38.00	45.00	39.00	39.00	38.00	35.00	30.00	29.00	45.00	57.00	49.00	39.00	31.00	56.00	50.00	35.00	33.00	38.00	39.00	41.00	39.00	36.00	38.00	37.00	38.00	38.00	38.00	37.00	39.00	41.00	42.00	36.00	35.00	36.00
10.00	9.00	7.00	4.00	2.00	2.00	2.00	2.00	2.00	2.00	2.00	2.00	2.00	2.00	2.00	2.00	2.00	2.00	2.00	2.00	2.00	2.00	4.00	6.00	8.00	7.00	7.00	6.00	6.00	4.00	4.00	4.00	4.00	4.00	4.00	4.00	4.00	4.00	4.00	5.00	6.00	6.00	7.00	6.00	7.00	7.00	7.00	7.00	7.00	7.00	7.00	7.00	6.00	6.00	6.00	6.00	5.00	3.00	6.00	6.00	6.00	6.00	5.00	6.00	4.00	4.00	5.00	5.00	5.00	5.00	5.00	5.00	5.00	5.00	5.00	5.00	5.00	5.00	5.00	5.00	4.00	4.00	4.00	4.00	4.00	5.00	5.00	6.00	6.00	6.00	6.00	7.00	6.00	7.00	7.00	7.00	7.00	7.00	7.00	7.00	7.00	7.00	7.00	7.00	6.00	6.00	6.00	7.00	7.00	7.00	7.00	7.00	7.00	7.00	7.00	7.00	7.00	7.00	7.00	7.00	7.00	7.00	7.00	8.00	8.00	8.00	8.00	8.00	8.00	10.00	12.00	14.00	18.00	18.00	12.00	9.00	21.00	32.00	37.00	33.00	16.00	17.00	20.00	25.00	33.00	31.00	24.00	23.00	23.00	24.00	26.00	22.00	21.00	23.00	27.00	28.00	25.00	23.00	18.00	16.00	21.00	28.00	28.00	24.00	28.00	25.00	22.00	22.00	21.00	20.00	20.00	19.00	17.00	17.00	18.00	20.00	22.00	20.00	20.00	21.00	20.00	21.00	23.00	23.00	22.00	21.00	21.00	23.00	24.00	23.00	28.00	27.00	29.00	32.00	36.00	35.00	36.00	34.00	32.00	36.00	47.00	60.00	68.00	30.00	33.00	38.00	42.00	40.00	38.00	44.00	51.00	51.00	40.00	38.00	44.00	46.00	42.00	44.00	47.00	47.00	37.00	28.00	38.00	45.00	39.00	39.00	38.00	35.00	30.00	29.00	45.00	57.00	49.00	39.00	31.00	56.00	50.00	35.00	33.00	38.00	39.00	41.00	39.00	36.00	38.00	37.00	38.00	38.00	38.00	37.00	39.00	41.00	42.00	36.00	35.00	36.00
9.00	10.00	9.00	9.00	5.00	3.00	2.00	2.00	2.00	2.00	2.00	2.00	2.00	2.00	2.00	2.00	2.00	2.00	2.00	5.00	7.00	8.00	8.00	8.00	7.00	7.00	7.00	7.00	8.00	7.00	6.00	5.00	5.00	4.00	4.00	4.00	4.00	6.00	7.00	7.00	7.00	7.00	6.00	7.00	6.00	6.00	6.00	6.00	6.00	6.00	6.00	6.00	6.00	6.00	6.00	6.00	4.00	5.00	6.00	6.00	6.00	6.00	6.00	6.00	6.00	6.00	4.00	4.00	5.00	5.00	5.00	5.00	5.00	5.00	5.00	5.00	5.00	4.00	5.00	5.00	5.00	5.00	5.00	5.00	5.00	3.00	5.00	6.00	6.00	6.00	6.00	5.00	5.00	6.00	5.00	6.00	6.00	6.00	7.00	7.00	7.00	7.00	7.00	7.00	8.00	7.00	7.00	6.00	6.00	5.00	6.00	6.00	6.00	6.00	7.00	7.00	7.00	7.00	7.00	7.00	7.00	7.00	7.00	7.00	7.00	7.00	7.00	8.00	8.00	13.00	14.00	13.00	11.00	12.00	11.00	12.00	16.00	26.00	31.00	22.00	16.00	15.00	20.00	29.00	35.00	41.00	43.00	40.00	36.00	37.00	30.00	26.00	21.00	18.00	19.00	17.00	17.00	13.00	14.00	24.00	26.00	22.00	24.00	24.00	21.00	18.00	17.00	23.00	22.00	22.00	22.00	22.00	21.00	20.00	22.00	21.00	19.00	19.00	19.00	18.00	18.00	23.00	26.00	27.00	27.00	23.00	23.00	23.00	23.00	25.00	29.00	32.00	33.00	33.00	28.00	29.00	33.00	41.00	44.00	47.00	45.00	43.00	53.00	62.00	49.00	45.00	45.00	47.00	39.00	40.00	44.00	47.00	53.00	33.00	36.00	41.00	45.00	46.00	47.00	41.00	32.00	29.00	36.00	43.00	47.00	36.00	31.00	31.00	33.00	40.00	70.00	60.00	51.00	40.00	31.00	43.00	49.00	40.00	38.00	40.00	41.00	43.00	44.00	44.00	41.00	39.00	37.00	37.00	37.00	38.00	38.00	40.00	44.00	44.00	39.00	35.00
9.00	10.00	9.00	9.00	5.00	3.00	2.00	2.00	2.00	2.00	2.00	2.00	2.00	2.00	2.00	2.00	2.00	2.00	2.00	5.00	7.00	8.00	8.00	8.00	7.00	7.00	7.00	7.00	8.00	7.00	6.00	5.00	5.00	4.00	4.00	4.00	4.00	6.00	7.00	7.00	7.00	7.00	6.00	7.00	6.00	6.00	6.00	6.00	6.00	6.00	6.00	6.00	6.00	6.00	6.00	6.00	4.00	5.00	6.00	6.00	6.00	6.00	6.00	6.00	6.00	6.00	4.00	4.00	5.00	5.00	5.00	5.00	5.00	5.00	5.00	5.00	5.00	4.00	5.00	5.00	5.00	5.00	5.00	5.00	5.00	3.00	5.00	6.00	6.00	6.00	6.00	5.00	5.00	6.00	5.00	6.00	6.00	6.00	7.00	7.00	7.00	7.00	7.00	7.00	8.00	7.00	7.00	6.00	6.00	5.00	6.00	6.00	6.00	6.00	7.00	7.00	7.00	7.00	7.00	7.00	7.00	7.00	7.00	7.00	7.00	7.00	7.00	8.00	8.00	13.00	14.00	13.00	11.00	12.00	11.00	12.00	16.00	26.00	31.00	22.00	16.00	15.00	20.00	29.00	35.00	41.00	43.00	40.00	36.00	37.00	30.00	26.00	21.00	18.00	19.00	17.00	17.00	13.00	14.00	24.00	26.00	22.00	24.00	24.00	21.00	18.00	17.00	23.00	22.00	22.00	22.00	22.00	21.00	20.00	22.00	21.00	19.00	19.00	19.00	18.00	18.00	23.00	26.00	27.00	27.00	23.00	23.00	23.00	23.00	25.00	29.00	32.00	33.00	33.00	28.00	29.00	33.00	41.00	44.00	47.00	45.00	43.00	53.00	62.00	49.00	45.00	45.00	47.00	39.00	40.00	44.00	47.00	53.00	33.00	36.00	41.00	45.00	46.00	47.00	41.00	32.00	29.00	36.00	43.00	47.00	36.00	31.00	31.00	33.00	40.00	70.00	60.00	51.00	40.00	31.00	43.00	49.00	40.00	38.00	40.00	41.00	43.00	44.00	44.00	41.00	39.00	37.00	37.00	37.00	38.00	38.00	40.00	44.00	44.00	39.00	35.00
10.00	9.00	9.00	9.00	9.00	9.00	6.00	5.00	4.00	3.00	3.00	2.00	2.00	2.00	3.00	4.00	5.00	7.00	7.00	8.00	7.00	7.00	7.00	7.00	7.00	7.00	8.00	8.00	8.00	8.00	7.00	7.00	7.00	7.00	7.00	7.00	7.00	8.00	8.00	8.00	7.00	7.00	7.00	7.00	7.00	7.00	7.00	6.00	6.00	6.00	6.00	6.00	6.00	5.00	4.00	5.00	6.00	6.00	6.00	6.00	6.00	6.00	6.00	6.00	6.00	6.00	6.00	5.00	5.00	4.00	4.00	4.00	5.00	5.00	5.00	5.00	4.00	5.00	6.00	6.00	6.00	5.00	4.00	3.00	4.00	5.00	6.00	7.00	7.00	6.00	6.00	6.00	6.00	6.00	6.00	6.00	6.00	6.00	6.00	7.00	6.00	7.00	7.00	7.00	7.00	6.00	5.00	5.00	5.00	5.00	5.00	5.00	5.00	5.00	7.00	7.00	7.00	7.00	7.00	7.00	7.00	7.00	7.00	6.00	6.00	6.00	6.00	8.00	10.00	15.00	18.00	20.00	16.00	16.00	15.00	12.00	13.00	23.00	27.00	23.00	13.00	33.00	30.00	30.00	34.00	35.00	38.00	44.00	44.00	45.00	49.00	29.00	11.00	9.00	14.00	14.00	13.00	12.00	12.00	19.00	23.00	23.00	26.00	21.00	20.00	19.00	21.00	23.00	22.00	18.00	17.00	18.00	18.00	18.00	18.00	18.00	16.00	18.00	20.00	18.00	18.00	18.00	22.00	26.00	27.00	20.00	21.00	20.00	19.00	18.00	18.00	18.00	32.00	30.00	42.00	53.00	58.00	51.00	42.00	32.00	32.00	38.00	50.00	47.00	41.00	33.00	27.00	27.00	32.00	32.00	36.00	37.00	42.00	33.00	38.00	43.00	46.00	42.00	44.00	43.00	37.00	33.00	37.00	44.00	40.00	38.00	37.00	33.00	33.00	43.00	69.00	64.00	52.00	54.00	54.00	32.00	40.00	47.00	45.00	41.00	40.00	41.00	42.00	42.00	43.00	40.00	43.00	42.00	45.00	47.00	47.00	45.00	44.00	47.00	47.00	40.00
10.00	9.00	9.00	9.00	9.00	9.00	6.00	5.00	4.00	3.00	3.00	2.00	2.00	2.00	3.00	4.00	5.00	7.00	7.00	8.00	7.00	7.00	7.00	7.00	7.00	7.00	8.00	8.00	8.00	8.00	7.00	7.00	7.00	7.00	7.00	7.00	7.00	8.00	8.00	8.00	7.00	7.00	7.00	7.00	7.00	7.00	7.00	6.00	6.00	6.00	6.00	6.00	6.00	5.00	4.00	5.00	6.00	6.00	6.00	6.00	6.00	6.00	6.00	6.00	6.00	6.00	6.00	5.00	5.00	4.00	4.00	4.00	5.00	5.00	5.00	5.00	4.00	5.00	6.00	6.00	6.00	5.00	4.00	3.00	4.00	5.00	6.00	7.00	7.00	6.00	6.00	6.00	6.00	6.00	6.00	6.00	6.00	6.00	6.00	7.00	6.00	7.00	7.00	7.00	7.00	6.00	5.00	5.00	5.00	5.00	5.00	5.00	5.00	5.00	7.00	7.00	7.00	7.00	7.00	7.00	7.00	7.00	7.00	6.00	6.00	6.00	6.00	8.00	10.00	15.00	18.00	20.00	16.00	16.00	15.00	12.00	13.00	23.00	27.00	23.00	13.00	33.00	30.00	30.00	34.00	35.00	38.00	44.00	44.00	45.00	49.00	29.00	11.00	9.00	14.00	14.00	13.00	12.00	12.00	19.00	23.00	23.00	26.00	21.00	20.00	19.00	21.00	23.00	22.00	18.00	17.00	18.00	18.00	18.00	18.00	18.00	16.00	18.00	20.00	18.00	18.00	18.00	22.00	26.00	27.00	20.00	21.00	20.00	19.00	18.00	18.00	18.00	32.00	30.00	42.00	53.00	58.00	51.00	42.00	32.00	32.00	38.00	50.00	47.00	41.00	33.00	27.00	27.00	32.00	32.00	36.00	37.00	42.00	33.00	38.00	43.00	46.00	42.00	44.00	43.00	37.00	33.00	37.00	44.00	40.00	38.00	37.00	33.00	33.00	43.00	69.00	64.00	52.00	54.00	54.00	32.00	40.00	47.00	45.00	41.00	40.00	41.00	42.00	42.00	43.00	40.00	43.00	42.00	45.00	47.00	47.00	45.00	44.00	47.00	47.00	40.00
10.00	9.00	9.00	9.00	9.00	9.00	6.00	5.00	4.00	3.00	3.00	2.00	2.00	2.00	3.00	4.00	5.00	7.00	7.00	8.00	7.00	7.00	7.00	7.00	7.00	7.00	8.00	8.00	8.00	8.00	7.00	7.00	7.00	7.00	7.00	7.00	7.00	8.00	8.00	8.00	7.00	7.00	7.00	7.00	7.00	7.00	7.00	6.00	6.00	6.00	6.00	6.00	6.00	5.00	4.00	5.00	6.00	6.00	6.00	6.00	6.00	6.00	6.00	6.00	6.00	6.00	6.00	5.00	5.00	4.00	4.00	4.00	5.00	5.00	5.00	5.00	4.00	5.00	6.00	6.00	6.00	5.00	4.00	3.00	4.00	5.00	6.00	7.00	7.00	6.00	6.00	6.00	6.00	6.00	6.00	6.00	6.00	6.00	6.00	7.00	6.00	7.00	7.00	7.00	7.00	6.00	5.00	5.00	5.00	5.00	5.00	5.00	5.00	5.00	7.00	7.00	7.00	7.00	7.00	7.00	7.00	7.00	7.00	6.00	6.00	6.00	6.00	8.00	10.00	15.00	18.00	20.00	16.00	16.00	15.00	12.00	13.00	23.00	27.00	23.00	13.00	33.00	30.00	30.00	34.00	35.00	38.00	44.00	44.00	45.00	49.00	29.00	11.00	9.00	14.00	14.00	13.00	12.00	12.00	19.00	23.00	23.00	26.00	21.00	20.00	19.00	21.00	23.00	22.00	18.00	17.00	18.00	18.00	18.00	18.00	18.00	16.00	18.00	20.00	18.00	18.00	18.00	22.00	26.00	27.00	20.00	21.00	20.00	19.00	18.00	18.00	18.00	32.00	30.00	42.00	53.00	58.00	51.00	42.00	32.00	32.00	38.00	50.00	47.00	41.00	33.00	27.00	27.00	32.00	32.00	36.00	37.00	42.00	33.00	38.00	43.00	46.00	42.00	44.00	43.00	37.00	33.00	37.00	44.00	40.00	38.00	37.00	33.00	33.00	43.00	69.00	64.00	52.00	54.00	54.00	32.00	40.00	47.00	45.00	41.00	40.00	41.00	42.00	42.00	43.00	40.00	43.00	42.00	45.00	47.00	47.00	45.00	44.00	47.00	47.00	40.00
10.00	10.00	9.00	9.00	9.00	9.00	8.00	8.00	8.00	8.00	8.00	8.00	8.00	8.00	8.00	9.00	8.00	8.00	8.00	7.00	7.00	7.00	7.00	7.00	7.00	7.00	7.00	7.00	7.00	7.00	7.00	7.00	7.00	7.00	7.00	5.00	6.00	6.00	6.00	7.00	7.00	7.00	7.00	7.00	8.00	7.00	7.00	7.00	7.00	7.00	5.00	5.00	5.00	5.00	6.00	6.00	6.00	6.00	6.00	6.00	6.00	6.00	6.00	6.00	6.00	5.00	6.00	6.00	6.00	6.00	6.00	6.00	5.00	5.00	5.00	6.00	6.00	6.00	6.00	6.00	6.00	6.00	5.00	5.00	6.00	6.00	5.00	6.00	6.00	6.00	6.00	7.00	7.00	7.00	7.00	7.00	7.00	7.00	7.00	7.00	7.00	7.00	6.00	7.00	7.00	6.00	5.00	5.00	5.00	5.00	5.00	5.00	5.00	7.00	8.00	8.00	8.00	8.00	8.00	8.00	7.00	7.00	7.00	7.00	7.00	7.00	7.00	7.00	9.00	12.00	15.00	18.00	12.00	12.00	14.00	12.00	8.00	11.00	14.00	13.00	9.00	20.00	21.00	20.00	13.00	36.00	40.00	35.00	40.00	46.00	50.00	27.00	9.00	8.00	13.00	12.00	11.00	11.00	11.00	20.00	25.00	24.00	21.00	18.00	16.00	16.00	17.00	17.00	18.00	19.00	21.00	21.00	29.00	30.00	27.00	20.00	17.00	17.00	17.00	17.00	18.00	21.00	20.00	20.00	21.00	22.00	23.00	24.00	22.00	21.00	22.00	27.00	32.00	31.00	35.00	43.00	51.00	52.00	48.00	49.00	47.00	33.00	30.00	47.00	37.00	33.00	32.00	30.00	30.00	31.00	31.00	30.00	40.00	43.00	40.00	39.00	37.00	39.00	41.00	41.00	41.00	41.00	39.00	36.00	36.00	35.00	36.00	37.00	38.00	40.00	62.00	66.00	61.00	50.00	44.00	36.00	41.00	47.00	43.00	31.00	33.00	40.00	46.00	47.00	46.00	47.00	46.00	46.00	45.00	45.00	47.00	45.00	42.00	41.00	42.00	44.00
10.00	10.00	9.00	9.00	9.00	9.00	8.00	8.00	8.00	8.00	8.00	8.00	8.00	8.00	8.00	9.00	8.00	8.00	8.00	7.00	7.00	7.00	7.00	7.00	7.00	7.00	7.00	7.00	7.00	7.00	7.00	7.00	7.00	7.00	7.00	5.00	6.00	6.00	6.00	7.00	7.00	7.00	7.00	7.00	8.00	7.00	7.00	7.00	7.00	7.00	5.00	5.00	5.00	5.00	6.00	6.00	6.00	6.00	6.00	6.00	6.00	6.00	6.00	6.00	6.00	5.00	6.00	6.00	6.00	6.00	6.00	6.00	5.00	5.00	5.00	6.00	6.00	6.00	6.00	6.00	6.00	6.00	5.00	5.00	6.00	6.00	5.00	6.00	6.00	6.00	6.00	7.00	7.00	7.00	7.00	7.00	7.00	7.00	7.00	7.00	7.00	7.00	6.00	7.00	7.00	6.00	5.00	5.00	5.00	5.00	5.00	5.00	5.00	7.00	8.00	8.00	8.00	8.00	8.00	8.00	7.00	7.00	7.00	7.00	7.00	7.00	7.00	7.00	9.00	12.00	15.00	18.00	12.00	12.00	14.00	12.00	8.00	11.00	14.00	13.00	9.00	20.00	21.00	20.00	13.00	36.00	40.00	35.00	40.00	46.00	50.00	27.00	9.00	8.00	13.00	12.00	11.00	11.00	11.00	20.00	25.00	24.00	21.00	18.00	16.00	16.00	17.00	17.00	18.00	19.00	21.00	21.00	29.00	30.00	27.00	20.00	17.00	17.00	17.00	17.00	18.00	21.00	20.00	20.00	21.00	22.00	23.00	24.00	22.00	21.00	22.00	27.00	32.00	31.00	35.00	43.00	51.00	52.00	48.00	49.00	47.00	33.00	30.00	47.00	37.00	33.00	32.00	30.00	30.00	31.00	31.00	30.00	40.00	43.00	40.00	39.00	37.00	39.00	41.00	41.00	41.00	41.00	39.00	36.00	36.00	35.00	36.00	37.00	38.00	40.00	62.00	66.00	61.00	50.00	44.00	36.00	41.00	47.00	43.00	31.00	33.00	40.00	46.00	47.00	46.00	47.00	46.00	46.00	45.00	45.00	47.00	45.00	42.00	41.00	42.00	44.00
13.00	16.00	13.00	10.00	8.00	8.00	8.00	8.00	8.00	7.00	7.00	8.00	8.00	8.00	7.00	7.00	7.00	7.00	7.00	7.00	7.00	7.00	7.00	7.00	7.00	7.00	7.00	7.00	7.00	7.00	7.00	7.00	7.00	7.00	7.00	7.00	7.00	7.00	6.00	5.00	6.00	6.00	6.00	7.00	6.00	7.00	6.00	6.00	6.00	5.00	5.00	7.00	7.00	7.00	7.00	7.00	7.00	6.00	6.00	6.00	6.00	6.00	5.00	6.00	6.00	6.00	6.00	6.00	6.00	6.00	6.00	6.00	6.00	6.00	6.00	6.00	6.00	6.00	6.00	6.00	6.00	6.00	5.00	5.00	5.00	6.00	6.00	6.00	6.00	6.00	6.00	6.00	6.00	6.00	6.00	5.00	6.00	6.00	7.00	6.00	7.00	7.00	7.00	7.00	7.00	7.00	7.00	7.00	6.00	6.00	6.00	6.00	7.00	7.00	7.00	8.00	8.00	8.00	8.00	8.00	8.00	8.00	8.00	8.00	7.00	7.00	8.00	8.00	10.00	14.00	15.00	15.00	13.00	5.00	2.00	1.00	1.00	1.00	2.00	2.00	8.00	25.00	29.00	29.00	24.00	24.00	25.00	31.00	35.00	42.00	35.00	17.00	7.00	5.00	11.00	11.00	11.00	11.00	12.00	16.00	23.00	22.00	16.00	16.00	14.00	14.00	15.00	23.00	27.00	22.00	18.00	20.00	35.00	23.00	14.00	13.00	16.00	17.00	17.00	18.00	18.00	18.00	18.00	18.00	18.00	22.00	21.00	26.00	25.00	21.00	23.00	25.00	28.00	28.00	34.00	43.00	48.00	41.00	36.00	37.00	35.00	30.00	36.00	57.00	37.00	20.00	26.00	29.00	28.00	28.00	30.00	33.00	43.00	53.00	44.00	40.00	41.00	52.00	55.00	54.00	49.00	41.00	40.00	39.00	36.00	35.00	35.00	36.00	38.00	39.00	41.00	41.00	39.00	39.00	35.00	38.00	41.00	43.00	44.00	37.00	37.00	41.00	47.00	50.00	42.00	43.00	44.00	45.00	46.00	43.00	42.00	43.00	43.00	43.00	43.00	40.00
13.00	16.00	13.00	10.00	8.00	8.00	8.00	8.00	8.00	7.00	7.00	8.00	8.00	8.00	7.00	7.00	7.00	7.00	7.00	7.00	7.00	7.00	7.00	7.00	7.00	7.00	7.00	7.00	7.00	7.00	7.00	7.00	7.00	7.00	7.00	7.00	7.00	7.00	6.00	5.00	6.00	6.00	6.00	7.00	6.00	7.00	6.00	6.00	6.00	5.00	5.00	7.00	7.00	7.00	7.00	7.00	7.00	6.00	6.00	6.00	6.00	6.00	5.00	6.00	6.00	6.00	6.00	6.00	6.00	6.00	6.00	6.00	6.00	6.00	6.00	6.00	6.00	6.00	6.00	6.00	6.00	6.00	5.00	5.00	5.00	6.00	6.00	6.00	6.00	6.00	6.00	6.00	6.00	6.00	6.00	5.00	6.00	6.00	7.00	6.00	7.00	7.00	7.00	7.00	7.00	7.00	7.00	7.00	6.00	6.00	6.00	6.00	7.00	7.00	7.00	8.00	8.00	8.00	8.00	8.00	8.00	8.00	8.00	8.00	7.00	7.00	8.00	8.00	10.00	14.00	15.00	15.00	13.00	5.00	2.00	1.00	1.00	1.00	2.00	2.00	8.00	25.00	29.00	29.00	24.00	24.00	25.00	31.00	35.00	42.00	35.00	17.00	7.00	5.00	11.00	11.00	11.00	11.00	12.00	16.00	23.00	22.00	16.00	16.00	14.00	14.00	15.00	23.00	27.00	22.00	18.00	20.00	35.00	23.00	14.00	13.00	16.00	17.00	17.00	18.00	18.00	18.00	18.00	18.00	18.00	22.00	21.00	26.00	25.00	21.00	23.00	25.00	28.00	28.00	34.00	43.00	48.00	41.00	36.00	37.00	35.00	30.00	36.00	57.00	37.00	20.00	26.00	29.00	28.00	28.00	30.00	33.00	43.00	53.00	44.00	40.00	41.00	52.00	55.00	54.00	49.00	41.00	40.00	39.00	36.00	35.00	35.00	36.00	38.00	39.00	41.00	41.00	39.00	39.00	35.00	38.00	41.00	43.00	44.00	37.00	37.00	41.00	47.00	50.00	42.00	43.00	44.00	45.00	46.00	43.00	42.00	43.00	43.00	43.00	43.00	40.00
12.00	14.00	15.00	13.00	10.00	10.00	9.00	8.00	8.00	7.00	7.00	7.00	7.00	7.00	7.00	7.00	6.00	5.00	5.00	5.00	5.00	5.00	5.00	5.00	7.00	7.00	7.00	6.00	6.00	5.00	5.00	4.00	4.00	6.00	6.00	7.00	7.00	4.00	4.00	6.00	7.00	7.00	6.00	6.00	6.00	6.00	6.00	5.00	6.00	6.00	6.00	6.00	7.00	7.00	7.00	7.00	7.00	7.00	6.00	6.00	6.00	6.00	6.00	6.00	6.00	6.00	6.00	6.00	6.00	6.00	6.00	6.00	5.00	5.00	5.00	6.00	6.00	6.00	6.00	6.00	6.00	6.00	5.00	5.00	6.00	6.00	6.00	6.00	6.00	6.00	6.00	6.00	6.00	6.00	6.00	6.00	6.00	6.00	6.00	6.00	6.00	6.00	6.00	6.00	6.00	6.00	7.00	7.00	7.00	8.00	7.00	7.00	7.00	7.00	7.00	7.00	7.00	7.00	7.00	7.00	7.00	7.00	7.00	8.00	7.00	7.00	8.00	9.00	11.00	15.00	15.00	13.00	13.00	14.00	16.00	15.00	12.00	12.00	10.00	11.00	17.00	14.00	11.00	12.00	9.00	14.00	26.00	35.00	40.00	40.00	15.00	12.00	11.00	14.00	14.00	14.00	14.00	14.00	14.00	18.00	18.00	21.00	22.00	19.00	19.00	18.00	16.00	16.00	17.00	23.00	26.00	31.00	17.00	17.00	17.00	16.00	15.00	15.00	15.00	16.00	16.00	17.00	20.00	19.00	21.00	27.00	28.00	24.00	17.00	15.00	15.00	16.00	36.00	41.00	42.00	33.00	31.00	28.00	27.00	30.00	31.00	27.00	34.00	48.00	34.00	18.00	21.00	31.00	30.00	26.00	30.00	31.00	56.00	39.00	29.00	31.00	33.00	34.00	40.00	55.00	57.00	43.00	40.00	38.00	41.00	39.00	35.00	36.00	36.00	36.00	42.00	46.00	42.00	34.00	33.00	38.00	39.00	40.00	42.00	45.00	46.00	46.00	47.00	48.00	42.00	45.00	48.00	49.00	47.00	47.00	45.00	43.00	42.00	42.00	43.00	41.00
12.00	14.00	15.00	13.00	10.00	10.00	9.00	8.00	8.00	7.00	7.00	7.00	7.00	7.00	7.00	7.00	6.00	5.00	5.00	5.00	5.00	5.00	5.00	5.00	7.00	7.00	7.00	6.00	6.00	5.00	5.00	4.00	4.00	6.00	6.00	7.00	7.00	4.00	4.00	6.00	7.00	7.00	6.00	6.00	6.00	6.00	6.00	5.00	6.00	6.00	6.00	6.00	7.00	7.00	7.00	7.00	7.00	7.00	6.00	6.00	6.00	6.00	6.00	6.00	6.00	6.00	6.00	6.00	6.00	6.00	6.00	6.00	5.00	5.00	5.00	6.00	6.00	6.00	6.00	6.00	6.00	6.00	5.00	5.00	6.00	6.00	6.00	6.00	6.00	6.00	6.00	6.00	6.00	6.00	6.00	6.00	6.00	6.00	6.00	6.00	6.00	6.00	6.00	6.00	6.00	6.00	7.00	7.00	7.00	8.00	7.00	7.00	7.00	7.00	7.00	7.00	7.00	7.00	7.00	7.00	7.00	7.00	7.00	8.00	7.00	7.00	8.00	9.00	11.00	15.00	15.00	13.00	13.00	14.00	16.00	15.00	12.00	12.00	10.00	11.00	17.00	14.00	11.00	12.00	9.00	14.00	26.00	35.00	40.00	40.00	15.00	12.00	11.00	14.00	14.00	14.00	14.00	14.00	14.00	18.00	18.00	21.00	22.00	19.00	19.00	18.00	16.00	16.00	17.00	23.00	26.00	31.00	17.00	17.00	17.00	16.00	15.00	15.00	15.00	16.00	16.00	17.00	20.00	19.00	21.00	27.00	28.00	24.00	17.00	15.00	15.00	16.00	36.00	41.00	42.00	33.00	31.00	28.00	27.00	30.00	31.00	27.00	34.00	48.00	34.00	18.00	21.00	31.00	30.00	26.00	30.00	31.00	56.00	39.00	29.00	31.00	33.00	34.00	40.00	55.00	57.00	43.00	40.00	38.00	41.00	39.00	35.00	36.00	36.00	36.00	42.00	46.00	42.00	34.00	33.00	38.00	39.00	40.00	42.00	45.00	46.00	46.00	47.00	48.00	42.00	45.00	48.00	49.00	47.00	47.00	45.00	43.00	42.00	42.00	43.00	41.00
8.00	10.00	13.00	12.00	10.00	9.00	9.00	9.00	9.00	9.00	8.00	7.00	7.00	7.00	6.00	6.00	6.00	5.00	5.00	5.00	5.00	5.00	5.00	4.00	7.00	7.00	6.00	4.00	4.00	4.00	4.00	4.00	4.00	4.00	4.00	4.00	5.00	7.00	7.00	7.00	7.00	8.00	7.00	7.00	7.00	7.00	7.00	7.00	7.00	7.00	7.00	7.00	6.00	6.00	6.00	6.00	6.00	6.00	6.00	6.00	6.00	7.00	7.00	7.00	7.00	7.00	7.00	6.00	6.00	6.00	6.00	6.00	5.00	5.00	4.00	4.00	4.00	6.00	6.00	6.00	6.00	6.00	6.00	5.00	5.00	5.00	6.00	6.00	6.00	6.00	6.00	6.00	6.00	6.00	6.00	6.00	6.00	6.00	7.00	6.00	6.00	6.00	6.00	6.00	6.00	6.00	6.00	7.00	7.00	7.00	7.00	8.00	8.00	7.00	7.00	7.00	7.00	7.00	6.00	7.00	6.00	7.00	7.00	7.00	7.00	6.00	7.00	7.00	9.00	11.00	13.00	13.00	14.00	14.00	13.00	13.00	13.00	12.00	12.00	12.00	12.00	14.00	13.00	12.00	13.00	20.00	27.00	33.00	26.00	23.00	25.00	20.00	20.00	20.00	20.00	16.00	14.00	13.00	10.00	10.00	10.00	13.00	16.00	19.00	16.00	15.00	15.00	14.00	15.00	16.00	22.00	28.00	19.00	15.00	14.00	15.00	16.00	17.00	17.00	17.00	18.00	17.00	16.00	18.00	22.00	21.00	16.00	15.00	15.00	15.00	32.00	53.00	62.00	61.00	52.00	38.00	24.00	16.00	22.00	25.00	32.00	48.00	55.00	58.00	62.00	50.00	35.00	39.00	36.00	25.00	28.00	27.00	28.00	37.00	37.00	35.00	33.00	44.00	44.00	45.00	49.00	47.00	42.00	41.00	38.00	36.00	37.00	37.00	37.00	39.00	43.00	40.00	39.00	37.00	34.00	39.00	40.00	40.00	40.00	49.00	44.00	40.00	37.00	37.00	38.00	39.00	42.00	45.00	45.00	45.00	46.00	45.00	42.00	42.00	44.00	48.00
8.00	10.00	13.00	12.00	10.00	9.00	9.00	9.00	9.00	9.00	8.00	7.00	7.00	7.00	6.00	6.00	6.00	5.00	5.00	5.00	5.00	5.00	5.00	4.00	7.00	7.00	6.00	4.00	4.00	4.00	4.00	4.00	4.00	4.00	4.00	4.00	5.00	7.00	7.00	7.00	7.00	8.00	7.00	7.00	7.00	7.00	7.00	7.00	7.00	7.00	7.00	7.00	6.00	6.00	6.00	6.00	6.00	6.00	6.00	6.00	6.00	7.00	7.00	7.00	7.00	7.00	7.00	6.00	6.00	6.00	6.00	6.00	5.00	5.00	4.00	4.00	4.00	6.00	6.00	6.00	6.00	6.00	6.00	5.00	5.00	5.00	6.00	6.00	6.00	6.00	6.00	6.00	6.00	6.00	6.00	6.00	6.00	6.00	7.00	6.00	6.00	6.00	6.00	6.00	6.00	6.00	6.00	7.00	7.00	7.00	7.00	8.00	8.00	7.00	7.00	7.00	7.00	7.00	6.00	7.00	6.00	7.00	7.00	7.00	7.00	6.00	7.00	7.00	9.00	11.00	13.00	13.00	14.00	14.00	13.00	13.00	13.00	12.00	12.00	12.00	12.00	14.00	13.00	12.00	13.00	20.00	27.00	33.00	26.00	23.00	25.00	20.00	20.00	20.00	20.00	16.00	14.00	13.00	10.00	10.00	10.00	13.00	16.00	19.00	16.00	15.00	15.00	14.00	15.00	16.00	22.00	28.00	19.00	15.00	14.00	15.00	16.00	17.00	17.00	17.00	18.00	17.00	16.00	18.00	22.00	21.00	16.00	15.00	15.00	15.00	32.00	53.00	62.00	61.00	52.00	38.00	24.00	16.00	22.00	25.00	32.00	48.00	55.00	58.00	62.00	50.00	35.00	39.00	36.00	25.00	28.00	27.00	28.00	37.00	37.00	35.00	33.00	44.00	44.00	45.00	49.00	47.00	42.00	41.00	38.00	36.00	37.00	37.00	37.00	39.00	43.00	40.00	39.00	37.00	34.00	39.00	40.00	40.00	40.00	49.00	44.00	40.00	37.00	37.00	38.00	39.00	42.00	45.00	45.00	45.00	46.00	45.00	42.00	42.00	44.00	48.00
7.00	7.00	8.00	7.00	7.00	5.00	6.00	5.00	6.00	8.00	8.00	7.00	7.00	7.00	7.00	6.00	5.00	4.00	4.00	4.00	4.00	4.00	4.00	5.00	7.00	7.00	5.00	4.00	4.00	4.00	4.00	4.00	4.00	4.00	4.00	4.00	6.00	8.00	8.00	7.00	7.00	7.00	7.00	7.00	7.00	7.00	7.00	7.00	7.00	7.00	7.00	7.00	7.00	7.00	7.00	7.00	7.00	7.00	7.00	6.00	5.00	6.00	6.00	6.00	6.00	7.00	9.00	10.00	9.00	8.00	7.00	7.00	7.00	6.00	6.00	6.00	6.00	6.00	7.00	6.00	6.00	6.00	6.00	6.00	6.00	5.00	5.00	6.00	6.00	7.00	7.00	7.00	7.00	6.00	6.00	6.00	6.00	6.00	6.00	6.00	6.00	6.00	6.00	6.00	6.00	6.00	6.00	6.00	7.00	7.00	7.00	7.00	7.00	7.00	7.00	7.00	6.00	6.00	7.00	7.00	7.00	7.00	7.00	7.00	6.00	6.00	6.00	7.00	9.00	13.00	16.00	17.00	15.00	15.00	14.00	12.00	12.00	13.00	12.00	11.00	13.00	13.00	12.00	11.00	11.00	20.00	28.00	33.00	31.00	35.00	25.00	17.00	16.00	18.00	17.00	16.00	12.00	10.00	10.00	10.00	10.00	10.00	13.00	17.00	17.00	15.00	13.00	13.00	13.00	14.00	16.00	19.00	15.00	14.00	14.00	14.00	13.00	13.00	14.00	14.00	15.00	14.00	21.00	22.00	31.00	43.00	32.00	28.00	29.00	38.00	52.00	58.00	64.00	63.00	57.00	56.00	52.00	43.00	28.00	25.00	38.00	53.00	56.00	59.00	50.00	45.00	32.00	26.00	35.00	31.00	28.00	29.00	27.00	33.00	45.00	50.00	39.00	39.00	39.00	39.00	41.00	40.00	43.00	43.00	44.00	41.00	42.00	39.00	39.00	42.00	45.00	45.00	40.00	38.00	36.00	38.00	40.00	46.00	47.00	42.00	35.00	33.00	33.00	33.00	33.00	33.00	33.00	34.00	37.00	38.00	43.00	43.00	42.00	42.00	45.00	49.00
7.00	7.00	8.00	7.00	7.00	5.00	6.00	5.00	6.00	8.00	8.00	7.00	7.00	7.00	7.00	6.00	5.00	4.00	4.00	4.00	4.00	4.00	4.00	5.00	7.00	7.00	5.00	4.00	4.00	4.00	4.00	4.00	4.00	4.00	4.00	4.00	6.00	8.00	8.00	7.00	7.00	7.00	7.00	7.00	7.00	7.00	7.00	7.00	7.00	7.00	7.00	7.00	7.00	7.00	7.00	7.00	7.00	7.00	7.00	6.00	5.00	6.00	6.00	6.00	6.00	7.00	9.00	10.00	9.00	8.00	7.00	7.00	7.00	6.00	6.00	6.00	6.00	6.00	7.00	6.00	6.00	6.00	6.00	6.00	6.00	5.00	5.00	6.00	6.00	7.00	7.00	7.00	7.00	6.00	6.00	6.00	6.00	6.00	6.00	6.00	6.00	6.00	6.00	6.00	6.00	6.00	6.00	6.00	7.00	7.00	7.00	7.00	7.00	7.00	7.00	7.00	6.00	6.00	7.00	7.00	7.00	7.00	7.00	7.00	6.00	6.00	6.00	7.00	9.00	13.00	16.00	17.00	15.00	15.00	14.00	12.00	12.00	13.00	12.00	11.00	13.00	13.00	12.00	11.00	11.00	20.00	28.00	33.00	31.00	35.00	25.00	17.00	16.00	18.00	17.00	16.00	12.00	10.00	10.00	10.00	10.00	10.00	13.00	17.00	17.00	15.00	13.00	13.00	13.00	14.00	16.00	19.00	15.00	14.00	14.00	14.00	13.00	13.00	14.00	14.00	15.00	14.00	21.00	22.00	31.00	43.00	32.00	28.00	29.00	38.00	52.00	58.00	64.00	63.00	57.00	56.00	52.00	43.00	28.00	25.00	38.00	53.00	56.00	59.00	50.00	45.00	32.00	26.00	35.00	31.00	28.00	29.00	27.00	33.00	45.00	50.00	39.00	39.00	39.00	39.00	41.00	40.00	43.00	43.00	44.00	41.00	42.00	39.00	39.00	42.00	45.00	45.00	40.00	38.00	36.00	38.00	40.00	46.00	47.00	42.00	35.00	33.00	33.00	33.00	33.00	33.00	33.00	34.00	37.00	38.00	43.00	43.00	42.00	42.00	45.00	49.00
7.00	7.00	8.00	7.00	7.00	5.00	6.00	5.00	6.00	8.00	8.00	7.00	7.00	7.00	7.00	6.00	5.00	4.00	4.00	4.00	4.00	4.00	4.00	5.00	7.00	7.00	5.00	4.00	4.00	4.00	4.00	4.00	4.00	4.00	4.00	4.00	6.00	8.00	8.00	7.00	7.00	7.00	7.00	7.00	7.00	7.00	7.00	7.00	7.00	7.00	7.00	7.00	7.00	7.00	7.00	7.00	7.00	7.00	7.00	6.00	5.00	6.00	6.00	6.00	6.00	7.00	9.00	10.00	9.00	8.00	7.00	7.00	7.00	6.00	6.00	6.00	6.00	6.00	7.00	6.00	6.00	6.00	6.00	6.00	6.00	5.00	5.00	6.00	6.00	7.00	7.00	7.00	7.00	6.00	6.00	6.00	6.00	6.00	6.00	6.00	6.00	6.00	6.00	6.00	6.00	6.00	6.00	6.00	7.00	7.00	7.00	7.00	7.00	7.00	7.00	7.00	6.00	6.00	7.00	7.00	7.00	7.00	7.00	7.00	6.00	6.00	6.00	7.00	9.00	13.00	16.00	17.00	15.00	15.00	14.00	12.00	12.00	13.00	12.00	11.00	13.00	13.00	12.00	11.00	11.00	20.00	28.00	33.00	31.00	35.00	25.00	17.00	16.00	18.00	17.00	16.00	12.00	10.00	10.00	10.00	10.00	10.00	13.00	17.00	17.00	15.00	13.00	13.00	13.00	14.00	16.00	19.00	15.00	14.00	14.00	14.00	13.00	13.00	14.00	14.00	15.00	14.00	21.00	22.00	31.00	43.00	32.00	28.00	29.00	38.00	52.00	58.00	64.00	63.00	57.00	56.00	52.00	43.00	28.00	25.00	38.00	53.00	56.00	59.00	50.00	45.00	32.00	26.00	35.00	31.00	28.00	29.00	27.00	33.00	45.00	50.00	39.00	39.00	39.00	39.00	41.00	40.00	43.00	43.00	44.00	41.00	42.00	39.00	39.00	42.00	45.00	45.00	40.00	38.00	36.00	38.00	40.00	46.00	47.00	42.00	35.00	33.00	33.00	33.00	33.00	33.00	33.00	34.00	37.00	38.00	43.00	43.00	42.00	42.00	45.00	49.00
7.00	7.00	8.00	7.00	7.00	5.00	6.00	5.00	6.00	8.00	8.00	7.00	7.00	7.00	7.00	6.00	5.00	4.00	4.00	4.00	4.00	4.00	4.00	5.00	7.00	7.00	5.00	4.00	4.00	4.00	4.00	4.00	4.00	4.00	4.00	4.00	6.00	8.00	8.00	7.00	7.00	7.00	7.00	7.00	7.00	7.00	7.00	7.00	7.00	7.00	7.00	7.00	7.00	7.00	7.00	7.00	7.00	7.00	7.00	6.00	5.00	6.00	6.00	6.00	6.00	7.00	9.00	10.00	9.00	8.00	7.00	7.00	7.00	6.00	6.00	6.00	6.00	6.00	7.00	6.00	6.00	6.00	6.00	6.00	6.00	5.00	5.00	6.00	6.00	7.00	7.00	7.00	7.00	6.00	6.00	6.00	6.00	6.00	6.00	6.00	6.00	6.00	6.00	6.00	6.00	6.00	6.00	6.00	7.00	7.00	7.00	7.00	7.00	7.00	7.00	7.00	6.00	6.00	7.00	7.00	7.00	7.00	7.00	7.00	6.00	6.00	6.00	7.00	9.00	13.00	16.00	17.00	15.00	15.00	14.00	12.00	12.00	13.00	12.00	11.00	13.00	13.00	12.00	11.00	11.00	20.00	28.00	33.00	31.00	35.00	25.00	17.00	16.00	18.00	17.00	16.00	12.00	10.00	10.00	10.00	10.00	10.00	13.00	17.00	17.00	15.00	13.00	13.00	13.00	14.00	16.00	19.00	15.00	14.00	14.00	14.00	13.00	13.00	14.00	14.00	15.00	14.00	21.00	22.00	31.00	43.00	32.00	28.00	29.00	38.00	52.00	58.00	64.00	63.00	57.00	56.00	52.00	43.00	28.00	25.00	38.00	53.00	56.00	59.00	50.00	45.00	32.00	26.00	35.00	31.00	28.00	29.00	27.00	33.00	45.00	50.00	39.00	39.00	39.00	39.00	41.00	40.00	43.00	43.00	44.00	41.00	42.00	39.00	39.00	42.00	45.00	45.00	40.00	38.00	36.00	38.00	40.00	46.00	47.00	42.00	35.00	33.00	33.00	33.00	33.00	33.00	33.00	34.00	37.00	38.00	43.00	43.00	42.00	42.00	45.00	49.00
6.00	6.00	6.00	6.00	5.00	5.00	4.00	5.00	5.00	6.00	5.00	5.00	5.00	4.00	5.00	5.00	4.00	4.00	4.00	3.00	3.00	3.00	6.00	7.00	7.00	7.00	6.00	4.00	4.00	4.00	4.00	4.00	4.00	4.00	4.00	7.00	8.00	8.00	8.00	8.00	8.00	8.00	8.00	8.00	7.00	7.00	7.00	7.00	7.00	6.00	7.00	7.00	7.00	7.00	7.00	7.00	7.00	7.00	7.00	7.00	7.00	7.00	7.00	7.00	6.00	7.00	9.00	11.00	12.00	11.00	10.00	9.00	8.00	8.00	8.00	7.00	7.00	7.00	7.00	7.00	7.00	7.00	7.00	7.00	7.00	7.00	7.00	6.00	6.00	6.00	6.00	6.00	6.00	6.00	6.00	6.00	6.00	6.00	6.00	6.00	7.00	7.00	7.00	7.00	7.00	6.00	6.00	6.00	6.00	6.00	6.00	7.00	6.00	6.00	6.00	7.00	7.00	7.00	7.00	7.00	6.00	6.00	6.00	6.00	6.00	6.00	7.00	8.00	12.00	19.00	21.00	19.00	16.00	15.00	15.00	14.00	15.00	16.00	16.00	15.00	15.00	13.00	13.00	13.00	18.00	36.00	39.00	34.00	28.00	28.00	26.00	20.00	18.00	20.00	18.00	11.00	10.00	10.00	10.00	10.00	10.00	10.00	15.00	18.00	19.00	19.00	18.00	16.00	15.00	16.00	15.00	14.00	14.00	13.00	13.00	13.00	13.00	13.00	13.00	12.00	14.00	25.00	36.00	36.00	44.00	42.00	26.00	21.00	19.00	21.00	48.00	47.00	37.00	31.00	29.00	25.00	26.00	25.00	21.00	49.00	63.00	69.00	56.00	34.00	30.00	23.00	19.00	27.00	31.00	33.00	35.00	34.00	31.00	34.00	38.00	39.00	36.00	32.00	35.00	42.00	48.00	41.00	39.00	38.00	41.00	39.00	40.00	36.00	35.00	40.00	47.00	47.00	48.00	49.00	48.00	48.00	49.00	50.00	53.00	40.00	34.00	33.00	33.00	33.00	33.00	33.00	34.00	35.00	38.00	35.00	35.00	39.00	44.00	46.00	42.00	45.00
6.00	6.00	6.00	6.00	5.00	5.00	4.00	5.00	5.00	6.00	5.00	5.00	5.00	4.00	5.00	5.00	4.00	4.00	4.00	3.00	3.00	3.00	6.00	7.00	7.00	7.00	6.00	4.00	4.00	4.00	4.00	4.00	4.00	4.00	4.00	7.00	8.00	8.00	8.00	8.00	8.00	8.00	8.00	8.00	7.00	7.00	7.00	7.00	7.00	6.00	7.00	7.00	7.00	7.00	7.00	7.00	7.00	7.00	7.00	7.00	7.00	7.00	7.00	7.00	6.00	7.00	9.00	11.00	12.00	11.00	10.00	9.00	8.00	8.00	8.00	7.00	7.00	7.00	7.00	7.00	7.00	7.00	7.00	7.00	7.00	7.00	7.00	6.00	6.00	6.00	6.00	6.00	6.00	6.00	6.00	6.00	6.00	6.00	6.00	6.00	7.00	7.00	7.00	7.00	7.00	6.00	6.00	6.00	6.00	6.00	6.00	7.00	6.00	6.00	6.00	7.00	7.00	7.00	7.00	7.00	6.00	6.00	6.00	6.00	6.00	6.00	7.00	8.00	12.00	19.00	21.00	19.00	16.00	15.00	15.00	14.00	15.00	16.00	16.00	15.00	15.00	13.00	13.00	13.00	18.00	36.00	39.00	34.00	28.00	28.00	26.00	20.00	18.00	20.00	18.00	11.00	10.00	10.00	10.00	10.00	10.00	10.00	15.00	18.00	19.00	19.00	18.00	16.00	15.00	16.00	15.00	14.00	14.00	13.00	13.00	13.00	13.00	13.00	13.00	12.00	14.00	25.00	36.00	36.00	44.00	42.00	26.00	21.00	19.00	21.00	48.00	47.00	37.00	31.00	29.00	25.00	26.00	25.00	21.00	49.00	63.00	69.00	56.00	34.00	30.00	23.00	19.00	27.00	31.00	33.00	35.00	34.00	31.00	34.00	38.00	39.00	36.00	32.00	35.00	42.00	48.00	41.00	39.00	38.00	41.00	39.00	40.00	36.00	35.00	40.00	47.00	47.00	48.00	49.00	48.00	48.00	49.00	50.00	53.00	40.00	34.00	33.00	33.00	33.00	33.00	33.00	34.00	35.00	38.00	35.00	35.00	39.00	44.00	46.00	42.00	45.00
7.00	7.00	7.00	7.00	6.00	6.00	5.00	5.00	5.00	5.00	4.00	4.00	4.00	4.00	4.00	3.00	3.00	3.00	3.00	3.00	4.00	6.00	7.00	7.00	6.00	7.00	7.00	6.00	5.00	5.00	7.00	7.00	8.00	9.00	9.00	9.00	9.00	9.00	9.00	9.00	9.00	9.00	8.00	8.00	8.00	8.00	8.00	8.00	8.00	8.00	8.00	7.00	7.00	7.00	7.00	6.00	6.00	6.00	6.00	6.00	7.00	7.00	7.00	7.00	6.00	7.00	7.00	7.00	8.00	8.00	8.00	9.00	9.00	9.00	9.00	9.00	8.00	8.00	8.00	8.00	8.00	8.00	7.00	8.00	8.00	8.00	8.00	7.00	7.00	7.00	7.00	6.00	6.00	5.00	5.00	5.00	6.00	7.00	7.00	7.00	7.00	7.00	7.00	7.00	6.00	6.00	6.00	6.00	7.00	7.00	7.00	7.00	6.00	6.00	5.00	6.00	6.00	6.00	6.00	6.00	7.00	7.00	6.00	6.00	6.00	6.00	6.00	7.00	11.00	18.00	21.00	21.00	15.00	14.00	14.00	15.00	16.00	17.00	16.00	17.00	16.00	13.00	15.00	13.00	13.00	14.00	17.00	17.00	16.00	19.00	31.00	28.00	29.00	30.00	12.00	10.00	10.00	10.00	10.00	10.00	10.00	12.00	16.00	21.00	21.00	20.00	20.00	21.00	19.00	18.00	17.00	17.00	15.00	16.00	16.00	16.00	15.00	15.00	15.00	18.00	26.00	31.00	20.00	11.00	10.00	22.00	36.00	40.00	45.00	44.00	32.00	29.00	23.00	30.00	29.00	30.00	25.00	21.00	24.00	44.00	51.00	38.00	19.00	15.00	15.00	15.00	15.00	19.00	35.00	35.00	34.00	30.00	30.00	34.00	34.00	32.00	34.00	59.00	68.00	71.00	64.00	36.00	37.00	38.00	39.00	38.00	46.00	42.00	46.00	57.00	47.00	40.00	38.00	38.00	41.00	48.00	42.00	50.00	66.00	48.00	34.00	33.00	33.00	33.00	33.00	34.00	36.00	39.00	44.00	43.00	40.00	42.00	42.00	51.00	52.00	46.00
7.00	7.00	7.00	7.00	6.00	6.00	5.00	5.00	5.00	5.00	4.00	4.00	4.00	4.00	4.00	3.00	3.00	3.00	3.00	3.00	4.00	6.00	7.00	7.00	6.00	7.00	7.00	6.00	5.00	5.00	7.00	7.00	8.00	9.00	9.00	9.00	9.00	9.00	9.00	9.00	9.00	9.00	8.00	8.00	8.00	8.00	8.00	8.00	8.00	8.00	8.00	7.00	7.00	7.00	7.00	6.00	6.00	6.00	6.00	6.00	7.00	7.00	7.00	7.00	6.00	7.00	7.00	7.00	8.00	8.00	8.00	9.00	9.00	9.00	9.00	9.00	8.00	8.00	8.00	8.00	8.00	8.00	7.00	8.00	8.00	8.00	8.00	7.00	7.00	7.00	7.00	6.00	6.00	5.00	5.00	5.00	6.00	7.00	7.00	7.00	7.00	7.00	7.00	7.00	6.00	6.00	6.00	6.00	7.00	7.00	7.00	7.00	6.00	6.00	5.00	6.00	6.00	6.00	6.00	6.00	7.00	7.00	6.00	6.00	6.00	6.00	6.00	7.00	11.00	18.00	21.00	21.00	15.00	14.00	14.00	15.00	16.00	17.00	16.00	17.00	16.00	13.00	15.00	13.00	13.00	14.00	17.00	17.00	16.00	19.00	31.00	28.00	29.00	30.00	12.00	10.00	10.00	10.00	10.00	10.00	10.00	12.00	16.00	21.00	21.00	20.00	20.00	21.00	19.00	18.00	17.00	17.00	15.00	16.00	16.00	16.00	15.00	15.00	15.00	18.00	26.00	31.00	20.00	11.00	10.00	22.00	36.00	40.00	45.00	44.00	32.00	29.00	23.00	30.00	29.00	30.00	25.00	21.00	24.00	44.00	51.00	38.00	19.00	15.00	15.00	15.00	15.00	19.00	35.00	35.00	34.00	30.00	30.00	34.00	34.00	32.00	34.00	59.00	68.00	71.00	64.00	36.00	37.00	38.00	39.00	38.00	46.00	42.00	46.00	57.00	47.00	40.00	38.00	38.00	41.00	48.00	42.00	50.00	66.00	48.00	34.00	33.00	33.00	33.00	33.00	34.00	36.00	39.00	44.00	43.00	40.00	42.00	42.00	51.00	52.00	46.00
8.00	8.00	7.00	7.00	4.00	4.00	5.00	5.00	4.00	5.00	5.00	5.00	5.00	5.00	4.00	4.00	3.00	3.00	3.00	4.00	6.00	7.00	7.00	7.00	7.00	7.00	7.00	6.00	7.00	10.00	10.00	10.00	9.00	9.00	10.00	9.00	9.00	9.00	9.00	9.00	9.00	9.00	9.00	9.00	9.00	9.00	9.00	9.00	9.00	8.00	8.00	8.00	8.00	8.00	8.00	7.00	7.00	7.00	7.00	6.00	5.00	5.00	5.00	5.00	6.00	6.00	7.00	7.00	7.00	7.00	7.00	8.00	7.00	8.00	8.00	8.00	8.00	8.00	8.00	8.00	8.00	8.00	8.00	8.00	8.00	8.00	8.00	9.00	8.00	8.00	8.00	6.00	7.00	8.00	7.00	8.00	7.00	7.00	7.00	7.00	7.00	6.00	6.00	6.00	6.00	7.00	7.00	7.00	7.00	6.00	6.00	6.00	6.00	6.00	6.00	7.00	7.00	7.00	6.00	6.00	6.00	6.00	6.00	6.00	7.00	7.00	7.00	7.00	10.00	15.00	16.00	16.00	17.00	18.00	18.00	19.00	18.00	19.00	19.00	17.00	12.00	13.00	14.00	12.00	12.00	11.00	11.00	13.00	17.00	20.00	32.00	34.00	32.00	33.00	27.00	20.00	13.00	10.00	10.00	10.00	12.00	27.00	22.00	17.00	16.00	18.00	20.00	22.00	25.00	29.00	33.00	32.00	18.00	16.00	15.00	20.00	26.00	24.00	19.00	18.00	17.00	24.00	30.00	21.00	22.00	45.00	52.00	55.00	54.00	48.00	48.00	48.00	44.00	39.00	26.00	23.00	21.00	20.00	23.00	28.00	28.00	22.00	16.00	16.00	16.00	15.00	15.00	17.00	37.00	44.00	38.00	36.00	28.00	30.00	37.00	48.00	55.00	57.00	58.00	68.00	64.00	38.00	35.00	40.00	44.00	42.00	50.00	61.00	58.00	52.00	59.00	58.00	53.00	52.00	58.00	68.00	68.00	72.00	73.00	62.00	43.00	35.00	33.00	33.00	37.00	39.00	41.00	41.00	43.00	46.00	46.00	45.00	39.00	57.00	67.00	69.00
8.00	8.00	7.00	7.00	4.00	4.00	5.00	5.00	4.00	5.00	5.00	5.00	5.00	5.00	4.00	4.00	3.00	3.00	3.00	4.00	6.00	7.00	7.00	7.00	7.00	7.00	7.00	6.00	7.00	10.00	10.00	10.00	9.00	9.00	10.00	9.00	9.00	9.00	9.00	9.00	9.00	9.00	9.00	9.00	9.00	9.00	9.00	9.00	9.00	8.00	8.00	8.00	8.00	8.00	8.00	7.00	7.00	7.00	7.00	6.00	5.00	5.00	5.00	5.00	6.00	6.00	7.00	7.00	7.00	7.00	7.00	8.00	7.00	8.00	8.00	8.00	8.00	8.00	8.00	8.00	8.00	8.00	8.00	8.00	8.00	8.00	8.00	9.00	8.00	8.00	8.00	6.00	7.00	8.00	7.00	8.00	7.00	7.00	7.00	7.00	7.00	6.00	6.00	6.00	6.00	7.00	7.00	7.00	7.00	6.00	6.00	6.00	6.00	6.00	6.00	7.00	7.00	7.00	6.00	6.00	6.00	6.00	6.00	6.00	7.00	7.00	7.00	7.00	10.00	15.00	16.00	16.00	17.00	18.00	18.00	19.00	18.00	19.00	19.00	17.00	12.00	13.00	14.00	12.00	12.00	11.00	11.00	13.00	17.00	20.00	32.00	34.00	32.00	33.00	27.00	20.00	13.00	10.00	10.00	10.00	12.00	27.00	22.00	17.00	16.00	18.00	20.00	22.00	25.00	29.00	33.00	32.00	18.00	16.00	15.00	20.00	26.00	24.00	19.00	18.00	17.00	24.00	30.00	21.00	22.00	45.00	52.00	55.00	54.00	48.00	48.00	48.00	44.00	39.00	26.00	23.00	21.00	20.00	23.00	28.00	28.00	22.00	16.00	16.00	16.00	15.00	15.00	17.00	37.00	44.00	38.00	36.00	28.00	30.00	37.00	48.00	55.00	57.00	58.00	68.00	64.00	38.00	35.00	40.00	44.00	42.00	50.00	61.00	58.00	52.00	59.00	58.00	53.00	52.00	58.00	68.00	68.00	72.00	73.00	62.00	43.00	35.00	33.00	33.00	37.00	39.00	41.00	41.00	43.00	46.00	46.00	45.00	39.00	57.00	67.00	69.00
7.00	7.00	9.00	8.00	4.00	4.00	4.00	4.00	4.00	4.00	4.00	4.00	6.00	6.00	4.00	4.00	4.00	4.00	4.00	7.00	7.00	7.00	7.00	7.00	7.00	7.00	7.00	7.00	10.00	10.00	10.00	9.00	10.00	10.00	10.00	10.00	9.00	9.00	9.00	9.00	9.00	10.00	9.00	9.00	9.00	9.00	9.00	9.00	9.00	9.00	9.00	9.00	8.00	8.00	8.00	7.00	8.00	8.00	8.00	7.00	7.00	5.00	4.00	4.00	4.00	3.00	4.00	4.00	4.00	5.00	6.00	7.00	7.00	7.00	7.00	8.00	7.00	8.00	8.00	7.00	6.00	6.00	6.00	7.00	7.00	8.00	8.00	9.00	9.00	9.00	9.00	9.00	7.00	7.00	7.00	8.00	9.00	8.00	8.00	8.00	8.00	8.00	8.00	7.00	7.00	7.00	7.00	7.00	6.00	6.00	6.00	6.00	7.00	7.00	7.00	7.00	6.00	6.00	7.00	6.00	7.00	7.00	7.00	7.00	7.00	7.00	7.00	7.00	9.00	15.00	18.00	16.00	16.00	15.00	14.00	16.00	15.00	15.00	18.00	19.00	12.00	10.00	10.00	10.00	10.00	10.00	10.00	11.00	11.00	11.00	25.00	30.00	32.00	36.00	38.00	39.00	39.00	35.00	33.00	29.00	31.00	26.00	23.00	32.00	32.00	31.00	33.00	28.00	29.00	28.00	33.00	39.00	39.00	38.00	42.00	42.00	28.00	15.00	8.00	10.00	12.00	12.00	31.00	47.00	52.00	50.00	51.00	51.00	53.00	49.00	46.00	50.00	59.00	53.00	20.00	15.00	14.00	18.00	20.00	26.00	27.00	26.00	21.00	16.00	16.00	16.00	16.00	19.00	31.00	41.00	37.00	34.00	35.00	51.00	63.00	65.00	61.00	57.00	62.00	69.00	71.00	57.00	39.00	29.00	41.00	44.00	56.00	56.00	50.00	51.00	71.00	63.00	59.00	55.00	56.00	65.00	63.00	64.00	67.00	71.00	71.00	67.00	56.00	46.00	43.00	43.00	44.00	47.00	45.00	47.00	46.00	41.00	42.00	60.00	72.00	68.00
7.00	7.00	9.00	8.00	4.00	4.00	4.00	4.00	4.00	4.00	4.00	4.00	6.00	6.00	4.00	4.00	4.00	4.00	4.00	7.00	7.00	7.00	7.00	7.00	7.00	7.00	7.00	7.00	10.00	10.00	10.00	9.00	10.00	10.00	10.00	10.00	9.00	9.00	9.00	9.00	9.00	10.00	9.00	9.00	9.00	9.00	9.00	9.00	9.00	9.00	9.00	9.00	8.00	8.00	8.00	7.00	8.00	8.00	8.00	7.00	7.00	5.00	4.00	4.00	4.00	3.00	4.00	4.00	4.00	5.00	6.00	7.00	7.00	7.00	7.00	8.00	7.00	8.00	8.00	7.00	6.00	6.00	6.00	7.00	7.00	8.00	8.00	9.00	9.00	9.00	9.00	9.00	7.00	7.00	7.00	8.00	9.00	8.00	8.00	8.00	8.00	8.00	8.00	7.00	7.00	7.00	7.00	7.00	6.00	6.00	6.00	6.00	7.00	7.00	7.00	7.00	6.00	6.00	7.00	6.00	7.00	7.00	7.00	7.00	7.00	7.00	7.00	7.00	9.00	15.00	18.00	16.00	16.00	15.00	14.00	16.00	15.00	15.00	18.00	19.00	12.00	10.00	10.00	10.00	10.00	10.00	10.00	11.00	11.00	11.00	25.00	30.00	32.00	36.00	38.00	39.00	39.00	35.00	33.00	29.00	31.00	26.00	23.00	32.00	32.00	31.00	33.00	28.00	29.00	28.00	33.00	39.00	39.00	38.00	42.00	42.00	28.00	15.00	8.00	10.00	12.00	12.00	31.00	47.00	52.00	50.00	51.00	51.00	53.00	49.00	46.00	50.00	59.00	53.00	20.00	15.00	14.00	18.00	20.00	26.00	27.00	26.00	21.00	16.00	16.00	16.00	16.00	19.00	31.00	41.00	37.00	34.00	35.00	51.00	63.00	65.00	61.00	57.00	62.00	69.00	71.00	57.00	39.00	29.00	41.00	44.00	56.00	56.00	50.00	51.00	71.00	63.00	59.00	55.00	56.00	65.00	63.00	64.00	67.00	71.00	71.00	67.00	56.00	46.00	43.00	43.00	44.00	47.00	45.00	47.00	46.00	41.00	42.00	60.00	72.00	68.00
4.00	4.00	9.00	13.00	5.00	4.00	4.00	4.00	4.00	4.00	4.00	6.00	7.00	6.00	6.00	5.00	5.00	5.00	5.00	7.00	7.00	7.00	7.00	7.00	7.00	7.00	7.00	8.00	10.00	10.00	10.00	10.00	10.00	10.00	10.00	10.00	10.00	10.00	10.00	10.00	10.00	10.00	10.00	10.00	9.00	9.00	9.00	9.00	9.00	9.00	9.00	8.00	8.00	9.00	9.00	9.00	9.00	9.00	9.00	9.00	5.00	3.00	3.00	3.00	3.00	3.00	3.00	3.00	3.00	3.00	3.00	6.00	7.00	8.00	7.00	7.00	7.00	7.00	6.00	6.00	6.00	6.00	6.00	6.00	6.00	7.00	8.00	8.00	8.00	8.00	8.00	8.00	8.00	8.00	8.00	8.00	8.00	8.00	8.00	8.00	8.00	8.00	9.00	8.00	8.00	8.00	8.00	7.00	7.00	6.00	7.00	6.00	6.00	6.00	6.00	6.00	6.00	6.00	6.00	6.00	6.00	7.00	7.00	7.00	7.00	7.00	7.00	7.00	10.00	13.00	16.00	20.00	17.00	16.00	14.00	15.00	14.00	16.00	16.00	16.00	14.00	14.00	12.00	12.00	13.00	14.00	16.00	13.00	11.00	10.00	12.00	27.00	32.00	31.00	36.00	35.00	30.00	20.00	18.00	11.00	15.00	24.00	29.00	19.00	20.00	23.00	27.00	26.00	32.00	37.00	39.00	44.00	44.00	35.00	26.00	16.00	16.00	14.00	16.00	16.00	16.00	13.00	15.00	32.00	48.00	42.00	39.00	34.00	28.00	20.00	16.00	24.00	53.00	48.00	11.00	11.00	16.00	20.00	24.00	25.00	24.00	18.00	17.00	16.00	17.00	17.00	17.00	19.00	34.00	44.00	38.00	33.00	47.00	45.00	44.00	44.00	49.00	67.00	73.00	72.00	62.00	47.00	51.00	49.00	53.00	49.00	40.00	41.00	34.00	41.00	61.00	63.00	51.00	46.00	54.00	66.00	65.00	65.00	62.00	48.00	45.00	40.00	38.00	35.00	46.00	52.00	53.00	48.00	41.00	38.00	34.00	34.00	48.00	77.00	73.00	64.00
4.00	4.00	9.00	13.00	5.00	4.00	4.00	4.00	4.00	4.00	4.00	6.00	7.00	6.00	6.00	5.00	5.00	5.00	5.00	7.00	7.00	7.00	7.00	7.00	7.00	7.00	7.00	8.00	10.00	10.00	10.00	10.00	10.00	10.00	10.00	10.00	10.00	10.00	10.00	10.00	10.00	10.00	10.00	10.00	9.00	9.00	9.00	9.00	9.00	9.00	9.00	8.00	8.00	9.00	9.00	9.00	9.00	9.00	9.00	9.00	5.00	3.00	3.00	3.00	3.00	3.00	3.00	3.00	3.00	3.00	3.00	6.00	7.00	8.00	7.00	7.00	7.00	7.00	6.00	6.00	6.00	6.00	6.00	6.00	6.00	7.00	8.00	8.00	8.00	8.00	8.00	8.00	8.00	8.00	8.00	8.00	8.00	8.00	8.00	8.00	8.00	8.00	9.00	8.00	8.00	8.00	8.00	7.00	7.00	6.00	7.00	6.00	6.00	6.00	6.00	6.00	6.00	6.00	6.00	6.00	6.00	7.00	7.00	7.00	7.00	7.00	7.00	7.00	10.00	13.00	16.00	20.00	17.00	16.00	14.00	15.00	14.00	16.00	16.00	16.00	14.00	14.00	12.00	12.00	13.00	14.00	16.00	13.00	11.00	10.00	12.00	27.00	32.00	31.00	36.00	35.00	30.00	20.00	18.00	11.00	15.00	24.00	29.00	19.00	20.00	23.00	27.00	26.00	32.00	37.00	39.00	44.00	44.00	35.00	26.00	16.00	16.00	14.00	16.00	16.00	16.00	13.00	15.00	32.00	48.00	42.00	39.00	34.00	28.00	20.00	16.00	24.00	53.00	48.00	11.00	11.00	16.00	20.00	24.00	25.00	24.00	18.00	17.00	16.00	17.00	17.00	17.00	19.00	34.00	44.00	38.00	33.00	47.00	45.00	44.00	44.00	49.00	67.00	73.00	72.00	62.00	47.00	51.00	49.00	53.00	49.00	40.00	41.00	34.00	41.00	61.00	63.00	51.00	46.00	54.00	66.00	65.00	65.00	62.00	48.00	45.00	40.00	38.00	35.00	46.00	52.00	53.00	48.00	41.00	38.00	34.00	34.00	48.00	77.00	73.00	64.00
4.00	4.00	9.00	13.00	5.00	4.00	4.00	4.00	4.00	4.00	4.00	6.00	7.00	6.00	6.00	5.00	5.00	5.00	5.00	7.00	7.00	7.00	7.00	7.00	7.00	7.00	7.00	8.00	10.00	10.00	10.00	10.00	10.00	10.00	10.00	10.00	10.00	10.00	10.00	10.00	10.00	10.00	10.00	10.00	9.00	9.00	9.00	9.00	9.00	9.00	9.00	8.00	8.00	9.00	9.00	9.00	9.00	9.00	9.00	9.00	5.00	3.00	3.00	3.00	3.00	3.00	3.00	3.00	3.00	3.00	3.00	6.00	7.00	8.00	7.00	7.00	7.00	7.00	6.00	6.00	6.00	6.00	6.00	6.00	6.00	7.00	8.00	8.00	8.00	8.00	8.00	8.00	8.00	8.00	8.00	8.00	8.00	8.00	8.00	8.00	8.00	8.00	9.00	8.00	8.00	8.00	8.00	7.00	7.00	6.00	7.00	6.00	6.00	6.00	6.00	6.00	6.00	6.00	6.00	6.00	6.00	7.00	7.00	7.00	7.00	7.00	7.00	7.00	10.00	13.00	16.00	20.00	17.00	16.00	14.00	15.00	14.00	16.00	16.00	16.00	14.00	14.00	12.00	12.00	13.00	14.00	16.00	13.00	11.00	10.00	12.00	27.00	32.00	31.00	36.00	35.00	30.00	20.00	18.00	11.00	15.00	24.00	29.00	19.00	20.00	23.00	27.00	26.00	32.00	37.00	39.00	44.00	44.00	35.00	26.00	16.00	16.00	14.00	16.00	16.00	16.00	13.00	15.00	32.00	48.00	42.00	39.00	34.00	28.00	20.00	16.00	24.00	53.00	48.00	11.00	11.00	16.00	20.00	24.00	25.00	24.00	18.00	17.00	16.00	17.00	17.00	17.00	19.00	34.00	44.00	38.00	33.00	47.00	45.00	44.00	44.00	49.00	67.00	73.00	72.00	62.00	47.00	51.00	49.00	53.00	49.00	40.00	41.00	34.00	41.00	61.00	63.00	51.00	46.00	54.00	66.00	65.00	65.00	62.00	48.00	45.00	40.00	38.00	35.00	46.00	52.00	53.00	48.00	41.00	38.00	34.00	34.00	48.00	77.00	73.00	64.00
4.00	4.00	12.00	16.00	14.00	10.00	5.00	5.00	5.00	5.00	5.00	6.00	7.00	7.00	7.00	7.00	6.00	7.00	9.00	9.00	9.00	9.00	8.00	8.00	8.00	8.00	9.00	11.00	11.00	11.00	11.00	11.00	11.00	11.00	11.00	10.00	10.00	10.00	10.00	10.00	10.00	10.00	10.00	10.00	10.00	10.00	10.00	10.00	9.00	9.00	9.00	8.00	8.00	8.00	8.00	9.00	9.00	9.00	9.00	9.00	5.00	3.00	3.00	3.00	3.00	3.00	3.00	3.00	3.00	3.00	4.00	7.00	9.00	9.00	9.00	9.00	9.00	9.00	6.00	6.00	6.00	6.00	6.00	6.00	6.00	7.00	8.00	8.00	8.00	8.00	8.00	8.00	8.00	8.00	8.00	8.00	8.00	8.00	8.00	8.00	8.00	8.00	8.00	8.00	9.00	8.00	9.00	9.00	9.00	9.00	9.00	9.00	9.00	8.00	8.00	7.00	7.00	8.00	7.00	7.00	7.00	6.00	4.00	6.00	6.00	6.00	6.00	6.00	8.00	15.00	17.00	18.00	18.00	16.00	18.00	20.00	13.00	15.00	17.00	18.00	18.00	13.00	12.00	14.00	15.00	15.00	15.00	15.00	15.00	13.00	14.00	18.00	21.00	21.00	34.00	33.00	24.00	12.00	6.00	11.00	12.00	14.00	17.00	13.00	15.00	18.00	27.00	25.00	27.00	33.00	33.00	35.00	6.00	6.00	5.00	7.00	15.00	13.00	17.00	18.00	15.00	13.00	15.00	18.00	20.00	19.00	16.00	16.00	15.00	20.00	27.00	42.00	51.00	57.00	43.00	29.00	25.00	24.00	24.00	25.00	25.00	23.00	20.00	18.00	17.00	16.00	17.00	25.00	59.00	48.00	40.00	40.00	34.00	34.00	34.00	34.00	30.00	41.00	40.00	46.00	60.00	48.00	48.00	54.00	56.00	50.00	31.00	43.00	57.00	60.00	63.00	58.00	49.00	46.00	55.00	64.00	58.00	48.00	36.00	41.00	46.00	47.00	41.00	43.00	45.00	43.00	40.00	35.00	37.00	38.00	43.00	43.00	35.00	43.00	49.00	43.00
4.00	4.00	12.00	16.00	14.00	10.00	5.00	5.00	5.00	5.00	5.00	6.00	7.00	7.00	7.00	7.00	6.00	7.00	9.00	9.00	9.00	9.00	8.00	8.00	8.00	8.00	9.00	11.00	11.00	11.00	11.00	11.00	11.00	11.00	11.00	10.00	10.00	10.00	10.00	10.00	10.00	10.00	10.00	10.00	10.00	10.00	10.00	10.00	9.00	9.00	9.00	8.00	8.00	8.00	8.00	9.00	9.00	9.00	9.00	9.00	5.00	3.00	3.00	3.00	3.00	3.00	3.00	3.00	3.00	3.00	4.00	7.00	9.00	9.00	9.00	9.00	9.00	9.00	6.00	6.00	6.00	6.00	6.00	6.00	6.00	7.00	8.00	8.00	8.00	8.00	8.00	8.00	8.00	8.00	8.00	8.00	8.00	8.00	8.00	8.00	8.00	8.00	8.00	8.00	9.00	8.00	9.00	9.00	9.00	9.00	9.00	9.00	9.00	8.00	8.00	7.00	7.00	8.00	7.00	7.00	7.00	6.00	4.00	6.00	6.00	6.00	6.00	6.00	8.00	15.00	17.00	18.00	18.00	16.00	18.00	20.00	13.00	15.00	17.00	18.00	18.00	13.00	12.00	14.00	15.00	15.00	15.00	15.00	15.00	13.00	14.00	18.00	21.00	21.00	34.00	33.00	24.00	12.00	6.00	11.00	12.00	14.00	17.00	13.00	15.00	18.00	27.00	25.00	27.00	33.00	33.00	35.00	6.00	6.00	5.00	7.00	15.00	13.00	17.00	18.00	15.00	13.00	15.00	18.00	20.00	19.00	16.00	16.00	15.00	20.00	27.00	42.00	51.00	57.00	43.00	29.00	25.00	24.00	24.00	25.00	25.00	23.00	20.00	18.00	17.00	16.00	17.00	25.00	59.00	48.00	40.00	40.00	34.00	34.00	34.00	34.00	30.00	41.00	40.00	46.00	60.00	48.00	48.00	54.00	56.00	50.00	31.00	43.00	57.00	60.00	63.00	58.00	49.00	46.00	55.00	64.00	58.00	48.00	36.00	41.00	46.00	47.00	41.00	43.00	45.00	43.00	40.00	35.00	37.00	38.00	43.00	43.00	35.00	43.00	49.00	43.00
6.00	7.00	8.00	11.00	16.00	14.00	6.00	5.00	5.00	5.00	5.00	5.00	5.00	5.00	6.00	5.00	6.00	7.00	8.00	8.00	9.00	9.00	9.00	9.00	9.00	9.00	9.00	9.00	9.00	9.00	9.00	10.00	10.00	10.00	11.00	11.00	11.00	11.00	10.00	10.00	10.00	9.00	9.00	9.00	9.00	10.00	10.00	9.00	9.00	9.00	8.00	8.00	7.00	8.00	8.00	9.00	9.00	9.00	9.00	9.00	8.00	5.00	3.00	3.00	3.00	3.00	3.00	3.00	4.00	8.00	9.00	9.00	10.00	9.00	9.00	9.00	9.00	9.00	9.00	7.00	6.00	6.00	7.00	8.00	8.00	8.00	8.00	8.00	8.00	8.00	8.00	8.00	8.00	8.00	8.00	8.00	8.00	8.00	8.00	8.00	8.00	8.00	8.00	9.00	9.00	9.00	9.00	9.00	9.00	9.00	10.00	9.00	9.00	9.00	9.00	9.00	7.00	9.00	9.00	8.00	8.00	8.00	8.00	8.00	7.00	7.00	7.00	6.00	8.00	10.00	12.00	13.00	13.00	13.00	14.00	15.00	18.00	20.00	18.00	15.00	14.00	19.00	16.00	13.00	12.00	12.00	12.00	13.00	13.00	15.00	13.00	13.00	13.00	15.00	15.00	17.00	18.00	15.00	8.00	10.00	10.00	11.00	12.00	17.00	18.00	20.00	17.00	16.00	18.00	28.00	35.00	37.00	6.00	8.00	9.00	9.00	12.00	13.00	17.00	22.00	21.00	19.00	16.00	22.00	26.00	21.00	19.00	20.00	22.00	27.00	50.00	52.00	42.00	38.00	42.00	46.00	43.00	32.00	19.00	19.00	23.00	26.00	26.00	26.00	27.00	22.00	24.00	23.00	38.00	29.00	23.00	25.00	32.00	31.00	34.00	40.00	43.00	48.00	51.00	55.00	53.00	45.00	45.00	46.00	30.00	38.00	40.00	42.00	46.00	49.00	40.00	39.00	38.00	40.00	37.00	56.00	63.00	58.00	45.00	35.00	42.00	42.00	41.00	44.00	39.00	35.00	35.00	36.00	45.00	45.00	40.00	38.00	37.00	32.00	37.00	38.00
6.00	7.00	8.00	11.00	16.00	14.00	6.00	5.00	5.00	5.00	5.00	5.00	5.00	5.00	6.00	5.00	6.00	7.00	8.00	8.00	9.00	9.00	9.00	9.00	9.00	9.00	9.00	9.00	9.00	9.00	9.00	10.00	10.00	10.00	11.00	11.00	11.00	11.00	10.00	10.00	10.00	9.00	9.00	9.00	9.00	10.00	10.00	9.00	9.00	9.00	8.00	8.00	7.00	8.00	8.00	9.00	9.00	9.00	9.00	9.00	8.00	5.00	3.00	3.00	3.00	3.00	3.00	3.00	4.00	8.00	9.00	9.00	10.00	9.00	9.00	9.00	9.00	9.00	9.00	7.00	6.00	6.00	7.00	8.00	8.00	8.00	8.00	8.00	8.00	8.00	8.00	8.00	8.00	8.00	8.00	8.00	8.00	8.00	8.00	8.00	8.00	8.00	8.00	9.00	9.00	9.00	9.00	9.00	9.00	9.00	10.00	9.00	9.00	9.00	9.00	9.00	7.00	9.00	9.00	8.00	8.00	8.00	8.00	8.00	7.00	7.00	7.00	6.00	8.00	10.00	12.00	13.00	13.00	13.00	14.00	15.00	18.00	20.00	18.00	15.00	14.00	19.00	16.00	13.00	12.00	12.00	12.00	13.00	13.00	15.00	13.00	13.00	13.00	15.00	15.00	17.00	18.00	15.00	8.00	10.00	10.00	11.00	12.00	17.00	18.00	20.00	17.00	16.00	18.00	28.00	35.00	37.00	6.00	8.00	9.00	9.00	12.00	13.00	17.00	22.00	21.00	19.00	16.00	22.00	26.00	21.00	19.00	20.00	22.00	27.00	50.00	52.00	42.00	38.00	42.00	46.00	43.00	32.00	19.00	19.00	23.00	26.00	26.00	26.00	27.00	22.00	24.00	23.00	38.00	29.00	23.00	25.00	32.00	31.00	34.00	40.00	43.00	48.00	51.00	55.00	53.00	45.00	45.00	46.00	30.00	38.00	40.00	42.00	46.00	49.00	40.00	39.00	38.00	40.00	37.00	56.00	63.00	58.00	45.00	35.00	42.00	42.00	41.00	44.00	39.00	35.00	35.00	36.00	45.00	45.00	40.00	38.00	37.00	32.00	37.00	38.00
6.00	9.00	11.00	8.00	6.00	6.00	5.00	5.00	5.00	5.00	5.00	6.00	6.00	7.00	5.00	4.00	6.00	7.00	7.00	7.00	7.00	7.00	7.00	7.00	7.00	7.00	8.00	9.00	9.00	9.00	9.00	9.00	9.00	9.00	9.00	8.00	9.00	9.00	10.00	10.00	10.00	10.00	9.00	9.00	9.00	9.00	9.00	9.00	9.00	8.00	8.00	9.00	9.00	9.00	8.00	8.00	8.00	8.00	8.00	8.00	8.00	8.00	7.00	6.00	5.00	5.00	7.00	8.00	9.00	9.00	9.00	10.00	9.00	10.00	10.00	9.00	10.00	10.00	10.00	10.00	10.00	10.00	10.00	9.00	10.00	10.00	9.00	10.00	9.00	9.00	9.00	8.00	8.00	9.00	8.00	8.00	8.00	8.00	8.00	8.00	8.00	8.00	8.00	8.00	8.00	8.00	7.00	7.00	7.00	8.00	9.00	9.00	9.00	9.00	9.00	8.00	7.00	8.00	9.00	9.00	9.00	9.00	10.00	9.00	9.00	9.00	9.00	8.00	10.00	13.00	14.00	15.00	16.00	17.00	18.00	17.00	16.00	18.00	19.00	15.00	13.00	12.00	12.00	12.00	12.00	12.00	12.00	13.00	13.00	14.00	11.00	10.00	10.00	10.00	11.00	19.00	35.00	26.00	19.00	10.00	13.00	27.00	28.00	28.00	21.00	14.00	10.00	14.00	18.00	27.00	39.00	31.00	11.00	14.00	14.00	12.00	14.00	15.00	15.00	18.00	23.00	23.00	18.00	21.00	25.00	24.00	25.00	25.00	30.00	33.00	45.00	46.00	37.00	35.00	41.00	50.00	58.00	52.00	43.00	31.00	20.00	19.00	24.00	25.00	24.00	28.00	27.00	21.00	43.00	50.00	45.00	46.00	48.00	48.00	49.00	52.00	47.00	48.00	54.00	59.00	60.00	43.00	29.00	25.00	41.00	48.00	55.00	60.00	62.00	56.00	48.00	44.00	41.00	43.00	41.00	58.00	64.00	67.00	60.00	40.00	38.00	35.00	37.00	41.00	36.00	37.00	39.00	40.00	46.00	49.00	50.00	45.00	41.00	39.00	42.00	49.00
6.00	9.00	11.00	8.00	6.00	6.00	5.00	5.00	5.00	5.00	5.00	6.00	6.00	7.00	5.00	4.00	6.00	7.00	7.00	7.00	7.00	7.00	7.00	7.00	7.00	7.00	8.00	9.00	9.00	9.00	9.00	9.00	9.00	9.00	9.00	8.00	9.00	9.00	10.00	10.00	10.00	10.00	9.00	9.00	9.00	9.00	9.00	9.00	9.00	8.00	8.00	9.00	9.00	9.00	8.00	8.00	8.00	8.00	8.00	8.00	8.00	8.00	7.00	6.00	5.00	5.00	7.00	8.00	9.00	9.00	9.00	10.00	9.00	10.00	10.00	9.00	10.00	10.00	10.00	10.00	10.00	10.00	10.00	9.00	10.00	10.00	9.00	10.00	9.00	9.00	9.00	8.00	8.00	9.00	8.00	8.00	8.00	8.00	8.00	8.00	8.00	8.00	8.00	8.00	8.00	8.00	7.00	7.00	7.00	8.00	9.00	9.00	9.00	9.00	9.00	8.00	7.00	8.00	9.00	9.00	9.00	9.00	10.00	9.00	9.00	9.00	9.00	8.00	10.00	13.00	14.00	15.00	16.00	17.00	18.00	17.00	16.00	18.00	19.00	15.00	13.00	12.00	12.00	12.00	12.00	12.00	12.00	13.00	13.00	14.00	11.00	10.00	10.00	10.00	11.00	19.00	35.00	26.00	19.00	10.00	13.00	27.00	28.00	28.00	21.00	14.00	10.00	14.00	18.00	27.00	39.00	31.00	11.00	14.00	14.00	12.00	14.00	15.00	15.00	18.00	23.00	23.00	18.00	21.00	25.00	24.00	25.00	25.00	30.00	33.00	45.00	46.00	37.00	35.00	41.00	50.00	58.00	52.00	43.00	31.00	20.00	19.00	24.00	25.00	24.00	28.00	27.00	21.00	43.00	50.00	45.00	46.00	48.00	48.00	49.00	52.00	47.00	48.00	54.00	59.00	60.00	43.00	29.00	25.00	41.00	48.00	55.00	60.00	62.00	56.00	48.00	44.00	41.00	43.00	41.00	58.00	64.00	67.00	60.00	40.00	38.00	35.00	37.00	41.00	36.00	37.00	39.00	40.00	46.00	49.00	50.00	45.00	41.00	39.00	42.00	49.00
5.00	7.00	11.00	9.00	6.00	6.00	5.00	5.00	5.00	5.00	5.00	5.00	5.00	4.00	2.00	6.00	6.00	7.00	7.00	7.00	7.00	7.00	7.00	6.00	6.00	8.00	8.00	9.00	9.00	9.00	9.00	9.00	9.00	9.00	9.00	9.00	9.00	9.00	9.00	9.00	9.00	9.00	9.00	9.00	10.00	10.00	10.00	10.00	9.00	8.00	8.00	8.00	9.00	8.00	8.00	8.00	8.00	7.00	8.00	8.00	9.00	9.00	9.00	8.00	8.00	9.00	9.00	9.00	9.00	9.00	9.00	9.00	10.00	10.00	11.00	11.00	11.00	11.00	10.00	10.00	10.00	10.00	10.00	11.00	11.00	10.00	11.00	10.00	10.00	10.00	9.00	9.00	10.00	9.00	9.00	9.00	9.00	9.00	9.00	9.00	9.00	9.00	9.00	8.00	8.00	7.00	7.00	8.00	8.00	7.00	7.00	7.00	7.00	8.00	7.00	7.00	8.00	9.00	9.00	9.00	9.00	9.00	8.00	7.00	8.00	9.00	9.00	9.00	10.00	13.00	15.00	16.00	18.00	17.00	14.00	13.00	16.00	18.00	17.00	13.00	10.00	10.00	10.00	10.00	10.00	10.00	10.00	10.00	10.00	10.00	10.00	10.00	10.00	10.00	10.00	14.00	16.00	18.00	13.00	12.00	13.00	22.00	19.00	26.00	28.00	19.00	13.00	11.00	18.00	24.00	21.00	13.00	11.00	10.00	13.00	15.00	18.00	17.00	15.00	18.00	20.00	22.00	23.00	19.00	20.00	33.00	35.00	37.00	29.00	19.00	34.00	46.00	38.00	35.00	46.00	42.00	37.00	35.00	30.00	14.00	18.00	25.00	27.00	27.00	25.00	24.00	32.00	38.00	55.00	55.00	45.00	32.00	37.00	34.00	40.00	41.00	42.00	36.00	32.00	39.00	37.00	40.00	42.00	45.00	52.00	56.00	57.00	57.00	59.00	64.00	55.00	51.00	47.00	47.00	50.00	39.00	36.00	37.00	37.00	35.00	31.00	33.00	36.00	38.00	44.00	41.00	40.00	44.00	50.00	49.00	49.00	46.00	41.00	39.00	39.00	36.00
5.00	7.00	11.00	9.00	6.00	6.00	5.00	5.00	5.00	5.00	5.00	5.00	5.00	4.00	2.00	6.00	6.00	7.00	7.00	7.00	7.00	7.00	7.00	6.00	6.00	8.00	8.00	9.00	9.00	9.00	9.00	9.00	9.00	9.00	9.00	9.00	9.00	9.00	9.00	9.00	9.00	9.00	9.00	9.00	10.00	10.00	10.00	10.00	9.00	8.00	8.00	8.00	9.00	8.00	8.00	8.00	8.00	7.00	8.00	8.00	9.00	9.00	9.00	8.00	8.00	9.00	9.00	9.00	9.00	9.00	9.00	9.00	10.00	10.00	11.00	11.00	11.00	11.00	10.00	10.00	10.00	10.00	10.00	11.00	11.00	10.00	11.00	10.00	10.00	10.00	9.00	9.00	10.00	9.00	9.00	9.00	9.00	9.00	9.00	9.00	9.00	9.00	9.00	8.00	8.00	7.00	7.00	8.00	8.00	7.00	7.00	7.00	7.00	8.00	7.00	7.00	8.00	9.00	9.00	9.00	9.00	9.00	8.00	7.00	8.00	9.00	9.00	9.00	10.00	13.00	15.00	16.00	18.00	17.00	14.00	13.00	16.00	18.00	17.00	13.00	10.00	10.00	10.00	10.00	10.00	10.00	10.00	10.00	10.00	10.00	10.00	10.00	10.00	10.00	10.00	14.00	16.00	18.00	13.00	12.00	13.00	22.00	19.00	26.00	28.00	19.00	13.00	11.00	18.00	24.00	21.00	13.00	11.00	10.00	13.00	15.00	18.00	17.00	15.00	18.00	20.00	22.00	23.00	19.00	20.00	33.00	35.00	37.00	29.00	19.00	34.00	46.00	38.00	35.00	46.00	42.00	37.00	35.00	30.00	14.00	18.00	25.00	27.00	27.00	25.00	24.00	32.00	38.00	55.00	55.00	45.00	32.00	37.00	34.00	40.00	41.00	42.00	36.00	32.00	39.00	37.00	40.00	42.00	45.00	52.00	56.00	57.00	57.00	59.00	64.00	55.00	51.00	47.00	47.00	50.00	39.00	36.00	37.00	37.00	35.00	31.00	33.00	36.00	38.00	44.00	41.00	40.00	44.00	50.00	49.00	49.00	46.00	41.00	39.00	39.00	36.00
5.00	7.00	11.00	9.00	6.00	6.00	5.00	5.00	5.00	5.00	5.00	5.00	5.00	4.00	2.00	6.00	6.00	7.00	7.00	7.00	7.00	7.00	7.00	6.00	6.00	8.00	8.00	9.00	9.00	9.00	9.00	9.00	9.00	9.00	9.00	9.00	9.00	9.00	9.00	9.00	9.00	9.00	9.00	9.00	10.00	10.00	10.00	10.00	9.00	8.00	8.00	8.00	9.00	8.00	8.00	8.00	8.00	7.00	8.00	8.00	9.00	9.00	9.00	8.00	8.00	9.00	9.00	9.00	9.00	9.00	9.00	9.00	10.00	10.00	11.00	11.00	11.00	11.00	10.00	10.00	10.00	10.00	10.00	11.00	11.00	10.00	11.00	10.00	10.00	10.00	9.00	9.00	10.00	9.00	9.00	9.00	9.00	9.00	9.00	9.00	9.00	9.00	9.00	8.00	8.00	7.00	7.00	8.00	8.00	7.00	7.00	7.00	7.00	8.00	7.00	7.00	8.00	9.00	9.00	9.00	9.00	9.00	8.00	7.00	8.00	9.00	9.00	9.00	10.00	13.00	15.00	16.00	18.00	17.00	14.00	13.00	16.00	18.00	17.00	13.00	10.00	10.00	10.00	10.00	10.00	10.00	10.00	10.00	10.00	10.00	10.00	10.00	10.00	10.00	10.00	14.00	16.00	18.00	13.00	12.00	13.00	22.00	19.00	26.00	28.00	19.00	13.00	11.00	18.00	24.00	21.00	13.00	11.00	10.00	13.00	15.00	18.00	17.00	15.00	18.00	20.00	22.00	23.00	19.00	20.00	33.00	35.00	37.00	29.00	19.00	34.00	46.00	38.00	35.00	46.00	42.00	37.00	35.00	30.00	14.00	18.00	25.00	27.00	27.00	25.00	24.00	32.00	38.00	55.00	55.00	45.00	32.00	37.00	34.00	40.00	41.00	42.00	36.00	32.00	39.00	37.00	40.00	42.00	45.00	52.00	56.00	57.00	57.00	59.00	64.00	55.00	51.00	47.00	47.00	50.00	39.00	36.00	37.00	37.00	35.00	31.00	33.00	36.00	38.00	44.00	41.00	40.00	44.00	50.00	49.00	49.00	46.00	41.00	39.00	39.00	36.00
5.00	5.00	5.00	4.00	4.00	4.00	5.00	5.00	5.00	5.00	5.00	5.00	5.00	4.00	5.00	7.00	7.00	7.00	7.00	7.00	7.00	6.00	6.00	6.00	9.00	10.00	10.00	10.00	9.00	9.00	9.00	9.00	9.00	8.00	8.00	8.00	8.00	7.00	8.00	8.00	8.00	9.00	9.00	9.00	9.00	9.00	8.00	8.00	9.00	9.00	9.00	9.00	9.00	9.00	9.00	9.00	9.00	8.00	7.00	8.00	8.00	8.00	8.00	9.00	9.00	9.00	9.00	9.00	9.00	9.00	9.00	9.00	9.00	10.00	10.00	10.00	10.00	10.00	10.00	10.00	10.00	10.00	10.00	10.00	11.00	11.00	11.00	11.00	11.00	11.00	11.00	11.00	11.00	10.00	10.00	10.00	10.00	10.00	9.00	9.00	10.00	9.00	9.00	10.00	9.00	8.00	9.00	9.00	9.00	9.00	8.00	8.00	8.00	7.00	7.00	8.00	8.00	8.00	7.00	8.00	8.00	8.00	8.00	8.00	8.00	8.00	7.00	8.00	10.00	15.00	18.00	18.00	20.00	16.00	14.00	14.00	13.00	14.00	14.00	14.00	13.00	11.00	10.00	10.00	10.00	10.00	10.00	10.00	10.00	10.00	10.00	10.00	10.00	10.00	10.00	12.00	14.00	14.00	12.00	12.00	13.00	35.00	39.00	27.00	20.00	13.00	5.00	13.00	15.00	21.00	25.00	36.00	36.00	28.00	26.00	27.00	20.00	16.00	16.00	20.00	22.00	20.00	31.00	29.00	33.00	39.00	33.00	25.00	19.00	13.00	23.00	30.00	31.00	27.00	27.00	28.00	32.00	29.00	26.00	18.00	15.00	13.00	19.00	26.00	31.00	37.00	43.00	49.00	46.00	35.00	23.00	30.00	51.00	37.00	47.00	51.00	54.00	50.00	34.00	35.00	53.00	63.00	52.00	38.00	35.00	44.00	42.00	41.00	42.00	43.00	38.00	39.00	39.00	38.00	38.00	40.00	40.00	40.00	40.00	41.00	41.00	42.00	41.00	40.00	44.00	39.00	39.00	38.00	41.00	41.00	39.00	38.00	38.00	40.00	42.00	39.00
5.00	5.00	5.00	4.00	4.00	4.00	5.00	5.00	5.00	5.00	5.00	5.00	5.00	4.00	5.00	7.00	7.00	7.00	7.00	7.00	7.00	6.00	6.00	6.00	9.00	10.00	10.00	10.00	9.00	9.00	9.00	9.00	9.00	8.00	8.00	8.00	8.00	7.00	8.00	8.00	8.00	9.00	9.00	9.00	9.00	9.00	8.00	8.00	9.00	9.00	9.00	9.00	9.00	9.00	9.00	9.00	9.00	8.00	7.00	8.00	8.00	8.00	8.00	9.00	9.00	9.00	9.00	9.00	9.00	9.00	9.00	9.00	9.00	10.00	10.00	10.00	10.00	10.00	10.00	10.00	10.00	10.00	10.00	10.00	11.00	11.00	11.00	11.00	11.00	11.00	11.00	11.00	11.00	10.00	10.00	10.00	10.00	10.00	9.00	9.00	10.00	9.00	9.00	10.00	9.00	8.00	9.00	9.00	9.00	9.00	8.00	8.00	8.00	7.00	7.00	8.00	8.00	8.00	7.00	8.00	8.00	8.00	8.00	8.00	8.00	8.00	7.00	8.00	10.00	15.00	18.00	18.00	20.00	16.00	14.00	14.00	13.00	14.00	14.00	14.00	13.00	11.00	10.00	10.00	10.00	10.00	10.00	10.00	10.00	10.00	10.00	10.00	10.00	10.00	10.00	12.00	14.00	14.00	12.00	12.00	13.00	35.00	39.00	27.00	20.00	13.00	5.00	13.00	15.00	21.00	25.00	36.00	36.00	28.00	26.00	27.00	20.00	16.00	16.00	20.00	22.00	20.00	31.00	29.00	33.00	39.00	33.00	25.00	19.00	13.00	23.00	30.00	31.00	27.00	27.00	28.00	32.00	29.00	26.00	18.00	15.00	13.00	19.00	26.00	31.00	37.00	43.00	49.00	46.00	35.00	23.00	30.00	51.00	37.00	47.00	51.00	54.00	50.00	34.00	35.00	53.00	63.00	52.00	38.00	35.00	44.00	42.00	41.00	42.00	43.00	38.00	39.00	39.00	38.00	38.00	40.00	40.00	40.00	40.00	41.00	41.00	42.00	41.00	40.00	44.00	39.00	39.00	38.00	41.00	41.00	39.00	38.00	38.00	40.00	42.00	39.00
4.00	4.00	5.00	7.00	4.00	4.00	3.00	3.00	3.00	3.00	3.00	3.00	3.00	3.00	7.00	7.00	8.00	7.00	7.00	7.00	7.00	7.00	7.00	7.00	9.00	9.00	9.00	10.00	10.00	10.00	10.00	10.00	10.00	10.00	9.00	9.00	9.00	9.00	8.00	8.00	7.00	7.00	7.00	7.00	8.00	7.00	8.00	8.00	7.00	7.00	9.00	8.00	9.00	9.00	9.00	8.00	8.00	7.00	8.00	8.00	9.00	9.00	9.00	9.00	9.00	9.00	9.00	9.00	9.00	9.00	9.00	9.00	9.00	9.00	9.00	10.00	10.00	10.00	10.00	10.00	10.00	10.00	10.00	11.00	10.00	11.00	11.00	12.00	12.00	12.00	12.00	12.00	12.00	12.00	13.00	12.00	12.00	11.00	11.00	10.00	10.00	11.00	16.00	20.00	14.00	10.00	10.00	10.00	10.00	10.00	9.00	9.00	10.00	10.00	9.00	9.00	9.00	9.00	9.00	9.00	9.00	8.00	8.00	8.00	8.00	8.00	8.00	8.00	9.00	11.00	13.00	13.00	13.00	15.00	15.00	16.00	11.00	12.00	14.00	15.00	14.00	15.00	15.00	15.00	15.00	13.00	11.00	11.00	11.00	10.00	10.00	10.00	10.00	10.00	9.00	10.00	9.00	7.00	10.00	18.00	27.00	24.00	24.00	24.00	16.00	12.00	9.00	9.00	16.00	16.00	20.00	28.00	17.00	21.00	27.00	27.00	26.00	18.00	14.00	14.00	16.00	34.00	36.00	36.00	40.00	30.00	26.00	27.00	26.00	16.00	14.00	21.00	27.00	26.00	26.00	24.00	23.00	21.00	31.00	27.00	18.00	14.00	24.00	28.00	28.00	33.00	24.00	24.00	29.00	29.00	36.00	42.00	31.00	36.00	44.00	44.00	39.00	37.00	32.00	29.00	33.00	51.00	56.00	54.00	49.00	62.00	61.00	51.00	44.00	44.00	54.00	44.00	38.00	38.00	39.00	41.00	42.00	42.00	42.00	38.00	37.00	39.00	41.00	41.00	40.00	40.00	40.00	39.00	33.00	33.00	32.00	32.00	32.00	32.00	32.00	36.00
4.00	4.00	5.00	7.00	4.00	4.00	3.00	3.00	3.00	3.00	3.00	3.00	3.00	3.00	7.00	7.00	8.00	7.00	7.00	7.00	7.00	7.00	7.00	7.00	9.00	9.00	9.00	10.00	10.00	10.00	10.00	10.00	10.00	10.00	9.00	9.00	9.00	9.00	8.00	8.00	7.00	7.00	7.00	7.00	8.00	7.00	8.00	8.00	7.00	7.00	9.00	8.00	9.00	9.00	9.00	8.00	8.00	7.00	8.00	8.00	9.00	9.00	9.00	9.00	9.00	9.00	9.00	9.00	9.00	9.00	9.00	9.00	9.00	9.00	9.00	10.00	10.00	10.00	10.00	10.00	10.00	10.00	10.00	11.00	10.00	11.00	11.00	12.00	12.00	12.00	12.00	12.00	12.00	12.00	13.00	12.00	12.00	11.00	11.00	10.00	10.00	11.00	16.00	20.00	14.00	10.00	10.00	10.00	10.00	10.00	9.00	9.00	10.00	10.00	9.00	9.00	9.00	9.00	9.00	9.00	9.00	8.00	8.00	8.00	8.00	8.00	8.00	8.00	9.00	11.00	13.00	13.00	13.00	15.00	15.00	16.00	11.00	12.00	14.00	15.00	14.00	15.00	15.00	15.00	15.00	13.00	11.00	11.00	11.00	10.00	10.00	10.00	10.00	10.00	9.00	10.00	9.00	7.00	10.00	18.00	27.00	24.00	24.00	24.00	16.00	12.00	9.00	9.00	16.00	16.00	20.00	28.00	17.00	21.00	27.00	27.00	26.00	18.00	14.00	14.00	16.00	34.00	36.00	36.00	40.00	30.00	26.00	27.00	26.00	16.00	14.00	21.00	27.00	26.00	26.00	24.00	23.00	21.00	31.00	27.00	18.00	14.00	24.00	28.00	28.00	33.00	24.00	24.00	29.00	29.00	36.00	42.00	31.00	36.00	44.00	44.00	39.00	37.00	32.00	29.00	33.00	51.00	56.00	54.00	49.00	62.00	61.00	51.00	44.00	44.00	54.00	44.00	38.00	38.00	39.00	41.00	42.00	42.00	42.00	38.00	37.00	39.00	41.00	41.00	40.00	40.00	40.00	39.00	33.00	33.00	32.00	32.00	32.00	32.00	32.00	36.00
4.00	4.00	4.00	4.00	5.00	4.00	2.00	2.00	2.00	2.00	2.00	2.00	2.00	4.00	7.00	7.00	7.00	7.00	7.00	8.00	7.00	7.00	7.00	8.00	11.00	11.00	10.00	10.00	10.00	10.00	10.00	9.00	9.00	9.00	9.00	9.00	9.00	9.00	9.00	9.00	8.00	9.00	8.00	8.00	8.00	7.00	7.00	6.00	6.00	7.00	7.00	7.00	7.00	8.00	8.00	9.00	8.00	8.00	7.00	7.00	9.00	9.00	9.00	9.00	9.00	9.00	9.00	9.00	10.00	10.00	10.00	10.00	9.00	9.00	9.00	9.00	10.00	9.00	10.00	10.00	10.00	10.00	10.00	10.00	11.00	10.00	11.00	11.00	11.00	12.00	12.00	12.00	12.00	12.00	12.00	12.00	12.00	12.00	12.00	12.00	12.00	12.00	13.00	15.00	12.00	11.00	11.00	11.00	11.00	11.00	10.00	10.00	10.00	10.00	9.00	9.00	10.00	10.00	9.00	9.00	9.00	9.00	9.00	9.00	9.00	9.00	9.00	8.00	8.00	9.00	9.00	9.00	11.00	14.00	14.00	16.00	15.00	17.00	15.00	13.00	14.00	16.00	18.00	17.00	14.00	14.00	14.00	14.00	14.00	14.00	11.00	11.00	11.00	11.00	12.00	12.00	11.00	12.00	14.00	9.00	8.00	8.00	8.00	8.00	9.00	12.00	15.00	15.00	17.00	16.00	16.00	21.00	32.00	32.00	29.00	20.00	6.00	12.00	15.00	15.00	18.00	16.00	19.00	20.00	21.00	18.00	17.00	28.00	36.00	40.00	15.00	26.00	31.00	30.00	23.00	22.00	24.00	25.00	22.00	32.00	33.00	22.00	20.00	41.00	51.00	40.00	21.00	17.00	17.00	17.00	17.00	19.00	38.00	40.00	36.00	28.00	26.00	30.00	32.00	29.00	33.00	54.00	58.00	55.00	54.00	53.00	48.00	52.00	60.00	59.00	63.00	56.00	52.00	55.00	50.00	44.00	42.00	39.00	41.00	48.00	44.00	41.00	38.00	38.00	40.00	41.00	36.00	32.00	32.00	32.00	32.00	32.00	32.00	32.00	35.00	40.00
4.00	4.00	4.00	4.00	5.00	4.00	2.00	2.00	2.00	2.00	2.00	2.00	2.00	4.00	7.00	7.00	7.00	7.00	7.00	8.00	7.00	7.00	7.00	8.00	11.00	11.00	10.00	10.00	10.00	10.00	10.00	9.00	9.00	9.00	9.00	9.00	9.00	9.00	9.00	9.00	8.00	9.00	8.00	8.00	8.00	7.00	7.00	6.00	6.00	7.00	7.00	7.00	7.00	8.00	8.00	9.00	8.00	8.00	7.00	7.00	9.00	9.00	9.00	9.00	9.00	9.00	9.00	9.00	10.00	10.00	10.00	10.00	9.00	9.00	9.00	9.00	10.00	9.00	10.00	10.00	10.00	10.00	10.00	10.00	11.00	10.00	11.00	11.00	11.00	12.00	12.00	12.00	12.00	12.00	12.00	12.00	12.00	12.00	12.00	12.00	12.00	12.00	13.00	15.00	12.00	11.00	11.00	11.00	11.00	11.00	10.00	10.00	10.00	10.00	9.00	9.00	10.00	10.00	9.00	9.00	9.00	9.00	9.00	9.00	9.00	9.00	9.00	8.00	8.00	9.00	9.00	9.00	11.00	14.00	14.00	16.00	15.00	17.00	15.00	13.00	14.00	16.00	18.00	17.00	14.00	14.00	14.00	14.00	14.00	14.00	11.00	11.00	11.00	11.00	12.00	12.00	11.00	12.00	14.00	9.00	8.00	8.00	8.00	8.00	9.00	12.00	15.00	15.00	17.00	16.00	16.00	21.00	32.00	32.00	29.00	20.00	6.00	12.00	15.00	15.00	18.00	16.00	19.00	20.00	21.00	18.00	17.00	28.00	36.00	40.00	15.00	26.00	31.00	30.00	23.00	22.00	24.00	25.00	22.00	32.00	33.00	22.00	20.00	41.00	51.00	40.00	21.00	17.00	17.00	17.00	17.00	19.00	38.00	40.00	36.00	28.00	26.00	30.00	32.00	29.00	33.00	54.00	58.00	55.00	54.00	53.00	48.00	52.00	60.00	59.00	63.00	56.00	52.00	55.00	50.00	44.00	42.00	39.00	41.00	48.00	44.00	41.00	38.00	38.00	40.00	41.00	36.00	32.00	32.00	32.00	32.00	32.00	32.00	32.00	35.00	40.00
3.00	3.00	3.00	4.00	3.00	4.00	3.00	3.00	2.00	2.00	2.00	2.00	3.00	7.00	8.00	8.00	8.00	7.00	7.00	7.00	7.00	7.00	8.00	12.00	12.00	12.00	11.00	11.00	11.00	11.00	11.00	11.00	10.00	10.00	10.00	9.00	10.00	9.00	9.00	9.00	9.00	9.00	9.00	9.00	9.00	9.00	8.00	9.00	9.00	8.00	9.00	8.00	8.00	8.00	8.00	6.00	6.00	6.00	6.00	6.00	8.00	9.00	9.00	9.00	9.00	9.00	10.00	9.00	9.00	9.00	9.00	9.00	10.00	9.00	10.00	10.00	10.00	10.00	9.00	9.00	8.00	9.00	10.00	10.00	10.00	11.00	11.00	11.00	11.00	11.00	11.00	12.00	12.00	12.00	12.00	11.00	12.00	12.00	12.00	11.00	11.00	12.00	12.00	12.00	12.00	10.00	10.00	11.00	11.00	10.00	10.00	10.00	10.00	10.00	11.00	11.00	11.00	11.00	11.00	10.00	10.00	10.00	10.00	9.00	9.00	9.00	9.00	7.00	10.00	14.00	16.00	19.00	18.00	18.00	17.00	16.00	17.00	18.00	18.00	17.00	18.00	15.00	13.00	13.00	15.00	13.00	14.00	15.00	15.00	14.00	12.00	14.00	15.00	14.00	11.00	10.00	10.00	10.00	12.00	9.00	8.00	8.00	9.00	23.00	21.00	18.00	20.00	11.00	8.00	10.00	18.00	24.00	34.00	36.00	26.00	10.00	26.00	31.00	36.00	33.00	27.00	29.00	22.00	22.00	19.00	11.00	10.00	12.00	17.00	17.00	13.00	20.00	28.00	34.00	27.00	20.00	23.00	24.00	32.00	40.00	40.00	31.00	20.00	35.00	32.00	23.00	17.00	17.00	17.00	17.00	17.00	18.00	18.00	51.00	34.00	22.00	22.00	23.00	29.00	34.00	38.00	60.00	55.00	55.00	55.00	51.00	52.00	53.00	54.00	56.00	61.00	63.00	62.00	65.00	61.00	34.00	43.00	45.00	44.00	52.00	49.00	44.00	39.00	39.00	41.00	42.00	41.00	36.00	32.00	32.00	32.00	32.00	32.00	47.00	46.00	37.00
3.00	3.00	3.00	4.00	3.00	4.00	3.00	3.00	2.00	2.00	2.00	2.00	3.00	7.00	8.00	8.00	8.00	7.00	7.00	7.00	7.00	7.00	8.00	12.00	12.00	12.00	11.00	11.00	11.00	11.00	11.00	11.00	10.00	10.00	10.00	9.00	10.00	9.00	9.00	9.00	9.00	9.00	9.00	9.00	9.00	9.00	8.00	9.00	9.00	8.00	9.00	8.00	8.00	8.00	8.00	6.00	6.00	6.00	6.00	6.00	8.00	9.00	9.00	9.00	9.00	9.00	10.00	9.00	9.00	9.00	9.00	9.00	10.00	9.00	10.00	10.00	10.00	10.00	9.00	9.00	8.00	9.00	10.00	10.00	10.00	11.00	11.00	11.00	11.00	11.00	11.00	12.00	12.00	12.00	12.00	11.00	12.00	12.00	12.00	11.00	11.00	12.00	12.00	12.00	12.00	10.00	10.00	11.00	11.00	10.00	10.00	10.00	10.00	10.00	11.00	11.00	11.00	11.00	11.00	10.00	10.00	10.00	10.00	9.00	9.00	9.00	9.00	7.00	10.00	14.00	16.00	19.00	18.00	18.00	17.00	16.00	17.00	18.00	18.00	17.00	18.00	15.00	13.00	13.00	15.00	13.00	14.00	15.00	15.00	14.00	12.00	14.00	15.00	14.00	11.00	10.00	10.00	10.00	12.00	9.00	8.00	8.00	9.00	23.00	21.00	18.00	20.00	11.00	8.00	10.00	18.00	24.00	34.00	36.00	26.00	10.00	26.00	31.00	36.00	33.00	27.00	29.00	22.00	22.00	19.00	11.00	10.00	12.00	17.00	17.00	13.00	20.00	28.00	34.00	27.00	20.00	23.00	24.00	32.00	40.00	40.00	31.00	20.00	35.00	32.00	23.00	17.00	17.00	17.00	17.00	17.00	18.00	18.00	51.00	34.00	22.00	22.00	23.00	29.00	34.00	38.00	60.00	55.00	55.00	55.00	51.00	52.00	53.00	54.00	56.00	61.00	63.00	62.00	65.00	61.00	34.00	43.00	45.00	44.00	52.00	49.00	44.00	39.00	39.00	41.00	42.00	41.00	36.00	32.00	32.00	32.00	32.00	32.00	47.00	46.00	37.00
3.00	3.00	3.00	3.00	3.00	4.00	4.00	4.00	4.00	4.00	3.00	3.00	6.00	6.00	6.00	7.00	7.00	7.00	7.00	7.00	7.00	9.00	11.00	12.00	12.00	12.00	12.00	12.00	11.00	11.00	11.00	11.00	11.00	11.00	11.00	10.00	11.00	10.00	10.00	10.00	10.00	9.00	9.00	9.00	9.00	9.00	7.00	9.00	9.00	8.00	9.00	8.00	7.00	7.00	8.00	7.00	7.00	8.00	8.00	8.00	8.00	8.00	8.00	8.00	8.00	9.00	8.00	9.00	9.00	9.00	9.00	9.00	9.00	9.00	9.00	9.00	9.00	9.00	9.00	9.00	9.00	10.00	10.00	10.00	10.00	9.00	10.00	9.00	10.00	10.00	10.00	11.00	11.00	11.00	11.00	11.00	11.00	11.00	11.00	12.00	11.00	12.00	12.00	12.00	12.00	12.00	11.00	11.00	10.00	11.00	11.00	11.00	11.00	11.00	10.00	10.00	10.00	10.00	10.00	11.00	11.00	11.00	11.00	11.00	10.00	10.00	10.00	8.00	10.00	12.00	13.00	11.00	12.00	10.00	10.00	11.00	18.00	18.00	16.00	15.00	14.00	14.00	13.00	13.00	14.00	13.00	13.00	15.00	13.00	13.00	15.00	14.00	13.00	14.00	12.00	11.00	9.00	9.00	11.00	8.00	8.00	9.00	17.00	25.00	33.00	33.00	26.00	8.00	2.00	4.00	6.00	5.00	19.00	13.00	15.00	24.00	37.00	38.00	33.00	34.00	33.00	28.00	22.00	17.00	16.00	9.00	10.00	14.00	13.00	15.00	14.00	17.00	14.00	13.00	35.00	32.00	24.00	23.00	30.00	24.00	20.00	17.00	14.00	25.00	23.00	22.00	22.00	19.00	17.00	18.00	18.00	18.00	18.00	44.00	49.00	39.00	33.00	39.00	40.00	50.00	57.00	59.00	61.00	61.00	55.00	43.00	32.00	29.00	37.00	53.00	67.00	53.00	39.00	35.00	34.00	40.00	43.00	43.00	43.00	41.00	42.00	41.00	42.00	40.00	42.00	43.00	42.00	43.00	37.00	35.00	35.00	36.00	38.00	36.00	37.00	44.00
3.00	3.00	3.00	3.00	3.00	4.00	4.00	4.00	4.00	4.00	3.00	3.00	6.00	6.00	6.00	7.00	7.00	7.00	7.00	7.00	7.00	9.00	11.00	12.00	12.00	12.00	12.00	12.00	11.00	11.00	11.00	11.00	11.00	11.00	11.00	10.00	11.00	10.00	10.00	10.00	10.00	9.00	9.00	9.00	9.00	9.00	7.00	9.00	9.00	8.00	9.00	8.00	7.00	7.00	8.00	7.00	7.00	8.00	8.00	8.00	8.00	8.00	8.00	8.00	8.00	9.00	8.00	9.00	9.00	9.00	9.00	9.00	9.00	9.00	9.00	9.00	9.00	9.00	9.00	9.00	9.00	10.00	10.00	10.00	10.00	9.00	10.00	9.00	10.00	10.00	10.00	11.00	11.00	11.00	11.00	11.00	11.00	11.00	11.00	12.00	11.00	12.00	12.00	12.00	12.00	12.00	11.00	11.00	10.00	11.00	11.00	11.00	11.00	11.00	10.00	10.00	10.00	10.00	10.00	11.00	11.00	11.00	11.00	11.00	10.00	10.00	10.00	8.00	10.00	12.00	13.00	11.00	12.00	10.00	10.00	11.00	18.00	18.00	16.00	15.00	14.00	14.00	13.00	13.00	14.00	13.00	13.00	15.00	13.00	13.00	15.00	14.00	13.00	14.00	12.00	11.00	9.00	9.00	11.00	8.00	8.00	9.00	17.00	25.00	33.00	33.00	26.00	8.00	2.00	4.00	6.00	5.00	19.00	13.00	15.00	24.00	37.00	38.00	33.00	34.00	33.00	28.00	22.00	17.00	16.00	9.00	10.00	14.00	13.00	15.00	14.00	17.00	14.00	13.00	35.00	32.00	24.00	23.00	30.00	24.00	20.00	17.00	14.00	25.00	23.00	22.00	22.00	19.00	17.00	18.00	18.00	18.00	18.00	44.00	49.00	39.00	33.00	39.00	40.00	50.00	57.00	59.00	61.00	61.00	55.00	43.00	32.00	29.00	37.00	53.00	67.00	53.00	39.00	35.00	34.00	40.00	43.00	43.00	43.00	41.00	42.00	41.00	42.00	40.00	42.00	43.00	42.00	43.00	37.00	35.00	35.00	36.00	38.00	36.00	37.00	44.00
3.00	3.00	3.00	3.00	3.00	4.00	4.00	4.00	4.00	4.00	3.00	3.00	6.00	6.00	6.00	7.00	7.00	7.00	7.00	7.00	7.00	9.00	11.00	12.00	12.00	12.00	12.00	12.00	11.00	11.00	11.00	11.00	11.00	11.00	11.00	10.00	11.00	10.00	10.00	10.00	10.00	9.00	9.00	9.00	9.00	9.00	7.00	9.00	9.00	8.00	9.00	8.00	7.00	7.00	8.00	7.00	7.00	8.00	8.00	8.00	8.00	8.00	8.00	8.00	8.00	9.00	8.00	9.00	9.00	9.00	9.00	9.00	9.00	9.00	9.00	9.00	9.00	9.00	9.00	9.00	9.00	10.00	10.00	10.00	10.00	9.00	10.00	9.00	10.00	10.00	10.00	11.00	11.00	11.00	11.00	11.00	11.00	11.00	11.00	12.00	11.00	12.00	12.00	12.00	12.00	12.00	11.00	11.00	10.00	11.00	11.00	11.00	11.00	11.00	10.00	10.00	10.00	10.00	10.00	11.00	11.00	11.00	11.00	11.00	10.00	10.00	10.00	8.00	10.00	12.00	13.00	11.00	12.00	10.00	10.00	11.00	18.00	18.00	16.00	15.00	14.00	14.00	13.00	13.00	14.00	13.00	13.00	15.00	13.00	13.00	15.00	14.00	13.00	14.00	12.00	11.00	9.00	9.00	11.00	8.00	8.00	9.00	17.00	25.00	33.00	33.00	26.00	8.00	2.00	4.00	6.00	5.00	19.00	13.00	15.00	24.00	37.00	38.00	33.00	34.00	33.00	28.00	22.00	17.00	16.00	9.00	10.00	14.00	13.00	15.00	14.00	17.00	14.00	13.00	35.00	32.00	24.00	23.00	30.00	24.00	20.00	17.00	14.00	25.00	23.00	22.00	22.00	19.00	17.00	18.00	18.00	18.00	18.00	44.00	49.00	39.00	33.00	39.00	40.00	50.00	57.00	59.00	61.00	61.00	55.00	43.00	32.00	29.00	37.00	53.00	67.00	53.00	39.00	35.00	34.00	40.00	43.00	43.00	43.00	41.00	42.00	41.00	42.00	40.00	42.00	43.00	42.00	43.00	37.00	35.00	35.00	36.00	38.00	36.00	37.00	44.00
3.00	3.00	3.00	3.00	3.00	4.00	4.00	4.00	4.00	4.00	3.00	3.00	6.00	6.00	6.00	7.00	7.00	7.00	7.00	7.00	7.00	9.00	11.00	12.00	12.00	12.00	12.00	12.00	11.00	11.00	11.00	11.00	11.00	11.00	11.00	10.00	11.00	10.00	10.00	10.00	10.00	9.00	9.00	9.00	9.00	9.00	7.00	9.00	9.00	8.00	9.00	8.00	7.00	7.00	8.00	7.00	7.00	8.00	8.00	8.00	8.00	8.00	8.00	8.00	8.00	9.00	8.00	9.00	9.00	9.00	9.00	9.00	9.00	9.00	9.00	9.00	9.00	9.00	9.00	9.00	9.00	10.00	10.00	10.00	10.00	9.00	10.00	9.00	10.00	10.00	10.00	11.00	11.00	11.00	11.00	11.00	11.00	11.00	11.00	12.00	11.00	12.00	12.00	12.00	12.00	12.00	11.00	11.00	10.00	11.00	11.00	11.00	11.00	11.00	10.00	10.00	10.00	10.00	10.00	11.00	11.00	11.00	11.00	11.00	10.00	10.00	10.00	8.00	10.00	12.00	13.00	11.00	12.00	10.00	10.00	11.00	18.00	18.00	16.00	15.00	14.00	14.00	13.00	13.00	14.00	13.00	13.00	15.00	13.00	13.00	15.00	14.00	13.00	14.00	12.00	11.00	9.00	9.00	11.00	8.00	8.00	9.00	17.00	25.00	33.00	33.00	26.00	8.00	2.00	4.00	6.00	5.00	19.00	13.00	15.00	24.00	37.00	38.00	33.00	34.00	33.00	28.00	22.00	17.00	16.00	9.00	10.00	14.00	13.00	15.00	14.00	17.00	14.00	13.00	35.00	32.00	24.00	23.00	30.00	24.00	20.00	17.00	14.00	25.00	23.00	22.00	22.00	19.00	17.00	18.00	18.00	18.00	18.00	44.00	49.00	39.00	33.00	39.00	40.00	50.00	57.00	59.00	61.00	61.00	55.00	43.00	32.00	29.00	37.00	53.00	67.00	53.00	39.00	35.00	34.00	40.00	43.00	43.00	43.00	41.00	42.00	41.00	42.00	40.00	42.00	43.00	42.00	43.00	37.00	35.00	35.00	36.00	38.00	36.00	37.00	44.00
3.00	3.00	3.00	3.00	3.00	6.00	3.00	3.00	3.00	3.00	3.00	6.00	7.00	8.00	7.00	7.00	7.00	6.00	6.00	6.00	7.00	10.00	10.00	11.00	12.00	12.00	12.00	12.00	11.00	11.00	11.00	11.00	11.00	11.00	11.00	11.00	11.00	11.00	10.00	11.00	10.00	10.00	10.00	10.00	10.00	10.00	9.00	8.00	8.00	8.00	8.00	7.00	8.00	8.00	8.00	9.00	9.00	9.00	9.00	8.00	7.00	9.00	9.00	9.00	9.00	9.00	9.00	8.00	8.00	7.00	7.00	8.00	8.00	8.00	9.00	9.00	9.00	10.00	10.00	10.00	9.00	9.00	9.00	9.00	9.00	10.00	10.00	10.00	10.00	10.00	10.00	10.00	11.00	11.00	11.00	11.00	12.00	11.00	12.00	11.00	11.00	12.00	12.00	12.00	12.00	12.00	12.00	12.00	12.00	11.00	11.00	11.00	12.00	11.00	12.00	13.00	13.00	12.00	12.00	11.00	11.00	11.00	10.00	10.00	10.00	10.00	11.00	10.00	11.00	11.00	12.00	13.00	12.00	13.00	13.00	12.00	11.00	11.00	11.00	10.00	12.00	16.00	17.00	17.00	17.00	15.00	13.00	14.00	15.00	15.00	12.00	12.00	11.00	11.00	13.00	12.00	11.00	11.00	12.00	10.00	12.00	10.00	10.00	14.00	20.00	22.00	19.00	6.00	5.00	9.00	10.00	8.00	13.00	12.00	22.00	30.00	20.00	17.00	19.00	19.00	21.00	19.00	12.00	15.00	13.00	16.00	15.00	16.00	17.00	16.00	15.00	19.00	17.00	15.00	31.00	37.00	36.00	39.00	42.00	18.00	16.00	13.00	15.00	28.00	22.00	21.00	20.00	19.00	19.00	19.00	18.00	19.00	18.00	34.00	45.00	51.00	61.00	58.00	60.00	63.00	62.00	54.00	44.00	34.00	31.00	29.00	33.00	45.00	58.00	59.00	59.00	49.00	36.00	33.00	33.00	37.00	37.00	38.00	39.00	38.00	36.00	39.00	40.00	40.00	41.00	38.00	38.00	38.00	37.00	36.00	38.00	39.00	41.00	40.00	37.00	38.00
3.00	3.00	3.00	3.00	3.00	6.00	3.00	3.00	3.00	3.00	3.00	6.00	7.00	8.00	7.00	7.00	7.00	6.00	6.00	6.00	7.00	10.00	10.00	11.00	12.00	12.00	12.00	12.00	11.00	11.00	11.00	11.00	11.00	11.00	11.00	11.00	11.00	11.00	10.00	11.00	10.00	10.00	10.00	10.00	10.00	10.00	9.00	8.00	8.00	8.00	8.00	7.00	8.00	8.00	8.00	9.00	9.00	9.00	9.00	8.00	7.00	9.00	9.00	9.00	9.00	9.00	9.00	8.00	8.00	7.00	7.00	8.00	8.00	8.00	9.00	9.00	9.00	10.00	10.00	10.00	9.00	9.00	9.00	9.00	9.00	10.00	10.00	10.00	10.00	10.00	10.00	10.00	11.00	11.00	11.00	11.00	12.00	11.00	12.00	11.00	11.00	12.00	12.00	12.00	12.00	12.00	12.00	12.00	12.00	11.00	11.00	11.00	12.00	11.00	12.00	13.00	13.00	12.00	12.00	11.00	11.00	11.00	10.00	10.00	10.00	10.00	11.00	10.00	11.00	11.00	12.00	13.00	12.00	13.00	13.00	12.00	11.00	11.00	11.00	10.00	12.00	16.00	17.00	17.00	17.00	15.00	13.00	14.00	15.00	15.00	12.00	12.00	11.00	11.00	13.00	12.00	11.00	11.00	12.00	10.00	12.00	10.00	10.00	14.00	20.00	22.00	19.00	6.00	5.00	9.00	10.00	8.00	13.00	12.00	22.00	30.00	20.00	17.00	19.00	19.00	21.00	19.00	12.00	15.00	13.00	16.00	15.00	16.00	17.00	16.00	15.00	19.00	17.00	15.00	31.00	37.00	36.00	39.00	42.00	18.00	16.00	13.00	15.00	28.00	22.00	21.00	20.00	19.00	19.00	19.00	18.00	19.00	18.00	34.00	45.00	51.00	61.00	58.00	60.00	63.00	62.00	54.00	44.00	34.00	31.00	29.00	33.00	45.00	58.00	59.00	59.00	49.00	36.00	33.00	33.00	37.00	37.00	38.00	39.00	38.00	36.00	39.00	40.00	40.00	41.00	38.00	38.00	38.00	37.00	36.00	38.00	39.00	41.00	40.00	37.00	38.00
3.00	3.00	3.00	3.00	5.00	9.00	5.00	3.00	3.00	3.00	3.00	5.00	7.00	8.00	8.00	8.00	7.00	7.00	7.00	8.00	11.00	11.00	11.00	11.00	10.00	10.00	10.00	10.00	11.00	11.00	11.00	12.00	12.00	11.00	11.00	11.00	11.00	11.00	11.00	10.00	10.00	9.00	8.00	8.00	7.00	7.00	7.00	7.00	7.00	9.00	10.00	10.00	9.00	9.00	9.00	9.00	9.00	9.00	9.00	9.00	9.00	9.00	9.00	9.00	9.00	9.00	8.00	9.00	8.00	8.00	8.00	9.00	9.00	9.00	9.00	8.00	8.00	8.00	9.00	8.00	9.00	9.00	10.00	10.00	10.00	10.00	10.00	11.00	11.00	11.00	10.00	11.00	10.00	11.00	11.00	11.00	11.00	11.00	11.00	12.00	12.00	12.00	12.00	12.00	12.00	12.00	12.00	11.00	11.00	12.00	12.00	12.00	13.00	14.00	13.00	13.00	13.00	13.00	12.00	13.00	16.00	16.00	13.00	12.00	11.00	11.00	10.00	10.00	11.00	12.00	13.00	13.00	12.00	12.00	12.00	12.00	13.00	13.00	12.00	11.00	10.00	13.00	14.00	9.00	6.00	9.00	10.00	11.00	11.00	12.00	15.00	13.00	12.00	11.00	11.00	11.00	11.00	12.00	15.00	12.00	11.00	10.00	8.00	9.00	11.00	10.00	11.00	12.00	13.00	10.00	12.00	19.00	19.00	21.00	25.00	27.00	26.00	29.00	33.00	35.00	32.00	30.00	34.00	16.00	11.00	10.00	10.00	11.00	14.00	15.00	14.00	17.00	17.00	18.00	21.00	22.00	25.00	31.00	34.00	12.00	10.00	14.00	14.00	22.00	25.00	25.00	22.00	17.00	20.00	18.00	19.00	23.00	34.00	35.00	39.00	39.00	42.00	39.00	46.00	56.00	62.00	37.00	24.00	22.00	30.00	36.00	50.00	60.00	65.00	63.00	69.00	67.00	55.00	41.00	35.00	37.00	38.00	40.00	40.00	39.00	39.00	41.00	42.00	41.00	40.00	38.00	36.00	35.00	36.00	36.00	36.00	35.00	34.00	44.00	45.00	41.00
3.00	3.00	3.00	3.00	5.00	9.00	5.00	3.00	3.00	3.00	3.00	5.00	7.00	8.00	8.00	8.00	7.00	7.00	7.00	8.00	11.00	11.00	11.00	11.00	10.00	10.00	10.00	10.00	11.00	11.00	11.00	12.00	12.00	11.00	11.00	11.00	11.00	11.00	11.00	10.00	10.00	9.00	8.00	8.00	7.00	7.00	7.00	7.00	7.00	9.00	10.00	10.00	9.00	9.00	9.00	9.00	9.00	9.00	9.00	9.00	9.00	9.00	9.00	9.00	9.00	9.00	8.00	9.00	8.00	8.00	8.00	9.00	9.00	9.00	9.00	8.00	8.00	8.00	9.00	8.00	9.00	9.00	10.00	10.00	10.00	10.00	10.00	11.00	11.00	11.00	10.00	11.00	10.00	11.00	11.00	11.00	11.00	11.00	11.00	12.00	12.00	12.00	12.00	12.00	12.00	12.00	12.00	11.00	11.00	12.00	12.00	12.00	13.00	14.00	13.00	13.00	13.00	13.00	12.00	13.00	16.00	16.00	13.00	12.00	11.00	11.00	10.00	10.00	11.00	12.00	13.00	13.00	12.00	12.00	12.00	12.00	13.00	13.00	12.00	11.00	10.00	13.00	14.00	9.00	6.00	9.00	10.00	11.00	11.00	12.00	15.00	13.00	12.00	11.00	11.00	11.00	11.00	12.00	15.00	12.00	11.00	10.00	8.00	9.00	11.00	10.00	11.00	12.00	13.00	10.00	12.00	19.00	19.00	21.00	25.00	27.00	26.00	29.00	33.00	35.00	32.00	30.00	34.00	16.00	11.00	10.00	10.00	11.00	14.00	15.00	14.00	17.00	17.00	18.00	21.00	22.00	25.00	31.00	34.00	12.00	10.00	14.00	14.00	22.00	25.00	25.00	22.00	17.00	20.00	18.00	19.00	23.00	34.00	35.00	39.00	39.00	42.00	39.00	46.00	56.00	62.00	37.00	24.00	22.00	30.00	36.00	50.00	60.00	65.00	63.00	69.00	67.00	55.00	41.00	35.00	37.00	38.00	40.00	40.00	39.00	39.00	41.00	42.00	41.00	40.00	38.00	36.00	35.00	36.00	36.00	36.00	35.00	34.00	44.00	45.00	41.00
3.00	3.00	5.00	5.00	4.00	5.00	7.00	4.00	3.00	4.00	3.00	6.00	7.00	7.00	6.00	7.00	7.00	7.00	7.00	11.00	11.00	11.00	11.00	11.00	11.00	11.00	12.00	12.00	11.00	11.00	9.00	9.00	9.00	10.00	10.00	10.00	10.00	10.00	11.00	10.00	10.00	9.00	8.00	8.00	8.00	8.00	8.00	8.00	8.00	9.00	9.00	10.00	10.00	10.00	10.00	10.00	10.00	9.00	9.00	9.00	9.00	9.00	8.00	9.00	9.00	8.00	9.00	9.00	9.00	9.00	9.00	9.00	8.00	8.00	8.00	9.00	9.00	9.00	8.00	8.00	8.00	8.00	9.00	9.00	10.00	10.00	10.00	10.00	9.00	9.00	9.00	9.00	10.00	10.00	9.00	9.00	11.00	10.00	11.00	11.00	11.00	11.00	11.00	12.00	12.00	12.00	12.00	12.00	12.00	12.00	12.00	12.00	11.00	11.00	11.00	11.00	11.00	12.00	14.00	17.00	16.00	16.00	14.00	11.00	12.00	11.00	10.00	12.00	11.00	11.00	12.00	13.00	14.00	14.00	13.00	12.00	12.00	12.00	12.00	12.00	12.00	11.00	10.00	10.00	10.00	9.00	8.00	8.00	8.00	8.00	9.00	12.00	13.00	12.00	10.00	12.00	12.00	12.00	11.00	11.00	11.00	6.00	5.00	5.00	3.00	3.00	5.00	17.00	20.00	20.00	18.00	19.00	27.00	23.00	20.00	20.00	15.00	19.00	22.00	23.00	19.00	25.00	33.00	18.00	12.00	10.00	10.00	11.00	15.00	16.00	14.00	18.00	8.00	11.00	23.00	19.00	11.00	13.00	14.00	19.00	18.00	18.00	19.00	18.00	19.00	23.00	25.00	26.00	27.00	25.00	27.00	29.00	25.00	22.00	23.00	23.00	24.00	29.00	29.00	29.00	30.00	27.00	28.00	39.00	43.00	46.00	70.00	63.00	60.00	62.00	57.00	65.00	70.00	64.00	46.00	37.00	39.00	41.00	41.00	41.00	42.00	43.00	44.00	42.00	37.00	37.00	37.00	38.00	36.00	36.00	36.00	35.00	36.00	38.00	38.00	49.00
3.00	3.00	5.00	5.00	4.00	5.00	7.00	4.00	3.00	4.00	3.00	6.00	7.00	7.00	6.00	7.00	7.00	7.00	7.00	11.00	11.00	11.00	11.00	11.00	11.00	11.00	12.00	12.00	11.00	11.00	9.00	9.00	9.00	10.00	10.00	10.00	10.00	10.00	11.00	10.00	10.00	9.00	8.00	8.00	8.00	8.00	8.00	8.00	8.00	9.00	9.00	10.00	10.00	10.00	10.00	10.00	10.00	9.00	9.00	9.00	9.00	9.00	8.00	9.00	9.00	8.00	9.00	9.00	9.00	9.00	9.00	9.00	8.00	8.00	8.00	9.00	9.00	9.00	8.00	8.00	8.00	8.00	9.00	9.00	10.00	10.00	10.00	10.00	9.00	9.00	9.00	9.00	10.00	10.00	9.00	9.00	11.00	10.00	11.00	11.00	11.00	11.00	11.00	12.00	12.00	12.00	12.00	12.00	12.00	12.00	12.00	12.00	11.00	11.00	11.00	11.00	11.00	12.00	14.00	17.00	16.00	16.00	14.00	11.00	12.00	11.00	10.00	12.00	11.00	11.00	12.00	13.00	14.00	14.00	13.00	12.00	12.00	12.00	12.00	12.00	12.00	11.00	10.00	10.00	10.00	9.00	8.00	8.00	8.00	8.00	9.00	12.00	13.00	12.00	10.00	12.00	12.00	12.00	11.00	11.00	11.00	6.00	5.00	5.00	3.00	3.00	5.00	17.00	20.00	20.00	18.00	19.00	27.00	23.00	20.00	20.00	15.00	19.00	22.00	23.00	19.00	25.00	33.00	18.00	12.00	10.00	10.00	11.00	15.00	16.00	14.00	18.00	8.00	11.00	23.00	19.00	11.00	13.00	14.00	19.00	18.00	18.00	19.00	18.00	19.00	23.00	25.00	26.00	27.00	25.00	27.00	29.00	25.00	22.00	23.00	23.00	24.00	29.00	29.00	29.00	30.00	27.00	28.00	39.00	43.00	46.00	70.00	63.00	60.00	62.00	57.00	65.00	70.00	64.00	46.00	37.00	39.00	41.00	41.00	41.00	42.00	43.00	44.00	42.00	37.00	37.00	37.00	38.00	36.00	36.00	36.00	35.00	36.00	38.00	38.00	49.00
6.00	6.00	8.00	8.00	6.00	8.00	13.00	8.00	6.00	7.00	5.00	4.00	6.00	7.00	3.00	3.00	4.00	4.00	7.00	12.00	12.00	12.00	11.00	11.00	11.00	11.00	10.00	9.00	6.00	5.00	5.00	5.00	5.00	5.00	6.00	8.00	9.00	10.00	10.00	10.00	10.00	10.00	9.00	8.00	8.00	8.00	9.00	9.00	9.00	10.00	10.00	10.00	10.00	10.00	10.00	10.00	10.00	10.00	10.00	10.00	10.00	10.00	10.00	10.00	8.00	7.00	10.00	10.00	9.00	9.00	9.00	9.00	9.00	9.00	7.00	9.00	9.00	8.00	9.00	9.00	9.00	9.00	8.00	9.00	8.00	9.00	9.00	9.00	10.00	10.00	10.00	10.00	10.00	10.00	9.00	8.00	11.00	11.00	11.00	10.00	10.00	10.00	10.00	10.00	10.00	10.00	10.00	10.00	11.00	11.00	12.00	12.00	12.00	12.00	12.00	12.00	12.00	11.00	10.00	10.00	10.00	10.00	9.00	10.00	10.00	10.00	10.00	11.00	11.00	11.00	12.00	12.00	12.00	12.00	12.00	12.00	12.00	12.00	12.00	14.00	14.00	10.00	11.00	12.00	13.00	11.00	10.00	11.00	10.00	8.00	8.00	8.00	10.00	10.00	9.00	8.00	8.00	8.00	9.00	9.00	9.00	9.00	8.00	8.00	9.00	6.00	5.00	10.00	15.00	21.00	31.00	34.00	11.00	8.00	8.00	8.00	8.00	8.00	8.00	12.00	21.00	27.00	21.00	18.00	13.00	11.00	12.00	13.00	14.00	19.00	32.00	34.00	15.00	12.00	19.00	21.00	21.00	21.00	17.00	21.00	20.00	18.00	17.00	31.00	26.00	24.00	25.00	23.00	29.00	20.00	17.00	16.00	16.00	16.00	17.00	24.00	31.00	32.00	32.00	30.00	30.00	30.00	27.00	32.00	41.00	41.00	38.00	44.00	45.00	47.00	46.00	40.00	48.00	63.00	64.00	34.00	35.00	37.00	39.00	43.00	43.00	39.00	42.00	42.00	44.00	44.00	42.00	38.00	37.00	35.00	35.00	35.00	35.00	35.00	37.00	43.00
6.00	6.00	8.00	8.00	6.00	8.00	13.00	8.00	6.00	7.00	5.00	4.00	6.00	7.00	3.00	3.00	4.00	4.00	7.00	12.00	12.00	12.00	11.00	11.00	11.00	11.00	10.00	9.00	6.00	5.00	5.00	5.00	5.00	5.00	6.00	8.00	9.00	10.00	10.00	10.00	10.00	10.00	9.00	8.00	8.00	8.00	9.00	9.00	9.00	10.00	10.00	10.00	10.00	10.00	10.00	10.00	10.00	10.00	10.00	10.00	10.00	10.00	10.00	10.00	8.00	7.00	10.00	10.00	9.00	9.00	9.00	9.00	9.00	9.00	7.00	9.00	9.00	8.00	9.00	9.00	9.00	9.00	8.00	9.00	8.00	9.00	9.00	9.00	10.00	10.00	10.00	10.00	10.00	10.00	9.00	8.00	11.00	11.00	11.00	10.00	10.00	10.00	10.00	10.00	10.00	10.00	10.00	10.00	11.00	11.00	12.00	12.00	12.00	12.00	12.00	12.00	12.00	11.00	10.00	10.00	10.00	10.00	9.00	10.00	10.00	10.00	10.00	11.00	11.00	11.00	12.00	12.00	12.00	12.00	12.00	12.00	12.00	12.00	12.00	14.00	14.00	10.00	11.00	12.00	13.00	11.00	10.00	11.00	10.00	8.00	8.00	8.00	10.00	10.00	9.00	8.00	8.00	8.00	9.00	9.00	9.00	9.00	8.00	8.00	9.00	6.00	5.00	10.00	15.00	21.00	31.00	34.00	11.00	8.00	8.00	8.00	8.00	8.00	8.00	12.00	21.00	27.00	21.00	18.00	13.00	11.00	12.00	13.00	14.00	19.00	32.00	34.00	15.00	12.00	19.00	21.00	21.00	21.00	17.00	21.00	20.00	18.00	17.00	31.00	26.00	24.00	25.00	23.00	29.00	20.00	17.00	16.00	16.00	16.00	17.00	24.00	31.00	32.00	32.00	30.00	30.00	30.00	27.00	32.00	41.00	41.00	38.00	44.00	45.00	47.00	46.00	40.00	48.00	63.00	64.00	34.00	35.00	37.00	39.00	43.00	43.00	39.00	42.00	42.00	44.00	44.00	42.00	38.00	37.00	35.00	35.00	35.00	35.00	35.00	37.00	43.00
6.00	7.00	9.00	7.00	9.00	13.00	15.00	16.00	17.00	14.00	10.00	7.00	7.00	5.00	3.00	3.00	3.00	3.00	3.00	9.00	11.00	10.00	6.00	5.00	11.00	10.00	6.00	5.00	5.00	5.00	5.00	5.00	5.00	5.00	5.00	5.00	5.00	8.00	8.00	9.00	10.00	10.00	10.00	10.00	10.00	9.00	9.00	10.00	10.00	10.00	10.00	10.00	10.00	10.00	10.00	10.00	11.00	10.00	10.00	9.00	10.00	10.00	9.00	10.00	11.00	10.00	10.00	10.00	10.00	10.00	10.00	10.00	10.00	10.00	9.00	9.00	8.00	10.00	10.00	9.00	9.00	9.00	9.00	10.00	9.00	10.00	9.00	10.00	9.00	9.00	9.00	10.00	10.00	10.00	8.00	9.00	9.00	10.00	9.00	9.00	10.00	10.00	10.00	11.00	11.00	11.00	11.00	9.00	11.00	11.00	11.00	12.00	11.00	11.00	11.00	11.00	12.00	11.00	11.00	10.00	11.00	12.00	12.00	11.00	11.00	11.00	11.00	10.00	11.00	13.00	14.00	12.00	12.00	12.00	13.00	13.00	12.00	14.00	16.00	14.00	11.00	13.00	15.00	14.00	13.00	14.00	13.00	12.00	11.00	11.00	10.00	11.00	11.00	12.00	8.00	10.00	12.00	11.00	9.00	10.00	8.00	9.00	7.00	6.00	7.00	8.00	8.00	8.00	9.00	10.00	13.00	16.00	8.00	8.00	8.00	8.00	8.00	8.00	8.00	8.00	14.00	27.00	10.00	9.00	9.00	16.00	19.00	20.00	26.00	34.00	37.00	25.00	32.00	32.00	36.00	32.00	34.00	38.00	36.00	39.00	45.00	40.00	31.00	44.00	30.00	21.00	21.00	22.00	22.00	20.00	23.00	24.00	18.00	23.00	26.00	30.00	29.00	33.00	34.00	34.00	36.00	31.00	27.00	21.00	33.00	35.00	36.00	42.00	45.00	43.00	35.00	30.00	33.00	47.00	62.00	46.00	51.00	53.00	51.00	42.00	41.00	40.00	38.00	33.00	43.00	36.00	32.00	31.00	32.00	32.00	31.00	31.00	31.00	32.00	34.00	35.00
6.00	7.00	9.00	7.00	9.00	13.00	15.00	16.00	17.00	14.00	10.00	7.00	7.00	5.00	3.00	3.00	3.00	3.00	3.00	9.00	11.00	10.00	6.00	5.00	11.00	10.00	6.00	5.00	5.00	5.00	5.00	5.00	5.00	5.00	5.00	5.00	5.00	8.00	8.00	9.00	10.00	10.00	10.00	10.00	10.00	9.00	9.00	10.00	10.00	10.00	10.00	10.00	10.00	10.00	10.00	10.00	11.00	10.00	10.00	9.00	10.00	10.00	9.00	10.00	11.00	10.00	10.00	10.00	10.00	10.00	10.00	10.00	10.00	10.00	9.00	9.00	8.00	10.00	10.00	9.00	9.00	9.00	9.00	10.00	9.00	10.00	9.00	10.00	9.00	9.00	9.00	10.00	10.00	10.00	8.00	9.00	9.00	10.00	9.00	9.00	10.00	10.00	10.00	11.00	11.00	11.00	11.00	9.00	11.00	11.00	11.00	12.00	11.00	11.00	11.00	11.00	12.00	11.00	11.00	10.00	11.00	12.00	12.00	11.00	11.00	11.00	11.00	10.00	11.00	13.00	14.00	12.00	12.00	12.00	13.00	13.00	12.00	14.00	16.00	14.00	11.00	13.00	15.00	14.00	13.00	14.00	13.00	12.00	11.00	11.00	10.00	11.00	11.00	12.00	8.00	10.00	12.00	11.00	9.00	10.00	8.00	9.00	7.00	6.00	7.00	8.00	8.00	8.00	9.00	10.00	13.00	16.00	8.00	8.00	8.00	8.00	8.00	8.00	8.00	8.00	14.00	27.00	10.00	9.00	9.00	16.00	19.00	20.00	26.00	34.00	37.00	25.00	32.00	32.00	36.00	32.00	34.00	38.00	36.00	39.00	45.00	40.00	31.00	44.00	30.00	21.00	21.00	22.00	22.00	20.00	23.00	24.00	18.00	23.00	26.00	30.00	29.00	33.00	34.00	34.00	36.00	31.00	27.00	21.00	33.00	35.00	36.00	42.00	45.00	43.00	35.00	30.00	33.00	47.00	62.00	46.00	51.00	53.00	51.00	42.00	41.00	40.00	38.00	33.00	43.00	36.00	32.00	31.00	32.00	32.00	31.00	31.00	31.00	32.00	34.00	35.00
6.00	7.00	9.00	7.00	9.00	13.00	15.00	16.00	17.00	14.00	10.00	7.00	7.00	5.00	3.00	3.00	3.00	3.00	3.00	9.00	11.00	10.00	6.00	5.00	11.00	10.00	6.00	5.00	5.00	5.00	5.00	5.00	5.00	5.00	5.00	5.00	5.00	8.00	8.00	9.00	10.00	10.00	10.00	10.00	10.00	9.00	9.00	10.00	10.00	10.00	10.00	10.00	10.00	10.00	10.00	10.00	11.00	10.00	10.00	9.00	10.00	10.00	9.00	10.00	11.00	10.00	10.00	10.00	10.00	10.00	10.00	10.00	10.00	10.00	9.00	9.00	8.00	10.00	10.00	9.00	9.00	9.00	9.00	10.00	9.00	10.00	9.00	10.00	9.00	9.00	9.00	10.00	10.00	10.00	8.00	9.00	9.00	10.00	9.00	9.00	10.00	10.00	10.00	11.00	11.00	11.00	11.00	9.00	11.00	11.00	11.00	12.00	11.00	11.00	11.00	11.00	12.00	11.00	11.00	10.00	11.00	12.00	12.00	11.00	11.00	11.00	11.00	10.00	11.00	13.00	14.00	12.00	12.00	12.00	13.00	13.00	12.00	14.00	16.00	14.00	11.00	13.00	15.00	14.00	13.00	14.00	13.00	12.00	11.00	11.00	10.00	11.00	11.00	12.00	8.00	10.00	12.00	11.00	9.00	10.00	8.00	9.00	7.00	6.00	7.00	8.00	8.00	8.00	9.00	10.00	13.00	16.00	8.00	8.00	8.00	8.00	8.00	8.00	8.00	8.00	14.00	27.00	10.00	9.00	9.00	16.00	19.00	20.00	26.00	34.00	37.00	25.00	32.00	32.00	36.00	32.00	34.00	38.00	36.00	39.00	45.00	40.00	31.00	44.00	30.00	21.00	21.00	22.00	22.00	20.00	23.00	24.00	18.00	23.00	26.00	30.00	29.00	33.00	34.00	34.00	36.00	31.00	27.00	21.00	33.00	35.00	36.00	42.00	45.00	43.00	35.00	30.00	33.00	47.00	62.00	46.00	51.00	53.00	51.00	42.00	41.00	40.00	38.00	33.00	43.00	36.00	32.00	31.00	32.00	32.00	31.00	31.00	31.00	32.00	34.00	35.00
6.00	6.00	6.00	6.00	5.00	6.00	13.00	18.00	17.00	14.00	11.00	9.00	6.00	3.00	3.00	3.00	3.00	3.00	3.00	6.00	9.00	8.00	5.00	5.00	5.00	8.00	6.00	5.00	5.00	5.00	5.00	5.00	5.00	5.00	5.00	5.00	6.00	9.00	9.00	9.00	8.00	9.00	9.00	9.00	9.00	9.00	9.00	9.00	9.00	9.00	10.00	10.00	10.00	10.00	10.00	10.00	10.00	8.00	10.00	11.00	10.00	9.00	9.00	10.00	10.00	10.00	11.00	11.00	11.00	11.00	11.00	11.00	11.00	10.00	10.00	10.00	10.00	11.00	10.00	11.00	11.00	10.00	10.00	10.00	10.00	10.00	10.00	9.00	10.00	10.00	10.00	10.00	10.00	10.00	10.00	9.00	9.00	9.00	10.00	10.00	9.00	9.00	9.00	9.00	9.00	10.00	9.00	9.00	10.00	10.00	10.00	10.00	11.00	11.00	11.00	11.00	11.00	11.00	11.00	9.00	11.00	11.00	11.00	11.00	12.00	11.00	11.00	11.00	13.00	17.00	17.00	14.00	15.00	13.00	14.00	14.00	13.00	11.00	11.00	12.00	13.00	13.00	14.00	14.00	14.00	12.00	11.00	11.00	10.00	10.00	14.00	13.00	11.00	10.00	9.00	12.00	12.00	11.00	9.00	6.00	5.00	6.00	8.00	6.00	6.00	5.00	7.00	9.00	9.00	10.00	12.00	11.00	10.00	8.00	8.00	8.00	8.00	8.00	8.00	10.00	15.00	18.00	16.00	20.00	22.00	19.00	20.00	21.00	26.00	37.00	23.00	13.00	11.00	15.00	15.00	17.00	22.00	23.00	22.00	33.00	37.00	39.00	36.00	50.00	41.00	23.00	15.00	21.00	30.00	30.00	28.00	28.00	26.00	38.00	37.00	34.00	31.00	32.00	32.00	32.00	34.00	21.00	25.00	30.00	27.00	33.00	47.00	61.00	57.00	41.00	28.00	35.00	38.00	49.00	64.00	73.00	71.00	59.00	53.00	31.00	36.00	40.00	43.00	44.00	32.00	30.00	30.00	30.00	30.00	30.00	30.00	34.00	34.00	32.00	31.00	31.00
6.00	6.00	6.00	6.00	5.00	6.00	13.00	18.00	17.00	14.00	11.00	9.00	6.00	3.00	3.00	3.00	3.00	3.00	3.00	6.00	9.00	8.00	5.00	5.00	5.00	8.00	6.00	5.00	5.00	5.00	5.00	5.00	5.00	5.00	5.00	5.00	6.00	9.00	9.00	9.00	8.00	9.00	9.00	9.00	9.00	9.00	9.00	9.00	9.00	9.00	10.00	10.00	10.00	10.00	10.00	10.00	10.00	8.00	10.00	11.00	10.00	9.00	9.00	10.00	10.00	10.00	11.00	11.00	11.00	11.00	11.00	11.00	11.00	10.00	10.00	10.00	10.00	11.00	10.00	11.00	11.00	10.00	10.00	10.00	10.00	10.00	10.00	9.00	10.00	10.00	10.00	10.00	10.00	10.00	10.00	9.00	9.00	9.00	10.00	10.00	9.00	9.00	9.00	9.00	9.00	10.00	9.00	9.00	10.00	10.00	10.00	10.00	11.00	11.00	11.00	11.00	11.00	11.00	11.00	9.00	11.00	11.00	11.00	11.00	12.00	11.00	11.00	11.00	13.00	17.00	17.00	14.00	15.00	13.00	14.00	14.00	13.00	11.00	11.00	12.00	13.00	13.00	14.00	14.00	14.00	12.00	11.00	11.00	10.00	10.00	14.00	13.00	11.00	10.00	9.00	12.00	12.00	11.00	9.00	6.00	5.00	6.00	8.00	6.00	6.00	5.00	7.00	9.00	9.00	10.00	12.00	11.00	10.00	8.00	8.00	8.00	8.00	8.00	8.00	10.00	15.00	18.00	16.00	20.00	22.00	19.00	20.00	21.00	26.00	37.00	23.00	13.00	11.00	15.00	15.00	17.00	22.00	23.00	22.00	33.00	37.00	39.00	36.00	50.00	41.00	23.00	15.00	21.00	30.00	30.00	28.00	28.00	26.00	38.00	37.00	34.00	31.00	32.00	32.00	32.00	34.00	21.00	25.00	30.00	27.00	33.00	47.00	61.00	57.00	41.00	28.00	35.00	38.00	49.00	64.00	73.00	71.00	59.00	53.00	31.00	36.00	40.00	43.00	44.00	32.00	30.00	30.00	30.00	30.00	30.00	30.00	34.00	34.00	32.00	31.00	31.00