																																																																																																																																																																																																																																																															
																																																																																																																																																																																																																																																															
																																																																																																																																																																																																																																																															
																																																																																																																																																																																																																																																															
																																																																																																																																																																																																																																																															
																																																																																																																																																																																																																																																															
																																																																																																																																																																																																																																																															
																																																																																																																																																																																																																																																															
																																																																																																																																																																																																																																																															
																																																																																																																																																																																																																																																															
																																																																																																																																																																																																																																																															
																																																																																																																																																																																																																																																															
																																																																																																																																																																																																																																																															
																																																																																																																																																																																																																																																															
																																																																																																																																																																																																																																																															
																																																																																																																																																																																																																																																															
																																																																																																																																																																																																																																																															
																																																																																																																																																																																																																																																															
																																																																																																																																																																																																																																																															
																																																																																																																																																																																																																																																															
																																																																																																																																																																																																																																																															
																																																																																																																																																																																																																																																															
																																																																																																																																																																																																																																																															
																																																																																																																																																																																																																																																															
																																																																																																																																																																																																																																																															
																																																																																																																																																																																																																																																															
																																																																																																																																																																																																																																																															
																																																																																																																																																																																																																																																															
																																																																																																																																																																																																																																																															
																																																																																																																																																																																																																																																															
																																																																																																																																																																																																																																																															
																																																																																																																																																																																																																																																															
																																																																																																																																																																																																																																																															
																																																																																																																																																																																																																																																															
																																																																																																																																																																																																																																																															
																																																																																																																																																																																																																																																															
																																																																																																																																																																																																																																																															
																																																																																																																																																																																																																																																															
																																																																																																																																																																																																																																																															
																																																																																																																																																																																																																																																															
																																																																																																																																																																																																																																																															
																																																																																																																																																																																																																																																															
																																																																																																																																																																																																																																																															
																																																																																																																																																																																																																																																															
																																																																																																																																																																																																																																																															
																																																																																																																																																																																																																																																															
																																																																																																																																																																																																																																																															
																																																																																																																																																																																																																																																															
																																																																																																																																																																																																																																																															
																																																																																																																																																																																																																																																															
																																																																																																																																																																																																																																																															
																																																																																																																																																																																																																																																															
																																																																																																																																																																																																																																																															
																																																																																																																																																																																																																																																															
																																																																																																																																																																																																																																																															
																																																																																																																																																																																																																																																															
																																																																																																																																																																																																																																																															
																																																																																																																																																																																																																																																															
																																																																																																																																																																																																																																																															
																																																																																																																																																																																																																																																															
																																																																																																																																																																																																																																																															
																																																																																																																																																																																																																																																															
																																																																																																																																																																																																																																																															
																																																																																																																																																																																																																																																															
																																																																																																																																																																																																																																																															
																																																																																																																																																																																																																																																															
																																																																																																																																																																																																																																																															
																																																																																																																																																																																																																																																															
																																																																																																																																																																																																																																																															
																																																																																																																																																																																																																																																															
																																																																																																																																																																																																																																																															
																																																																																																																																																																																																																																																															
																																																																																																																																																																																																																																																															
																																																																																																																																																																																																																																																															
																																																																																																																																																																																																																																																															
																																																																																																																																																																																																																																																															
																																																																																																																																																																																																																																																															
																																																																																																																																																																																																																																																															
																																																																																																																																																																																																																																																															
																																																																																																																																																																																																																																																															
																																																																																																																																																																																																																																																															
																																																																																																																																																																																																																																																															
																																																																																																																																																																																																																																																															
																																																																																																																																																																																																																																																															
																																																																																																																																																																																																																																																															
																																																																																																																																																																																																																																																															
																																																																																																																																																																																																																																																															
																																																																																																																																																																																																																																																															
																																																																																																																																																																																																																																																															
																																																																																																																																																																																																																																																															
																																																																																																																																																																																																																																																															
																																																																																																																																																																																																																																																															
																																																																																																																																																																																																																																																															
																																																																																																																																																																																																																																																															
																																																																																																																																																																																																																												32.00	1.00																																		
																																																																																																																																																																																																																											32.00	124.00	5.00																																		
																																																																																																																																																																																																																									0.00	21.00	85.00	43.00	1.00	1.00																																	
																																																																																																																																																																																																																					1.00	3.00		0.00	2.00	77.00	141.00	103.00	66.00	52.00	49.00	31.00	27.00	7.00	15.00	10.00																											
																																																																																																																																																																																																																						1.00		0.00	49.00	109.00	135.00	91.00	113.00	120.00	116.00	140.00	124.00	98.00	76.00	95.00	1.00																										
																																																																																																																																																																																																																								2.00	79.00	94.00	10.00	115.00	115.00	181.00	189.00	189.00	203.00	221.00	247.00	213.00																											
																																																																																																																																																																																																																									14.00	31.00	10.00	124.00	124.00	159.00	151.00	200.00	209.00	252.00	246.00	135.00																											
																																																																																																																																																																																																																											9.00	134.00	143.00	165.00	155.00	177.00	220.00	268.00	267.00	71.00																											
																																																																																																																																																																																																																											2.00	113.00	157.00	189.00	196.00	140.00	176.00	223.00	202.00	70.00																											
																																																																																																																																																																																																																												119.00	155.00	136.00	131.00	180.00	105.00	152.00	90.00	70.00																											
																																																																																																																																																																																																																												119.00	155.00	136.00	131.00	180.00	105.00	152.00	90.00	70.00																											
																																																																																																																																																																																																																												61.00	123.00	140.00	130.00	79.00	80.00	161.00	76.00	1.00																											
																																																																																																																																																																																																																											0.00	113.00	124.00	157.00	98.00	14.00	74.00	124.00	50.00																												
																																																																																																																																																																																																																												39.00	23.00	73.00	28.00																														23.00	8.00	
																																																																																																																																																																																																																																																													11.00	38.00	19.00
																																																																																																																																																																																																																									0.00	16.00	21.00																																			64.00	42.00
																																																																																																																																																																																																																								4.00	15.00	71.00	82.00																																			80.00	82.00
																																																																																																																																																																																																																										12.00	5.00																																		0.00	117.00	141.00
																																																																																																																																																																																																																		1.00	4.00			0.00																																					0.00	2.00	25.00	143.00	164.00
																																																																																																																																																																																																																			69.00	7.00	3.00	30.00	10.00		6.00																																		17.00	69.00	141.00	205.00	186.00
																																																																																																																																																																																																																			81.00	46.00	13.00	52.00	47.00	9.00	36.00	4.00																															0.00	10.00	40.00	128.00	125.00	214.00	137.00
																																																																																																																																																																																																																				48.00	60.00	66.00	55.00	59.00	60.00	37.00	1.00																												0.00	6.00	73.00	196.00	138.00	129.00	224.00	215.00	132.00
																																																																																																																																																																																																																				4.00	39.00	57.00	87.00	103.00	92.00	71.00	11.00																												0.00	47.00	221.00	307.00	215.00	175.00	219.00	216.00	118.00
																																																																																																																																																																																																																								10.00	38.00	69.00	62.00	2.00																											0.00	25.00	99.00	156.00	325.00	323.00	351.00	218.00	117.00
																																																																																																																																																																																																																									9.00	47.00	41.00	22.00																								0.00	0.00	0.00	8.00	24.00	64.00	93.00	265.00	300.00	353.00	146.00	89.00
																																																																																																																																																																																																																											6.00																									25.00	138.00	138.00	22.00	22.00	52.00	61.00	125.00	151.00	242.00	335.00	288.00
																																																																																																																																																																																																																																																			0.00	41.00	168.00	180.00	23.00	29.00	76.00	73.00	102.00	101.00	209.00	318.00	309.00
																																																																																																																																																																																																																																																			21.00	90.00	185.00	166.00	50.00	64.00	119.00	116.00	167.00	131.00	143.00	269.00	285.00
																																																																																																																																																																																																																																																			41.00	92.00	193.00	154.00	106.00	151.00	197.00	186.00	166.00	114.00	159.00	237.00	266.00
																																																																																																																																																																																																																																																0.00	17.00	33.00	42.00	72.00	108.00	120.00	271.00	307.00	333.00	321.00	332.00	285.00	175.00	215.00	234.00
																																																																																																																																																																																																																											0.00	8.00		1.00																		10.00	88.00	85.00	83.00	104.00	94.00	142.00	286.00	345.00	384.00	386.00	426.00	359.00	216.00	148.00	205.00
																																																																																																																																																																																																																										0.00	23.00	22.00	9.00	3.00																0.00	1.00	21.00	85.00	142.00	176.00	193.00	204.00	177.00	297.00	354.00	418.00	477.00	497.00	347.00	197.00	181.00	146.00
																																																																																																																																																																																																																											28.00	29.00	30.00	2.00																8.00	24.00	69.00	104.00	186.00	259.00	273.00	308.00	214.00	254.00	317.00	418.00	511.00	452.00	310.00	220.00	250.00	177.00
																																																																																																																																																																																																																													1.00	2.00												0.00	0.00	7.00	22.00	66.00	140.00	150.00	262.00	389.00	493.00	525.00	438.00	466.00	450.00	427.00	486.00	521.00	499.00	407.00	415.00	399.00	438.00
																																																																																																																																																																																																																																									18.00	45.00	47.00	59.00	26.00	113.00	172.00	228.00	285.00	383.00	560.00	598.00	548.00	566.00	580.00	512.00	625.00	624.00	458.00	383.00	397.00	426.00	445.00
																																																																																																																																																																																																																																									38.00	100.00	106.00	83.00	53.00	144.00	181.00	248.00	235.00	307.00	459.00	620.00	654.00	655.00	695.00	619.00	618.00	531.00	400.00	364.00	368.00	463.00	458.00
																																																																																																																																																																																																																																								3.00	24.00	58.00	102.00	130.00	99.00	82.00	116.00	141.00	190.00	264.00	390.00	504.00	566.00	654.00	725.00	690.00	594.00	456.00	308.00	318.00	387.00	412.00	437.00
																																																																																																																																																																																																																																							0.00	33.00	101.00	123.00	161.00	209.00	161.00	110.00	166.00	186.00	257.00	371.00	488.00	590.00	721.00	731.00	554.00	557.00	577.00	476.00	254.00	236.00	359.00	300.00	251.00
																																																																																																																																																																																																																																						0.00	9.00	32.00	140.00	173.00	249.00	203.00	176.00	133.00	191.00	206.00	329.00	475.00	542.00	613.00	643.00	569.00	424.00	427.00	427.00	394.00	180.00	228.00	348.00	199.00	156.00
																																																																																																																																																																																																																																					0.00	8.00	42.00	83.00	91.00	129.00	213.00	232.00	283.00	154.00	246.00	280.00	374.00	531.00	635.00	557.00	493.00	466.00	373.00	281.00	303.00	271.00	164.00	322.00	334.00	195.00	115.00
																																																																																																																																																																																																																																					4.00	40.00	31.00	94.00	198.00	133.00	196.00	303.00	298.00	203.00	285.00	361.00	385.00	608.00	613.00	519.00	387.00	321.00	316.00	259.00	209.00	153.00	208.00	311.00	247.00	116.00	96.00
																																																																																																																																																																																																																																			2.00	29.00	93.00	112.00	83.00	40.00	233.00	255.00	290.00	345.00	398.00	222.00	325.00	444.00	541.00	670.00	698.00	612.00	535.00	402.00	204.00	167.00	113.00	90.00	243.00	179.00	94.00	16.00	10.00
																																																																																																																																																																																																																																		0.00	6.00	63.00	128.00	153.00	122.00	71.00	196.00	212.00	304.00	405.00	431.00	287.00	282.00	325.00	402.00	625.00	690.00	553.00	422.00	323.00	231.00	291.00	277.00	201.00	95.00	84.00	55.00	16.00	7.00
																																																																																																																																																																																																																																		0.00	37.00	70.00	161.00	211.00	173.00	138.00	114.00	194.00	312.00	416.00	491.00	392.00	372.00	452.00	450.00	663.00	550.00	452.00	278.00	185.00	123.00	185.00	223.00	153.00	57.00	32.00	27.00	15.00	3.00
																																																																																																																																																																																																																																0.00	9.00	20.00	46.00	113.00	295.00	314.00	282.00	238.00	264.00	170.00	237.00	316.00	415.00	611.00	536.00	633.00	671.00	540.00	428.00	362.00	365.00	431.00	310.00	171.00	72.00	94.00	25.00	18.00	15.00	3.00	
																																																																																																																																																																																																																																33.00	44.00	33.00	63.00	94.00	238.00	330.00	338.00	305.00	281.00	201.00	267.00	408.00	446.00	637.00	584.00	505.00	399.00	365.00	481.00	458.00	394.00	263.00	207.00	154.00	105.00	73.00	21.00	12.00	1.00		
																																																																																																																																																																																																																																46.00	80.00	82.00	74.00	124.00	184.00	253.00	338.00	379.00	308.00	302.00	288.00	321.00	405.00	599.00	461.00	396.00	308.00	352.00	429.00	451.00	378.00	240.00	227.00	131.00	62.00	33.00	16.00	10.00			
																																																																																																																																																																																																																															8.00	52.00	117.00	189.00	141.00	127.00	226.00	278.00	391.00	464.00	349.00	426.00	361.00	391.00	550.00	529.00	408.00	330.00	245.00	304.00	409.00	440.00	454.00	306.00	164.00	93.00	39.00	24.00	14.00	6.00			
																																																																																																																																																																																																																														13.00	26.00	38.00	63.00	188.00	199.00	215.00	298.00	412.00	491.00	564.00	416.00	523.00	461.00	456.00	567.00	479.00	373.00	319.00	280.00	243.00	404.00	427.00	410.00	266.00	129.00	93.00	21.00	18.00	11.00				
																																																																																																																																																																																																																														47.00	138.00	158.00	68.00	70.00	120.00	282.00	533.00	634.00	738.00	728.00	633.00	646.00	636.00	723.00	686.00	652.00	501.00	488.00	483.00	205.00	188.00	209.00	242.00	268.00	163.00	89.00	40.00	23.00	13.00	2.00			
																																																																																																																																																																																																																														47.00	138.00	158.00	68.00	70.00	120.00	282.00	533.00	634.00	738.00	728.00	633.00	646.00	636.00	723.00	686.00	652.00	501.00	488.00	483.00	205.00	188.00	209.00	242.00	268.00	163.00	89.00	40.00	23.00	13.00	2.00			
																																																																																																																																																																																																																														65.00	187.00	136.00	62.00	105.00	176.00	296.00	597.00	656.00	764.00	762.00	676.00	650.00	627.00	701.00	782.00	608.00	529.00	517.00	515.00	305.00	177.00	104.00	116.00	205.00	179.00	83.00	43.00	27.00	12.00	4.00			
																																																																																																																																																																																																																													0.00	47.00	130.00	227.00	107.00	108.00	214.00	325.00	595.00	670.00	756.00	749.00	688.00	696.00	672.00	701.00	786.00	601.00	559.00	577.00	601.00	454.00	254.00	160.00	133.00	87.00	79.00	45.00	31.00	22.00	14.00	7.00			
																																																																																																																																																																																																																												16.00	30.00	150.00	199.00	333.00	214.00	131.00	193.00	225.00	377.00	493.00	592.00	677.00	716.00	694.00	668.00	660.00	577.00	422.00	569.00	563.00	565.00	442.00	236.00	250.00	190.00	165.00	74.00	60.00	57.00	42.00	13.00	3.00			
																																																																																																																																																																																																																											5.00	78.00	75.00	133.00	277.00	402.00	225.00	234.00	230.00	371.00	498.00	576.00	660.00	687.00	692.00	626.00	528.00	521.00	384.00	429.00	579.00	501.00	387.00	358.00	212.00	168.00	135.00	128.00	66.00	42.00	39.00	31.00	15.00	4.00			
																																																																																																																																																																																																																										38.00	108.00	153.00	244.00	324.00	427.00	357.00	317.00	410.00	502.00	659.00	651.00	708.00	780.00	652.00	385.00	374.00	321.00	293.00	213.00	294.00	386.00	433.00	386.00	228.00	244.00	198.00	128.00	119.00	67.00	46.00	38.00	50.00	11.00	1.00			
																																																																																																																																																																																																																									1.00	41.00	101.00	190.00	265.00	331.00	441.00	386.00	440.00	491.00	573.00	714.00	750.00	795.00	823.00	722.00	479.00	364.00	303.00	247.00	200.00	193.00	274.00	325.00	264.00	346.00	263.00	214.00	150.00	100.00	25.00	32.00	39.00	23.00					
																																																																																																																																																																																																																							6.00	24.00	67.00	23.00	24.00	71.00	187.00	351.00	425.00	518.00	603.00	656.00	636.00	500.00	448.00	554.00	676.00	744.00	387.00	476.00	337.00	380.00	424.00	209.00	138.00	237.00	147.00	50.00	159.00	107.00	70.00	23.00	7.00								
																																																																																																																																																																																																																					0.00		9.00	41.00	83.00	31.00	64.00	117.00	282.00	391.00	517.00	632.00	728.00	643.00	539.00	434.00	372.00	426.00	567.00	596.00	309.00	315.00	210.00	277.00	369.00	345.00	146.00	148.00	150.00	179.00	33.00	26.00	17.00	16.00	6.00								
																																																																																																																																																																																																																				0.00	37.00	10.00	16.00	33.00	117.00	82.00	136.00	205.00	253.00	397.00	508.00	700.00	780.00	663.00	540.00	448.00	316.00	386.00	402.00	412.00	303.00	187.00	155.00	171.00	180.00	197.00	148.00	332.00	362.00	307.00	86.00	20.00	20.00	17.00	2.00								
																																																																																																																																																																																																																				2.00	66.00	57.00	25.00	46.00	118.00	222.00	235.00	328.00	267.00	530.00	604.00	670.00	825.00	737.00	613.00	600.00	326.00	280.00	278.00	313.00	247.00	171.00	243.00	237.00	201.00	211.00	319.00	364.00	268.00	166.00	41.00	14.00	15.00	12.00									
																																																																																																																																																																																																																		2.00	1.00	19.00	111.00	208.00	58.00	56.00	120.00	313.00	516.00	555.00	604.00	531.00	641.00	788.00	860.00	845.00	769.00	671.00	558.00	542.00	523.00	393.00	253.00	362.00	379.00	355.00	338.00	194.00	122.00	50.00	29.00	14.00	3.00												
																																																																																																																																																																																																																		0.00	29.00	36.00	80.00	220.00	123.00	188.00	251.00	265.00	505.00	605.00	618.00	664.00	713.00	809.00	841.00	835.00	794.00	632.00	424.00	452.00	411.00	291.00	391.00	442.00	379.00	237.00	143.00	53.00	25.00	12.00	1.00														
																																																																																																																																																																																																																3.00	1.00	15.00	30.00	89.00	169.00	202.00	305.00	353.00	421.00	376.00	571.00	669.00	698.00	724.00	802.00	740.00	716.00	757.00	639.00	653.00	398.00	325.00	258.00	252.00	441.00	343.00	210.00	96.00	38.00	22.00	9.00																
																																																																																																																																																																																																															21.00	19.00	30.00	61.00	96.00	47.00	182.00	266.00	398.00	447.00	501.00	519.00	640.00	732.00	717.00	753.00	830.00	707.00	587.00	596.00	539.00	511.00	393.00	257.00	311.00	406.00	300.00	204.00	103.00	75.00	35.00	8.00																	
																																																																																																																																																																																																													6.00	25.00	119.00	167.00	148.00	169.00	198.00	182.00	206.00	247.00	535.00	618.00	702.00	689.00	548.00	419.00	377.00	409.00	631.00	620.00	584.00	500.00	380.00	339.00	263.00	196.00	160.00	112.00	30.00	53.00	38.00	2.00																			
																																																																																																																																																																																																														48.00	165.00	240.00	225.00	198.00	216.00	284.00	333.00	354.00	595.00	654.00	673.00	630.00	493.00	313.00	285.00	374.00	515.00	541.00	463.00	407.00	420.00	450.00	115.00	68.00	42.00	32.00	9.00	1.00																					
																																																																																																																																																																																																													3.00	18.00	95.00	155.00	250.00	247.00	232.00	357.00	412.00	472.00	627.00	687.00	580.00	542.00	371.00	204.00	191.00	290.00	433.00	502.00	517.00	537.00	489.00	351.00	124.00	34.00	19.00	21.00	2.00																						
																																																																																																																																																																																																											0.00	5.00	10.00	20.00	166.00	223.00	253.00	285.00	331.00	374.00	513.00	484.00	632.00	663.00	567.00	431.00	337.00	203.00	151.00	212.00	267.00	376.00	431.00	493.00	444.00	363.00	232.00	29.00	14.00	9.00																							
																																																																																																																																																																																																										3.00	46.00	78.00	95.00	67.00	171.00	322.00	345.00	424.00	444.00	519.00	544.00	586.00	664.00	680.00	539.00	494.00	458.00	300.00	235.00	56.00	50.00	202.00	235.00	256.00	167.00	136.00	31.00	10.00	8.00	7.00																							
																																																																																																																																																																																																										44.00	83.00	178.00	152.00	96.00	92.00	172.00	271.00	368.00	552.00	593.00	608.00	593.00	588.00	606.00	532.00	405.00	320.00	155.00	118.00	98.00	74.00	94.00	112.00	132.00	79.00	29.00	13.00	11.00	9.00	8.00																							
																																																																																																																																																																																																										96.00	143.00	185.00	128.00	139.00	172.00	230.00	335.00	430.00	597.00	636.00	460.00	442.00	465.00	483.00	444.00	300.00	214.00	176.00	157.00	150.00	160.00	40.00	34.00	30.00	28.00	19.00	15.00	11.00	10.00	11.00																							
																																																																																																																																																																																																										141.00	157.00	197.00	186.00	185.00	197.00	280.00	286.00	367.00	512.00	632.00	533.00	422.00	382.00	364.00	421.00	360.00	276.00	327.00	266.00	228.00	130.00	42.00	30.00	26.00	22.00	19.00	13.00	11.00	10.00	13.00																							
																																																																																																																																																																																																										53.00	139.00	206.00	322.00	364.00	352.00	425.00	547.00	502.00	497.00	678.00	676.00	614.00	310.00	205.00	225.00	332.00	378.00	268.00	249.00	110.00	70.00	24.00	19.00	19.00	18.00	16.00	12.00	11.00	10.00	8.00																							
																																																																																																																																																																																																								3.00	76.00	63.00	138.00	219.00	284.00	351.00	460.00	520.00	632.00	538.00	484.00	629.00	561.00	537.00	318.00	226.00	159.00	261.00	333.00	181.00	133.00	98.00	37.00	17.00	17.00	17.00	16.00	18.00	12.00	11.00	10.00	8.00																							
																																																																																																																																																																																																						2.00		58.00	182.00	186.00	186.00	212.00	213.00	292.00	513.00	511.00	444.00	420.00	315.00	380.00	280.00	261.00	321.00	198.00	107.00	193.00	183.00	66.00	43.00	23.00	21.00	19.00	17.00	16.00	15.00	14.00	14.00	11.00	11.00	9.00	1.00																						
																																																																																																																																																																																																						9.00		20.00	126.00	261.00	296.00	347.00	318.00	323.00	505.00	433.00	364.00	353.00	293.00	249.00	222.00	193.00	213.00	254.00	134.00	106.00	86.00	54.00	35.00	25.00	21.00	20.00	20.00	18.00	16.00	13.00	11.00	13.00	12.00	11.00	5.00																						
																																																																																																																																																																																																						0.00	43.00	15.00	26.00	387.00	436.00	442.00	432.00	494.00	529.00	416.00	331.00	247.00	147.00	89.00	55.00	52.00	36.00	77.00	90.00	41.00	39.00	44.00	40.00	35.00	30.00	26.00	18.00	15.00	13.00	14.00	10.00	11.00	12.00	9.00	4.00																						
																																																																																																																																																																																																						21.00	59.00	29.00	51.00	363.00	396.00	367.00	397.00	470.00	446.00	346.00	270.00	211.00	85.00	73.00	90.00	61.00	38.00	36.00	39.00	48.00	43.00	48.00	45.00	35.00	30.00	28.00	21.00	15.00	13.00	16.00	13.00	11.00	11.00	12.00																							
																																																																																																																																																																																																						15.00	73.00	60.00	90.00	253.00	317.00	311.00	401.00	431.00	461.00	390.00	295.00	200.00	106.00	44.00	50.00	38.00	58.00	53.00	102.00	92.00	51.00	50.00	47.00	38.00	32.00	28.00	26.00	20.00	19.00	14.00	17.00	13.00	10.00	12.00																							
																																																																																																																																																																																																					0.00	58.00	119.00	90.00	135.00	223.00	253.00	266.00	389.00	398.00	420.00	302.00	241.00	203.00	104.00	41.00	38.00	43.00	130.00	93.00	155.00	197.00	100.00	55.00	52.00	41.00	35.00	29.00	27.00	29.00	36.00	56.00	29.00	18.00	13.00	13.00																							
																																																																																																																																																																																																				1.00	29.00	138.00	235.00	266.00	291.00	165.00	161.00	279.00	310.00	365.00	298.00	254.00	145.00	90.00	42.00	142.00	149.00	231.00	236.00	190.00	160.00	91.00	66.00	61.00	55.00	42.00	42.00	34.00	36.00	37.00	69.00	158.00	57.00	40.00	26.00	19.00																							
																																																																																																																																																																																																				12.00	39.00	142.00	238.00	341.00	355.00	119.00	113.00	196.00	235.00	252.00	192.00	215.00	126.00	46.00	89.00	262.00	310.00	341.00	194.00	181.00	117.00	79.00	59.00	63.00	58.00	47.00	48.00	38.00	39.00	33.00	29.00	56.00	105.00	81.00	47.00	26.00																							
																																																																																																																																																																																																				23.00	74.00	183.00	229.00	272.00	279.00	107.00	101.00	154.00	147.00	89.00	73.00	99.00	48.00	122.00	136.00	305.00	336.00	398.00	174.00	133.00	132.00	75.00	50.00	61.00	58.00	52.00	52.00	44.00	42.00	40.00	42.00	61.00	246.00	205.00	78.00	36.00																							
																																																																																																																																																																																																				0.00	76.00	171.00	169.00	137.00	148.00	77.00	64.00	79.00	43.00	55.00	46.00	57.00	77.00	130.00	261.00	284.00	283.00	346.00	113.00	99.00	69.00	67.00	56.00	65.00	64.00	56.00	55.00	43.00	50.00	46.00	33.00	71.00	230.00	251.00	111.00	49.00																							
																																																																																																																																																																																																		46.00	255.00	210.00	171.00	61.00	72.00	64.00	101.00	76.00	57.00	105.00	145.00	211.00	187.00	206.00	234.00	260.00	215.00	89.00	180.00	172.00	56.00	77.00	81.00	81.00	81.00	78.00	73.00	64.00	54.00	27.00	23.00	24.00	23.00	23.00	34.00	50.00	43.00	43.00	12.00	15.00	3.00																				
																																																																																																																																																																																																	7.00	195.00	361.00	298.00	196.00	174.00	148.00	87.00	55.00	45.00	81.00	171.00	226.00	242.00	246.00	235.00	253.00	307.00	205.00	84.00	78.00	84.00	64.00	65.00	84.00	85.00	84.00	81.00	75.00	64.00	57.00	45.00	32.00	24.00	23.00	24.00	43.00	47.00	51.00	57.00	24.00	11.00																					
																																																																																																																																																																																																	72.00	246.00	293.00	311.00	258.00	270.00	105.00	101.00	110.00	48.00	120.00	209.00	240.00	263.00	270.00	285.00	304.00	296.00	181.00	104.00	92.00	93.00	80.00	66.00	83.00	88.00	88.00	81.00	79.00	67.00	61.00	62.00	38.00	25.00	25.00	29.00	50.00	41.00	55.00	62.00	25.00	25.00	4.00	0.00	5.00		0.00								3.00								
																																																																																																																																																																																													1.00			0.00	149.00	225.00	213.00	239.00	228.00	247.00	145.00	131.00	115.00	74.00	149.00	213.00	251.00	278.00	281.00	295.00	326.00	255.00	184.00	106.00	79.00	79.00	86.00	85.00	78.00	91.00	90.00	84.00	83.00	76.00	63.00	60.00	51.00	32.00	34.00	34.00	45.00	53.00	61.00	72.00	28.00	28.00	18.00	15.00	24.00	3.00	16.00	2.00				0.00	3.00	16.00	17.00	15.00	8.00	2.00					
																																																																																																																																																																																															9.00	48.00	254.00	333.00	296.00	246.00	276.00	252.00	196.00	179.00	166.00	94.00	103.00	160.00	216.00	271.00	283.00	292.00	280.00	236.00	162.00	91.00	97.00	85.00	90.00	97.00	89.00	98.00	102.00	95.00	92.00	115.00	80.00	69.00	62.00	49.00	41.00	44.00	56.00	74.00	79.00	58.00	52.00	41.00	38.00	45.00	54.00	46.00	31.00	5.00	5.00	6.00	108.00	165.00	196.00	206.00	148.00	106.00	55.00	15.00					
																																																																																																																																																																																															9.00	48.00	254.00	333.00	296.00	246.00	276.00	252.00	196.00	179.00	166.00	94.00	103.00	160.00	216.00	271.00	283.00	292.00	280.00	236.00	162.00	91.00	97.00	85.00	90.00	97.00	89.00	98.00	102.00	95.00	92.00	115.00	80.00	69.00	62.00	49.00	41.00	44.00	56.00	74.00	79.00	58.00	52.00	41.00	38.00	45.00	54.00	46.00	31.00	5.00	5.00	6.00	108.00	165.00	196.00	206.00	148.00	106.00	55.00	15.00					
																																																																																																																																																																																														0.00	124.00	121.00	256.00	318.00	316.00	319.00	335.00	242.00	200.00	157.00	125.00	172.00	176.00	133.00	202.00	279.00	288.00	260.00	211.00	243.00	164.00	99.00	84.00	81.00	90.00	99.00	102.00	102.00	106.00	102.00	94.00	95.00	88.00	74.00	72.00	54.00	47.00	52.00	64.00	98.00	141.00	83.00	62.00	56.00	51.00	54.00	65.00	59.00	38.00	23.00	17.00	14.00	180.00	289.00	366.00	413.00	270.00	198.00	117.00	33.00	6.00	7.00			
																																																																																																																																																																																														4.00	196.00	215.00	282.00	324.00	351.00	362.00	326.00	195.00	153.00	103.00	73.00	199.00	195.00	176.00	264.00	331.00	305.00	271.00	205.00	232.00	134.00	96.00	93.00	85.00	97.00	112.00	105.00	111.00	112.00	106.00	97.00	97.00	96.00	81.00	79.00	82.00	54.00	57.00	59.00	82.00	80.00	69.00	77.00	64.00	62.00	64.00	63.00	62.00	51.00	45.00	26.00	33.00	284.00	423.00	550.00	603.00	379.00	263.00	176.00	76.00	21.00	18.00	4.00		
																																																																																																																																																																																													2.00	53.00	193.00	224.00	298.00	338.00	374.00	328.00	295.00	199.00	125.00	85.00	112.00	188.00	176.00	171.00	200.00	250.00	298.00	340.00	252.00	198.00	174.00	107.00	111.00	104.00	141.00	127.00	115.00	120.00	125.00	130.00	130.00	107.00	120.00	113.00	99.00	94.00	94.00	71.00	62.00	63.00	64.00	75.00	81.00	92.00	89.00	64.00	55.00	74.00	73.00	68.00	41.00	82.00	385.00	547.00	745.00	827.00	527.00	357.00	244.00	143.00	39.00	34.00	20.00		
																																																																																																																																																																																													76.00	161.00	207.00	240.00	336.00	359.00	342.00	281.00	224.00	168.00	104.00	88.00	145.00	182.00	180.00	183.00	210.00	211.00	267.00	307.00	246.00	218.00	143.00	138.00	129.00	124.00	134.00	133.00	125.00	127.00	133.00	137.00	141.00	126.00	132.00	124.00	116.00	100.00	97.00	89.00	73.00	69.00	65.00	77.00	84.00	107.00	102.00	78.00	60.00	69.00	75.00	68.00	42.00	100.00	311.00	430.00	571.00	598.00	442.00	322.00	239.00	146.00	54.00	43.00	25.00		
																																																																																																																																																																																									0.00	0.00	1.00	4.00	195.00	213.00	223.00	260.00	378.00	371.00	329.00	223.00	176.00	138.00	87.00	123.00	170.00	188.00	177.00	194.00	229.00	232.00	288.00	323.00	311.00	272.00	143.00	157.00	161.00	172.00	159.00	138.00	134.00	134.00	136.00	140.00	148.00	153.00	154.00	137.00	139.00	110.00	100.00	101.00	86.00	78.00	78.00	74.00	83.00	112.00	181.00	145.00	83.00	66.00	69.00	57.00	46.00	96.00	251.00	335.00	412.00	392.00	361.00	264.00	180.00	125.00	61.00	52.00	38.00	0.00	0.00
																																																																																																																																																																																									35.00	83.00	54.00	105.00	225.00	219.00	232.00	292.00	370.00	338.00	258.00	181.00	127.00	99.00	68.00	101.00	158.00	202.00	186.00	215.00	255.00	250.00	325.00	344.00	388.00	325.00	147.00	187.00	207.00	216.00	178.00	140.00	138.00	131.00	136.00	146.00	153.00	167.00	168.00	154.00	156.00	138.00	108.00	109.00	92.00	93.00	90.00	87.00	82.00	105.00	212.00	213.00	109.00	72.00	64.00	55.00	64.00	102.00	186.00	229.00	279.00	263.00	262.00	202.00	137.00	99.00	72.00	62.00	53.00	15.00	17.00
																																																																																																																																																																																							13.00	106.00	105.00	101.00	102.00	180.00	222.00	232.00	259.00	245.00	180.00	97.00	90.00	88.00	83.00	121.00	124.00	121.00	143.00	215.00	227.00	265.00	279.00	267.00	362.00	380.00	339.00	224.00	241.00	259.00	262.00	276.00	219.00	208.00	176.00	164.00	157.00	159.00	168.00	181.00	187.00	189.00	189.00	190.00	175.00	147.00	158.00	159.00	156.00	151.00	252.00	319.00	349.00	384.00	406.00	373.00	269.00	199.00	166.00	181.00	196.00	199.00	202.00	195.00	182.00	165.00	139.00	116.00	78.00	65.00	63.00	47.00	37.00
																																																																																																																																																																																							28.00	108.00	117.00	94.00	102.00	177.00	232.00	256.00	255.00	236.00	131.00	83.00	77.00	79.00	84.00	133.00	127.00	117.00	165.00	225.00	234.00	258.00	302.00	281.00	311.00	355.00	307.00	212.00	235.00	264.00	266.00	291.00	262.00	218.00	190.00	180.00	168.00	158.00	170.00	187.00	196.00	202.00	205.00	208.00	212.00	181.00	183.00	182.00	187.00	192.00	364.00	484.00	530.00	525.00	564.00	449.00	331.00	252.00	190.00	238.00	221.00	226.00	219.00	208.00	186.00	146.00	127.00	109.00	94.00	80.00	69.00	48.00	42.00
																																																																																																																																																																																							18.00	119.00	95.00	64.00	96.00	165.00	237.00	255.00	257.00	202.00	100.00	86.00	87.00	82.00	91.00	157.00	131.00	131.00	148.00	241.00	259.00	265.00	291.00	309.00	327.00	349.00	313.00	219.00	225.00	268.00	281.00	309.00	300.00	249.00	211.00	188.00	182.00	174.00	172.00	200.00	198.00	220.00	220.00	227.00	236.00	212.00	218.00	227.00	228.00	258.00	463.00	585.00	751.00	785.00	758.00	449.00	412.00	321.00	246.00	292.00	238.00	243.00	242.00	236.00	174.00	169.00	142.00	141.00	109.00	76.00	59.00	59.00	55.00
																																																																																																																																																																																						7.00	47.00	87.00	64.00	54.00	81.00	152.00	212.00	213.00	206.00	153.00	70.00	67.00	65.00	69.00	91.00	178.00	132.00	140.00	149.00	269.00	282.00	268.00	277.00	321.00	352.00	378.00	317.00	243.00	234.00	285.00	293.00	317.00	321.00	273.00	241.00	219.00	212.00	193.00	210.00	219.00	207.00	250.00	241.00	249.00	256.00	237.00	249.00	268.00	291.00	300.00	611.00	596.00	689.00	783.00	657.00	629.00	512.00	377.00	319.00	325.00	301.00	284.00	286.00	269.00	208.00	181.00	162.00	162.00	101.00	93.00	84.00	79.00	66.00
																																																																																																																																																																																							4.00	30.00	28.00	59.00	105.00	114.00	103.00	88.00	102.00	79.00	81.00	76.00	86.00	97.00	115.00	204.00	177.00	157.00	168.00	262.00	274.00	299.00	303.00	326.00	358.00	414.00	320.00	337.00	259.00	326.00	321.00	325.00	334.00	315.00	286.00	265.00	286.00	263.00	220.00	267.00	241.00	291.00	319.00	309.00	310.00	304.00	311.00	338.00	366.00	422.00	569.00	462.00	555.00	726.00	624.00	527.00	492.00	478.00	456.00	439.00	397.00	389.00	389.00	348.00	268.00	255.00	223.00	198.00	142.00	125.00	113.00	113.00	101.00
																																																																																																																																																																																						1.00	16.00	36.00	66.00	61.00	74.00	71.00	63.00	62.00	71.00	67.00	84.00	82.00	92.00	108.00	130.00	212.00	227.00	188.00	155.00	210.00	256.00	329.00	343.00	357.00	382.00	412.00	375.00	306.00	312.00	345.00	366.00	374.00	344.00	323.00	296.00	280.00	314.00	287.00	252.00	279.00	268.00	304.00	331.00	335.00	343.00	330.00	350.00	372.00	411.00	458.00	662.00	716.00	736.00	745.00	652.00	587.00	540.00	531.00	516.00	518.00	455.00	449.00	424.00	375.00	347.00	325.00	279.00	247.00	184.00	156.00	134.00	104.00	134.00
																																																																																																																																																																														1.00								0.00	2.00	60.00	68.00	74.00	62.00	59.00	60.00	66.00	65.00	69.00	85.00	82.00	108.00	120.00	137.00	187.00	242.00	197.00	155.00	229.00	231.00	302.00	325.00	356.00	417.00	450.00	390.00	279.00	308.00	339.00	385.00	384.00	344.00	343.00	308.00	297.00	302.00	272.00	272.00	292.00	275.00	378.00	365.00	352.00	365.00	361.00	381.00	408.00	438.00	464.00	613.00	687.00	751.00	791.00	733.00	677.00	607.00	624.00	610.00	563.00	510.00	488.00	454.00	487.00	448.00	440.00	360.00	353.00	233.00	190.00	163.00	144.00	135.00
																																																																																																																																																																														6.00							0.00	11.00	22.00	63.00	68.00	56.00	46.00	52.00	50.00	60.00	64.00	72.00	82.00	83.00	106.00	133.00	139.00	198.00	233.00	195.00	156.00	271.00	210.00	251.00	292.00	361.00	449.00	410.00	309.00	293.00	355.00	352.00	389.00	377.00	355.00	362.00	354.00	318.00	315.00	263.00	280.00	275.00	296.00	323.00	363.00	373.00	387.00	401.00	396.00	416.00	449.00	485.00	622.00	716.00	809.00	921.00	835.00	774.00	711.00	727.00	711.00	638.00	571.00	535.00	513.00	518.00	543.00	520.00	499.00	489.00	303.00	236.00	198.00	174.00	153.00
																																																																																																																																																																														7.00	50.00	5.00				31.00	34.00	41.00	55.00	65.00	41.00	43.00	40.00	47.00	52.00	55.00	63.00	81.00	98.00	119.00	106.00	138.00	174.00	237.00	200.00	170.00	186.00	231.00	291.00	300.00	277.00	311.00	373.00	302.00	349.00	418.00	438.00	471.00	459.00	386.00	390.00	390.00	411.00	367.00	300.00	287.00	317.00	311.00	320.00	360.00	385.00	350.00	370.00	404.00	452.00	464.00	496.00	510.00	641.00	710.00	769.00	814.00	852.00	943.00	917.00	887.00	850.00	751.00	602.00	585.00	573.00	589.00	532.00	440.00	432.00	420.00	368.00	294.00	235.00	188.00	174.00
																																																																																																																																																																													2.00	56.00	31.00	2.00			2.00	8.00	29.00	48.00	47.00	38.00	29.00	28.00	40.00	41.00	43.00	39.00	58.00	85.00	103.00	132.00	128.00	132.00	201.00	230.00	193.00	163.00	214.00	247.00	274.00	308.00	334.00	316.00	360.00	306.00	358.00	487.00	439.00	498.00	491.00	404.00	418.00	420.00	439.00	423.00	355.00	303.00	375.00	323.00	330.00	337.00	376.00	392.00	370.00	391.00	430.00	465.00	506.00	548.00	675.00	731.00	776.00	835.00	942.00	988.00	986.00	959.00	912.00	763.00	599.00	591.00	650.00	630.00	622.00	501.00	548.00	663.00	400.00	311.00	250.00	187.00	157.00
																																																																																																																																																																												0.00	76.00	84.00	85.00	57.00						13.00	31.00	43.00	43.00	36.00	40.00	41.00	52.00	55.00	71.00	104.00	137.00	143.00	167.00	153.00	185.00	244.00	214.00	190.00	235.00	263.00	309.00	381.00	353.00	372.00	373.00	401.00	365.00	452.00	529.00	484.00	521.00	414.00	437.00	466.00	444.00	399.00	354.00	374.00	334.00	330.00	370.00	396.00	378.00	376.00	405.00	419.00	491.00	533.00	559.00	569.00	705.00	744.00	864.00	942.00	1018.00	1082.00	1140.00	1028.00	938.00	805.00	682.00	621.00	648.00	723.00	531.00	615.00	832.00	684.00	396.00	306.00	253.00	201.00	166.00
																																																																																																																																																																												6.00	131.00	79.00	88.00	54.00						1.00	20.00	45.00	44.00	44.00	40.00	53.00	60.00	61.00	64.00	105.00	165.00	151.00	172.00	166.00	226.00	219.00	204.00	195.00	239.00	267.00	303.00	337.00	387.00	410.00	421.00	405.00	438.00	414.00	482.00	557.00	466.00	427.00	487.00	527.00	497.00	439.00	386.00	351.00	371.00	359.00	360.00	464.00	437.00	393.00	411.00	444.00	473.00	524.00	584.00	625.00	765.00	839.00	871.00	956.00	1035.00	1084.00	1130.00	1114.00	1028.00	939.00	703.00	647.00	696.00	792.00	733.00	922.00	790.00	602.00	368.00	306.00	251.00	190.00	146.00
																																																																																																																																																																											13.00	127.00	85.00	62.00	76.00	15.00								7.00	20.00	26.00	25.00	32.00	50.00	55.00	78.00	103.00	129.00	175.00	217.00	180.00	235.00	222.00	259.00	211.00	234.00	287.00	317.00	314.00	343.00	410.00	368.00	389.00	357.00	365.00	392.00	438.00	504.00	473.00	505.00	572.00	530.00	450.00	380.00	383.00	404.00	408.00	382.00	451.00	458.00	463.00	433.00	433.00	500.00	527.00	562.00	601.00	828.00	937.00	1015.00	966.00	1001.00	1057.00	1060.00	1095.00	1055.00	947.00	797.00	750.00	713.00	692.00	837.00	710.00	569.00	464.00	345.00	299.00	252.00	178.00	143.00
																																																																																																																																																																											27.00	108.00	34.00	13.00	25.00		5.00	1.00						10.00	27.00	29.00	33.00	39.00	60.00	61.00	117.00	102.00	132.00	190.00	225.00	206.00	242.00	213.00	208.00	234.00	221.00	266.00	296.00	344.00	333.00	332.00	357.00	411.00	440.00	359.00	433.00	528.00	477.00	531.00	516.00	581.00	553.00	469.00	400.00	392.00	402.00	428.00	388.00	423.00	438.00	464.00	506.00	525.00	488.00	525.00	595.00	614.00	800.00	875.00	1019.00	980.00	997.00	1025.00	1048.00	1042.00	1030.00	927.00	954.00	852.00	783.00	717.00	854.00	653.00	544.00	514.00	368.00	301.00	228.00	156.00	120.00
																																																																																																																																																																										1.00	110.00	81.00	31.00			0.00	35.00	13.00	5.00					20.00	40.00	29.00	29.00	33.00	65.00	63.00	153.00	120.00	157.00	201.00	247.00	222.00	247.00	223.00	227.00	249.00	248.00	320.00	318.00	315.00	359.00	320.00	372.00	412.00	476.00	376.00	391.00	447.00	472.00	508.00	567.00	613.00	527.00	465.00	402.00	408.00	409.00	442.00	407.00	475.00	484.00	500.00	505.00	541.00	552.00	558.00	657.00	729.00	914.00	924.00	1004.00	967.00	944.00	1004.00	1000.00	959.00	1096.00	1045.00	991.00	945.00	792.00	738.00	815.00	621.00	638.00	572.00	410.00	306.00	240.00	136.00	99.00
																																																																																																																																																																								1.00		36.00	13.00				23.00	53.00	81.00	42.00	10.00					19.00	41.00	44.00	44.00	42.00	85.00	106.00	188.00	165.00	197.00	217.00	260.00	228.00	261.00	247.00	260.00	246.00	265.00	318.00	326.00	306.00	377.00	333.00	411.00	398.00	437.00	404.00	419.00	446.00	498.00	527.00	597.00	617.00	574.00	472.00	437.00	442.00	434.00	459.00	427.00	478.00	505.00	519.00	537.00	551.00	588.00	624.00	704.00	834.00	1009.00	1021.00	943.00	872.00	860.00	934.00	921.00	895.00	995.00	1048.00	924.00	872.00	820.00	803.00	1011.00	830.00	796.00	675.00	462.00	351.00	263.00	133.00	116.00
																																																																																																																																																																						19.00	88.00	28.00	16.00	3.00								7.00						9.00	23.00	35.00	54.00	62.00	112.00	159.00	196.00	211.00	260.00	307.00	308.00	303.00	268.00	233.00	240.00	288.00	315.00	259.00	247.00	294.00	306.00	346.00	387.00	371.00	423.00	413.00	475.00	455.00	480.00	483.00	581.00	603.00	578.00	562.00	565.00	519.00	491.00	465.00	476.00	494.00	534.00	521.00	570.00	613.00	629.00	685.00	794.00	886.00	836.00	820.00	814.00	722.00	749.00	897.00	885.00	807.00	866.00	978.00	1027.00	979.00	914.00	964.00	543.00	464.00	493.00	536.00	450.00	360.00	282.00	174.00	141.00
																																																																																																																																																																						16.00	77.00	4.00	1.00										5.00	4.00			0.00	9.00	18.00	27.00	49.00	57.00	129.00	168.00	203.00	218.00	260.00	307.00	349.00	333.00	254.00	233.00	256.00	258.00	264.00	262.00	274.00	268.00	316.00	371.00	401.00	381.00	424.00	456.00	521.00	439.00	446.00	468.00	601.00	618.00	601.00	583.00	590.00	532.00	528.00	534.00	515.00	532.00	583.00	556.00	564.00	625.00	611.00	637.00	703.00	819.00	741.00	725.00	729.00	707.00	675.00	771.00	781.00	801.00	810.00	927.00	1069.00	1039.00	965.00	974.00	576.00	655.00	569.00	486.00	397.00	357.00	269.00	201.00	155.00
																																																																																																																																																																						19.00	69.00	6.00	1.00								3.00		5.00	5.00	6.00	1.00	8.00	22.00	15.00	26.00	53.00	59.00	151.00	183.00	203.00	235.00	264.00	297.00	352.00	343.00	261.00	229.00	260.00	296.00	275.00	294.00	288.00	298.00	277.00	301.00	394.00	372.00	447.00	476.00	483.00	491.00	514.00	465.00	570.00	616.00	629.00	598.00	616.00	537.00	558.00	560.00	554.00	614.00	610.00	620.00	603.00	615.00	599.00	625.00	666.00	722.00	659.00	657.00	711.00	639.00	629.00	688.00	639.00	748.00	729.00	841.00	1067.00	1017.00	943.00	923.00	823.00	699.00	659.00	600.00	410.00	316.00	280.00	183.00	161.00
																																																																																																																																																																						2.00	39.00	1.00											5.00		17.00	9.00	16.00	23.00	24.00	26.00	59.00	67.00	167.00	186.00	206.00	239.00	264.00	298.00	341.00	354.00	291.00	257.00	276.00	313.00	295.00	403.00	326.00	335.00	299.00	310.00	443.00	421.00	393.00	485.00	442.00	516.00	542.00	550.00	587.00	631.00	636.00	611.00	597.00	591.00	594.00	619.00	594.00	694.00	760.00	700.00	626.00	637.00	589.00	600.00	615.00	647.00	614.00	643.00	623.00	579.00	585.00	647.00	639.00	707.00	690.00	784.00	953.00	964.00	894.00	836.00	860.00	537.00	643.00	524.00	363.00	285.00	253.00	169.00	125.00
																																																																																																																																																																																		30.00	46.00	16.00	23.00	20.00	25.00	52.00	43.00	45.00	61.00	77.00	169.00	238.00	248.00	251.00	285.00	307.00	309.00	346.00	316.00	339.00	403.00	480.00	518.00	475.00	429.00	403.00	440.00	418.00	384.00	525.00	426.00	466.00	488.00	555.00	599.00	574.00	644.00	660.00	685.00	705.00	695.00	862.00	857.00	770.00	799.00	789.00	778.00	757.00	718.00	674.00	616.00	596.00	563.00	583.00	506.00	520.00	554.00	503.00	521.00	533.00	568.00	593.00	662.00	939.00	910.00	788.00	709.00	628.00	534.00	479.00	413.00	368.00	278.00	221.00	209.00	136.00	100.00
																																																																																																																																																																																		33.00	55.00	65.00	74.00	21.00	21.00	65.00	47.00	51.00	75.00	94.00	128.00	229.00	259.00	252.00	291.00	320.00	345.00	352.00	324.00	401.00	513.00	621.00	663.00	581.00	478.00	428.00	443.00	395.00	409.00	486.00	456.00	498.00	497.00	627.00	620.00	598.00	644.00	655.00	685.00	712.00	734.00	835.00	846.00	773.00	780.00	802.00	790.00	758.00	713.00	673.00	599.00	584.00	551.00	544.00	471.00	485.00	467.00	462.00	526.00	528.00	539.00	592.00	659.00	1047.00	1015.00	860.00	752.00	661.00	530.00	524.00	511.00	461.00	263.00	197.00	180.00	135.00	112.00
																																																																																																																																																																																		13.00	23.00	78.00	96.00	47.00	38.00	63.00	66.00	43.00	63.00	104.00	136.00	178.00	248.00	256.00	301.00	311.00	362.00	352.00	347.00	472.00	642.00	779.00	842.00	713.00	544.00	468.00	454.00	377.00	389.00	522.00	515.00	457.00	531.00	599.00	638.00	646.00	652.00	666.00	684.00	696.00	731.00	780.00	793.00	796.00	798.00	812.00	821.00	769.00	714.00	679.00	613.00	600.00	566.00	533.00	436.00	454.00	508.00	529.00	582.00	510.00	526.00	590.00	653.00	1030.00	1003.00	819.00	720.00	636.00	552.00	480.00	396.00	377.00	268.00	216.00	171.00	122.00	98.00
																																																																																																																																																																																			10.00	127.00	152.00	145.00	95.00	66.00	63.00	58.00	55.00	79.00	149.00	161.00	256.00	270.00	296.00	340.00	367.00	348.00	357.00	477.00	579.00	756.00	950.00	722.00	555.00	494.00	471.00	387.00	435.00	520.00	479.00	464.00	601.00	578.00	627.00	653.00	673.00	682.00	692.00	707.00	742.00	789.00	805.00	814.00	810.00	810.00	884.00	898.00	746.00	704.00	642.00	612.00	577.00	558.00	477.00	487.00	509.00	527.00	553.00	486.00	523.00	583.00	621.00	950.00	891.00	702.00	637.00	631.00	439.00	442.00	452.00	354.00	221.00	204.00	180.00	104.00	79.00
																																																																																																																																																																																			57.00	155.00	181.00	194.00	175.00	130.00	85.00	48.00	59.00	63.00	216.00	201.00	258.00	262.00	313.00	368.00	365.00	352.00	361.00	450.00	493.00	539.00	597.00	617.00	581.00	503.00	491.00	445.00	520.00	538.00	562.00	493.00	606.00	634.00	629.00	638.00	677.00	696.00	701.00	728.00	771.00	812.00	841.00	903.00	874.00	802.00	802.00	783.00	781.00	835.00	626.00	579.00	557.00	533.00	409.00	480.00	533.00	523.00	467.00	461.00	479.00	504.00	523.00	674.00	709.00	650.00	505.00	489.00	515.00	532.00	522.00	412.00	214.00	156.00	153.00	107.00	73.00
																																																																																																																																																																																			57.00	155.00	181.00	194.00	175.00	130.00	85.00	48.00	59.00	63.00	216.00	201.00	258.00	262.00	313.00	368.00	365.00	352.00	361.00	450.00	493.00	539.00	597.00	617.00	581.00	503.00	491.00	445.00	520.00	538.00	562.00	493.00	606.00	634.00	629.00	638.00	677.00	696.00	701.00	728.00	771.00	812.00	841.00	903.00	874.00	802.00	802.00	783.00	781.00	835.00	626.00	579.00	557.00	533.00	409.00	480.00	533.00	523.00	467.00	461.00	479.00	504.00	523.00	674.00	709.00	650.00	505.00	489.00	515.00	532.00	522.00	412.00	214.00	156.00	153.00	107.00	73.00
																																																																																																																																																																																			6.00	142.00	180.00	156.00	156.00	137.00	85.00	38.00	138.00	190.00	274.00	257.00	266.00	298.00	271.00	365.00	376.00	353.00	375.00	418.00	446.00	467.00	516.00	643.00	579.00	518.00	464.00	473.00	580.00	527.00	604.00	582.00	607.00	646.00	632.00	645.00	664.00	686.00	696.00	737.00	773.00	825.00	860.00	944.00	870.00	796.00	805.00	841.00	836.00	850.00	591.00	550.00	533.00	480.00	381.00	416.00	393.00	445.00	425.00	452.00	450.00	460.00	473.00	566.00	616.00	576.00	467.00	498.00	451.00	430.00	374.00	343.00	184.00	124.00	112.00	82.00	59.00
																																																																																																																																																																																				146.00	143.00	78.00	95.00	66.00	81.00	68.00	134.00	285.00	321.00	313.00	266.00	279.00	266.00	311.00	328.00	307.00	386.00	407.00	425.00	453.00	488.00	652.00	602.00	517.00	468.00	473.00	540.00	576.00	612.00	626.00	591.00	651.00	637.00	641.00	666.00	682.00	703.00	743.00	784.00	814.00	837.00	886.00	859.00	787.00	836.00	937.00	846.00	690.00	548.00	502.00	497.00	456.00	360.00	381.00	359.00	421.00	420.00	426.00	427.00	431.00	453.00	519.00	540.00	502.00	392.00	511.00	439.00	359.00	327.00	250.00	171.00	144.00	81.00	46.00	34.00
																																																																																																																																																																																				31.00	36.00	24.00	31.00	157.00	258.00	286.00	309.00	347.00	343.00	344.00	252.00	265.00	301.00	304.00	354.00	375.00	323.00	431.00	396.00	463.00	498.00	441.00	511.00	519.00	532.00	534.00	561.00	567.00	591.00	588.00	708.00	746.00	691.00	702.00	682.00	734.00	728.00	716.00	718.00	757.00	766.00	765.00	921.00	759.00	656.00	618.00	579.00	545.00	481.00	471.00	452.00	432.00	377.00	341.00	333.00	344.00	376.00	354.00	386.00	402.00	438.00	538.00	409.00	346.00	345.00	307.00	274.00	209.00	174.00	187.00	173.00	121.00	85.00	40.00	31.00
																																																																																																																																																																																				93.00	112.00	134.00	70.00	110.00	243.00	291.00	319.00	388.00	375.00	365.00	256.00	280.00	334.00	333.00	343.00	412.00	338.00	362.00	391.00	398.00	442.00	395.00	432.00	499.00	511.00	521.00	561.00	564.00	576.00	561.00	612.00	752.00	715.00	755.00	680.00	746.00	735.00	677.00	659.00	694.00	678.00	706.00	772.00	649.00	610.00	583.00	533.00	495.00	450.00	427.00	422.00	385.00	363.00	334.00	320.00	341.00	352.00	332.00	372.00	435.00	524.00	459.00	460.00	295.00	265.00	259.00	215.00	135.00	106.00	110.00	161.00	115.00	79.00	43.00	31.00
																																																																																																																																																																																				121.00	163.00	160.00	138.00	44.00	123.00	264.00	344.00	386.00	397.00	365.00	264.00	291.00	319.00	334.00	361.00	410.00	356.00	415.00	391.00	351.00	385.00	411.00	400.00	399.00	455.00	501.00	507.00	553.00	562.00	553.00	604.00	675.00	694.00	775.00	651.00	657.00	661.00	647.00	617.00	595.00	575.00	642.00	663.00	588.00	571.00	547.00	514.00	483.00	426.00	398.00	388.00	358.00	339.00	316.00	306.00	330.00	319.00	322.00	378.00	471.00	524.00	310.00	401.00	334.00	229.00	220.00	176.00	109.00	106.00	106.00	138.00	96.00	63.00	41.00	30.00
																																																																																																																																																																																			0.00	131.00	162.00	167.00	134.00	98.00	122.00	214.00	342.00	395.00	435.00	370.00	274.00	280.00	347.00	341.00	341.00	380.00	404.00	412.00	372.00	342.00	358.00	376.00	429.00	395.00	404.00	470.00	503.00	522.00	549.00	538.00	587.00	611.00	648.00	654.00	607.00	609.00	606.00	601.00	584.00	526.00	524.00	567.00	569.00	544.00	528.00	502.00	477.00	446.00	391.00	367.00	370.00	353.00	289.00	310.00	298.00	307.00	298.00	284.00	349.00	471.00	475.00	375.00	264.00	279.00	205.00	186.00	180.00	134.00	106.00	106.00	135.00	91.00	65.00	35.00	36.00
																																																																																																																																																																															83.00	90.00	12.00	9.00	25.00	122.00	143.00	161.00	159.00	189.00	205.00	335.00	366.00	377.00	262.00	239.00	276.00	309.00	367.00	418.00	441.00	441.00	458.00	356.00	341.00	343.00	346.00	403.00	387.00	384.00	355.00	357.00	481.00	512.00	524.00	494.00	454.00	456.00	461.00	450.00	527.00	523.00	519.00	480.00	476.00	450.00	431.00	423.00	415.00	405.00	383.00	375.00	365.00	357.00	325.00	303.00	312.00	271.00	231.00	220.00	248.00	275.00	242.00	237.00	255.00	246.00	252.00	299.00	160.00	149.00	147.00	136.00	133.00	144.00	149.00	106.00	106.00	115.00	87.00	62.00	65.00
																																																																																																																																																																														7.00	122.00	136.00	36.00	49.00	108.00	99.00	124.00	173.00	198.00	198.00	213.00	318.00	361.00	356.00	226.00	212.00	273.00	349.00	383.00	438.00	477.00	504.00	449.00	331.00	342.00	366.00	365.00	391.00	392.00	353.00	368.00	342.00	439.00	489.00	506.00	506.00	445.00	428.00	424.00	422.00	498.00	495.00	490.00	440.00	435.00	435.00	393.00	385.00	375.00	359.00	351.00	326.00	341.00	337.00	305.00	285.00	272.00	261.00	219.00	217.00	210.00	232.00	211.00	227.00	237.00	219.00	207.00	205.00	167.00	156.00	137.00	129.00	127.00	122.00	137.00	107.00	106.00	116.00	94.00	75.00	75.00
																																																																																																																																																																													5.00	47.00	135.00	164.00	68.00	109.00	192.00	138.00	136.00	173.00	208.00	210.00	233.00	245.00	289.00	288.00	196.00	199.00	341.00	383.00	349.00	383.00	454.00	528.00	399.00	330.00	351.00	365.00	366.00	430.00	377.00	369.00	375.00	336.00	340.00	415.00	494.00	504.00	439.00	413.00	393.00	400.00	467.00	443.00	469.00	446.00	407.00	401.00	345.00	361.00	355.00	341.00	327.00	310.00	311.00	311.00	294.00	281.00	270.00	260.00	222.00	221.00	221.00	244.00	198.00	233.00	214.00	198.00	205.00	186.00	170.00	170.00	147.00	137.00	120.00	123.00	125.00	112.00	108.00	126.00	107.00	85.00	85.00
																																																																																																																																																																												3.00	43.00	81.00	152.00	203.00	127.00	168.00	242.00	192.00	190.00	194.00	223.00	254.00	241.00	259.00	289.00	262.00	185.00	199.00	316.00	337.00	393.00	355.00	448.00	463.00	341.00	347.00	365.00	395.00	381.00	490.00	428.00	400.00	399.00	368.00	341.00	350.00	396.00	497.00	456.00	396.00	373.00	397.00	441.00	404.00	433.00	421.00	408.00	377.00	347.00	319.00	325.00	319.00	325.00	306.00	302.00	301.00	296.00	279.00	267.00	254.00	214.00	218.00	266.00	322.00	236.00	195.00	222.00	212.00	205.00	183.00	170.00	159.00	152.00	143.00	119.00	116.00	110.00	117.00	113.00	118.00	114.00	83.00	94.00
																																																																																																																																																																											3.00	42.00	110.00	144.00	191.00	259.00	281.00	213.00	267.00	329.00	301.00	255.00	261.00	233.00	266.00	195.00	222.00	236.00	241.00	145.00	107.00	119.00	133.00	194.00	279.00	276.00	244.00	341.00	374.00	396.00	454.00	471.00	468.00	441.00	441.00	396.00	323.00	312.00	340.00	470.00	463.00	432.00	399.00	351.00	411.00	398.00	388.00	342.00	347.00	318.00	277.00	270.00	287.00	289.00	302.00	304.00	295.00	297.00	306.00	287.00	284.00	244.00	229.00	259.00	411.00	351.00	270.00	147.00	157.00	182.00	192.00	174.00	157.00	147.00	143.00	134.00	133.00	131.00	125.00	110.00	96.00	95.00	101.00	94.00	92.00
																																																																																																																																																																											12.00	40.00	46.00	72.00	170.00	201.00	268.00	222.00	259.00	399.00	314.00	262.00	271.00	179.00	186.00	145.00	178.00	223.00	216.00	161.00	108.00	107.00	117.00	148.00	253.00	220.00	167.00	334.00	340.00	424.00	476.00	459.00	461.00	437.00	417.00	411.00	336.00	313.00	329.00	441.00	456.00	414.00	399.00	329.00	371.00	391.00	445.00	386.00	365.00	311.00	284.00	269.00	252.00	265.00	285.00	294.00	288.00	284.00	288.00	292.00	308.00	271.00	223.00	254.00	420.00	476.00	304.00	140.00	133.00	152.00	159.00	157.00	148.00	142.00	135.00	135.00	129.00	129.00	123.00	112.00	101.00	89.00	89.00	82.00	75.00
																																																																																																																																																																													6.00	44.00	65.00	116.00	202.00	209.00	282.00	399.00	296.00	277.00	273.00	131.00	121.00	108.00	156.00	168.00	156.00	109.00	106.00	108.00	117.00	128.00	182.00	183.00	154.00	262.00	280.00	378.00	430.00	444.00	458.00	452.00	462.00	455.00	392.00	350.00	304.00	362.00	439.00	410.00	388.00	320.00	341.00	366.00	459.00	435.00	416.00	347.00	314.00	277.00	257.00	260.00	272.00	283.00	282.00	276.00	280.00	291.00	341.00	294.00	237.00	317.00	394.00	487.00	348.00	133.00	128.00	127.00	141.00	137.00	156.00	158.00	138.00	129.00	136.00	125.00	115.00	109.00	98.00	96.00	89.00	94.00	91.00
																																																																																																																																																																														0.00	75.00	168.00	155.00	202.00	247.00	277.00	255.00	307.00	320.00	161.00	86.00	96.00	124.00	103.00	150.00	104.00	111.00	120.00	122.00	125.00	136.00	169.00	148.00	172.00	206.00	338.00	377.00	467.00	451.00	448.00	456.00	469.00	421.00	370.00	349.00	306.00	390.00	396.00	354.00	357.00	329.00	356.00	446.00	422.00	431.00	337.00	313.00	261.00	264.00	252.00	267.00	274.00	277.00	274.00	283.00	280.00	295.00	310.00	246.00	297.00	348.00	388.00	305.00	127.00	125.00	121.00	120.00	130.00	128.00	138.00	126.00	122.00	147.00	133.00	123.00	109.00	91.00	95.00	92.00	92.00	95.00
																																																																																																																																																																														0.00	140.00	253.00	231.00	240.00	316.00	140.00	235.00	280.00	252.00	118.00	96.00	103.00	108.00	111.00	133.00	125.00	130.00	146.00	193.00	188.00	181.00	168.00	189.00	223.00	333.00	317.00	319.00	513.00	479.00	468.00	434.00	453.00	452.00	412.00	336.00	324.00	301.00	281.00	295.00	307.00	368.00	429.00	407.00	389.00	430.00	339.00	279.00	243.00	231.00	234.00	241.00	261.00	274.00	263.00	253.00	257.00	255.00	257.00	241.00	219.00	242.00	254.00	282.00	122.00	117.00	116.00	117.00	113.00	107.00	113.00	143.00	147.00	166.00	163.00	146.00	124.00	88.00	86.00	85.00	85.00	79.00
																																																																																																																																																																															162.00	295.00	273.00	302.00	394.00	130.00	125.00	84.00	51.00	82.00	98.00	107.00	109.00	116.00	135.00	148.00	163.00	174.00	206.00	217.00	221.00	223.00	245.00	251.00	284.00	282.00	270.00	519.00	487.00	480.00	436.00	427.00	438.00	437.00	389.00	348.00	326.00	290.00	280.00	275.00	388.00	395.00	362.00	385.00	381.00	378.00	284.00	257.00	247.00	227.00	229.00	240.00	246.00	261.00	248.00	238.00	225.00	211.00	232.00	207.00	239.00	226.00	240.00	121.00	113.00	116.00	113.00	110.00	105.00	109.00	116.00	122.00	149.00	146.00	144.00	112.00	101.00	94.00	89.00	81.00	81.00
																																																																																																																																																																															111.00	249.00	189.00	252.00	311.00	38.00	68.00	104.00	139.00	106.00	117.00	124.00	129.00	138.00	159.00	173.00	217.00	241.00	295.00	303.00	333.00	315.00	316.00	316.00	298.00	325.00	328.00	437.00	492.00	485.00	481.00	454.00	426.00	415.00	376.00	322.00	316.00	271.00	297.00	309.00	350.00	392.00	339.00	292.00	298.00	309.00	266.00	238.00	233.00	213.00	200.00	206.00	188.00	182.00	240.00	239.00	224.00	214.00	277.00	308.00	294.00	173.00	120.00	106.00	108.00	108.00	107.00	104.00	105.00	100.00	100.00	92.00	100.00	110.00	101.00	98.00	95.00	95.00	94.00	84.00	83.00
																																																																																																																																																																															85.00	245.00	144.00	277.00	295.00	41.00	86.00	113.00	167.00	127.00	117.00	134.00	134.00	141.00	158.00	177.00	250.00	283.00	339.00	355.00	396.00	380.00	354.00	354.00	331.00	333.00	335.00	375.00	477.00	467.00	490.00	471.00	430.00	436.00	326.00	298.00	296.00	244.00	269.00	303.00	259.00	331.00	363.00	299.00	271.00	259.00	238.00	246.00	229.00	206.00	196.00	200.00	176.00	168.00	208.00	219.00	218.00	225.00	254.00	279.00	296.00	246.00	165.00	113.00	109.00	107.00	106.00	101.00	103.00	101.00	99.00	92.00	87.00	101.00	99.00	97.00	94.00	88.00	92.00	89.00	87.00
																																																																																																																																																																															48.00	98.00	65.00	126.00	142.00	87.00	92.00	110.00	129.00	104.00	126.00	153.00	177.00	174.00	179.00	251.00	469.00	492.00	511.00	570.00	541.00	520.00	464.00	433.00	382.00	380.00	381.00	371.00	392.00	386.00	381.00	411.00	375.00	297.00	265.00	243.00	272.00	218.00	222.00	255.00	253.00	255.00	238.00	223.00	214.00	292.00	204.00	197.00	225.00	166.00	183.00	200.00	172.00	159.00	174.00	186.00	199.00	204.00	220.00	224.00	285.00	321.00	309.00	198.00	109.00	101.00	108.00	95.00	102.00	94.00	96.00	92.00	91.00	86.00	89.00	86.00	90.00	84.00	87.00	91.00	85.00
																																																																																																																																																																															8.00	24.00	70.00	114.00	78.00	80.00	86.00	81.00	78.00	114.00	146.00	171.00	197.00	203.00	237.00	315.00	575.00	634.00	623.00	680.00	653.00	611.00	552.00	479.00	429.00	392.00	391.00	377.00	371.00	388.00	373.00	357.00	301.00	321.00	336.00	263.00	266.00	218.00	207.00	227.00	235.00	254.00	277.00	214.00	183.00	292.00	203.00	181.00	201.00	160.00	161.00	178.00	165.00	147.00	208.00	214.00	200.00	194.00	203.00	219.00	321.00	433.00	396.00	205.00	127.00	96.00	97.00	92.00	99.00	93.00	93.00	96.00	91.00	94.00	95.00	91.00	88.00	85.00	85.00	87.00	88.00
																																																																																																																																																																																5.00	88.00	88.00	56.00	74.00	88.00	82.00	76.00	112.00	139.00	178.00	207.00	233.00	311.00	366.00	640.00	739.00	766.00	834.00	812.00	742.00	659.00	521.00	487.00	415.00	424.00	410.00	407.00	383.00	355.00	356.00	315.00	301.00	336.00	292.00	221.00	226.00	186.00	203.00	204.00	197.00	199.00	179.00	156.00	201.00	167.00	171.00	174.00	144.00	167.00	162.00	161.00	144.00	218.00	226.00	218.00	206.00	216.00	346.00	372.00	377.00	313.00	190.00	122.00	104.00	99.00	101.00	90.00	89.00	90.00	91.00	88.00	91.00	91.00	89.00	87.00	85.00	86.00	86.00	93.00
																																																																																																																																																																																14.00	52.00	46.00	39.00	72.00	72.00	71.00	76.00	114.00	137.00	191.00	248.00	289.00	372.00	414.00	682.00	817.00	965.00	931.00	1025.00	885.00	748.00	559.00	529.00	466.00	468.00	423.00	413.00	390.00	352.00	336.00	330.00	318.00	347.00	301.00	227.00	227.00	207.00	200.00	190.00	172.00	166.00	145.00	141.00	149.00	198.00	135.00	124.00	144.00	157.00	145.00	148.00	153.00	210.00	237.00	242.00	225.00	283.00	402.00	434.00	283.00	218.00	130.00	107.00	95.00	101.00	90.00	87.00	87.00	89.00	89.00	85.00	90.00	92.00	88.00	102.00	86.00	85.00	82.00	90.00
																																																																																																																																																																																3.00	9.00	34.00	96.00	28.00	43.00	61.00	90.00	126.00	158.00	202.00	261.00	332.00	527.00	490.00	798.00	1023.00	1102.00	1007.00	1180.00	1131.00	921.00	684.00	732.00	631.00	529.00	413.00	403.00	382.00	351.00	345.00	328.00	336.00	385.00	388.00	255.00	194.00	198.00	179.00	149.00	155.00	160.00	201.00	197.00	188.00	188.00	155.00	124.00	107.00	132.00	139.00	128.00	133.00	185.00	191.00	182.00	204.00	298.00	340.00	398.00	349.00	205.00	96.00	80.00	79.00	77.00	82.00	83.00	83.00	84.00	82.00	79.00	82.00	91.00	93.00	89.00	88.00	84.00	79.00	82.00
																																																																																																																																																																																5.00	11.00	18.00	65.00	40.00	54.00	73.00	93.00	133.00	160.00	203.00	256.00	313.00	412.00	415.00	775.00	953.00	1261.00	1250.00	1215.00	1099.00	888.00	762.00	785.00	658.00	512.00	403.00	388.00	371.00	351.00	340.00	319.00	347.00	357.00	404.00	315.00	234.00	272.00	191.00	151.00	150.00	140.00	193.00	186.00	175.00	179.00	141.00	126.00	158.00	151.00	155.00	131.00	109.00	159.00	190.00	177.00	155.00	217.00	288.00	323.00	289.00	235.00	86.00	76.00	76.00	72.00	81.00	75.00	77.00	79.00	80.00	77.00	79.00	88.00	90.00	93.00	93.00	84.00	78.00	77.00
																																																																																																																																																																																8.00	15.00	18.00	35.00	64.00	71.00	76.00	82.00	130.00	165.00	202.00	240.00	288.00	360.00	403.00	712.00	845.00	1062.00	1101.00	1046.00	925.00	775.00	667.00	652.00	553.00	485.00	398.00	380.00	367.00	356.00	349.00	349.00	344.00	336.00	369.00	314.00	227.00	245.00	216.00	143.00	139.00	133.00	123.00	161.00	163.00	160.00	151.00	105.00	192.00	218.00	222.00	213.00	154.00	113.00	135.00	122.00	159.00	213.00	220.00	251.00	240.00	191.00	97.00	81.00	82.00	78.00	76.00	76.00	75.00	75.00	74.00	78.00	86.00	90.00	93.00	97.00	88.00	85.00	81.00	76.00
																																																																																																																																																																															0.00	12.00	16.00	17.00	34.00	80.00	63.00	64.00	78.00	129.00	159.00	182.00	213.00	259.00	296.00	355.00	590.00	727.00	863.00	875.00	841.00	801.00	736.00	634.00	584.00	525.00	474.00	421.00	374.00	363.00	354.00	348.00	359.00	331.00	326.00	326.00	282.00	220.00	219.00	236.00	128.00	148.00	147.00	132.00	110.00	142.00	157.00	140.00	98.00	139.00	208.00	214.00	207.00	193.00	61.00	56.00	108.00	182.00	184.00	173.00	171.00	219.00	162.00	101.00	80.00	84.00	81.00	71.00	70.00	69.00	71.00	74.00	74.00	92.00	86.00	91.00	101.00	99.00	102.00	100.00	83.00
																																																																																																																																																																															9.00	17.00	18.00	19.00	22.00	68.00	38.00	46.00	52.00	74.00	105.00	119.00	117.00	141.00	203.00	285.00	450.00	499.00	543.00	564.00	576.00	562.00	531.00	482.00	500.00	508.00	485.00	475.00	384.00	366.00	364.00	384.00	385.00	375.00	370.00	373.00	326.00	236.00	187.00	186.00	169.00	187.00	185.00	167.00	132.00	90.00	109.00	94.00	84.00	64.00	113.00	170.00	176.00	165.00	133.00	122.00	72.00	51.00	85.00	88.00	95.00	106.00	126.00	140.00	111.00	113.00	86.00	68.00	73.00	69.00	64.00	67.00	71.00	77.00	101.00	111.00	125.00	125.00	127.00	89.00	93.00
																																																																																																																																																																															21.00	19.00	16.00	19.00	20.00	24.00	32.00	35.00	45.00	70.00	92.00	85.00	85.00	97.00	216.00	288.00	416.00	422.00	473.00	513.00	508.00	507.00	488.00	456.00	445.00	478.00	512.00	418.00	377.00	396.00	400.00	396.00	395.00	395.00	392.00	380.00	345.00	289.00	217.00	181.00	166.00	146.00	174.00	157.00	136.00	104.00	99.00	83.00	63.00	80.00	77.00	88.00	156.00	153.00	123.00	122.00	104.00	81.00	66.00	94.00	100.00	98.00	108.00	172.00	151.00	132.00	103.00	74.00	76.00	64.00	62.00	62.00	69.00	76.00	111.00	125.00	129.00	126.00	128.00	103.00	93.00
																																																																																																																																																																															25.00	22.00	14.00	20.00	20.00	21.00	28.00	34.00	40.00	70.00	71.00	70.00	77.00	78.00	208.00	295.00	338.00	348.00	422.00	468.00	449.00	462.00	460.00	435.00	413.00	463.00	527.00	451.00	404.00	454.00	458.00	476.00	444.00	417.00	388.00	381.00	352.00	298.00	228.00	171.00	158.00	134.00	142.00	148.00	131.00	112.00	95.00	90.00	67.00	54.00	53.00	53.00	59.00	120.00	67.00	89.00	47.00	54.00	48.00	96.00	105.00	96.00	98.00	194.00	190.00	186.00	149.00	108.00	117.00	102.00	91.00	63.00	65.00	82.00	116.00	104.00	121.00	122.00	121.00	119.00	105.00
																																																																																																																																																																															26.00	21.00	18.00	18.00	19.00	29.00	29.00	36.00	44.00	58.00	62.00	75.00	124.00	135.00	196.00	240.00	282.00	305.00	366.00	411.00	398.00	414.00	438.00	404.00	401.00	431.00	490.00	465.00	464.00	518.00	493.00	511.00	516.00	476.00	424.00	394.00	337.00	293.00	235.00	154.00	134.00	137.00	125.00	153.00	135.00	113.00	103.00	101.00	100.00	59.00	62.00	49.00	47.00	47.00	42.00	53.00	43.00	48.00	59.00	84.00	96.00	93.00	96.00	209.00	201.00	244.00	197.00	116.00	142.00	102.00	89.00	74.00	69.00	75.00	83.00	71.00	114.00	104.00	121.00	111.00	87.00
																																																																																																																																																																														1.00	18.00	26.00	15.00	13.00	14.00	69.00	123.00	180.00	148.00	182.00	168.00	152.00	190.00	124.00	160.00	190.00	217.00	241.00	274.00	289.00	362.00	413.00	401.00	416.00	379.00	353.00	410.00	662.00	725.00	609.00	538.00	535.00	507.00	457.00	456.00	407.00	343.00	199.00	199.00	178.00	134.00	118.00	105.00	113.00	126.00	112.00	98.00	90.00	87.00	80.00	60.00	55.00	53.00	47.00	41.00	39.00	41.00	42.00	59.00	73.00	89.00	98.00	109.00	123.00	226.00	257.00	231.00	238.00	128.00	122.00	100.00	99.00	80.00	75.00	72.00	78.00	61.00	63.00	66.00	61.00	67.00
																																																																																																																																																																														1.00	19.00	23.00	17.00	11.00	13.00	42.00	78.00	145.00	167.00	195.00	179.00	156.00	138.00	116.00	119.00	162.00	201.00	224.00	236.00	246.00	335.00	381.00	348.00	366.00	335.00	408.00	475.00	738.00	739.00	610.00	486.00	528.00	493.00	438.00	431.00	386.00	348.00	192.00	182.00	204.00	133.00	126.00	118.00	95.00	121.00	113.00	100.00	75.00	79.00	77.00	70.00	51.00	46.00	40.00	41.00	38.00	39.00	37.00	41.00	55.00	82.00	92.00	109.00	157.00	273.00	262.00	245.00	204.00	198.00	186.00	131.00	119.00	84.00	79.00	72.00	76.00	66.00	74.00	64.00	62.00	73.00
																																																																																																																																																																														6.00	18.00	17.00	15.00	19.00	20.00	47.00	61.00	99.00	155.00	179.00	180.00	177.00	159.00	133.00	143.00	155.00	201.00	205.00	211.00	271.00	335.00	338.00	298.00	320.00	344.00	420.00	454.00	651.00	652.00	590.00	479.00	455.00	484.00	433.00	399.00	378.00	333.00	175.00	158.00	171.00	132.00	125.00	119.00	94.00	102.00	116.00	96.00	75.00	67.00	64.00	61.00	78.00	72.00	54.00	39.00	39.00	37.00	38.00	39.00	60.00	73.00	85.00	105.00	116.00	215.00	237.00	235.00	209.00	205.00	192.00	173.00	174.00	111.00	99.00	81.00	78.00	70.00	71.00	66.00	62.00	55.00
																																																																																																																																																																														12.00	17.00	22.00	28.00	27.00	31.00	115.00	131.00	143.00	153.00	168.00	182.00	167.00	144.00	133.00	174.00	188.00	172.00	172.00	216.00	219.00	250.00	264.00	312.00	316.00	362.00	369.00	391.00	582.00	581.00	575.00	503.00	450.00	397.00	417.00	406.00	369.00	293.00	175.00	162.00	130.00	133.00	122.00	121.00	92.00	85.00	100.00	83.00	96.00	85.00	71.00	64.00	57.00	81.00	60.00	41.00	40.00	37.00	38.00	38.00	51.00	85.00	90.00	95.00	101.00	164.00	228.00	244.00	261.00	248.00	238.00	227.00	216.00	166.00	134.00	89.00	84.00	76.00	74.00	73.00	62.00	59.00
																																																																																																																																																																												0.00	9.00	21.00	50.00	72.00	65.00	75.00	89.00	165.00	231.00	298.00	263.00	180.00	183.00	164.00	179.00	192.00	182.00	157.00	193.00	213.00	245.00	270.00	265.00	295.00	289.00	330.00	379.00	394.00	402.00	466.00	573.00	524.00	454.00	469.00	357.00	365.00	383.00	391.00	281.00	197.00	158.00	130.00	85.00	95.00	132.00	120.00	109.00	93.00	84.00	66.00	70.00	67.00	73.00	65.00	48.00	41.00	38.00	40.00	36.00	37.00	36.00	34.00	47.00	74.00	87.00	120.00	233.00	275.00	261.00	313.00	327.00	300.00	278.00	245.00	163.00	109.00	83.00	85.00	75.00	74.00	74.00	66.00	67.00
																																																																																																																																																																												8.00	26.00	45.00	76.00	105.00	100.00	130.00	147.00	191.00	262.00	287.00	258.00	183.00	199.00	183.00	204.00	203.00	177.00	170.00	185.00	217.00	286.00	265.00	281.00	311.00	305.00	373.00	407.00	399.00	376.00	449.00	509.00	563.00	421.00	428.00	350.00	348.00	357.00	363.00	280.00	219.00	166.00	102.00	86.00	94.00	104.00	105.00	108.00	81.00	83.00	52.00	67.00	57.00	54.00	66.00	52.00	37.00	39.00	35.00	34.00	36.00	37.00	38.00	44.00	52.00	73.00	114.00	188.00	252.00	268.00	315.00	335.00	307.00	277.00	261.00	143.00	108.00	89.00	82.00	72.00	74.00	78.00	69.00	68.00
																																																																																																																																																																											10.00	40.00	62.00	80.00	99.00	139.00	158.00	193.00	187.00	203.00	267.00	273.00	239.00	175.00	176.00	220.00	216.00	213.00	193.00	197.00	209.00	220.00	333.00	311.00	303.00	331.00	329.00	403.00	395.00	396.00	360.00	443.00	467.00	531.00	456.00	389.00	314.00	345.00	334.00	312.00	261.00	203.00	177.00	137.00	81.00	87.00	82.00	83.00	92.00	81.00	84.00	56.00	47.00	50.00	47.00	57.00	46.00	36.00	35.00	34.00	36.00	36.00	34.00	35.00	35.00	47.00	59.00	114.00	179.00	239.00	288.00	323.00	338.00	342.00	282.00	220.00	161.00	141.00	99.00	92.00	81.00	71.00	74.00	60.00	65.00
																																																																																																																																																																										24.00	86.00	119.00	178.00	231.00	272.00	327.00	350.00	362.00	443.00	302.00	285.00	238.00	265.00	214.00	214.00	235.00	220.00	213.00	212.00	257.00	279.00	265.00	336.00	349.00	335.00	355.00	369.00	417.00	411.00	421.00	393.00	339.00	395.00	372.00	408.00	390.00	284.00	253.00	209.00	180.00	167.00	161.00	134.00	114.00	110.00	84.00	74.00	65.00	57.00	52.00	57.00	63.00	46.00	51.00	47.00	41.00	39.00	38.00	34.00	33.00	32.00	33.00	34.00	34.00	34.00	36.00	57.00	152.00	186.00	251.00	291.00	327.00	304.00	294.00	287.00	241.00	187.00	167.00	141.00	98.00	84.00	80.00	79.00	71.00	66.00
																																																																																																																																																																								0.00	16.00	145.00	221.00	290.00	356.00	424.00	528.00	547.00	545.00	569.00	591.00	461.00	436.00	384.00	332.00	279.00	261.00	239.00	232.00	214.00	229.00	297.00	310.00	300.00	321.00	335.00	348.00	344.00	361.00	406.00	444.00	450.00	460.00	369.00	325.00	319.00	383.00	277.00	223.00	228.00	241.00	197.00	124.00	106.00	169.00	132.00	101.00	107.00	101.00	76.00	62.00	58.00	43.00	49.00	51.00	27.00	33.00	36.00	37.00	30.00	33.00	32.00	31.00	32.00	31.00	33.00	29.00	31.00	48.00	136.00	196.00	253.00	300.00	324.00	272.00	280.00	276.00	252.00	202.00	182.00	174.00	153.00	77.00	69.00	55.00	55.00	61.00