3255.00	3255.00	3256.00	3256.00	3256.00	3256.00	3256.00	3256.00	3256.00	3256.00	3256.00	3256.00	3256.00	3256.00	3256.00	3256.00	3256.00	3256.00	3256.00	3256.00	3257.00	3257.00	3257.00	3257.00	3257.00	3257.00	3257.00	3257.00	3257.00	3257.00	3257.00	3257.00	3258.00	3258.00	3258.00	3258.00	3258.00	3258.00	3258.00	3258.00	3258.00	3258.00	3258.00	3258.00	3259.00	3259.00	3259.00	3259.00	3259.00	3259.00	3259.00	3259.00	3259.00	3259.00	3259.00	3259.00	3260.00	3260.00	3260.00	3260.00	3260.00	3260.00	3260.00	3260.00	3260.00	3260.00	3260.00	3260.00	3260.00	3260.00	3261.00	3261.00	3261.00	3261.00	3261.00	3261.00	3261.00	3261.00	3261.00	3261.00	3261.00	3261.00	3261.00	3261.00	3261.00	3261.00	3261.00	3261.00	3262.00	3262.00	3262.00	3262.00	3262.00	3262.00	3262.00	3262.00	3262.00	3263.00	3263.00	3263.00	3263.00	3263.00	3263.00	3263.00	3263.00	3264.00	3264.00	3264.00	3264.00	3264.00	3264.00	3264.00	3265.00	3265.00	3265.00	3265.00	3265.00	3265.00	3265.00	3265.00	3265.00	3266.00	3266.00	3266.00	3266.00	3266.00	3266.00	3266.00	3266.00	3267.00	3267.00	3267.00	3267.00	3267.00	3267.00	3267.00	3267.00	3267.00	3267.00	3267.00	3267.00	3268.00	3268.00	3268.00	3268.00	3268.00	3268.00	3268.00	3268.00	3268.00	3268.00	3268.00	3268.00	3269.00	3269.00	3269.00	3269.00	3269.00	3269.00	3269.00	3269.00	3269.00	3269.00	3269.00	3270.00	3270.00	3270.00	3270.00	3270.00	3270.00	3270.00	3270.00	3270.00	3270.00	3270.00	3270.00	3270.00	3270.00	3270.00	3271.00	3271.00	3271.00	3271.00	3271.00	3271.00	3271.00	3271.00	3271.00	3271.00	3271.00	3271.00	3271.00	3271.00	3271.00	3271.00	3271.00	3271.00	3271.00	3271.00	3271.00	3271.00	3271.00	3272.00	3272.00	3272.00	3272.00	3272.00	3272.00	3272.00	3272.00	3272.00	3272.00	3272.00	3273.00	3273.00	3273.00	3273.00	3273.00	3273.00	3273.00	3273.00	3273.00	3273.00	3273.00	3273.00	3274.00	3274.00	3274.00	3274.00	3274.00	3274.00	3274.00	3274.00	3274.00	3274.00	3274.00	3275.00	3275.00	3275.00	3275.00	3275.00	3275.00	3275.00	3275.00	3275.00	3275.00	3275.00	3276.00	3276.00	3276.00	3276.00	3276.00	3276.00	3276.00	3276.00	3276.00
3255.00	3255.00	3256.00	3256.00	3256.00	3256.00	3256.00	3256.00	3256.00	3256.00	3256.00	3256.00	3256.00	3256.00	3256.00	3256.00	3256.00	3256.00	3256.00	3256.00	3257.00	3257.00	3257.00	3257.00	3257.00	3257.00	3257.00	3257.00	3257.00	3257.00	3257.00	3257.00	3258.00	3258.00	3258.00	3258.00	3258.00	3258.00	3258.00	3258.00	3258.00	3258.00	3258.00	3258.00	3259.00	3259.00	3259.00	3259.00	3259.00	3259.00	3259.00	3259.00	3259.00	3259.00	3259.00	3259.00	3260.00	3260.00	3260.00	3260.00	3260.00	3260.00	3260.00	3260.00	3260.00	3260.00	3260.00	3260.00	3260.00	3260.00	3261.00	3261.00	3261.00	3261.00	3261.00	3261.00	3261.00	3261.00	3261.00	3261.00	3261.00	3261.00	3261.00	3261.00	3261.00	3261.00	3261.00	3261.00	3262.00	3262.00	3262.00	3262.00	3262.00	3262.00	3262.00	3262.00	3262.00	3263.00	3263.00	3263.00	3263.00	3263.00	3263.00	3263.00	3263.00	3264.00	3264.00	3264.00	3264.00	3264.00	3264.00	3264.00	3265.00	3265.00	3265.00	3265.00	3265.00	3265.00	3265.00	3265.00	3265.00	3266.00	3266.00	3266.00	3266.00	3266.00	3266.00	3266.00	3266.00	3267.00	3267.00	3267.00	3267.00	3267.00	3267.00	3267.00	3267.00	3267.00	3267.00	3267.00	3267.00	3268.00	3268.00	3268.00	3268.00	3268.00	3268.00	3268.00	3268.00	3268.00	3268.00	3268.00	3268.00	3269.00	3269.00	3269.00	3269.00	3269.00	3269.00	3269.00	3269.00	3269.00	3269.00	3269.00	3270.00	3270.00	3270.00	3270.00	3270.00	3270.00	3270.00	3270.00	3270.00	3270.00	3270.00	3270.00	3270.00	3270.00	3270.00	3271.00	3271.00	3271.00	3271.00	3271.00	3271.00	3271.00	3271.00	3271.00	3271.00	3271.00	3271.00	3271.00	3271.00	3271.00	3271.00	3271.00	3271.00	3271.00	3271.00	3271.00	3271.00	3271.00	3272.00	3272.00	3272.00	3272.00	3272.00	3272.00	3272.00	3272.00	3272.00	3272.00	3272.00	3273.00	3273.00	3273.00	3273.00	3273.00	3273.00	3273.00	3273.00	3273.00	3273.00	3273.00	3273.00	3274.00	3274.00	3274.00	3274.00	3274.00	3274.00	3274.00	3274.00	3274.00	3274.00	3274.00	3275.00	3275.00	3275.00	3275.00	3275.00	3275.00	3275.00	3275.00	3275.00	3275.00	3275.00	3276.00	3276.00	3276.00	3276.00	3276.00	3276.00	3276.00	3276.00	3276.00
3255.00	3255.00	3256.00	3256.00	3256.00	3256.00	3256.00	3256.00	3256.00	3256.00	3256.00	3256.00	3256.00	3256.00	3256.00	3256.00	3256.00	3256.00	3256.00	3256.00	3257.00	3257.00	3257.00	3257.00	3257.00	3257.00	3257.00	3257.00	3257.00	3257.00	3257.00	3257.00	3258.00	3258.00	3258.00	3258.00	3258.00	3258.00	3258.00	3258.00	3258.00	3258.00	3258.00	3258.00	3259.00	3259.00	3259.00	3259.00	3259.00	3259.00	3259.00	3259.00	3259.00	3259.00	3259.00	3259.00	3260.00	3260.00	3260.00	3260.00	3260.00	3260.00	3260.00	3260.00	3260.00	3260.00	3260.00	3260.00	3260.00	3260.00	3261.00	3261.00	3261.00	3261.00	3261.00	3261.00	3261.00	3261.00	3261.00	3261.00	3261.00	3261.00	3261.00	3261.00	3261.00	3261.00	3261.00	3261.00	3262.00	3262.00	3262.00	3262.00	3262.00	3262.00	3262.00	3262.00	3262.00	3263.00	3263.00	3263.00	3263.00	3263.00	3263.00	3263.00	3263.00	3264.00	3264.00	3264.00	3264.00	3264.00	3264.00	3264.00	3265.00	3265.00	3265.00	3265.00	3265.00	3265.00	3265.00	3265.00	3265.00	3266.00	3266.00	3266.00	3266.00	3266.00	3266.00	3266.00	3266.00	3267.00	3267.00	3267.00	3267.00	3267.00	3267.00	3267.00	3267.00	3267.00	3267.00	3267.00	3267.00	3268.00	3268.00	3268.00	3268.00	3268.00	3268.00	3268.00	3268.00	3268.00	3268.00	3268.00	3268.00	3269.00	3269.00	3269.00	3269.00	3269.00	3269.00	3269.00	3269.00	3269.00	3269.00	3269.00	3270.00	3270.00	3270.00	3270.00	3270.00	3270.00	3270.00	3270.00	3270.00	3270.00	3270.00	3270.00	3270.00	3270.00	3270.00	3271.00	3271.00	3271.00	3271.00	3271.00	3271.00	3271.00	3271.00	3271.00	3271.00	3271.00	3271.00	3271.00	3271.00	3271.00	3271.00	3271.00	3271.00	3271.00	3271.00	3271.00	3271.00	3271.00	3272.00	3272.00	3272.00	3272.00	3272.00	3272.00	3272.00	3272.00	3272.00	3272.00	3272.00	3273.00	3273.00	3273.00	3273.00	3273.00	3273.00	3273.00	3273.00	3273.00	3273.00	3273.00	3273.00	3274.00	3274.00	3274.00	3274.00	3274.00	3274.00	3274.00	3274.00	3274.00	3274.00	3274.00	3275.00	3275.00	3275.00	3275.00	3275.00	3275.00	3275.00	3275.00	3275.00	3275.00	3275.00	3276.00	3276.00	3276.00	3276.00	3276.00	3276.00	3276.00	3276.00	3276.00
3255.00	3255.00	3256.00	3256.00	3256.00	3256.00	3256.00	3256.00	3256.00	3256.00	3256.00	3256.00	3256.00	3256.00	3256.00	3256.00	3256.00	3256.00	3256.00	3256.00	3257.00	3257.00	3257.00	3257.00	3257.00	3257.00	3257.00	3257.00	3257.00	3257.00	3257.00	3257.00	3258.00	3258.00	3258.00	3258.00	3258.00	3258.00	3258.00	3258.00	3258.00	3258.00	3258.00	3258.00	3259.00	3259.00	3259.00	3259.00	3259.00	3259.00	3259.00	3259.00	3259.00	3259.00	3259.00	3259.00	3260.00	3260.00	3260.00	3260.00	3260.00	3260.00	3260.00	3260.00	3260.00	3260.00	3260.00	3260.00	3260.00	3260.00	3261.00	3261.00	3261.00	3261.00	3261.00	3261.00	3261.00	3261.00	3261.00	3261.00	3261.00	3261.00	3261.00	3261.00	3261.00	3261.00	3261.00	3261.00	3262.00	3262.00	3262.00	3262.00	3262.00	3262.00	3262.00	3262.00	3262.00	3263.00	3263.00	3263.00	3263.00	3263.00	3263.00	3263.00	3263.00	3264.00	3264.00	3264.00	3264.00	3264.00	3264.00	3264.00	3265.00	3265.00	3265.00	3265.00	3265.00	3265.00	3265.00	3265.00	3265.00	3266.00	3266.00	3266.00	3266.00	3266.00	3266.00	3266.00	3266.00	3267.00	3267.00	3267.00	3267.00	3267.00	3267.00	3267.00	3267.00	3267.00	3267.00	3267.00	3267.00	3268.00	3268.00	3268.00	3268.00	3268.00	3268.00	3268.00	3268.00	3268.00	3268.00	3268.00	3268.00	3269.00	3269.00	3269.00	3269.00	3269.00	3269.00	3269.00	3269.00	3269.00	3269.00	3269.00	3270.00	3270.00	3270.00	3270.00	3270.00	3270.00	3270.00	3270.00	3270.00	3270.00	3270.00	3270.00	3270.00	3270.00	3270.00	3271.00	3271.00	3271.00	3271.00	3271.00	3271.00	3271.00	3271.00	3271.00	3271.00	3271.00	3271.00	3271.00	3271.00	3271.00	3271.00	3271.00	3271.00	3271.00	3271.00	3271.00	3271.00	3271.00	3272.00	3272.00	3272.00	3272.00	3272.00	3272.00	3272.00	3272.00	3272.00	3272.00	3272.00	3273.00	3273.00	3273.00	3273.00	3273.00	3273.00	3273.00	3273.00	3273.00	3273.00	3273.00	3273.00	3274.00	3274.00	3274.00	3274.00	3274.00	3274.00	3274.00	3274.00	3274.00	3274.00	3274.00	3275.00	3275.00	3275.00	3275.00	3275.00	3275.00	3275.00	3275.00	3275.00	3275.00	3275.00	3276.00	3276.00	3276.00	3276.00	3276.00	3276.00	3276.00	3276.00	3276.00
3255.00	3255.00	3256.00	3256.00	3256.00	3256.00	3256.00	3256.00	3256.00	3256.00	3256.00	3256.00	3256.00	3256.00	3256.00	3256.00	3256.00	3256.00	3256.00	3256.00	3257.00	3257.00	3257.00	3257.00	3257.00	3257.00	3257.00	3257.00	3257.00	3257.00	3257.00	3257.00	3258.00	3258.00	3258.00	3258.00	3258.00	3258.00	3258.00	3258.00	3258.00	3258.00	3258.00	3258.00	3259.00	3259.00	3259.00	3259.00	3259.00	3259.00	3259.00	3259.00	3259.00	3259.00	3259.00	3259.00	3260.00	3260.00	3260.00	3260.00	3260.00	3260.00	3260.00	3260.00	3260.00	3260.00	3260.00	3260.00	3260.00	3260.00	3261.00	3261.00	3261.00	3261.00	3261.00	3261.00	3261.00	3261.00	3261.00	3261.00	3261.00	3261.00	3261.00	3261.00	3261.00	3261.00	3261.00	3261.00	3262.00	3262.00	3262.00	3262.00	3262.00	3262.00	3262.00	3262.00	3262.00	3263.00	3263.00	3263.00	3263.00	3263.00	3263.00	3263.00	3263.00	3264.00	3264.00	3264.00	3264.00	3264.00	3264.00	3264.00	3265.00	3265.00	3265.00	3265.00	3265.00	3265.00	3265.00	3265.00	3265.00	3266.00	3266.00	3266.00	3266.00	3266.00	3266.00	3266.00	3266.00	3267.00	3267.00	3267.00	3267.00	3267.00	3267.00	3267.00	3267.00	3267.00	3267.00	3267.00	3267.00	3268.00	3268.00	3268.00	3268.00	3268.00	3268.00	3268.00	3268.00	3268.00	3268.00	3268.00	3268.00	3269.00	3269.00	3269.00	3269.00	3269.00	3269.00	3269.00	3269.00	3269.00	3269.00	3269.00	3270.00	3270.00	3270.00	3270.00	3270.00	3270.00	3270.00	3270.00	3270.00	3270.00	3270.00	3270.00	3270.00	3270.00	3270.00	3271.00	3271.00	3271.00	3271.00	3271.00	3271.00	3271.00	3271.00	3271.00	3271.00	3271.00	3271.00	3271.00	3271.00	3271.00	3271.00	3271.00	3271.00	3271.00	3271.00	3271.00	3271.00	3271.00	3272.00	3272.00	3272.00	3272.00	3272.00	3272.00	3272.00	3272.00	3272.00	3272.00	3272.00	3273.00	3273.00	3273.00	3273.00	3273.00	3273.00	3273.00	3273.00	3273.00	3273.00	3273.00	3273.00	3274.00	3274.00	3274.00	3274.00	3274.00	3274.00	3274.00	3274.00	3274.00	3274.00	3274.00	3275.00	3275.00	3275.00	3275.00	3275.00	3275.00	3275.00	3275.00	3275.00	3275.00	3275.00	3276.00	3276.00	3276.00	3276.00	3276.00	3276.00	3276.00	3276.00	3276.00
3255.00	3255.00	3256.00	3256.00	3256.00	3256.00	3256.00	3256.00	3256.00	3256.00	3256.00	3256.00	3256.00	3256.00	3256.00	3256.00	3256.00	3256.00	3256.00	3256.00	3257.00	3257.00	3257.00	3257.00	3257.00	3257.00	3257.00	3257.00	3257.00	3257.00	3257.00	3257.00	3258.00	3258.00	3258.00	3258.00	3258.00	3258.00	3258.00	3258.00	3258.00	3258.00	3258.00	3258.00	3259.00	3259.00	3259.00	3259.00	3259.00	3259.00	3259.00	3259.00	3259.00	3259.00	3259.00	3259.00	3260.00	3260.00	3260.00	3260.00	3260.00	3260.00	3260.00	3260.00	3260.00	3260.00	3260.00	3260.00	3260.00	3260.00	3261.00	3261.00	3261.00	3261.00	3261.00	3261.00	3261.00	3261.00	3261.00	3261.00	3261.00	3261.00	3261.00	3261.00	3261.00	3261.00	3261.00	3261.00	3262.00	3262.00	3262.00	3262.00	3262.00	3262.00	3262.00	3262.00	3262.00	3263.00	3263.00	3263.00	3263.00	3263.00	3263.00	3263.00	3263.00	3264.00	3264.00	3264.00	3264.00	3264.00	3264.00	3264.00	3265.00	3265.00	3265.00	3265.00	3265.00	3265.00	3265.00	3265.00	3265.00	3266.00	3266.00	3266.00	3266.00	3266.00	3266.00	3266.00	3266.00	3267.00	3267.00	3267.00	3267.00	3267.00	3267.00	3267.00	3267.00	3267.00	3267.00	3267.00	3267.00	3268.00	3268.00	3268.00	3268.00	3268.00	3268.00	3268.00	3268.00	3268.00	3268.00	3268.00	3268.00	3269.00	3269.00	3269.00	3269.00	3269.00	3269.00	3269.00	3269.00	3269.00	3269.00	3269.00	3270.00	3270.00	3270.00	3270.00	3270.00	3270.00	3270.00	3270.00	3270.00	3270.00	3270.00	3270.00	3270.00	3270.00	3270.00	3271.00	3271.00	3271.00	3271.00	3271.00	3271.00	3271.00	3271.00	3271.00	3271.00	3271.00	3271.00	3271.00	3271.00	3271.00	3271.00	3271.00	3271.00	3271.00	3271.00	3271.00	3271.00	3271.00	3272.00	3272.00	3272.00	3272.00	3272.00	3272.00	3272.00	3272.00	3272.00	3272.00	3272.00	3273.00	3273.00	3273.00	3273.00	3273.00	3273.00	3273.00	3273.00	3273.00	3273.00	3273.00	3273.00	3274.00	3274.00	3274.00	3274.00	3274.00	3274.00	3274.00	3274.00	3274.00	3274.00	3274.00	3275.00	3275.00	3275.00	3275.00	3275.00	3275.00	3275.00	3275.00	3275.00	3275.00	3275.00	3276.00	3276.00	3276.00	3276.00	3276.00	3276.00	3276.00	3276.00	3276.00
3255.00	3255.00	3256.00	3256.00	3256.00	3256.00	3256.00	3256.00	3256.00	3256.00	3256.00	3256.00	3256.00	3256.00	3256.00	3256.00	3256.00	3256.00	3256.00	3256.00	3257.00	3257.00	3257.00	3257.00	3257.00	3257.00	3257.00	3257.00	3257.00	3257.00	3257.00	3257.00	3258.00	3258.00	3258.00	3258.00	3258.00	3258.00	3258.00	3258.00	3258.00	3258.00	3258.00	3258.00	3259.00	3259.00	3259.00	3259.00	3259.00	3259.00	3259.00	3259.00	3259.00	3259.00	3259.00	3259.00	3260.00	3260.00	3260.00	3260.00	3260.00	3260.00	3260.00	3260.00	3260.00	3260.00	3260.00	3260.00	3260.00	3260.00	3261.00	3261.00	3261.00	3261.00	3261.00	3261.00	3261.00	3261.00	3261.00	3261.00	3261.00	3261.00	3261.00	3261.00	3261.00	3261.00	3261.00	3261.00	3262.00	3262.00	3262.00	3262.00	3262.00	3262.00	3262.00	3262.00	3262.00	3263.00	3263.00	3263.00	3263.00	3263.00	3263.00	3263.00	3263.00	3264.00	3264.00	3264.00	3264.00	3264.00	3264.00	3264.00	3265.00	3265.00	3265.00	3265.00	3265.00	3265.00	3265.00	3265.00	3265.00	3266.00	3266.00	3266.00	3266.00	3266.00	3266.00	3266.00	3266.00	3267.00	3267.00	3267.00	3267.00	3267.00	3267.00	3267.00	3267.00	3267.00	3267.00	3267.00	3267.00	3268.00	3268.00	3268.00	3268.00	3268.00	3268.00	3268.00	3268.00	3268.00	3268.00	3268.00	3268.00	3269.00	3269.00	3269.00	3269.00	3269.00	3269.00	3269.00	3269.00	3269.00	3269.00	3269.00	3270.00	3270.00	3270.00	3270.00	3270.00	3270.00	3270.00	3270.00	3270.00	3270.00	3270.00	3270.00	3270.00	3270.00	3270.00	3271.00	3271.00	3271.00	3271.00	3271.00	3271.00	3271.00	3271.00	3271.00	3271.00	3271.00	3271.00	3271.00	3271.00	3271.00	3271.00	3271.00	3271.00	3271.00	3271.00	3271.00	3271.00	3271.00	3272.00	3272.00	3272.00	3272.00	3272.00	3272.00	3272.00	3272.00	3272.00	3272.00	3272.00	3273.00	3273.00	3273.00	3273.00	3273.00	3273.00	3273.00	3273.00	3273.00	3273.00	3273.00	3273.00	3274.00	3274.00	3274.00	3274.00	3274.00	3274.00	3274.00	3274.00	3274.00	3274.00	3274.00	3275.00	3275.00	3275.00	3275.00	3275.00	3275.00	3275.00	3275.00	3275.00	3275.00	3275.00	3276.00	3276.00	3276.00	3276.00	3276.00	3276.00	3276.00	3276.00	3276.00
3255.00	3255.00	3256.00	3256.00	3256.00	3256.00	3256.00	3256.00	3256.00	3256.00	3256.00	3256.00	3256.00	3256.00	3256.00	3256.00	3256.00	3256.00	3256.00	3256.00	3257.00	3257.00	3257.00	3257.00	3257.00	3257.00	3257.00	3257.00	3257.00	3257.00	3257.00	3257.00	3258.00	3258.00	3258.00	3258.00	3258.00	3258.00	3258.00	3258.00	3258.00	3258.00	3258.00	3258.00	3259.00	3259.00	3259.00	3259.00	3259.00	3259.00	3259.00	3259.00	3259.00	3259.00	3259.00	3259.00	3260.00	3260.00	3260.00	3260.00	3260.00	3260.00	3260.00	3260.00	3260.00	3260.00	3260.00	3260.00	3260.00	3260.00	3261.00	3261.00	3261.00	3261.00	3261.00	3261.00	3261.00	3261.00	3261.00	3261.00	3261.00	3261.00	3261.00	3261.00	3261.00	3261.00	3261.00	3261.00	3262.00	3262.00	3262.00	3262.00	3262.00	3262.00	3262.00	3262.00	3262.00	3263.00	3263.00	3263.00	3263.00	3263.00	3263.00	3263.00	3263.00	3264.00	3264.00	3264.00	3264.00	3264.00	3264.00	3264.00	3265.00	3265.00	3265.00	3265.00	3265.00	3265.00	3265.00	3265.00	3265.00	3266.00	3266.00	3266.00	3266.00	3266.00	3266.00	3266.00	3266.00	3267.00	3267.00	3267.00	3267.00	3267.00	3267.00	3267.00	3267.00	3267.00	3267.00	3267.00	3267.00	3268.00	3268.00	3268.00	3268.00	3268.00	3268.00	3268.00	3268.00	3268.00	3268.00	3268.00	3268.00	3269.00	3269.00	3269.00	3269.00	3269.00	3269.00	3269.00	3269.00	3269.00	3269.00	3269.00	3270.00	3270.00	3270.00	3270.00	3270.00	3270.00	3270.00	3270.00	3270.00	3270.00	3270.00	3270.00	3270.00	3270.00	3270.00	3271.00	3271.00	3271.00	3271.00	3271.00	3271.00	3271.00	3271.00	3271.00	3271.00	3271.00	3271.00	3271.00	3271.00	3271.00	3271.00	3271.00	3271.00	3271.00	3271.00	3271.00	3271.00	3271.00	3272.00	3272.00	3272.00	3272.00	3272.00	3272.00	3272.00	3272.00	3272.00	3272.00	3272.00	3273.00	3273.00	3273.00	3273.00	3273.00	3273.00	3273.00	3273.00	3273.00	3273.00	3273.00	3273.00	3274.00	3274.00	3274.00	3274.00	3274.00	3274.00	3274.00	3274.00	3274.00	3274.00	3274.00	3275.00	3275.00	3275.00	3275.00	3275.00	3275.00	3275.00	3275.00	3275.00	3275.00	3275.00	3276.00	3276.00	3276.00	3276.00	3276.00	3276.00	3276.00	3276.00	3276.00
3255.00	3255.00	3256.00	3256.00	3256.00	3256.00	3256.00	3256.00	3256.00	3256.00	3256.00	3256.00	3256.00	3256.00	3256.00	3256.00	3256.00	3256.00	3256.00	3256.00	3257.00	3257.00	3257.00	3257.00	3257.00	3257.00	3257.00	3257.00	3257.00	3257.00	3257.00	3257.00	3258.00	3258.00	3258.00	3258.00	3258.00	3258.00	3258.00	3258.00	3258.00	3258.00	3258.00	3258.00	3259.00	3259.00	3259.00	3259.00	3259.00	3259.00	3259.00	3259.00	3259.00	3259.00	3259.00	3259.00	3260.00	3260.00	3260.00	3260.00	3260.00	3260.00	3260.00	3260.00	3260.00	3260.00	3260.00	3260.00	3260.00	3260.00	3261.00	3261.00	3261.00	3261.00	3261.00	3261.00	3261.00	3261.00	3261.00	3261.00	3261.00	3261.00	3261.00	3261.00	3261.00	3261.00	3261.00	3261.00	3262.00	3262.00	3262.00	3262.00	3262.00	3262.00	3262.00	3262.00	3262.00	3263.00	3263.00	3263.00	3263.00	3263.00	3263.00	3263.00	3263.00	3264.00	3264.00	3264.00	3264.00	3264.00	3264.00	3264.00	3265.00	3265.00	3265.00	3265.00	3265.00	3265.00	3265.00	3265.00	3265.00	3266.00	3266.00	3266.00	3266.00	3266.00	3266.00	3266.00	3266.00	3267.00	3267.00	3267.00	3267.00	3267.00	3267.00	3267.00	3267.00	3267.00	3267.00	3267.00	3267.00	3268.00	3268.00	3268.00	3268.00	3268.00	3268.00	3268.00	3268.00	3268.00	3268.00	3268.00	3268.00	3269.00	3269.00	3269.00	3269.00	3269.00	3269.00	3269.00	3269.00	3269.00	3269.00	3269.00	3270.00	3270.00	3270.00	3270.00	3270.00	3270.00	3270.00	3270.00	3270.00	3270.00	3270.00	3270.00	3270.00	3270.00	3270.00	3271.00	3271.00	3271.00	3271.00	3271.00	3271.00	3271.00	3271.00	3271.00	3271.00	3271.00	3271.00	3271.00	3271.00	3271.00	3271.00	3271.00	3271.00	3271.00	3271.00	3271.00	3271.00	3271.00	3272.00	3272.00	3272.00	3272.00	3272.00	3272.00	3272.00	3272.00	3272.00	3272.00	3272.00	3273.00	3273.00	3273.00	3273.00	3273.00	3273.00	3273.00	3273.00	3273.00	3273.00	3273.00	3273.00	3274.00	3274.00	3274.00	3274.00	3274.00	3274.00	3274.00	3274.00	3274.00	3274.00	3274.00	3275.00	3275.00	3275.00	3275.00	3275.00	3275.00	3275.00	3275.00	3275.00	3275.00	3275.00	3276.00	3276.00	3276.00	3276.00	3276.00	3276.00	3276.00	3276.00	3276.00
3255.00	3255.00	3256.00	3256.00	3256.00	3256.00	3256.00	3256.00	3256.00	3256.00	3256.00	3256.00	3256.00	3256.00	3256.00	3256.00	3256.00	3256.00	3256.00	3256.00	3257.00	3257.00	3257.00	3257.00	3257.00	3257.00	3257.00	3257.00	3257.00	3257.00	3257.00	3257.00	3258.00	3258.00	3258.00	3258.00	3258.00	3258.00	3258.00	3258.00	3258.00	3258.00	3258.00	3258.00	3259.00	3259.00	3259.00	3259.00	3259.00	3259.00	3259.00	3259.00	3259.00	3259.00	3259.00	3259.00	3260.00	3260.00	3260.00	3260.00	3260.00	3260.00	3260.00	3260.00	3260.00	3260.00	3260.00	3260.00	3260.00	3260.00	3261.00	3261.00	3261.00	3261.00	3261.00	3261.00	3261.00	3261.00	3261.00	3261.00	3261.00	3261.00	3261.00	3261.00	3261.00	3261.00	3261.00	3261.00	3262.00	3262.00	3262.00	3262.00	3262.00	3262.00	3262.00	3262.00	3262.00	3263.00	3263.00	3263.00	3263.00	3263.00	3263.00	3263.00	3263.00	3264.00	3264.00	3264.00	3264.00	3264.00	3264.00	3264.00	3265.00	3265.00	3265.00	3265.00	3265.00	3265.00	3265.00	3265.00	3265.00	3266.00	3266.00	3266.00	3266.00	3266.00	3266.00	3266.00	3266.00	3267.00	3267.00	3267.00	3267.00	3267.00	3267.00	3267.00	3267.00	3267.00	3267.00	3267.00	3267.00	3268.00	3268.00	3268.00	3268.00	3268.00	3268.00	3268.00	3268.00	3268.00	3268.00	3268.00	3268.00	3269.00	3269.00	3269.00	3269.00	3269.00	3269.00	3269.00	3269.00	3269.00	3269.00	3269.00	3270.00	3270.00	3270.00	3270.00	3270.00	3270.00	3270.00	3270.00	3270.00	3270.00	3270.00	3270.00	3270.00	3270.00	3270.00	3271.00	3271.00	3271.00	3271.00	3271.00	3271.00	3271.00	3271.00	3271.00	3271.00	3271.00	3271.00	3271.00	3271.00	3271.00	3271.00	3271.00	3271.00	3271.00	3271.00	3271.00	3271.00	3271.00	3272.00	3272.00	3272.00	3272.00	3272.00	3272.00	3272.00	3272.00	3272.00	3272.00	3272.00	3273.00	3273.00	3273.00	3273.00	3273.00	3273.00	3273.00	3273.00	3273.00	3273.00	3273.00	3273.00	3274.00	3274.00	3274.00	3274.00	3274.00	3274.00	3274.00	3274.00	3274.00	3274.00	3274.00	3275.00	3275.00	3275.00	3275.00	3275.00	3275.00	3275.00	3275.00	3275.00	3275.00	3275.00	3276.00	3276.00	3276.00	3276.00	3276.00	3276.00	3276.00	3276.00	3276.00
3255.00	3255.00	3256.00	3256.00	3256.00	3256.00	3256.00	3256.00	3256.00	3256.00	3256.00	3256.00	3256.00	3256.00	3256.00	3256.00	3256.00	3256.00	3256.00	3256.00	3257.00	3257.00	3257.00	3257.00	3257.00	3257.00	3257.00	3257.00	3257.00	3257.00	3257.00	3257.00	3258.00	3258.00	3258.00	3258.00	3258.00	3258.00	3258.00	3258.00	3258.00	3258.00	3258.00	3258.00	3259.00	3259.00	3259.00	3259.00	3259.00	3259.00	3259.00	3259.00	3259.00	3259.00	3259.00	3259.00	3260.00	3260.00	3260.00	3260.00	3260.00	3260.00	3260.00	3260.00	3260.00	3260.00	3260.00	3260.00	3260.00	3260.00	3261.00	3261.00	3261.00	3261.00	3261.00	3261.00	3261.00	3261.00	3261.00	3261.00	3261.00	3261.00	3261.00	3261.00	3261.00	3261.00	3261.00	3261.00	3262.00	3262.00	3262.00	3262.00	3262.00	3262.00	3262.00	3262.00	3262.00	3263.00	3263.00	3263.00	3263.00	3263.00	3263.00	3263.00	3263.00	3264.00	3264.00	3264.00	3264.00	3264.00	3264.00	3264.00	3265.00	3265.00	3265.00	3265.00	3265.00	3265.00	3265.00	3265.00	3265.00	3266.00	3266.00	3266.00	3266.00	3266.00	3266.00	3266.00	3266.00	3267.00	3267.00	3267.00	3267.00	3267.00	3267.00	3267.00	3267.00	3267.00	3267.00	3267.00	3267.00	3268.00	3268.00	3268.00	3268.00	3268.00	3268.00	3268.00	3268.00	3268.00	3268.00	3268.00	3268.00	3269.00	3269.00	3269.00	3269.00	3269.00	3269.00	3269.00	3269.00	3269.00	3269.00	3269.00	3270.00	3270.00	3270.00	3270.00	3270.00	3270.00	3270.00	3270.00	3270.00	3270.00	3270.00	3270.00	3270.00	3270.00	3270.00	3271.00	3271.00	3271.00	3271.00	3271.00	3271.00	3271.00	3271.00	3271.00	3271.00	3271.00	3271.00	3271.00	3271.00	3271.00	3271.00	3271.00	3271.00	3271.00	3271.00	3271.00	3271.00	3271.00	3272.00	3272.00	3272.00	3272.00	3272.00	3272.00	3272.00	3272.00	3272.00	3272.00	3272.00	3273.00	3273.00	3273.00	3273.00	3273.00	3273.00	3273.00	3273.00	3273.00	3273.00	3273.00	3273.00	3274.00	3274.00	3274.00	3274.00	3274.00	3274.00	3274.00	3274.00	3274.00	3274.00	3274.00	3275.00	3275.00	3275.00	3275.00	3275.00	3275.00	3275.00	3275.00	3275.00	3275.00	3275.00	3276.00	3276.00	3276.00	3276.00	3276.00	3276.00	3276.00	3276.00	3276.00
3255.00	3255.00	3256.00	3256.00	3256.00	3256.00	3256.00	3256.00	3256.00	3256.00	3256.00	3256.00	3256.00	3256.00	3256.00	3256.00	3256.00	3256.00	3256.00	3256.00	3257.00	3257.00	3257.00	3257.00	3257.00	3257.00	3257.00	3257.00	3257.00	3257.00	3257.00	3257.00	3258.00	3258.00	3258.00	3258.00	3258.00	3258.00	3258.00	3258.00	3258.00	3258.00	3258.00	3258.00	3259.00	3259.00	3259.00	3259.00	3259.00	3259.00	3259.00	3259.00	3259.00	3259.00	3259.00	3259.00	3260.00	3260.00	3260.00	3260.00	3260.00	3260.00	3260.00	3260.00	3260.00	3260.00	3260.00	3260.00	3260.00	3260.00	3261.00	3261.00	3261.00	3261.00	3261.00	3261.00	3261.00	3261.00	3261.00	3261.00	3261.00	3261.00	3261.00	3261.00	3261.00	3261.00	3261.00	3261.00	3262.00	3262.00	3262.00	3262.00	3262.00	3262.00	3262.00	3262.00	3262.00	3263.00	3263.00	3263.00	3263.00	3263.00	3263.00	3263.00	3263.00	3264.00	3264.00	3264.00	3264.00	3264.00	3264.00	3264.00	3265.00	3265.00	3265.00	3265.00	3265.00	3265.00	3265.00	3265.00	3265.00	3266.00	3266.00	3266.00	3266.00	3266.00	3266.00	3266.00	3266.00	3267.00	3267.00	3267.00	3267.00	3267.00	3267.00	3267.00	3267.00	3267.00	3267.00	3267.00	3267.00	3268.00	3268.00	3268.00	3268.00	3268.00	3268.00	3268.00	3268.00	3268.00	3268.00	3268.00	3268.00	3269.00	3269.00	3269.00	3269.00	3269.00	3269.00	3269.00	3269.00	3269.00	3269.00	3269.00	3270.00	3270.00	3270.00	3270.00	3270.00	3270.00	3270.00	3270.00	3270.00	3270.00	3270.00	3270.00	3270.00	3270.00	3270.00	3271.00	3271.00	3271.00	3271.00	3271.00	3271.00	3271.00	3271.00	3271.00	3271.00	3271.00	3271.00	3271.00	3271.00	3271.00	3271.00	3271.00	3271.00	3271.00	3271.00	3271.00	3271.00	3271.00	3272.00	3272.00	3272.00	3272.00	3272.00	3272.00	3272.00	3272.00	3272.00	3272.00	3272.00	3273.00	3273.00	3273.00	3273.00	3273.00	3273.00	3273.00	3273.00	3273.00	3273.00	3273.00	3273.00	3274.00	3274.00	3274.00	3274.00	3274.00	3274.00	3274.00	3274.00	3274.00	3274.00	3274.00	3275.00	3275.00	3275.00	3275.00	3275.00	3275.00	3275.00	3275.00	3275.00	3275.00	3275.00	3276.00	3276.00	3276.00	3276.00	3276.00	3276.00	3276.00	3276.00	3276.00
3255.00	3255.00	3255.00	3255.00	3255.00	3255.00	3255.00	3256.00	3256.00	3256.00	3256.00	3256.00	3256.00	3256.00	3256.00	3256.00	3256.00	3256.00	3256.00	3256.00	3257.00	3257.00	3257.00	3257.00	3257.00	3257.00	3257.00	3257.00	3257.00	3257.00	3257.00	3257.00	3258.00	3258.00	3258.00	3258.00	3258.00	3258.00	3258.00	3258.00	3258.00	3258.00	3258.00	3258.00	3259.00	3259.00	3259.00	3259.00	3259.00	3259.00	3259.00	3259.00	3259.00	3259.00	3259.00	3259.00	3260.00	3260.00	3260.00	3260.00	3260.00	3260.00	3260.00	3260.00	3260.00	3260.00	3260.00	3260.00	3261.00	3261.00	3261.00	3261.00	3261.00	3261.00	3261.00	3261.00	3261.00	3261.00	3261.00	3261.00	3261.00	3261.00	3261.00	3261.00	3261.00	3261.00	3261.00	3261.00	3261.00	3261.00	3261.00	3262.00	3262.00	3262.00	3262.00	3262.00	3262.00	3262.00	3262.00	3262.00	3262.00	3263.00	3263.00	3263.00	3263.00	3263.00	3263.00	3263.00	3263.00	3263.00	3264.00	3264.00	3264.00	3264.00	3264.00	3264.00	3264.00	3265.00	3265.00	3265.00	3265.00	3265.00	3265.00	3265.00	3266.00	3266.00	3266.00	3266.00	3266.00	3266.00	3266.00	3266.00	3266.00	3266.00	3266.00	3267.00	3267.00	3267.00	3267.00	3267.00	3267.00	3267.00	3267.00	3267.00	3267.00	3267.00	3267.00	3268.00	3268.00	3268.00	3268.00	3268.00	3268.00	3268.00	3268.00	3268.00	3268.00	3268.00	3269.00	3269.00	3269.00	3269.00	3269.00	3269.00	3269.00	3269.00	3269.00	3269.00	3269.00	3269.00	3269.00	3269.00	3269.00	3269.00	3269.00	3269.00	3270.00	3270.00	3270.00	3270.00	3270.00	3270.00	3270.00	3270.00	3270.00	3270.00	3270.00	3270.00	3270.00	3270.00	3270.00	3270.00	3270.00	3270.00	3270.00	3270.00	3270.00	3270.00	3270.00	3271.00	3271.00	3271.00	3271.00	3271.00	3271.00	3271.00	3271.00	3271.00	3271.00	3271.00	3271.00	3271.00	3271.00	3272.00	3272.00	3272.00	3272.00	3272.00	3272.00	3272.00	3272.00	3272.00	3272.00	3272.00	3272.00	3273.00	3273.00	3273.00	3273.00	3273.00	3273.00	3273.00	3273.00	3273.00	3273.00	3273.00	3273.00	3273.00	3274.00	3274.00	3274.00	3274.00	3274.00	3274.00	3274.00	3274.00	3274.00	3274.00	3274.00	3274.00	3275.00	3275.00	3275.00	3275.00	3275.00	3275.00
3255.00	3255.00	3255.00	3255.00	3255.00	3255.00	3255.00	3256.00	3256.00	3256.00	3256.00	3256.00	3256.00	3256.00	3256.00	3256.00	3256.00	3256.00	3256.00	3256.00	3257.00	3257.00	3257.00	3257.00	3257.00	3257.00	3257.00	3257.00	3257.00	3257.00	3257.00	3257.00	3258.00	3258.00	3258.00	3258.00	3258.00	3258.00	3258.00	3258.00	3258.00	3258.00	3258.00	3258.00	3259.00	3259.00	3259.00	3259.00	3259.00	3259.00	3259.00	3259.00	3259.00	3259.00	3259.00	3259.00	3260.00	3260.00	3260.00	3260.00	3260.00	3260.00	3260.00	3260.00	3260.00	3260.00	3260.00	3260.00	3261.00	3261.00	3261.00	3261.00	3261.00	3261.00	3261.00	3261.00	3261.00	3261.00	3261.00	3261.00	3261.00	3261.00	3261.00	3261.00	3261.00	3261.00	3261.00	3261.00	3261.00	3261.00	3261.00	3262.00	3262.00	3262.00	3262.00	3262.00	3262.00	3262.00	3262.00	3262.00	3262.00	3263.00	3263.00	3263.00	3263.00	3263.00	3263.00	3263.00	3263.00	3263.00	3264.00	3264.00	3264.00	3264.00	3264.00	3264.00	3264.00	3265.00	3265.00	3265.00	3265.00	3265.00	3265.00	3265.00	3266.00	3266.00	3266.00	3266.00	3266.00	3266.00	3266.00	3266.00	3266.00	3266.00	3266.00	3267.00	3267.00	3267.00	3267.00	3267.00	3267.00	3267.00	3267.00	3267.00	3267.00	3267.00	3267.00	3268.00	3268.00	3268.00	3268.00	3268.00	3268.00	3268.00	3268.00	3268.00	3268.00	3268.00	3269.00	3269.00	3269.00	3269.00	3269.00	3269.00	3269.00	3269.00	3269.00	3269.00	3269.00	3269.00	3269.00	3269.00	3269.00	3269.00	3269.00	3269.00	3270.00	3270.00	3270.00	3270.00	3270.00	3270.00	3270.00	3270.00	3270.00	3270.00	3270.00	3270.00	3270.00	3270.00	3270.00	3270.00	3270.00	3270.00	3270.00	3270.00	3270.00	3270.00	3270.00	3271.00	3271.00	3271.00	3271.00	3271.00	3271.00	3271.00	3271.00	3271.00	3271.00	3271.00	3271.00	3271.00	3271.00	3272.00	3272.00	3272.00	3272.00	3272.00	3272.00	3272.00	3272.00	3272.00	3272.00	3272.00	3272.00	3273.00	3273.00	3273.00	3273.00	3273.00	3273.00	3273.00	3273.00	3273.00	3273.00	3273.00	3273.00	3273.00	3274.00	3274.00	3274.00	3274.00	3274.00	3274.00	3274.00	3274.00	3274.00	3274.00	3274.00	3274.00	3275.00	3275.00	3275.00	3275.00	3275.00	3275.00
3255.00	3255.00	3255.00	3255.00	3255.00	3255.00	3255.00	3256.00	3256.00	3256.00	3256.00	3256.00	3256.00	3256.00	3256.00	3256.00	3256.00	3256.00	3256.00	3256.00	3257.00	3257.00	3257.00	3257.00	3257.00	3257.00	3257.00	3257.00	3257.00	3257.00	3257.00	3257.00	3258.00	3258.00	3258.00	3258.00	3258.00	3258.00	3258.00	3258.00	3258.00	3258.00	3258.00	3258.00	3259.00	3259.00	3259.00	3259.00	3259.00	3259.00	3259.00	3259.00	3259.00	3259.00	3259.00	3259.00	3260.00	3260.00	3260.00	3260.00	3260.00	3260.00	3260.00	3260.00	3260.00	3260.00	3260.00	3260.00	3261.00	3261.00	3261.00	3261.00	3261.00	3261.00	3261.00	3261.00	3261.00	3261.00	3261.00	3261.00	3261.00	3261.00	3261.00	3261.00	3261.00	3261.00	3261.00	3261.00	3261.00	3261.00	3261.00	3262.00	3262.00	3262.00	3262.00	3262.00	3262.00	3262.00	3262.00	3262.00	3262.00	3263.00	3263.00	3263.00	3263.00	3263.00	3263.00	3263.00	3263.00	3263.00	3264.00	3264.00	3264.00	3264.00	3264.00	3264.00	3264.00	3265.00	3265.00	3265.00	3265.00	3265.00	3265.00	3265.00	3266.00	3266.00	3266.00	3266.00	3266.00	3266.00	3266.00	3266.00	3266.00	3266.00	3266.00	3267.00	3267.00	3267.00	3267.00	3267.00	3267.00	3267.00	3267.00	3267.00	3267.00	3267.00	3267.00	3268.00	3268.00	3268.00	3268.00	3268.00	3268.00	3268.00	3268.00	3268.00	3268.00	3268.00	3269.00	3269.00	3269.00	3269.00	3269.00	3269.00	3269.00	3269.00	3269.00	3269.00	3269.00	3269.00	3269.00	3269.00	3269.00	3269.00	3269.00	3269.00	3270.00	3270.00	3270.00	3270.00	3270.00	3270.00	3270.00	3270.00	3270.00	3270.00	3270.00	3270.00	3270.00	3270.00	3270.00	3270.00	3270.00	3270.00	3270.00	3270.00	3270.00	3270.00	3270.00	3271.00	3271.00	3271.00	3271.00	3271.00	3271.00	3271.00	3271.00	3271.00	3271.00	3271.00	3271.00	3271.00	3271.00	3272.00	3272.00	3272.00	3272.00	3272.00	3272.00	3272.00	3272.00	3272.00	3272.00	3272.00	3272.00	3273.00	3273.00	3273.00	3273.00	3273.00	3273.00	3273.00	3273.00	3273.00	3273.00	3273.00	3273.00	3273.00	3274.00	3274.00	3274.00	3274.00	3274.00	3274.00	3274.00	3274.00	3274.00	3274.00	3274.00	3274.00	3275.00	3275.00	3275.00	3275.00	3275.00	3275.00
3255.00	3255.00	3255.00	3255.00	3255.00	3255.00	3255.00	3256.00	3256.00	3256.00	3256.00	3256.00	3256.00	3256.00	3256.00	3256.00	3256.00	3256.00	3256.00	3256.00	3257.00	3257.00	3257.00	3257.00	3257.00	3257.00	3257.00	3257.00	3257.00	3257.00	3257.00	3257.00	3258.00	3258.00	3258.00	3258.00	3258.00	3258.00	3258.00	3258.00	3258.00	3258.00	3258.00	3258.00	3259.00	3259.00	3259.00	3259.00	3259.00	3259.00	3259.00	3259.00	3259.00	3259.00	3259.00	3259.00	3260.00	3260.00	3260.00	3260.00	3260.00	3260.00	3260.00	3260.00	3260.00	3260.00	3260.00	3260.00	3261.00	3261.00	3261.00	3261.00	3261.00	3261.00	3261.00	3261.00	3261.00	3261.00	3261.00	3261.00	3261.00	3261.00	3261.00	3261.00	3261.00	3261.00	3261.00	3261.00	3261.00	3261.00	3261.00	3262.00	3262.00	3262.00	3262.00	3262.00	3262.00	3262.00	3262.00	3262.00	3262.00	3263.00	3263.00	3263.00	3263.00	3263.00	3263.00	3263.00	3263.00	3263.00	3264.00	3264.00	3264.00	3264.00	3264.00	3264.00	3264.00	3265.00	3265.00	3265.00	3265.00	3265.00	3265.00	3265.00	3266.00	3266.00	3266.00	3266.00	3266.00	3266.00	3266.00	3266.00	3266.00	3266.00	3266.00	3267.00	3267.00	3267.00	3267.00	3267.00	3267.00	3267.00	3267.00	3267.00	3267.00	3267.00	3267.00	3268.00	3268.00	3268.00	3268.00	3268.00	3268.00	3268.00	3268.00	3268.00	3268.00	3268.00	3269.00	3269.00	3269.00	3269.00	3269.00	3269.00	3269.00	3269.00	3269.00	3269.00	3269.00	3269.00	3269.00	3269.00	3269.00	3269.00	3269.00	3269.00	3270.00	3270.00	3270.00	3270.00	3270.00	3270.00	3270.00	3270.00	3270.00	3270.00	3270.00	3270.00	3270.00	3270.00	3270.00	3270.00	3270.00	3270.00	3270.00	3270.00	3270.00	3270.00	3270.00	3271.00	3271.00	3271.00	3271.00	3271.00	3271.00	3271.00	3271.00	3271.00	3271.00	3271.00	3271.00	3271.00	3271.00	3272.00	3272.00	3272.00	3272.00	3272.00	3272.00	3272.00	3272.00	3272.00	3272.00	3272.00	3272.00	3273.00	3273.00	3273.00	3273.00	3273.00	3273.00	3273.00	3273.00	3273.00	3273.00	3273.00	3273.00	3273.00	3274.00	3274.00	3274.00	3274.00	3274.00	3274.00	3274.00	3274.00	3274.00	3274.00	3274.00	3274.00	3275.00	3275.00	3275.00	3275.00	3275.00	3275.00
3255.00	3255.00	3255.00	3255.00	3255.00	3255.00	3255.00	3256.00	3256.00	3256.00	3256.00	3256.00	3256.00	3256.00	3256.00	3256.00	3256.00	3256.00	3256.00	3256.00	3257.00	3257.00	3257.00	3257.00	3257.00	3257.00	3257.00	3257.00	3257.00	3257.00	3257.00	3257.00	3258.00	3258.00	3258.00	3258.00	3258.00	3258.00	3258.00	3258.00	3258.00	3258.00	3258.00	3258.00	3259.00	3259.00	3259.00	3259.00	3259.00	3259.00	3259.00	3259.00	3259.00	3259.00	3259.00	3259.00	3260.00	3260.00	3260.00	3260.00	3260.00	3260.00	3260.00	3260.00	3260.00	3260.00	3260.00	3260.00	3261.00	3261.00	3261.00	3261.00	3261.00	3261.00	3261.00	3261.00	3261.00	3261.00	3261.00	3261.00	3261.00	3261.00	3261.00	3261.00	3261.00	3261.00	3261.00	3261.00	3261.00	3261.00	3261.00	3262.00	3262.00	3262.00	3262.00	3262.00	3262.00	3262.00	3262.00	3262.00	3262.00	3263.00	3263.00	3263.00	3263.00	3263.00	3263.00	3263.00	3263.00	3263.00	3264.00	3264.00	3264.00	3264.00	3264.00	3264.00	3264.00	3265.00	3265.00	3265.00	3265.00	3265.00	3265.00	3265.00	3266.00	3266.00	3266.00	3266.00	3266.00	3266.00	3266.00	3266.00	3266.00	3266.00	3266.00	3267.00	3267.00	3267.00	3267.00	3267.00	3267.00	3267.00	3267.00	3267.00	3267.00	3267.00	3267.00	3268.00	3268.00	3268.00	3268.00	3268.00	3268.00	3268.00	3268.00	3268.00	3268.00	3268.00	3269.00	3269.00	3269.00	3269.00	3269.00	3269.00	3269.00	3269.00	3269.00	3269.00	3269.00	3269.00	3269.00	3269.00	3269.00	3269.00	3269.00	3269.00	3270.00	3270.00	3270.00	3270.00	3270.00	3270.00	3270.00	3270.00	3270.00	3270.00	3270.00	3270.00	3270.00	3270.00	3270.00	3270.00	3270.00	3270.00	3270.00	3270.00	3270.00	3270.00	3270.00	3271.00	3271.00	3271.00	3271.00	3271.00	3271.00	3271.00	3271.00	3271.00	3271.00	3271.00	3271.00	3271.00	3271.00	3272.00	3272.00	3272.00	3272.00	3272.00	3272.00	3272.00	3272.00	3272.00	3272.00	3272.00	3272.00	3273.00	3273.00	3273.00	3273.00	3273.00	3273.00	3273.00	3273.00	3273.00	3273.00	3273.00	3273.00	3273.00	3274.00	3274.00	3274.00	3274.00	3274.00	3274.00	3274.00	3274.00	3274.00	3274.00	3274.00	3274.00	3275.00	3275.00	3275.00	3275.00	3275.00	3275.00
3255.00	3255.00	3255.00	3255.00	3255.00	3255.00	3255.00	3256.00	3256.00	3256.00	3256.00	3256.00	3256.00	3256.00	3256.00	3256.00	3256.00	3256.00	3256.00	3256.00	3257.00	3257.00	3257.00	3257.00	3257.00	3257.00	3257.00	3257.00	3257.00	3257.00	3257.00	3257.00	3258.00	3258.00	3258.00	3258.00	3258.00	3258.00	3258.00	3258.00	3258.00	3258.00	3258.00	3258.00	3259.00	3259.00	3259.00	3259.00	3259.00	3259.00	3259.00	3259.00	3259.00	3259.00	3259.00	3259.00	3260.00	3260.00	3260.00	3260.00	3260.00	3260.00	3260.00	3260.00	3260.00	3260.00	3260.00	3260.00	3261.00	3261.00	3261.00	3261.00	3261.00	3261.00	3261.00	3261.00	3261.00	3261.00	3261.00	3261.00	3261.00	3261.00	3261.00	3261.00	3261.00	3261.00	3261.00	3261.00	3261.00	3261.00	3261.00	3262.00	3262.00	3262.00	3262.00	3262.00	3262.00	3262.00	3262.00	3262.00	3262.00	3263.00	3263.00	3263.00	3263.00	3263.00	3263.00	3263.00	3263.00	3263.00	3264.00	3264.00	3264.00	3264.00	3264.00	3264.00	3264.00	3265.00	3265.00	3265.00	3265.00	3265.00	3265.00	3265.00	3266.00	3266.00	3266.00	3266.00	3266.00	3266.00	3266.00	3266.00	3266.00	3266.00	3266.00	3267.00	3267.00	3267.00	3267.00	3267.00	3267.00	3267.00	3267.00	3267.00	3267.00	3267.00	3267.00	3268.00	3268.00	3268.00	3268.00	3268.00	3268.00	3268.00	3268.00	3268.00	3268.00	3268.00	3269.00	3269.00	3269.00	3269.00	3269.00	3269.00	3269.00	3269.00	3269.00	3269.00	3269.00	3269.00	3269.00	3269.00	3269.00	3269.00	3269.00	3269.00	3270.00	3270.00	3270.00	3270.00	3270.00	3270.00	3270.00	3270.00	3270.00	3270.00	3270.00	3270.00	3270.00	3270.00	3270.00	3270.00	3270.00	3270.00	3270.00	3270.00	3270.00	3270.00	3270.00	3271.00	3271.00	3271.00	3271.00	3271.00	3271.00	3271.00	3271.00	3271.00	3271.00	3271.00	3271.00	3271.00	3271.00	3272.00	3272.00	3272.00	3272.00	3272.00	3272.00	3272.00	3272.00	3272.00	3272.00	3272.00	3272.00	3273.00	3273.00	3273.00	3273.00	3273.00	3273.00	3273.00	3273.00	3273.00	3273.00	3273.00	3273.00	3273.00	3274.00	3274.00	3274.00	3274.00	3274.00	3274.00	3274.00	3274.00	3274.00	3274.00	3274.00	3274.00	3275.00	3275.00	3275.00	3275.00	3275.00	3275.00
3255.00	3255.00	3255.00	3255.00	3255.00	3255.00	3255.00	3256.00	3256.00	3256.00	3256.00	3256.00	3256.00	3256.00	3256.00	3256.00	3256.00	3256.00	3256.00	3256.00	3257.00	3257.00	3257.00	3257.00	3257.00	3257.00	3257.00	3257.00	3257.00	3257.00	3257.00	3257.00	3258.00	3258.00	3258.00	3258.00	3258.00	3258.00	3258.00	3258.00	3258.00	3258.00	3258.00	3258.00	3259.00	3259.00	3259.00	3259.00	3259.00	3259.00	3259.00	3259.00	3259.00	3259.00	3259.00	3259.00	3260.00	3260.00	3260.00	3260.00	3260.00	3260.00	3260.00	3260.00	3260.00	3260.00	3260.00	3260.00	3261.00	3261.00	3261.00	3261.00	3261.00	3261.00	3261.00	3261.00	3261.00	3261.00	3261.00	3261.00	3261.00	3261.00	3261.00	3261.00	3261.00	3261.00	3261.00	3261.00	3261.00	3261.00	3261.00	3262.00	3262.00	3262.00	3262.00	3262.00	3262.00	3262.00	3262.00	3262.00	3262.00	3263.00	3263.00	3263.00	3263.00	3263.00	3263.00	3263.00	3263.00	3263.00	3264.00	3264.00	3264.00	3264.00	3264.00	3264.00	3264.00	3265.00	3265.00	3265.00	3265.00	3265.00	3265.00	3265.00	3266.00	3266.00	3266.00	3266.00	3266.00	3266.00	3266.00	3266.00	3266.00	3266.00	3266.00	3267.00	3267.00	3267.00	3267.00	3267.00	3267.00	3267.00	3267.00	3267.00	3267.00	3267.00	3267.00	3268.00	3268.00	3268.00	3268.00	3268.00	3268.00	3268.00	3268.00	3268.00	3268.00	3268.00	3269.00	3269.00	3269.00	3269.00	3269.00	3269.00	3269.00	3269.00	3269.00	3269.00	3269.00	3269.00	3269.00	3269.00	3269.00	3269.00	3269.00	3269.00	3270.00	3270.00	3270.00	3270.00	3270.00	3270.00	3270.00	3270.00	3270.00	3270.00	3270.00	3270.00	3270.00	3270.00	3270.00	3270.00	3270.00	3270.00	3270.00	3270.00	3270.00	3270.00	3270.00	3271.00	3271.00	3271.00	3271.00	3271.00	3271.00	3271.00	3271.00	3271.00	3271.00	3271.00	3271.00	3271.00	3271.00	3272.00	3272.00	3272.00	3272.00	3272.00	3272.00	3272.00	3272.00	3272.00	3272.00	3272.00	3272.00	3273.00	3273.00	3273.00	3273.00	3273.00	3273.00	3273.00	3273.00	3273.00	3273.00	3273.00	3273.00	3273.00	3274.00	3274.00	3274.00	3274.00	3274.00	3274.00	3274.00	3274.00	3274.00	3274.00	3274.00	3274.00	3275.00	3275.00	3275.00	3275.00	3275.00	3275.00
3255.00	3255.00	3255.00	3255.00	3255.00	3255.00	3255.00	3256.00	3256.00	3256.00	3256.00	3256.00	3256.00	3256.00	3256.00	3256.00	3256.00	3256.00	3256.00	3256.00	3257.00	3257.00	3257.00	3257.00	3257.00	3257.00	3257.00	3257.00	3257.00	3257.00	3257.00	3257.00	3258.00	3258.00	3258.00	3258.00	3258.00	3258.00	3258.00	3258.00	3258.00	3258.00	3258.00	3258.00	3259.00	3259.00	3259.00	3259.00	3259.00	3259.00	3259.00	3259.00	3259.00	3259.00	3259.00	3259.00	3260.00	3260.00	3260.00	3260.00	3260.00	3260.00	3260.00	3260.00	3260.00	3260.00	3260.00	3260.00	3261.00	3261.00	3261.00	3261.00	3261.00	3261.00	3261.00	3261.00	3261.00	3261.00	3261.00	3261.00	3261.00	3261.00	3261.00	3261.00	3261.00	3261.00	3261.00	3261.00	3261.00	3261.00	3261.00	3262.00	3262.00	3262.00	3262.00	3262.00	3262.00	3262.00	3262.00	3262.00	3262.00	3263.00	3263.00	3263.00	3263.00	3263.00	3263.00	3263.00	3263.00	3263.00	3264.00	3264.00	3264.00	3264.00	3264.00	3264.00	3264.00	3265.00	3265.00	3265.00	3265.00	3265.00	3265.00	3265.00	3266.00	3266.00	3266.00	3266.00	3266.00	3266.00	3266.00	3266.00	3266.00	3266.00	3266.00	3267.00	3267.00	3267.00	3267.00	3267.00	3267.00	3267.00	3267.00	3267.00	3267.00	3267.00	3267.00	3268.00	3268.00	3268.00	3268.00	3268.00	3268.00	3268.00	3268.00	3268.00	3268.00	3268.00	3269.00	3269.00	3269.00	3269.00	3269.00	3269.00	3269.00	3269.00	3269.00	3269.00	3269.00	3269.00	3269.00	3269.00	3269.00	3269.00	3269.00	3269.00	3270.00	3270.00	3270.00	3270.00	3270.00	3270.00	3270.00	3270.00	3270.00	3270.00	3270.00	3270.00	3270.00	3270.00	3270.00	3270.00	3270.00	3270.00	3270.00	3270.00	3270.00	3270.00	3270.00	3271.00	3271.00	3271.00	3271.00	3271.00	3271.00	3271.00	3271.00	3271.00	3271.00	3271.00	3271.00	3271.00	3271.00	3272.00	3272.00	3272.00	3272.00	3272.00	3272.00	3272.00	3272.00	3272.00	3272.00	3272.00	3272.00	3273.00	3273.00	3273.00	3273.00	3273.00	3273.00	3273.00	3273.00	3273.00	3273.00	3273.00	3273.00	3273.00	3274.00	3274.00	3274.00	3274.00	3274.00	3274.00	3274.00	3274.00	3274.00	3274.00	3274.00	3274.00	3275.00	3275.00	3275.00	3275.00	3275.00	3275.00
3255.00	3255.00	3255.00	3255.00	3255.00	3255.00	3255.00	3256.00	3256.00	3256.00	3256.00	3256.00	3256.00	3256.00	3256.00	3256.00	3256.00	3256.00	3256.00	3256.00	3257.00	3257.00	3257.00	3257.00	3257.00	3257.00	3257.00	3257.00	3257.00	3257.00	3257.00	3257.00	3258.00	3258.00	3258.00	3258.00	3258.00	3258.00	3258.00	3258.00	3258.00	3258.00	3258.00	3258.00	3259.00	3259.00	3259.00	3259.00	3259.00	3259.00	3259.00	3259.00	3259.00	3259.00	3259.00	3259.00	3260.00	3260.00	3260.00	3260.00	3260.00	3260.00	3260.00	3260.00	3260.00	3260.00	3260.00	3260.00	3261.00	3261.00	3261.00	3261.00	3261.00	3261.00	3261.00	3261.00	3261.00	3261.00	3261.00	3261.00	3261.00	3261.00	3261.00	3261.00	3261.00	3261.00	3261.00	3261.00	3261.00	3261.00	3261.00	3262.00	3262.00	3262.00	3262.00	3262.00	3262.00	3262.00	3262.00	3262.00	3262.00	3263.00	3263.00	3263.00	3263.00	3263.00	3263.00	3263.00	3263.00	3263.00	3264.00	3264.00	3264.00	3264.00	3264.00	3264.00	3264.00	3265.00	3265.00	3265.00	3265.00	3265.00	3265.00	3265.00	3266.00	3266.00	3266.00	3266.00	3266.00	3266.00	3266.00	3266.00	3266.00	3266.00	3266.00	3267.00	3267.00	3267.00	3267.00	3267.00	3267.00	3267.00	3267.00	3267.00	3267.00	3267.00	3267.00	3268.00	3268.00	3268.00	3268.00	3268.00	3268.00	3268.00	3268.00	3268.00	3268.00	3268.00	3269.00	3269.00	3269.00	3269.00	3269.00	3269.00	3269.00	3269.00	3269.00	3269.00	3269.00	3269.00	3269.00	3269.00	3269.00	3269.00	3269.00	3269.00	3270.00	3270.00	3270.00	3270.00	3270.00	3270.00	3270.00	3270.00	3270.00	3270.00	3270.00	3270.00	3270.00	3270.00	3270.00	3270.00	3270.00	3270.00	3270.00	3270.00	3270.00	3270.00	3270.00	3271.00	3271.00	3271.00	3271.00	3271.00	3271.00	3271.00	3271.00	3271.00	3271.00	3271.00	3271.00	3271.00	3271.00	3272.00	3272.00	3272.00	3272.00	3272.00	3272.00	3272.00	3272.00	3272.00	3272.00	3272.00	3272.00	3273.00	3273.00	3273.00	3273.00	3273.00	3273.00	3273.00	3273.00	3273.00	3273.00	3273.00	3273.00	3273.00	3274.00	3274.00	3274.00	3274.00	3274.00	3274.00	3274.00	3274.00	3274.00	3274.00	3274.00	3274.00	3275.00	3275.00	3275.00	3275.00	3275.00	3275.00
3255.00	3255.00	3255.00	3255.00	3255.00	3255.00	3255.00	3256.00	3256.00	3256.00	3256.00	3256.00	3256.00	3256.00	3256.00	3256.00	3256.00	3256.00	3256.00	3256.00	3257.00	3257.00	3257.00	3257.00	3257.00	3257.00	3257.00	3257.00	3257.00	3257.00	3257.00	3257.00	3258.00	3258.00	3258.00	3258.00	3258.00	3258.00	3258.00	3258.00	3258.00	3258.00	3258.00	3258.00	3259.00	3259.00	3259.00	3259.00	3259.00	3259.00	3259.00	3259.00	3259.00	3259.00	3259.00	3259.00	3260.00	3260.00	3260.00	3260.00	3260.00	3260.00	3260.00	3260.00	3260.00	3260.00	3260.00	3260.00	3261.00	3261.00	3261.00	3261.00	3261.00	3261.00	3261.00	3261.00	3261.00	3261.00	3261.00	3261.00	3261.00	3261.00	3261.00	3261.00	3261.00	3261.00	3261.00	3261.00	3261.00	3261.00	3261.00	3262.00	3262.00	3262.00	3262.00	3262.00	3262.00	3262.00	3262.00	3262.00	3262.00	3263.00	3263.00	3263.00	3263.00	3263.00	3263.00	3263.00	3263.00	3263.00	3264.00	3264.00	3264.00	3264.00	3264.00	3264.00	3264.00	3265.00	3265.00	3265.00	3265.00	3265.00	3265.00	3265.00	3266.00	3266.00	3266.00	3266.00	3266.00	3266.00	3266.00	3266.00	3266.00	3266.00	3266.00	3267.00	3267.00	3267.00	3267.00	3267.00	3267.00	3267.00	3267.00	3267.00	3267.00	3267.00	3267.00	3268.00	3268.00	3268.00	3268.00	3268.00	3268.00	3268.00	3268.00	3268.00	3268.00	3268.00	3269.00	3269.00	3269.00	3269.00	3269.00	3269.00	3269.00	3269.00	3269.00	3269.00	3269.00	3269.00	3269.00	3269.00	3269.00	3269.00	3269.00	3269.00	3270.00	3270.00	3270.00	3270.00	3270.00	3270.00	3270.00	3270.00	3270.00	3270.00	3270.00	3270.00	3270.00	3270.00	3270.00	3270.00	3270.00	3270.00	3270.00	3270.00	3270.00	3270.00	3270.00	3271.00	3271.00	3271.00	3271.00	3271.00	3271.00	3271.00	3271.00	3271.00	3271.00	3271.00	3271.00	3271.00	3271.00	3272.00	3272.00	3272.00	3272.00	3272.00	3272.00	3272.00	3272.00	3272.00	3272.00	3272.00	3272.00	3273.00	3273.00	3273.00	3273.00	3273.00	3273.00	3273.00	3273.00	3273.00	3273.00	3273.00	3273.00	3273.00	3274.00	3274.00	3274.00	3274.00	3274.00	3274.00	3274.00	3274.00	3274.00	3274.00	3274.00	3274.00	3275.00	3275.00	3275.00	3275.00	3275.00	3275.00
3255.00	3255.00	3255.00	3255.00	3255.00	3255.00	3255.00	3256.00	3256.00	3256.00	3256.00	3256.00	3256.00	3256.00	3256.00	3256.00	3256.00	3256.00	3256.00	3256.00	3257.00	3257.00	3257.00	3257.00	3257.00	3257.00	3257.00	3257.00	3257.00	3257.00	3257.00	3257.00	3258.00	3258.00	3258.00	3258.00	3258.00	3258.00	3258.00	3258.00	3258.00	3258.00	3258.00	3258.00	3259.00	3259.00	3259.00	3259.00	3259.00	3259.00	3259.00	3259.00	3259.00	3259.00	3259.00	3259.00	3260.00	3260.00	3260.00	3260.00	3260.00	3260.00	3260.00	3260.00	3260.00	3260.00	3260.00	3260.00	3261.00	3261.00	3261.00	3261.00	3261.00	3261.00	3261.00	3261.00	3261.00	3261.00	3261.00	3261.00	3261.00	3261.00	3261.00	3261.00	3261.00	3261.00	3261.00	3261.00	3261.00	3261.00	3261.00	3262.00	3262.00	3262.00	3262.00	3262.00	3262.00	3262.00	3262.00	3262.00	3262.00	3263.00	3263.00	3263.00	3263.00	3263.00	3263.00	3263.00	3263.00	3263.00	3264.00	3264.00	3264.00	3264.00	3264.00	3264.00	3264.00	3265.00	3265.00	3265.00	3265.00	3265.00	3265.00	3265.00	3266.00	3266.00	3266.00	3266.00	3266.00	3266.00	3266.00	3266.00	3266.00	3266.00	3266.00	3267.00	3267.00	3267.00	3267.00	3267.00	3267.00	3267.00	3267.00	3267.00	3267.00	3267.00	3267.00	3268.00	3268.00	3268.00	3268.00	3268.00	3268.00	3268.00	3268.00	3268.00	3268.00	3268.00	3269.00	3269.00	3269.00	3269.00	3269.00	3269.00	3269.00	3269.00	3269.00	3269.00	3269.00	3269.00	3269.00	3269.00	3269.00	3269.00	3269.00	3269.00	3270.00	3270.00	3270.00	3270.00	3270.00	3270.00	3270.00	3270.00	3270.00	3270.00	3270.00	3270.00	3270.00	3270.00	3270.00	3270.00	3270.00	3270.00	3270.00	3270.00	3270.00	3270.00	3270.00	3271.00	3271.00	3271.00	3271.00	3271.00	3271.00	3271.00	3271.00	3271.00	3271.00	3271.00	3271.00	3271.00	3271.00	3272.00	3272.00	3272.00	3272.00	3272.00	3272.00	3272.00	3272.00	3272.00	3272.00	3272.00	3272.00	3273.00	3273.00	3273.00	3273.00	3273.00	3273.00	3273.00	3273.00	3273.00	3273.00	3273.00	3273.00	3273.00	3274.00	3274.00	3274.00	3274.00	3274.00	3274.00	3274.00	3274.00	3274.00	3274.00	3274.00	3274.00	3275.00	3275.00	3275.00	3275.00	3275.00	3275.00
3255.00	3255.00	3255.00	3255.00	3255.00	3255.00	3255.00	3256.00	3256.00	3256.00	3256.00	3256.00	3256.00	3256.00	3256.00	3256.00	3256.00	3256.00	3256.00	3256.00	3257.00	3257.00	3257.00	3257.00	3257.00	3257.00	3257.00	3257.00	3257.00	3257.00	3257.00	3257.00	3258.00	3258.00	3258.00	3258.00	3258.00	3258.00	3258.00	3258.00	3258.00	3258.00	3258.00	3258.00	3259.00	3259.00	3259.00	3259.00	3259.00	3259.00	3259.00	3259.00	3259.00	3259.00	3259.00	3259.00	3260.00	3260.00	3260.00	3260.00	3260.00	3260.00	3260.00	3260.00	3260.00	3260.00	3260.00	3260.00	3261.00	3261.00	3261.00	3261.00	3261.00	3261.00	3261.00	3261.00	3261.00	3261.00	3261.00	3261.00	3261.00	3261.00	3261.00	3261.00	3261.00	3261.00	3261.00	3261.00	3261.00	3261.00	3261.00	3262.00	3262.00	3262.00	3262.00	3262.00	3262.00	3262.00	3262.00	3262.00	3262.00	3263.00	3263.00	3263.00	3263.00	3263.00	3263.00	3263.00	3263.00	3263.00	3264.00	3264.00	3264.00	3264.00	3264.00	3264.00	3264.00	3265.00	3265.00	3265.00	3265.00	3265.00	3265.00	3265.00	3266.00	3266.00	3266.00	3266.00	3266.00	3266.00	3266.00	3266.00	3266.00	3266.00	3266.00	3267.00	3267.00	3267.00	3267.00	3267.00	3267.00	3267.00	3267.00	3267.00	3267.00	3267.00	3267.00	3268.00	3268.00	3268.00	3268.00	3268.00	3268.00	3268.00	3268.00	3268.00	3268.00	3268.00	3269.00	3269.00	3269.00	3269.00	3269.00	3269.00	3269.00	3269.00	3269.00	3269.00	3269.00	3269.00	3269.00	3269.00	3269.00	3269.00	3269.00	3269.00	3270.00	3270.00	3270.00	3270.00	3270.00	3270.00	3270.00	3270.00	3270.00	3270.00	3270.00	3270.00	3270.00	3270.00	3270.00	3270.00	3270.00	3270.00	3270.00	3270.00	3270.00	3270.00	3270.00	3271.00	3271.00	3271.00	3271.00	3271.00	3271.00	3271.00	3271.00	3271.00	3271.00	3271.00	3271.00	3271.00	3271.00	3272.00	3272.00	3272.00	3272.00	3272.00	3272.00	3272.00	3272.00	3272.00	3272.00	3272.00	3272.00	3273.00	3273.00	3273.00	3273.00	3273.00	3273.00	3273.00	3273.00	3273.00	3273.00	3273.00	3273.00	3273.00	3274.00	3274.00	3274.00	3274.00	3274.00	3274.00	3274.00	3274.00	3274.00	3274.00	3274.00	3274.00	3275.00	3275.00	3275.00	3275.00	3275.00	3275.00
3255.00	3255.00	3255.00	3255.00	3255.00	3255.00	3255.00	3256.00	3256.00	3256.00	3256.00	3256.00	3256.00	3256.00	3256.00	3256.00	3256.00	3256.00	3256.00	3256.00	3257.00	3257.00	3257.00	3257.00	3257.00	3257.00	3257.00	3257.00	3257.00	3257.00	3257.00	3257.00	3258.00	3258.00	3258.00	3258.00	3258.00	3258.00	3258.00	3258.00	3258.00	3258.00	3258.00	3258.00	3259.00	3259.00	3259.00	3259.00	3259.00	3259.00	3259.00	3259.00	3259.00	3259.00	3259.00	3259.00	3260.00	3260.00	3260.00	3260.00	3260.00	3260.00	3260.00	3260.00	3260.00	3260.00	3260.00	3260.00	3261.00	3261.00	3261.00	3261.00	3261.00	3261.00	3261.00	3261.00	3261.00	3261.00	3261.00	3261.00	3261.00	3261.00	3261.00	3261.00	3261.00	3261.00	3261.00	3261.00	3261.00	3261.00	3261.00	3262.00	3262.00	3262.00	3262.00	3262.00	3262.00	3262.00	3262.00	3262.00	3262.00	3263.00	3263.00	3263.00	3263.00	3263.00	3263.00	3263.00	3263.00	3263.00	3264.00	3264.00	3264.00	3264.00	3264.00	3264.00	3264.00	3265.00	3265.00	3265.00	3265.00	3265.00	3265.00	3265.00	3266.00	3266.00	3266.00	3266.00	3266.00	3266.00	3266.00	3266.00	3266.00	3266.00	3266.00	3267.00	3267.00	3267.00	3267.00	3267.00	3267.00	3267.00	3267.00	3267.00	3267.00	3267.00	3267.00	3268.00	3268.00	3268.00	3268.00	3268.00	3268.00	3268.00	3268.00	3268.00	3268.00	3268.00	3269.00	3269.00	3269.00	3269.00	3269.00	3269.00	3269.00	3269.00	3269.00	3269.00	3269.00	3269.00	3269.00	3269.00	3269.00	3269.00	3269.00	3269.00	3270.00	3270.00	3270.00	3270.00	3270.00	3270.00	3270.00	3270.00	3270.00	3270.00	3270.00	3270.00	3270.00	3270.00	3270.00	3270.00	3270.00	3270.00	3270.00	3270.00	3270.00	3270.00	3270.00	3271.00	3271.00	3271.00	3271.00	3271.00	3271.00	3271.00	3271.00	3271.00	3271.00	3271.00	3271.00	3271.00	3271.00	3272.00	3272.00	3272.00	3272.00	3272.00	3272.00	3272.00	3272.00	3272.00	3272.00	3272.00	3272.00	3273.00	3273.00	3273.00	3273.00	3273.00	3273.00	3273.00	3273.00	3273.00	3273.00	3273.00	3273.00	3273.00	3274.00	3274.00	3274.00	3274.00	3274.00	3274.00	3274.00	3274.00	3274.00	3274.00	3274.00	3274.00	3275.00	3275.00	3275.00	3275.00	3275.00	3275.00
3255.00	3255.00	3255.00	3255.00	3255.00	3255.00	3255.00	3256.00	3256.00	3256.00	3256.00	3256.00	3256.00	3256.00	3256.00	3256.00	3256.00	3256.00	3256.00	3256.00	3257.00	3257.00	3257.00	3257.00	3257.00	3257.00	3257.00	3257.00	3257.00	3257.00	3257.00	3257.00	3258.00	3258.00	3258.00	3258.00	3258.00	3258.00	3258.00	3258.00	3258.00	3258.00	3258.00	3258.00	3259.00	3259.00	3259.00	3259.00	3259.00	3259.00	3259.00	3259.00	3259.00	3259.00	3259.00	3259.00	3260.00	3260.00	3260.00	3260.00	3260.00	3260.00	3260.00	3260.00	3260.00	3260.00	3260.00	3260.00	3261.00	3261.00	3261.00	3261.00	3261.00	3261.00	3261.00	3261.00	3261.00	3261.00	3261.00	3261.00	3261.00	3261.00	3261.00	3261.00	3261.00	3261.00	3261.00	3261.00	3261.00	3261.00	3261.00	3262.00	3262.00	3262.00	3262.00	3262.00	3262.00	3262.00	3262.00	3262.00	3262.00	3263.00	3263.00	3263.00	3263.00	3263.00	3263.00	3263.00	3263.00	3263.00	3264.00	3264.00	3264.00	3264.00	3264.00	3264.00	3264.00	3265.00	3265.00	3265.00	3265.00	3265.00	3265.00	3265.00	3266.00	3266.00	3266.00	3266.00	3266.00	3266.00	3266.00	3266.00	3266.00	3266.00	3266.00	3267.00	3267.00	3267.00	3267.00	3267.00	3267.00	3267.00	3267.00	3267.00	3267.00	3267.00	3267.00	3268.00	3268.00	3268.00	3268.00	3268.00	3268.00	3268.00	3268.00	3268.00	3268.00	3268.00	3269.00	3269.00	3269.00	3269.00	3269.00	3269.00	3269.00	3269.00	3269.00	3269.00	3269.00	3269.00	3269.00	3269.00	3269.00	3269.00	3269.00	3269.00	3270.00	3270.00	3270.00	3270.00	3270.00	3270.00	3270.00	3270.00	3270.00	3270.00	3270.00	3270.00	3270.00	3270.00	3270.00	3270.00	3270.00	3270.00	3270.00	3270.00	3270.00	3270.00	3270.00	3271.00	3271.00	3271.00	3271.00	3271.00	3271.00	3271.00	3271.00	3271.00	3271.00	3271.00	3271.00	3271.00	3271.00	3272.00	3272.00	3272.00	3272.00	3272.00	3272.00	3272.00	3272.00	3272.00	3272.00	3272.00	3272.00	3273.00	3273.00	3273.00	3273.00	3273.00	3273.00	3273.00	3273.00	3273.00	3273.00	3273.00	3273.00	3273.00	3274.00	3274.00	3274.00	3274.00	3274.00	3274.00	3274.00	3274.00	3274.00	3274.00	3274.00	3274.00	3275.00	3275.00	3275.00	3275.00	3275.00	3275.00
3255.00	3255.00	3255.00	3255.00	3255.00	3255.00	3255.00	3256.00	3256.00	3256.00	3256.00	3256.00	3256.00	3256.00	3256.00	3256.00	3256.00	3256.00	3256.00	3256.00	3257.00	3257.00	3257.00	3257.00	3257.00	3257.00	3257.00	3257.00	3257.00	3257.00	3257.00	3257.00	3258.00	3258.00	3258.00	3258.00	3258.00	3258.00	3258.00	3258.00	3258.00	3258.00	3258.00	3258.00	3259.00	3259.00	3259.00	3259.00	3259.00	3259.00	3259.00	3259.00	3259.00	3259.00	3259.00	3259.00	3260.00	3260.00	3260.00	3260.00	3260.00	3260.00	3260.00	3260.00	3260.00	3260.00	3260.00	3260.00	3261.00	3261.00	3261.00	3261.00	3261.00	3261.00	3261.00	3261.00	3261.00	3261.00	3261.00	3261.00	3261.00	3261.00	3261.00	3261.00	3261.00	3261.00	3261.00	3261.00	3261.00	3261.00	3261.00	3262.00	3262.00	3262.00	3262.00	3262.00	3262.00	3262.00	3262.00	3262.00	3262.00	3263.00	3263.00	3263.00	3263.00	3263.00	3263.00	3263.00	3263.00	3263.00	3264.00	3264.00	3264.00	3264.00	3264.00	3264.00	3264.00	3265.00	3265.00	3265.00	3265.00	3265.00	3265.00	3265.00	3266.00	3266.00	3266.00	3266.00	3266.00	3266.00	3266.00	3266.00	3266.00	3266.00	3266.00	3267.00	3267.00	3267.00	3267.00	3267.00	3267.00	3267.00	3267.00	3267.00	3267.00	3267.00	3267.00	3268.00	3268.00	3268.00	3268.00	3268.00	3268.00	3268.00	3268.00	3268.00	3268.00	3268.00	3269.00	3269.00	3269.00	3269.00	3269.00	3269.00	3269.00	3269.00	3269.00	3269.00	3269.00	3269.00	3269.00	3269.00	3269.00	3269.00	3269.00	3269.00	3270.00	3270.00	3270.00	3270.00	3270.00	3270.00	3270.00	3270.00	3270.00	3270.00	3270.00	3270.00	3270.00	3270.00	3270.00	3270.00	3270.00	3270.00	3270.00	3270.00	3270.00	3270.00	3270.00	3271.00	3271.00	3271.00	3271.00	3271.00	3271.00	3271.00	3271.00	3271.00	3271.00	3271.00	3271.00	3271.00	3271.00	3272.00	3272.00	3272.00	3272.00	3272.00	3272.00	3272.00	3272.00	3272.00	3272.00	3272.00	3272.00	3273.00	3273.00	3273.00	3273.00	3273.00	3273.00	3273.00	3273.00	3273.00	3273.00	3273.00	3273.00	3273.00	3274.00	3274.00	3274.00	3274.00	3274.00	3274.00	3274.00	3274.00	3274.00	3274.00	3274.00	3274.00	3275.00	3275.00	3275.00	3275.00	3275.00	3275.00
3254.00	3254.00	3255.00	3255.00	3255.00	3255.00	3255.00	3255.00	3255.00	3255.00	3255.00	3255.00	3256.00	3256.00	3256.00	3256.00	3256.00	3256.00	3256.00	3256.00	3256.00	3256.00	3256.00	3256.00	3256.00	3257.00	3257.00	3257.00	3257.00	3257.00	3257.00	3257.00	3257.00	3257.00	3257.00	3258.00	3258.00	3258.00	3258.00	3258.00	3258.00	3258.00	3258.00	3258.00	3258.00	3258.00	3258.00	3259.00	3259.00	3259.00	3259.00	3259.00	3259.00	3259.00	3259.00	3259.00	3259.00	3260.00	3260.00	3260.00	3260.00	3260.00	3260.00	3260.00	3260.00	3260.00	3260.00	3260.00	3260.00	3260.00	3260.00	3260.00	3260.00	3260.00	3261.00	3261.00	3261.00	3261.00	3261.00	3261.00	3261.00	3261.00	3261.00	3261.00	3261.00	3261.00	3261.00	3261.00	3261.00	3261.00	3261.00	3261.00	3261.00	3261.00	3262.00	3262.00	3262.00	3262.00	3262.00	3262.00	3262.00	3262.00	3262.00	3262.00	3262.00	3263.00	3263.00	3263.00	3263.00	3263.00	3263.00	3263.00	3263.00	3263.00	3264.00	3264.00	3264.00	3264.00	3264.00	3264.00	3264.00	3265.00	3265.00	3265.00	3265.00	3265.00	3265.00	3265.00	3265.00	3266.00	3266.00	3266.00	3266.00	3266.00	3266.00	3266.00	3266.00	3266.00	3266.00	3266.00	3267.00	3267.00	3267.00	3267.00	3267.00	3267.00	3267.00	3267.00	3267.00	3267.00	3267.00	3267.00	3268.00	3268.00	3268.00	3268.00	3268.00	3268.00	3268.00	3268.00	3268.00	3268.00	3268.00	3268.00	3269.00	3269.00	3269.00	3269.00	3269.00	3269.00	3269.00	3269.00	3269.00	3269.00	3269.00	3269.00	3270.00	3270.00	3270.00	3270.00	3270.00	3270.00	3270.00	3270.00	3270.00	3270.00	3270.00	3270.00	3270.00	3270.00	3270.00	3270.00	3270.00	3270.00	3270.00	3270.00	3270.00	3270.00	3270.00	3270.00	3271.00	3271.00	3271.00	3271.00	3271.00	3271.00	3271.00	3271.00	3271.00	3271.00	3271.00	3271.00	3271.00	3272.00	3272.00	3272.00	3272.00	3272.00	3272.00	3272.00	3272.00	3272.00	3272.00	3272.00	3272.00	3272.00	3272.00	3272.00	3272.00	3272.00	3272.00	3272.00	3272.00	3272.00	3272.00	3272.00	3273.00	3273.00	3273.00	3273.00	3273.00	3273.00	3273.00	3273.00	3273.00	3273.00	3273.00	3273.00	3273.00	3274.00	3274.00	3274.00	3274.00	3274.00	3274.00	3274.00
3254.00	3254.00	3255.00	3255.00	3255.00	3255.00	3255.00	3255.00	3255.00	3255.00	3255.00	3255.00	3256.00	3256.00	3256.00	3256.00	3256.00	3256.00	3256.00	3256.00	3256.00	3256.00	3256.00	3256.00	3256.00	3257.00	3257.00	3257.00	3257.00	3257.00	3257.00	3257.00	3257.00	3257.00	3257.00	3258.00	3258.00	3258.00	3258.00	3258.00	3258.00	3258.00	3258.00	3258.00	3258.00	3258.00	3258.00	3259.00	3259.00	3259.00	3259.00	3259.00	3259.00	3259.00	3259.00	3259.00	3259.00	3260.00	3260.00	3260.00	3260.00	3260.00	3260.00	3260.00	3260.00	3260.00	3260.00	3260.00	3260.00	3260.00	3260.00	3260.00	3260.00	3260.00	3261.00	3261.00	3261.00	3261.00	3261.00	3261.00	3261.00	3261.00	3261.00	3261.00	3261.00	3261.00	3261.00	3261.00	3261.00	3261.00	3261.00	3261.00	3261.00	3261.00	3262.00	3262.00	3262.00	3262.00	3262.00	3262.00	3262.00	3262.00	3262.00	3262.00	3262.00	3263.00	3263.00	3263.00	3263.00	3263.00	3263.00	3263.00	3263.00	3263.00	3264.00	3264.00	3264.00	3264.00	3264.00	3264.00	3264.00	3265.00	3265.00	3265.00	3265.00	3265.00	3265.00	3265.00	3265.00	3266.00	3266.00	3266.00	3266.00	3266.00	3266.00	3266.00	3266.00	3266.00	3266.00	3266.00	3267.00	3267.00	3267.00	3267.00	3267.00	3267.00	3267.00	3267.00	3267.00	3267.00	3267.00	3267.00	3268.00	3268.00	3268.00	3268.00	3268.00	3268.00	3268.00	3268.00	3268.00	3268.00	3268.00	3268.00	3269.00	3269.00	3269.00	3269.00	3269.00	3269.00	3269.00	3269.00	3269.00	3269.00	3269.00	3269.00	3270.00	3270.00	3270.00	3270.00	3270.00	3270.00	3270.00	3270.00	3270.00	3270.00	3270.00	3270.00	3270.00	3270.00	3270.00	3270.00	3270.00	3270.00	3270.00	3270.00	3270.00	3270.00	3270.00	3270.00	3271.00	3271.00	3271.00	3271.00	3271.00	3271.00	3271.00	3271.00	3271.00	3271.00	3271.00	3271.00	3271.00	3272.00	3272.00	3272.00	3272.00	3272.00	3272.00	3272.00	3272.00	3272.00	3272.00	3272.00	3272.00	3272.00	3272.00	3272.00	3272.00	3272.00	3272.00	3272.00	3272.00	3272.00	3272.00	3272.00	3273.00	3273.00	3273.00	3273.00	3273.00	3273.00	3273.00	3273.00	3273.00	3273.00	3273.00	3273.00	3273.00	3274.00	3274.00	3274.00	3274.00	3274.00	3274.00	3274.00
3254.00	3254.00	3255.00	3255.00	3255.00	3255.00	3255.00	3255.00	3255.00	3255.00	3255.00	3255.00	3256.00	3256.00	3256.00	3256.00	3256.00	3256.00	3256.00	3256.00	3256.00	3256.00	3256.00	3256.00	3256.00	3257.00	3257.00	3257.00	3257.00	3257.00	3257.00	3257.00	3257.00	3257.00	3257.00	3258.00	3258.00	3258.00	3258.00	3258.00	3258.00	3258.00	3258.00	3258.00	3258.00	3258.00	3258.00	3259.00	3259.00	3259.00	3259.00	3259.00	3259.00	3259.00	3259.00	3259.00	3259.00	3260.00	3260.00	3260.00	3260.00	3260.00	3260.00	3260.00	3260.00	3260.00	3260.00	3260.00	3260.00	3260.00	3260.00	3260.00	3260.00	3260.00	3261.00	3261.00	3261.00	3261.00	3261.00	3261.00	3261.00	3261.00	3261.00	3261.00	3261.00	3261.00	3261.00	3261.00	3261.00	3261.00	3261.00	3261.00	3261.00	3261.00	3262.00	3262.00	3262.00	3262.00	3262.00	3262.00	3262.00	3262.00	3262.00	3262.00	3262.00	3263.00	3263.00	3263.00	3263.00	3263.00	3263.00	3263.00	3263.00	3263.00	3264.00	3264.00	3264.00	3264.00	3264.00	3264.00	3264.00	3265.00	3265.00	3265.00	3265.00	3265.00	3265.00	3265.00	3265.00	3266.00	3266.00	3266.00	3266.00	3266.00	3266.00	3266.00	3266.00	3266.00	3266.00	3266.00	3267.00	3267.00	3267.00	3267.00	3267.00	3267.00	3267.00	3267.00	3267.00	3267.00	3267.00	3267.00	3268.00	3268.00	3268.00	3268.00	3268.00	3268.00	3268.00	3268.00	3268.00	3268.00	3268.00	3268.00	3269.00	3269.00	3269.00	3269.00	3269.00	3269.00	3269.00	3269.00	3269.00	3269.00	3269.00	3269.00	3270.00	3270.00	3270.00	3270.00	3270.00	3270.00	3270.00	3270.00	3270.00	3270.00	3270.00	3270.00	3270.00	3270.00	3270.00	3270.00	3270.00	3270.00	3270.00	3270.00	3270.00	3270.00	3270.00	3270.00	3271.00	3271.00	3271.00	3271.00	3271.00	3271.00	3271.00	3271.00	3271.00	3271.00	3271.00	3271.00	3271.00	3272.00	3272.00	3272.00	3272.00	3272.00	3272.00	3272.00	3272.00	3272.00	3272.00	3272.00	3272.00	3272.00	3272.00	3272.00	3272.00	3272.00	3272.00	3272.00	3272.00	3272.00	3272.00	3272.00	3273.00	3273.00	3273.00	3273.00	3273.00	3273.00	3273.00	3273.00	3273.00	3273.00	3273.00	3273.00	3273.00	3274.00	3274.00	3274.00	3274.00	3274.00	3274.00	3274.00
3254.00	3254.00	3255.00	3255.00	3255.00	3255.00	3255.00	3255.00	3255.00	3255.00	3255.00	3255.00	3256.00	3256.00	3256.00	3256.00	3256.00	3256.00	3256.00	3256.00	3256.00	3256.00	3256.00	3256.00	3256.00	3257.00	3257.00	3257.00	3257.00	3257.00	3257.00	3257.00	3257.00	3257.00	3257.00	3258.00	3258.00	3258.00	3258.00	3258.00	3258.00	3258.00	3258.00	3258.00	3258.00	3258.00	3258.00	3259.00	3259.00	3259.00	3259.00	3259.00	3259.00	3259.00	3259.00	3259.00	3259.00	3260.00	3260.00	3260.00	3260.00	3260.00	3260.00	3260.00	3260.00	3260.00	3260.00	3260.00	3260.00	3260.00	3260.00	3260.00	3260.00	3260.00	3261.00	3261.00	3261.00	3261.00	3261.00	3261.00	3261.00	3261.00	3261.00	3261.00	3261.00	3261.00	3261.00	3261.00	3261.00	3261.00	3261.00	3261.00	3261.00	3261.00	3262.00	3262.00	3262.00	3262.00	3262.00	3262.00	3262.00	3262.00	3262.00	3262.00	3262.00	3263.00	3263.00	3263.00	3263.00	3263.00	3263.00	3263.00	3263.00	3263.00	3264.00	3264.00	3264.00	3264.00	3264.00	3264.00	3264.00	3265.00	3265.00	3265.00	3265.00	3265.00	3265.00	3265.00	3265.00	3266.00	3266.00	3266.00	3266.00	3266.00	3266.00	3266.00	3266.00	3266.00	3266.00	3266.00	3267.00	3267.00	3267.00	3267.00	3267.00	3267.00	3267.00	3267.00	3267.00	3267.00	3267.00	3267.00	3268.00	3268.00	3268.00	3268.00	3268.00	3268.00	3268.00	3268.00	3268.00	3268.00	3268.00	3268.00	3269.00	3269.00	3269.00	3269.00	3269.00	3269.00	3269.00	3269.00	3269.00	3269.00	3269.00	3269.00	3270.00	3270.00	3270.00	3270.00	3270.00	3270.00	3270.00	3270.00	3270.00	3270.00	3270.00	3270.00	3270.00	3270.00	3270.00	3270.00	3270.00	3270.00	3270.00	3270.00	3270.00	3270.00	3270.00	3270.00	3271.00	3271.00	3271.00	3271.00	3271.00	3271.00	3271.00	3271.00	3271.00	3271.00	3271.00	3271.00	3271.00	3272.00	3272.00	3272.00	3272.00	3272.00	3272.00	3272.00	3272.00	3272.00	3272.00	3272.00	3272.00	3272.00	3272.00	3272.00	3272.00	3272.00	3272.00	3272.00	3272.00	3272.00	3272.00	3272.00	3273.00	3273.00	3273.00	3273.00	3273.00	3273.00	3273.00	3273.00	3273.00	3273.00	3273.00	3273.00	3273.00	3274.00	3274.00	3274.00	3274.00	3274.00	3274.00	3274.00
3254.00	3254.00	3255.00	3255.00	3255.00	3255.00	3255.00	3255.00	3255.00	3255.00	3255.00	3255.00	3256.00	3256.00	3256.00	3256.00	3256.00	3256.00	3256.00	3256.00	3256.00	3256.00	3256.00	3256.00	3256.00	3257.00	3257.00	3257.00	3257.00	3257.00	3257.00	3257.00	3257.00	3257.00	3257.00	3258.00	3258.00	3258.00	3258.00	3258.00	3258.00	3258.00	3258.00	3258.00	3258.00	3258.00	3258.00	3259.00	3259.00	3259.00	3259.00	3259.00	3259.00	3259.00	3259.00	3259.00	3259.00	3260.00	3260.00	3260.00	3260.00	3260.00	3260.00	3260.00	3260.00	3260.00	3260.00	3260.00	3260.00	3260.00	3260.00	3260.00	3260.00	3260.00	3261.00	3261.00	3261.00	3261.00	3261.00	3261.00	3261.00	3261.00	3261.00	3261.00	3261.00	3261.00	3261.00	3261.00	3261.00	3261.00	3261.00	3261.00	3261.00	3261.00	3262.00	3262.00	3262.00	3262.00	3262.00	3262.00	3262.00	3262.00	3262.00	3262.00	3262.00	3263.00	3263.00	3263.00	3263.00	3263.00	3263.00	3263.00	3263.00	3263.00	3264.00	3264.00	3264.00	3264.00	3264.00	3264.00	3264.00	3265.00	3265.00	3265.00	3265.00	3265.00	3265.00	3265.00	3265.00	3266.00	3266.00	3266.00	3266.00	3266.00	3266.00	3266.00	3266.00	3266.00	3266.00	3266.00	3267.00	3267.00	3267.00	3267.00	3267.00	3267.00	3267.00	3267.00	3267.00	3267.00	3267.00	3267.00	3268.00	3268.00	3268.00	3268.00	3268.00	3268.00	3268.00	3268.00	3268.00	3268.00	3268.00	3268.00	3269.00	3269.00	3269.00	3269.00	3269.00	3269.00	3269.00	3269.00	3269.00	3269.00	3269.00	3269.00	3270.00	3270.00	3270.00	3270.00	3270.00	3270.00	3270.00	3270.00	3270.00	3270.00	3270.00	3270.00	3270.00	3270.00	3270.00	3270.00	3270.00	3270.00	3270.00	3270.00	3270.00	3270.00	3270.00	3270.00	3271.00	3271.00	3271.00	3271.00	3271.00	3271.00	3271.00	3271.00	3271.00	3271.00	3271.00	3271.00	3271.00	3272.00	3272.00	3272.00	3272.00	3272.00	3272.00	3272.00	3272.00	3272.00	3272.00	3272.00	3272.00	3272.00	3272.00	3272.00	3272.00	3272.00	3272.00	3272.00	3272.00	3272.00	3272.00	3272.00	3273.00	3273.00	3273.00	3273.00	3273.00	3273.00	3273.00	3273.00	3273.00	3273.00	3273.00	3273.00	3273.00	3274.00	3274.00	3274.00	3274.00	3274.00	3274.00	3274.00
3254.00	3254.00	3255.00	3255.00	3255.00	3255.00	3255.00	3255.00	3255.00	3255.00	3255.00	3255.00	3256.00	3256.00	3256.00	3256.00	3256.00	3256.00	3256.00	3256.00	3256.00	3256.00	3256.00	3256.00	3256.00	3257.00	3257.00	3257.00	3257.00	3257.00	3257.00	3257.00	3257.00	3257.00	3257.00	3258.00	3258.00	3258.00	3258.00	3258.00	3258.00	3258.00	3258.00	3258.00	3258.00	3258.00	3258.00	3259.00	3259.00	3259.00	3259.00	3259.00	3259.00	3259.00	3259.00	3259.00	3259.00	3260.00	3260.00	3260.00	3260.00	3260.00	3260.00	3260.00	3260.00	3260.00	3260.00	3260.00	3260.00	3260.00	3260.00	3260.00	3260.00	3260.00	3261.00	3261.00	3261.00	3261.00	3261.00	3261.00	3261.00	3261.00	3261.00	3261.00	3261.00	3261.00	3261.00	3261.00	3261.00	3261.00	3261.00	3261.00	3261.00	3261.00	3262.00	3262.00	3262.00	3262.00	3262.00	3262.00	3262.00	3262.00	3262.00	3262.00	3262.00	3263.00	3263.00	3263.00	3263.00	3263.00	3263.00	3263.00	3263.00	3263.00	3264.00	3264.00	3264.00	3264.00	3264.00	3264.00	3264.00	3265.00	3265.00	3265.00	3265.00	3265.00	3265.00	3265.00	3265.00	3266.00	3266.00	3266.00	3266.00	3266.00	3266.00	3266.00	3266.00	3266.00	3266.00	3266.00	3267.00	3267.00	3267.00	3267.00	3267.00	3267.00	3267.00	3267.00	3267.00	3267.00	3267.00	3267.00	3268.00	3268.00	3268.00	3268.00	3268.00	3268.00	3268.00	3268.00	3268.00	3268.00	3268.00	3268.00	3269.00	3269.00	3269.00	3269.00	3269.00	3269.00	3269.00	3269.00	3269.00	3269.00	3269.00	3269.00	3270.00	3270.00	3270.00	3270.00	3270.00	3270.00	3270.00	3270.00	3270.00	3270.00	3270.00	3270.00	3270.00	3270.00	3270.00	3270.00	3270.00	3270.00	3270.00	3270.00	3270.00	3270.00	3270.00	3270.00	3271.00	3271.00	3271.00	3271.00	3271.00	3271.00	3271.00	3271.00	3271.00	3271.00	3271.00	3271.00	3271.00	3272.00	3272.00	3272.00	3272.00	3272.00	3272.00	3272.00	3272.00	3272.00	3272.00	3272.00	3272.00	3272.00	3272.00	3272.00	3272.00	3272.00	3272.00	3272.00	3272.00	3272.00	3272.00	3272.00	3273.00	3273.00	3273.00	3273.00	3273.00	3273.00	3273.00	3273.00	3273.00	3273.00	3273.00	3273.00	3273.00	3274.00	3274.00	3274.00	3274.00	3274.00	3274.00	3274.00
3254.00	3254.00	3255.00	3255.00	3255.00	3255.00	3255.00	3255.00	3255.00	3255.00	3255.00	3255.00	3256.00	3256.00	3256.00	3256.00	3256.00	3256.00	3256.00	3256.00	3256.00	3256.00	3256.00	3256.00	3256.00	3257.00	3257.00	3257.00	3257.00	3257.00	3257.00	3257.00	3257.00	3257.00	3257.00	3258.00	3258.00	3258.00	3258.00	3258.00	3258.00	3258.00	3258.00	3258.00	3258.00	3258.00	3258.00	3259.00	3259.00	3259.00	3259.00	3259.00	3259.00	3259.00	3259.00	3259.00	3259.00	3260.00	3260.00	3260.00	3260.00	3260.00	3260.00	3260.00	3260.00	3260.00	3260.00	3260.00	3260.00	3260.00	3260.00	3260.00	3260.00	3260.00	3261.00	3261.00	3261.00	3261.00	3261.00	3261.00	3261.00	3261.00	3261.00	3261.00	3261.00	3261.00	3261.00	3261.00	3261.00	3261.00	3261.00	3261.00	3261.00	3261.00	3262.00	3262.00	3262.00	3262.00	3262.00	3262.00	3262.00	3262.00	3262.00	3262.00	3262.00	3263.00	3263.00	3263.00	3263.00	3263.00	3263.00	3263.00	3263.00	3263.00	3264.00	3264.00	3264.00	3264.00	3264.00	3264.00	3264.00	3265.00	3265.00	3265.00	3265.00	3265.00	3265.00	3265.00	3265.00	3266.00	3266.00	3266.00	3266.00	3266.00	3266.00	3266.00	3266.00	3266.00	3266.00	3266.00	3267.00	3267.00	3267.00	3267.00	3267.00	3267.00	3267.00	3267.00	3267.00	3267.00	3267.00	3267.00	3268.00	3268.00	3268.00	3268.00	3268.00	3268.00	3268.00	3268.00	3268.00	3268.00	3268.00	3268.00	3269.00	3269.00	3269.00	3269.00	3269.00	3269.00	3269.00	3269.00	3269.00	3269.00	3269.00	3269.00	3270.00	3270.00	3270.00	3270.00	3270.00	3270.00	3270.00	3270.00	3270.00	3270.00	3270.00	3270.00	3270.00	3270.00	3270.00	3270.00	3270.00	3270.00	3270.00	3270.00	3270.00	3270.00	3270.00	3270.00	3271.00	3271.00	3271.00	3271.00	3271.00	3271.00	3271.00	3271.00	3271.00	3271.00	3271.00	3271.00	3271.00	3272.00	3272.00	3272.00	3272.00	3272.00	3272.00	3272.00	3272.00	3272.00	3272.00	3272.00	3272.00	3272.00	3272.00	3272.00	3272.00	3272.00	3272.00	3272.00	3272.00	3272.00	3272.00	3272.00	3273.00	3273.00	3273.00	3273.00	3273.00	3273.00	3273.00	3273.00	3273.00	3273.00	3273.00	3273.00	3273.00	3274.00	3274.00	3274.00	3274.00	3274.00	3274.00	3274.00
3254.00	3254.00	3255.00	3255.00	3255.00	3255.00	3255.00	3255.00	3255.00	3255.00	3255.00	3255.00	3256.00	3256.00	3256.00	3256.00	3256.00	3256.00	3256.00	3256.00	3256.00	3256.00	3256.00	3256.00	3256.00	3257.00	3257.00	3257.00	3257.00	3257.00	3257.00	3257.00	3257.00	3257.00	3257.00	3258.00	3258.00	3258.00	3258.00	3258.00	3258.00	3258.00	3258.00	3258.00	3258.00	3258.00	3258.00	3259.00	3259.00	3259.00	3259.00	3259.00	3259.00	3259.00	3259.00	3259.00	3259.00	3260.00	3260.00	3260.00	3260.00	3260.00	3260.00	3260.00	3260.00	3260.00	3260.00	3260.00	3260.00	3260.00	3260.00	3260.00	3260.00	3260.00	3261.00	3261.00	3261.00	3261.00	3261.00	3261.00	3261.00	3261.00	3261.00	3261.00	3261.00	3261.00	3261.00	3261.00	3261.00	3261.00	3261.00	3261.00	3261.00	3261.00	3262.00	3262.00	3262.00	3262.00	3262.00	3262.00	3262.00	3262.00	3262.00	3262.00	3262.00	3263.00	3263.00	3263.00	3263.00	3263.00	3263.00	3263.00	3263.00	3263.00	3264.00	3264.00	3264.00	3264.00	3264.00	3264.00	3264.00	3265.00	3265.00	3265.00	3265.00	3265.00	3265.00	3265.00	3265.00	3266.00	3266.00	3266.00	3266.00	3266.00	3266.00	3266.00	3266.00	3266.00	3266.00	3266.00	3267.00	3267.00	3267.00	3267.00	3267.00	3267.00	3267.00	3267.00	3267.00	3267.00	3267.00	3267.00	3268.00	3268.00	3268.00	3268.00	3268.00	3268.00	3268.00	3268.00	3268.00	3268.00	3268.00	3268.00	3269.00	3269.00	3269.00	3269.00	3269.00	3269.00	3269.00	3269.00	3269.00	3269.00	3269.00	3269.00	3270.00	3270.00	3270.00	3270.00	3270.00	3270.00	3270.00	3270.00	3270.00	3270.00	3270.00	3270.00	3270.00	3270.00	3270.00	3270.00	3270.00	3270.00	3270.00	3270.00	3270.00	3270.00	3270.00	3270.00	3271.00	3271.00	3271.00	3271.00	3271.00	3271.00	3271.00	3271.00	3271.00	3271.00	3271.00	3271.00	3271.00	3272.00	3272.00	3272.00	3272.00	3272.00	3272.00	3272.00	3272.00	3272.00	3272.00	3272.00	3272.00	3272.00	3272.00	3272.00	3272.00	3272.00	3272.00	3272.00	3272.00	3272.00	3272.00	3272.00	3273.00	3273.00	3273.00	3273.00	3273.00	3273.00	3273.00	3273.00	3273.00	3273.00	3273.00	3273.00	3273.00	3274.00	3274.00	3274.00	3274.00	3274.00	3274.00	3274.00
3254.00	3254.00	3255.00	3255.00	3255.00	3255.00	3255.00	3255.00	3255.00	3255.00	3255.00	3255.00	3256.00	3256.00	3256.00	3256.00	3256.00	3256.00	3256.00	3256.00	3256.00	3256.00	3256.00	3256.00	3256.00	3257.00	3257.00	3257.00	3257.00	3257.00	3257.00	3257.00	3257.00	3257.00	3257.00	3258.00	3258.00	3258.00	3258.00	3258.00	3258.00	3258.00	3258.00	3258.00	3258.00	3258.00	3258.00	3259.00	3259.00	3259.00	3259.00	3259.00	3259.00	3259.00	3259.00	3259.00	3259.00	3260.00	3260.00	3260.00	3260.00	3260.00	3260.00	3260.00	3260.00	3260.00	3260.00	3260.00	3260.00	3260.00	3260.00	3260.00	3260.00	3260.00	3261.00	3261.00	3261.00	3261.00	3261.00	3261.00	3261.00	3261.00	3261.00	3261.00	3261.00	3261.00	3261.00	3261.00	3261.00	3261.00	3261.00	3261.00	3261.00	3261.00	3262.00	3262.00	3262.00	3262.00	3262.00	3262.00	3262.00	3262.00	3262.00	3262.00	3262.00	3263.00	3263.00	3263.00	3263.00	3263.00	3263.00	3263.00	3263.00	3263.00	3264.00	3264.00	3264.00	3264.00	3264.00	3264.00	3264.00	3265.00	3265.00	3265.00	3265.00	3265.00	3265.00	3265.00	3265.00	3266.00	3266.00	3266.00	3266.00	3266.00	3266.00	3266.00	3266.00	3266.00	3266.00	3266.00	3267.00	3267.00	3267.00	3267.00	3267.00	3267.00	3267.00	3267.00	3267.00	3267.00	3267.00	3267.00	3268.00	3268.00	3268.00	3268.00	3268.00	3268.00	3268.00	3268.00	3268.00	3268.00	3268.00	3268.00	3269.00	3269.00	3269.00	3269.00	3269.00	3269.00	3269.00	3269.00	3269.00	3269.00	3269.00	3269.00	3270.00	3270.00	3270.00	3270.00	3270.00	3270.00	3270.00	3270.00	3270.00	3270.00	3270.00	3270.00	3270.00	3270.00	3270.00	3270.00	3270.00	3270.00	3270.00	3270.00	3270.00	3270.00	3270.00	3270.00	3271.00	3271.00	3271.00	3271.00	3271.00	3271.00	3271.00	3271.00	3271.00	3271.00	3271.00	3271.00	3271.00	3272.00	3272.00	3272.00	3272.00	3272.00	3272.00	3272.00	3272.00	3272.00	3272.00	3272.00	3272.00	3272.00	3272.00	3272.00	3272.00	3272.00	3272.00	3272.00	3272.00	3272.00	3272.00	3272.00	3273.00	3273.00	3273.00	3273.00	3273.00	3273.00	3273.00	3273.00	3273.00	3273.00	3273.00	3273.00	3273.00	3274.00	3274.00	3274.00	3274.00	3274.00	3274.00	3274.00
3254.00	3254.00	3255.00	3255.00	3255.00	3255.00	3255.00	3255.00	3255.00	3255.00	3255.00	3255.00	3256.00	3256.00	3256.00	3256.00	3256.00	3256.00	3256.00	3256.00	3256.00	3256.00	3256.00	3256.00	3256.00	3257.00	3257.00	3257.00	3257.00	3257.00	3257.00	3257.00	3257.00	3257.00	3257.00	3258.00	3258.00	3258.00	3258.00	3258.00	3258.00	3258.00	3258.00	3258.00	3258.00	3258.00	3258.00	3259.00	3259.00	3259.00	3259.00	3259.00	3259.00	3259.00	3259.00	3259.00	3259.00	3260.00	3260.00	3260.00	3260.00	3260.00	3260.00	3260.00	3260.00	3260.00	3260.00	3260.00	3260.00	3260.00	3260.00	3260.00	3260.00	3260.00	3261.00	3261.00	3261.00	3261.00	3261.00	3261.00	3261.00	3261.00	3261.00	3261.00	3261.00	3261.00	3261.00	3261.00	3261.00	3261.00	3261.00	3261.00	3261.00	3261.00	3262.00	3262.00	3262.00	3262.00	3262.00	3262.00	3262.00	3262.00	3262.00	3262.00	3262.00	3263.00	3263.00	3263.00	3263.00	3263.00	3263.00	3263.00	3263.00	3263.00	3264.00	3264.00	3264.00	3264.00	3264.00	3264.00	3264.00	3265.00	3265.00	3265.00	3265.00	3265.00	3265.00	3265.00	3265.00	3266.00	3266.00	3266.00	3266.00	3266.00	3266.00	3266.00	3266.00	3266.00	3266.00	3266.00	3267.00	3267.00	3267.00	3267.00	3267.00	3267.00	3267.00	3267.00	3267.00	3267.00	3267.00	3267.00	3268.00	3268.00	3268.00	3268.00	3268.00	3268.00	3268.00	3268.00	3268.00	3268.00	3268.00	3268.00	3269.00	3269.00	3269.00	3269.00	3269.00	3269.00	3269.00	3269.00	3269.00	3269.00	3269.00	3269.00	3270.00	3270.00	3270.00	3270.00	3270.00	3270.00	3270.00	3270.00	3270.00	3270.00	3270.00	3270.00	3270.00	3270.00	3270.00	3270.00	3270.00	3270.00	3270.00	3270.00	3270.00	3270.00	3270.00	3270.00	3271.00	3271.00	3271.00	3271.00	3271.00	3271.00	3271.00	3271.00	3271.00	3271.00	3271.00	3271.00	3271.00	3272.00	3272.00	3272.00	3272.00	3272.00	3272.00	3272.00	3272.00	3272.00	3272.00	3272.00	3272.00	3272.00	3272.00	3272.00	3272.00	3272.00	3272.00	3272.00	3272.00	3272.00	3272.00	3272.00	3273.00	3273.00	3273.00	3273.00	3273.00	3273.00	3273.00	3273.00	3273.00	3273.00	3273.00	3273.00	3273.00	3274.00	3274.00	3274.00	3274.00	3274.00	3274.00	3274.00
3254.00	3254.00	3255.00	3255.00	3255.00	3255.00	3255.00	3255.00	3255.00	3255.00	3255.00	3255.00	3256.00	3256.00	3256.00	3256.00	3256.00	3256.00	3256.00	3256.00	3256.00	3256.00	3256.00	3256.00	3256.00	3257.00	3257.00	3257.00	3257.00	3257.00	3257.00	3257.00	3257.00	3257.00	3257.00	3258.00	3258.00	3258.00	3258.00	3258.00	3258.00	3258.00	3258.00	3258.00	3258.00	3258.00	3258.00	3259.00	3259.00	3259.00	3259.00	3259.00	3259.00	3259.00	3259.00	3259.00	3259.00	3260.00	3260.00	3260.00	3260.00	3260.00	3260.00	3260.00	3260.00	3260.00	3260.00	3260.00	3260.00	3260.00	3260.00	3260.00	3260.00	3260.00	3261.00	3261.00	3261.00	3261.00	3261.00	3261.00	3261.00	3261.00	3261.00	3261.00	3261.00	3261.00	3261.00	3261.00	3261.00	3261.00	3261.00	3261.00	3261.00	3261.00	3262.00	3262.00	3262.00	3262.00	3262.00	3262.00	3262.00	3262.00	3262.00	3262.00	3262.00	3263.00	3263.00	3263.00	3263.00	3263.00	3263.00	3263.00	3263.00	3263.00	3264.00	3264.00	3264.00	3264.00	3264.00	3264.00	3264.00	3265.00	3265.00	3265.00	3265.00	3265.00	3265.00	3265.00	3265.00	3266.00	3266.00	3266.00	3266.00	3266.00	3266.00	3266.00	3266.00	3266.00	3266.00	3266.00	3267.00	3267.00	3267.00	3267.00	3267.00	3267.00	3267.00	3267.00	3267.00	3267.00	3267.00	3267.00	3268.00	3268.00	3268.00	3268.00	3268.00	3268.00	3268.00	3268.00	3268.00	3268.00	3268.00	3268.00	3269.00	3269.00	3269.00	3269.00	3269.00	3269.00	3269.00	3269.00	3269.00	3269.00	3269.00	3269.00	3270.00	3270.00	3270.00	3270.00	3270.00	3270.00	3270.00	3270.00	3270.00	3270.00	3270.00	3270.00	3270.00	3270.00	3270.00	3270.00	3270.00	3270.00	3270.00	3270.00	3270.00	3270.00	3270.00	3270.00	3271.00	3271.00	3271.00	3271.00	3271.00	3271.00	3271.00	3271.00	3271.00	3271.00	3271.00	3271.00	3271.00	3272.00	3272.00	3272.00	3272.00	3272.00	3272.00	3272.00	3272.00	3272.00	3272.00	3272.00	3272.00	3272.00	3272.00	3272.00	3272.00	3272.00	3272.00	3272.00	3272.00	3272.00	3272.00	3272.00	3273.00	3273.00	3273.00	3273.00	3273.00	3273.00	3273.00	3273.00	3273.00	3273.00	3273.00	3273.00	3273.00	3274.00	3274.00	3274.00	3274.00	3274.00	3274.00	3274.00
3254.00	3254.00	3255.00	3255.00	3255.00	3255.00	3255.00	3255.00	3255.00	3255.00	3255.00	3255.00	3256.00	3256.00	3256.00	3256.00	3256.00	3256.00	3256.00	3256.00	3256.00	3256.00	3256.00	3256.00	3256.00	3257.00	3257.00	3257.00	3257.00	3257.00	3257.00	3257.00	3257.00	3257.00	3257.00	3258.00	3258.00	3258.00	3258.00	3258.00	3258.00	3258.00	3258.00	3258.00	3258.00	3258.00	3258.00	3259.00	3259.00	3259.00	3259.00	3259.00	3259.00	3259.00	3259.00	3259.00	3259.00	3260.00	3260.00	3260.00	3260.00	3260.00	3260.00	3260.00	3260.00	3260.00	3260.00	3260.00	3260.00	3260.00	3260.00	3260.00	3260.00	3260.00	3261.00	3261.00	3261.00	3261.00	3261.00	3261.00	3261.00	3261.00	3261.00	3261.00	3261.00	3261.00	3261.00	3261.00	3261.00	3261.00	3261.00	3261.00	3261.00	3261.00	3262.00	3262.00	3262.00	3262.00	3262.00	3262.00	3262.00	3262.00	3262.00	3262.00	3262.00	3263.00	3263.00	3263.00	3263.00	3263.00	3263.00	3263.00	3263.00	3263.00	3264.00	3264.00	3264.00	3264.00	3264.00	3264.00	3264.00	3265.00	3265.00	3265.00	3265.00	3265.00	3265.00	3265.00	3265.00	3266.00	3266.00	3266.00	3266.00	3266.00	3266.00	3266.00	3266.00	3266.00	3266.00	3266.00	3267.00	3267.00	3267.00	3267.00	3267.00	3267.00	3267.00	3267.00	3267.00	3267.00	3267.00	3267.00	3268.00	3268.00	3268.00	3268.00	3268.00	3268.00	3268.00	3268.00	3268.00	3268.00	3268.00	3268.00	3269.00	3269.00	3269.00	3269.00	3269.00	3269.00	3269.00	3269.00	3269.00	3269.00	3269.00	3269.00	3270.00	3270.00	3270.00	3270.00	3270.00	3270.00	3270.00	3270.00	3270.00	3270.00	3270.00	3270.00	3270.00	3270.00	3270.00	3270.00	3270.00	3270.00	3270.00	3270.00	3270.00	3270.00	3270.00	3270.00	3271.00	3271.00	3271.00	3271.00	3271.00	3271.00	3271.00	3271.00	3271.00	3271.00	3271.00	3271.00	3271.00	3272.00	3272.00	3272.00	3272.00	3272.00	3272.00	3272.00	3272.00	3272.00	3272.00	3272.00	3272.00	3272.00	3272.00	3272.00	3272.00	3272.00	3272.00	3272.00	3272.00	3272.00	3272.00	3272.00	3273.00	3273.00	3273.00	3273.00	3273.00	3273.00	3273.00	3273.00	3273.00	3273.00	3273.00	3273.00	3273.00	3274.00	3274.00	3274.00	3274.00	3274.00	3274.00	3274.00
3254.00	3254.00	3255.00	3255.00	3255.00	3255.00	3255.00	3255.00	3255.00	3255.00	3255.00	3255.00	3256.00	3256.00	3256.00	3256.00	3256.00	3256.00	3256.00	3256.00	3256.00	3256.00	3256.00	3256.00	3256.00	3257.00	3257.00	3257.00	3257.00	3257.00	3257.00	3257.00	3257.00	3257.00	3257.00	3258.00	3258.00	3258.00	3258.00	3258.00	3258.00	3258.00	3258.00	3258.00	3258.00	3258.00	3258.00	3259.00	3259.00	3259.00	3259.00	3259.00	3259.00	3259.00	3259.00	3259.00	3259.00	3260.00	3260.00	3260.00	3260.00	3260.00	3260.00	3260.00	3260.00	3260.00	3260.00	3260.00	3260.00	3260.00	3260.00	3260.00	3260.00	3260.00	3261.00	3261.00	3261.00	3261.00	3261.00	3261.00	3261.00	3261.00	3261.00	3261.00	3261.00	3261.00	3261.00	3261.00	3261.00	3261.00	3261.00	3261.00	3261.00	3261.00	3262.00	3262.00	3262.00	3262.00	3262.00	3262.00	3262.00	3262.00	3262.00	3262.00	3262.00	3263.00	3263.00	3263.00	3263.00	3263.00	3263.00	3263.00	3263.00	3263.00	3264.00	3264.00	3264.00	3264.00	3264.00	3264.00	3264.00	3265.00	3265.00	3265.00	3265.00	3265.00	3265.00	3265.00	3265.00	3266.00	3266.00	3266.00	3266.00	3266.00	3266.00	3266.00	3266.00	3266.00	3266.00	3266.00	3267.00	3267.00	3267.00	3267.00	3267.00	3267.00	3267.00	3267.00	3267.00	3267.00	3267.00	3267.00	3268.00	3268.00	3268.00	3268.00	3268.00	3268.00	3268.00	3268.00	3268.00	3268.00	3268.00	3268.00	3269.00	3269.00	3269.00	3269.00	3269.00	3269.00	3269.00	3269.00	3269.00	3269.00	3269.00	3269.00	3270.00	3270.00	3270.00	3270.00	3270.00	3270.00	3270.00	3270.00	3270.00	3270.00	3270.00	3270.00	3270.00	3270.00	3270.00	3270.00	3270.00	3270.00	3270.00	3270.00	3270.00	3270.00	3270.00	3270.00	3271.00	3271.00	3271.00	3271.00	3271.00	3271.00	3271.00	3271.00	3271.00	3271.00	3271.00	3271.00	3271.00	3272.00	3272.00	3272.00	3272.00	3272.00	3272.00	3272.00	3272.00	3272.00	3272.00	3272.00	3272.00	3272.00	3272.00	3272.00	3272.00	3272.00	3272.00	3272.00	3272.00	3272.00	3272.00	3272.00	3273.00	3273.00	3273.00	3273.00	3273.00	3273.00	3273.00	3273.00	3273.00	3273.00	3273.00	3273.00	3273.00	3274.00	3274.00	3274.00	3274.00	3274.00	3274.00	3274.00
3254.00	3254.00	3255.00	3255.00	3255.00	3255.00	3255.00	3255.00	3255.00	3255.00	3255.00	3255.00	3256.00	3256.00	3256.00	3256.00	3256.00	3256.00	3256.00	3256.00	3256.00	3256.00	3256.00	3256.00	3256.00	3257.00	3257.00	3257.00	3257.00	3257.00	3257.00	3257.00	3257.00	3257.00	3257.00	3258.00	3258.00	3258.00	3258.00	3258.00	3258.00	3258.00	3258.00	3258.00	3258.00	3258.00	3258.00	3259.00	3259.00	3259.00	3259.00	3259.00	3259.00	3259.00	3259.00	3259.00	3259.00	3260.00	3260.00	3260.00	3260.00	3260.00	3260.00	3260.00	3260.00	3260.00	3260.00	3260.00	3260.00	3260.00	3260.00	3260.00	3260.00	3260.00	3261.00	3261.00	3261.00	3261.00	3261.00	3261.00	3261.00	3261.00	3261.00	3261.00	3261.00	3261.00	3261.00	3261.00	3261.00	3261.00	3261.00	3261.00	3261.00	3261.00	3262.00	3262.00	3262.00	3262.00	3262.00	3262.00	3262.00	3262.00	3262.00	3262.00	3262.00	3263.00	3263.00	3263.00	3263.00	3263.00	3263.00	3263.00	3263.00	3263.00	3264.00	3264.00	3264.00	3264.00	3264.00	3264.00	3264.00	3265.00	3265.00	3265.00	3265.00	3265.00	3265.00	3265.00	3265.00	3266.00	3266.00	3266.00	3266.00	3266.00	3266.00	3266.00	3266.00	3266.00	3266.00	3266.00	3267.00	3267.00	3267.00	3267.00	3267.00	3267.00	3267.00	3267.00	3267.00	3267.00	3267.00	3267.00	3268.00	3268.00	3268.00	3268.00	3268.00	3268.00	3268.00	3268.00	3268.00	3268.00	3268.00	3268.00	3269.00	3269.00	3269.00	3269.00	3269.00	3269.00	3269.00	3269.00	3269.00	3269.00	3269.00	3269.00	3270.00	3270.00	3270.00	3270.00	3270.00	3270.00	3270.00	3270.00	3270.00	3270.00	3270.00	3270.00	3270.00	3270.00	3270.00	3270.00	3270.00	3270.00	3270.00	3270.00	3270.00	3270.00	3270.00	3270.00	3271.00	3271.00	3271.00	3271.00	3271.00	3271.00	3271.00	3271.00	3271.00	3271.00	3271.00	3271.00	3271.00	3272.00	3272.00	3272.00	3272.00	3272.00	3272.00	3272.00	3272.00	3272.00	3272.00	3272.00	3272.00	3272.00	3272.00	3272.00	3272.00	3272.00	3272.00	3272.00	3272.00	3272.00	3272.00	3272.00	3273.00	3273.00	3273.00	3273.00	3273.00	3273.00	3273.00	3273.00	3273.00	3273.00	3273.00	3273.00	3273.00	3274.00	3274.00	3274.00	3274.00	3274.00	3274.00	3274.00
3254.00	3254.00	3255.00	3255.00	3255.00	3255.00	3255.00	3255.00	3255.00	3255.00	3255.00	3255.00	3256.00	3256.00	3256.00	3256.00	3256.00	3256.00	3256.00	3256.00	3256.00	3256.00	3256.00	3256.00	3256.00	3257.00	3257.00	3257.00	3257.00	3257.00	3257.00	3257.00	3257.00	3257.00	3257.00	3258.00	3258.00	3258.00	3258.00	3258.00	3258.00	3258.00	3258.00	3258.00	3258.00	3258.00	3258.00	3259.00	3259.00	3259.00	3259.00	3259.00	3259.00	3259.00	3259.00	3259.00	3259.00	3260.00	3260.00	3260.00	3260.00	3260.00	3260.00	3260.00	3260.00	3260.00	3260.00	3260.00	3260.00	3260.00	3260.00	3260.00	3260.00	3260.00	3261.00	3261.00	3261.00	3261.00	3261.00	3261.00	3261.00	3261.00	3261.00	3261.00	3261.00	3261.00	3261.00	3261.00	3261.00	3261.00	3261.00	3261.00	3261.00	3261.00	3262.00	3262.00	3262.00	3262.00	3262.00	3262.00	3262.00	3262.00	3262.00	3262.00	3262.00	3263.00	3263.00	3263.00	3263.00	3263.00	3263.00	3263.00	3263.00	3263.00	3264.00	3264.00	3264.00	3264.00	3264.00	3264.00	3264.00	3265.00	3265.00	3265.00	3265.00	3265.00	3265.00	3265.00	3265.00	3266.00	3266.00	3266.00	3266.00	3266.00	3266.00	3266.00	3266.00	3266.00	3266.00	3266.00	3267.00	3267.00	3267.00	3267.00	3267.00	3267.00	3267.00	3267.00	3267.00	3267.00	3267.00	3267.00	3268.00	3268.00	3268.00	3268.00	3268.00	3268.00	3268.00	3268.00	3268.00	3268.00	3268.00	3268.00	3269.00	3269.00	3269.00	3269.00	3269.00	3269.00	3269.00	3269.00	3269.00	3269.00	3269.00	3269.00	3270.00	3270.00	3270.00	3270.00	3270.00	3270.00	3270.00	3270.00	3270.00	3270.00	3270.00	3270.00	3270.00	3270.00	3270.00	3270.00	3270.00	3270.00	3270.00	3270.00	3270.00	3270.00	3270.00	3270.00	3271.00	3271.00	3271.00	3271.00	3271.00	3271.00	3271.00	3271.00	3271.00	3271.00	3271.00	3271.00	3271.00	3272.00	3272.00	3272.00	3272.00	3272.00	3272.00	3272.00	3272.00	3272.00	3272.00	3272.00	3272.00	3272.00	3272.00	3272.00	3272.00	3272.00	3272.00	3272.00	3272.00	3272.00	3272.00	3272.00	3273.00	3273.00	3273.00	3273.00	3273.00	3273.00	3273.00	3273.00	3273.00	3273.00	3273.00	3273.00	3273.00	3274.00	3274.00	3274.00	3274.00	3274.00	3274.00	3274.00
3254.00	3254.00	3255.00	3255.00	3255.00	3255.00	3255.00	3255.00	3255.00	3255.00	3255.00	3255.00	3256.00	3256.00	3256.00	3256.00	3256.00	3256.00	3256.00	3256.00	3256.00	3256.00	3256.00	3256.00	3256.00	3257.00	3257.00	3257.00	3257.00	3257.00	3257.00	3257.00	3257.00	3257.00	3257.00	3258.00	3258.00	3258.00	3258.00	3258.00	3258.00	3258.00	3258.00	3258.00	3258.00	3258.00	3258.00	3259.00	3259.00	3259.00	3259.00	3259.00	3259.00	3259.00	3259.00	3259.00	3259.00	3260.00	3260.00	3260.00	3260.00	3260.00	3260.00	3260.00	3260.00	3260.00	3260.00	3260.00	3260.00	3260.00	3260.00	3260.00	3260.00	3260.00	3261.00	3261.00	3261.00	3261.00	3261.00	3261.00	3261.00	3261.00	3261.00	3261.00	3261.00	3261.00	3261.00	3261.00	3261.00	3261.00	3261.00	3261.00	3261.00	3261.00	3262.00	3262.00	3262.00	3262.00	3262.00	3262.00	3262.00	3262.00	3262.00	3262.00	3262.00	3263.00	3263.00	3263.00	3263.00	3263.00	3263.00	3263.00	3263.00	3263.00	3264.00	3264.00	3264.00	3264.00	3264.00	3264.00	3264.00	3265.00	3265.00	3265.00	3265.00	3265.00	3265.00	3265.00	3265.00	3266.00	3266.00	3266.00	3266.00	3266.00	3266.00	3266.00	3266.00	3266.00	3266.00	3266.00	3267.00	3267.00	3267.00	3267.00	3267.00	3267.00	3267.00	3267.00	3267.00	3267.00	3267.00	3267.00	3268.00	3268.00	3268.00	3268.00	3268.00	3268.00	3268.00	3268.00	3268.00	3268.00	3268.00	3268.00	3269.00	3269.00	3269.00	3269.00	3269.00	3269.00	3269.00	3269.00	3269.00	3269.00	3269.00	3269.00	3270.00	3270.00	3270.00	3270.00	3270.00	3270.00	3270.00	3270.00	3270.00	3270.00	3270.00	3270.00	3270.00	3270.00	3270.00	3270.00	3270.00	3270.00	3270.00	3270.00	3270.00	3270.00	3270.00	3270.00	3271.00	3271.00	3271.00	3271.00	3271.00	3271.00	3271.00	3271.00	3271.00	3271.00	3271.00	3271.00	3271.00	3272.00	3272.00	3272.00	3272.00	3272.00	3272.00	3272.00	3272.00	3272.00	3272.00	3272.00	3272.00	3272.00	3272.00	3272.00	3272.00	3272.00	3272.00	3272.00	3272.00	3272.00	3272.00	3272.00	3273.00	3273.00	3273.00	3273.00	3273.00	3273.00	3273.00	3273.00	3273.00	3273.00	3273.00	3273.00	3273.00	3274.00	3274.00	3274.00	3274.00	3274.00	3274.00	3274.00
3253.00	3253.00	3253.00	3254.00	3254.00	3254.00	3254.00	3254.00	3254.00	3254.00	3254.00	3254.00	3254.00	3254.00	3255.00	3255.00	3255.00	3255.00	3255.00	3255.00	3255.00	3255.00	3255.00	3255.00	3255.00	3255.00	3256.00	3256.00	3256.00	3256.00	3256.00	3256.00	3256.00	3256.00	3256.00	3256.00	3256.00	3257.00	3257.00	3257.00	3257.00	3257.00	3257.00	3257.00	3257.00	3257.00	3257.00	3258.00	3258.00	3258.00	3258.00	3258.00	3258.00	3258.00	3258.00	3258.00	3258.00	3258.00	3258.00	3259.00	3259.00	3259.00	3259.00	3259.00	3259.00	3259.00	3259.00	3259.00	3259.00	3259.00	3259.00	3260.00	3260.00	3260.00	3260.00	3260.00	3260.00	3260.00	3260.00	3260.00	3260.00	3260.00	3260.00	3260.00	3260.00	3260.00	3260.00	3260.00	3261.00	3261.00	3261.00	3261.00	3261.00	3261.00	3261.00	3261.00	3261.00	3261.00	3261.00	3261.00	3261.00	3262.00	3262.00	3262.00	3262.00	3262.00	3262.00	3262.00	3262.00	3262.00	3263.00	3263.00	3263.00	3263.00	3263.00	3263.00	3263.00	3264.00	3264.00	3264.00	3264.00	3264.00	3264.00	3264.00	3264.00	3264.00	3265.00	3265.00	3265.00	3265.00	3265.00	3265.00	3265.00	3266.00	3266.00	3266.00	3266.00	3266.00	3266.00	3266.00	3266.00	3267.00	3267.00	3267.00	3267.00	3267.00	3267.00	3267.00	3267.00	3267.00	3267.00	3267.00	3268.00	3268.00	3268.00	3268.00	3268.00	3268.00	3268.00	3268.00	3268.00	3268.00	3268.00	3268.00	3269.00	3269.00	3269.00	3269.00	3269.00	3269.00	3269.00	3269.00	3269.00	3269.00	3269.00	3269.00	3270.00	3270.00	3270.00	3270.00	3270.00	3270.00	3270.00	3270.00	3270.00	3270.00	3270.00	3270.00	3270.00	3270.00	3270.00	3270.00	3270.00	3270.00	3270.00	3270.00	3270.00	3270.00	3270.00	3270.00	3270.00	3270.00	3270.00	3270.00	3271.00	3271.00	3271.00	3271.00	3271.00	3271.00	3271.00	3271.00	3271.00	3271.00	3271.00	3271.00	3271.00	3271.00	3271.00	3271.00	3271.00	3271.00	3271.00	3271.00	3271.00	3272.00	3272.00	3272.00	3272.00	3272.00	3272.00	3272.00	3272.00	3272.00	3272.00	3272.00	3273.00	3273.00	3273.00	3273.00	3273.00	3273.00	3273.00	3273.00	3273.00	3273.00	3273.00	3273.00	3273.00	3274.00	3274.00	3274.00	3274.00	3274.00	3274.00	3274.00
3253.00	3253.00	3253.00	3254.00	3254.00	3254.00	3254.00	3254.00	3254.00	3254.00	3254.00	3254.00	3254.00	3254.00	3255.00	3255.00	3255.00	3255.00	3255.00	3255.00	3255.00	3255.00	3255.00	3255.00	3255.00	3255.00	3256.00	3256.00	3256.00	3256.00	3256.00	3256.00	3256.00	3256.00	3256.00	3256.00	3256.00	3257.00	3257.00	3257.00	3257.00	3257.00	3257.00	3257.00	3257.00	3257.00	3257.00	3258.00	3258.00	3258.00	3258.00	3258.00	3258.00	3258.00	3258.00	3258.00	3258.00	3258.00	3258.00	3259.00	3259.00	3259.00	3259.00	3259.00	3259.00	3259.00	3259.00	3259.00	3259.00	3259.00	3259.00	3260.00	3260.00	3260.00	3260.00	3260.00	3260.00	3260.00	3260.00	3260.00	3260.00	3260.00	3260.00	3260.00	3260.00	3260.00	3260.00	3260.00	3261.00	3261.00	3261.00	3261.00	3261.00	3261.00	3261.00	3261.00	3261.00	3261.00	3261.00	3261.00	3261.00	3262.00	3262.00	3262.00	3262.00	3262.00	3262.00	3262.00	3262.00	3262.00	3263.00	3263.00	3263.00	3263.00	3263.00	3263.00	3263.00	3264.00	3264.00	3264.00	3264.00	3264.00	3264.00	3264.00	3264.00	3264.00	3265.00	3265.00	3265.00	3265.00	3265.00	3265.00	3265.00	3266.00	3266.00	3266.00	3266.00	3266.00	3266.00	3266.00	3266.00	3267.00	3267.00	3267.00	3267.00	3267.00	3267.00	3267.00	3267.00	3267.00	3267.00	3267.00	3268.00	3268.00	3268.00	3268.00	3268.00	3268.00	3268.00	3268.00	3268.00	3268.00	3268.00	3268.00	3269.00	3269.00	3269.00	3269.00	3269.00	3269.00	3269.00	3269.00	3269.00	3269.00	3269.00	3269.00	3270.00	3270.00	3270.00	3270.00	3270.00	3270.00	3270.00	3270.00	3270.00	3270.00	3270.00	3270.00	3270.00	3270.00	3270.00	3270.00	3270.00	3270.00	3270.00	3270.00	3270.00	3270.00	3270.00	3270.00	3270.00	3270.00	3270.00	3270.00	3271.00	3271.00	3271.00	3271.00	3271.00	3271.00	3271.00	3271.00	3271.00	3271.00	3271.00	3271.00	3271.00	3271.00	3271.00	3271.00	3271.00	3271.00	3271.00	3271.00	3271.00	3272.00	3272.00	3272.00	3272.00	3272.00	3272.00	3272.00	3272.00	3272.00	3272.00	3272.00	3273.00	3273.00	3273.00	3273.00	3273.00	3273.00	3273.00	3273.00	3273.00	3273.00	3273.00	3273.00	3273.00	3274.00	3274.00	3274.00	3274.00	3274.00	3274.00	3274.00
3253.00	3253.00	3253.00	3254.00	3254.00	3254.00	3254.00	3254.00	3254.00	3254.00	3254.00	3254.00	3254.00	3254.00	3255.00	3255.00	3255.00	3255.00	3255.00	3255.00	3255.00	3255.00	3255.00	3255.00	3255.00	3255.00	3256.00	3256.00	3256.00	3256.00	3256.00	3256.00	3256.00	3256.00	3256.00	3256.00	3256.00	3257.00	3257.00	3257.00	3257.00	3257.00	3257.00	3257.00	3257.00	3257.00	3257.00	3258.00	3258.00	3258.00	3258.00	3258.00	3258.00	3258.00	3258.00	3258.00	3258.00	3258.00	3258.00	3259.00	3259.00	3259.00	3259.00	3259.00	3259.00	3259.00	3259.00	3259.00	3259.00	3259.00	3259.00	3260.00	3260.00	3260.00	3260.00	3260.00	3260.00	3260.00	3260.00	3260.00	3260.00	3260.00	3260.00	3260.00	3260.00	3260.00	3260.00	3260.00	3261.00	3261.00	3261.00	3261.00	3261.00	3261.00	3261.00	3261.00	3261.00	3261.00	3261.00	3261.00	3261.00	3262.00	3262.00	3262.00	3262.00	3262.00	3262.00	3262.00	3262.00	3262.00	3263.00	3263.00	3263.00	3263.00	3263.00	3263.00	3263.00	3264.00	3264.00	3264.00	3264.00	3264.00	3264.00	3264.00	3264.00	3264.00	3265.00	3265.00	3265.00	3265.00	3265.00	3265.00	3265.00	3266.00	3266.00	3266.00	3266.00	3266.00	3266.00	3266.00	3266.00	3267.00	3267.00	3267.00	3267.00	3267.00	3267.00	3267.00	3267.00	3267.00	3267.00	3267.00	3268.00	3268.00	3268.00	3268.00	3268.00	3268.00	3268.00	3268.00	3268.00	3268.00	3268.00	3268.00	3269.00	3269.00	3269.00	3269.00	3269.00	3269.00	3269.00	3269.00	3269.00	3269.00	3269.00	3269.00	3270.00	3270.00	3270.00	3270.00	3270.00	3270.00	3270.00	3270.00	3270.00	3270.00	3270.00	3270.00	3270.00	3270.00	3270.00	3270.00	3270.00	3270.00	3270.00	3270.00	3270.00	3270.00	3270.00	3270.00	3270.00	3270.00	3270.00	3270.00	3271.00	3271.00	3271.00	3271.00	3271.00	3271.00	3271.00	3271.00	3271.00	3271.00	3271.00	3271.00	3271.00	3271.00	3271.00	3271.00	3271.00	3271.00	3271.00	3271.00	3271.00	3272.00	3272.00	3272.00	3272.00	3272.00	3272.00	3272.00	3272.00	3272.00	3272.00	3272.00	3273.00	3273.00	3273.00	3273.00	3273.00	3273.00	3273.00	3273.00	3273.00	3273.00	3273.00	3273.00	3273.00	3274.00	3274.00	3274.00	3274.00	3274.00	3274.00	3274.00
3253.00	3253.00	3253.00	3254.00	3254.00	3254.00	3254.00	3254.00	3254.00	3254.00	3254.00	3254.00	3254.00	3254.00	3255.00	3255.00	3255.00	3255.00	3255.00	3255.00	3255.00	3255.00	3255.00	3255.00	3255.00	3255.00	3256.00	3256.00	3256.00	3256.00	3256.00	3256.00	3256.00	3256.00	3256.00	3256.00	3256.00	3257.00	3257.00	3257.00	3257.00	3257.00	3257.00	3257.00	3257.00	3257.00	3257.00	3258.00	3258.00	3258.00	3258.00	3258.00	3258.00	3258.00	3258.00	3258.00	3258.00	3258.00	3258.00	3259.00	3259.00	3259.00	3259.00	3259.00	3259.00	3259.00	3259.00	3259.00	3259.00	3259.00	3259.00	3260.00	3260.00	3260.00	3260.00	3260.00	3260.00	3260.00	3260.00	3260.00	3260.00	3260.00	3260.00	3260.00	3260.00	3260.00	3260.00	3260.00	3261.00	3261.00	3261.00	3261.00	3261.00	3261.00	3261.00	3261.00	3261.00	3261.00	3261.00	3261.00	3261.00	3262.00	3262.00	3262.00	3262.00	3262.00	3262.00	3262.00	3262.00	3262.00	3263.00	3263.00	3263.00	3263.00	3263.00	3263.00	3263.00	3264.00	3264.00	3264.00	3264.00	3264.00	3264.00	3264.00	3264.00	3264.00	3265.00	3265.00	3265.00	3265.00	3265.00	3265.00	3265.00	3266.00	3266.00	3266.00	3266.00	3266.00	3266.00	3266.00	3266.00	3267.00	3267.00	3267.00	3267.00	3267.00	3267.00	3267.00	3267.00	3267.00	3267.00	3267.00	3268.00	3268.00	3268.00	3268.00	3268.00	3268.00	3268.00	3268.00	3268.00	3268.00	3268.00	3268.00	3269.00	3269.00	3269.00	3269.00	3269.00	3269.00	3269.00	3269.00	3269.00	3269.00	3269.00	3269.00	3270.00	3270.00	3270.00	3270.00	3270.00	3270.00	3270.00	3270.00	3270.00	3270.00	3270.00	3270.00	3270.00	3270.00	3270.00	3270.00	3270.00	3270.00	3270.00	3270.00	3270.00	3270.00	3270.00	3270.00	3270.00	3270.00	3270.00	3270.00	3271.00	3271.00	3271.00	3271.00	3271.00	3271.00	3271.00	3271.00	3271.00	3271.00	3271.00	3271.00	3271.00	3271.00	3271.00	3271.00	3271.00	3271.00	3271.00	3271.00	3271.00	3272.00	3272.00	3272.00	3272.00	3272.00	3272.00	3272.00	3272.00	3272.00	3272.00	3272.00	3273.00	3273.00	3273.00	3273.00	3273.00	3273.00	3273.00	3273.00	3273.00	3273.00	3273.00	3273.00	3273.00	3274.00	3274.00	3274.00	3274.00	3274.00	3274.00	3274.00
3253.00	3253.00	3253.00	3254.00	3254.00	3254.00	3254.00	3254.00	3254.00	3254.00	3254.00	3254.00	3254.00	3254.00	3255.00	3255.00	3255.00	3255.00	3255.00	3255.00	3255.00	3255.00	3255.00	3255.00	3255.00	3255.00	3256.00	3256.00	3256.00	3256.00	3256.00	3256.00	3256.00	3256.00	3256.00	3256.00	3256.00	3257.00	3257.00	3257.00	3257.00	3257.00	3257.00	3257.00	3257.00	3257.00	3257.00	3258.00	3258.00	3258.00	3258.00	3258.00	3258.00	3258.00	3258.00	3258.00	3258.00	3258.00	3258.00	3259.00	3259.00	3259.00	3259.00	3259.00	3259.00	3259.00	3259.00	3259.00	3259.00	3259.00	3259.00	3260.00	3260.00	3260.00	3260.00	3260.00	3260.00	3260.00	3260.00	3260.00	3260.00	3260.00	3260.00	3260.00	3260.00	3260.00	3260.00	3260.00	3261.00	3261.00	3261.00	3261.00	3261.00	3261.00	3261.00	3261.00	3261.00	3261.00	3261.00	3261.00	3261.00	3262.00	3262.00	3262.00	3262.00	3262.00	3262.00	3262.00	3262.00	3262.00	3263.00	3263.00	3263.00	3263.00	3263.00	3263.00	3263.00	3264.00	3264.00	3264.00	3264.00	3264.00	3264.00	3264.00	3264.00	3264.00	3265.00	3265.00	3265.00	3265.00	3265.00	3265.00	3265.00	3266.00	3266.00	3266.00	3266.00	3266.00	3266.00	3266.00	3266.00	3267.00	3267.00	3267.00	3267.00	3267.00	3267.00	3267.00	3267.00	3267.00	3267.00	3267.00	3268.00	3268.00	3268.00	3268.00	3268.00	3268.00	3268.00	3268.00	3268.00	3268.00	3268.00	3268.00	3269.00	3269.00	3269.00	3269.00	3269.00	3269.00	3269.00	3269.00	3269.00	3269.00	3269.00	3269.00	3270.00	3270.00	3270.00	3270.00	3270.00	3270.00	3270.00	3270.00	3270.00	3270.00	3270.00	3270.00	3270.00	3270.00	3270.00	3270.00	3270.00	3270.00	3270.00	3270.00	3270.00	3270.00	3270.00	3270.00	3270.00	3270.00	3270.00	3270.00	3271.00	3271.00	3271.00	3271.00	3271.00	3271.00	3271.00	3271.00	3271.00	3271.00	3271.00	3271.00	3271.00	3271.00	3271.00	3271.00	3271.00	3271.00	3271.00	3271.00	3271.00	3272.00	3272.00	3272.00	3272.00	3272.00	3272.00	3272.00	3272.00	3272.00	3272.00	3272.00	3273.00	3273.00	3273.00	3273.00	3273.00	3273.00	3273.00	3273.00	3273.00	3273.00	3273.00	3273.00	3273.00	3274.00	3274.00	3274.00	3274.00	3274.00	3274.00	3274.00
3253.00	3253.00	3253.00	3254.00	3254.00	3254.00	3254.00	3254.00	3254.00	3254.00	3254.00	3254.00	3254.00	3254.00	3255.00	3255.00	3255.00	3255.00	3255.00	3255.00	3255.00	3255.00	3255.00	3255.00	3255.00	3255.00	3256.00	3256.00	3256.00	3256.00	3256.00	3256.00	3256.00	3256.00	3256.00	3256.00	3256.00	3257.00	3257.00	3257.00	3257.00	3257.00	3257.00	3257.00	3257.00	3257.00	3257.00	3258.00	3258.00	3258.00	3258.00	3258.00	3258.00	3258.00	3258.00	3258.00	3258.00	3258.00	3258.00	3259.00	3259.00	3259.00	3259.00	3259.00	3259.00	3259.00	3259.00	3259.00	3259.00	3259.00	3259.00	3260.00	3260.00	3260.00	3260.00	3260.00	3260.00	3260.00	3260.00	3260.00	3260.00	3260.00	3260.00	3260.00	3260.00	3260.00	3260.00	3260.00	3261.00	3261.00	3261.00	3261.00	3261.00	3261.00	3261.00	3261.00	3261.00	3261.00	3261.00	3261.00	3261.00	3262.00	3262.00	3262.00	3262.00	3262.00	3262.00	3262.00	3262.00	3262.00	3263.00	3263.00	3263.00	3263.00	3263.00	3263.00	3263.00	3264.00	3264.00	3264.00	3264.00	3264.00	3264.00	3264.00	3264.00	3264.00	3265.00	3265.00	3265.00	3265.00	3265.00	3265.00	3265.00	3266.00	3266.00	3266.00	3266.00	3266.00	3266.00	3266.00	3266.00	3267.00	3267.00	3267.00	3267.00	3267.00	3267.00	3267.00	3267.00	3267.00	3267.00	3267.00	3268.00	3268.00	3268.00	3268.00	3268.00	3268.00	3268.00	3268.00	3268.00	3268.00	3268.00	3268.00	3269.00	3269.00	3269.00	3269.00	3269.00	3269.00	3269.00	3269.00	3269.00	3269.00	3269.00	3269.00	3270.00	3270.00	3270.00	3270.00	3270.00	3270.00	3270.00	3270.00	3270.00	3270.00	3270.00	3270.00	3270.00	3270.00	3270.00	3270.00	3270.00	3270.00	3270.00	3270.00	3270.00	3270.00	3270.00	3270.00	3270.00	3270.00	3270.00	3270.00	3271.00	3271.00	3271.00	3271.00	3271.00	3271.00	3271.00	3271.00	3271.00	3271.00	3271.00	3271.00	3271.00	3271.00	3271.00	3271.00	3271.00	3271.00	3271.00	3271.00	3271.00	3272.00	3272.00	3272.00	3272.00	3272.00	3272.00	3272.00	3272.00	3272.00	3272.00	3272.00	3273.00	3273.00	3273.00	3273.00	3273.00	3273.00	3273.00	3273.00	3273.00	3273.00	3273.00	3273.00	3273.00	3274.00	3274.00	3274.00	3274.00	3274.00	3274.00	3274.00
3253.00	3253.00	3253.00	3254.00	3254.00	3254.00	3254.00	3254.00	3254.00	3254.00	3254.00	3254.00	3254.00	3254.00	3255.00	3255.00	3255.00	3255.00	3255.00	3255.00	3255.00	3255.00	3255.00	3255.00	3255.00	3255.00	3256.00	3256.00	3256.00	3256.00	3256.00	3256.00	3256.00	3256.00	3256.00	3256.00	3256.00	3257.00	3257.00	3257.00	3257.00	3257.00	3257.00	3257.00	3257.00	3257.00	3257.00	3258.00	3258.00	3258.00	3258.00	3258.00	3258.00	3258.00	3258.00	3258.00	3258.00	3258.00	3258.00	3259.00	3259.00	3259.00	3259.00	3259.00	3259.00	3259.00	3259.00	3259.00	3259.00	3259.00	3259.00	3260.00	3260.00	3260.00	3260.00	3260.00	3260.00	3260.00	3260.00	3260.00	3260.00	3260.00	3260.00	3260.00	3260.00	3260.00	3260.00	3260.00	3261.00	3261.00	3261.00	3261.00	3261.00	3261.00	3261.00	3261.00	3261.00	3261.00	3261.00	3261.00	3261.00	3262.00	3262.00	3262.00	3262.00	3262.00	3262.00	3262.00	3262.00	3262.00	3263.00	3263.00	3263.00	3263.00	3263.00	3263.00	3263.00	3264.00	3264.00	3264.00	3264.00	3264.00	3264.00	3264.00	3264.00	3264.00	3265.00	3265.00	3265.00	3265.00	3265.00	3265.00	3265.00	3266.00	3266.00	3266.00	3266.00	3266.00	3266.00	3266.00	3266.00	3267.00	3267.00	3267.00	3267.00	3267.00	3267.00	3267.00	3267.00	3267.00	3267.00	3267.00	3268.00	3268.00	3268.00	3268.00	3268.00	3268.00	3268.00	3268.00	3268.00	3268.00	3268.00	3268.00	3269.00	3269.00	3269.00	3269.00	3269.00	3269.00	3269.00	3269.00	3269.00	3269.00	3269.00	3269.00	3270.00	3270.00	3270.00	3270.00	3270.00	3270.00	3270.00	3270.00	3270.00	3270.00	3270.00	3270.00	3270.00	3270.00	3270.00	3270.00	3270.00	3270.00	3270.00	3270.00	3270.00	3270.00	3270.00	3270.00	3270.00	3270.00	3270.00	3270.00	3271.00	3271.00	3271.00	3271.00	3271.00	3271.00	3271.00	3271.00	3271.00	3271.00	3271.00	3271.00	3271.00	3271.00	3271.00	3271.00	3271.00	3271.00	3271.00	3271.00	3271.00	3272.00	3272.00	3272.00	3272.00	3272.00	3272.00	3272.00	3272.00	3272.00	3272.00	3272.00	3273.00	3273.00	3273.00	3273.00	3273.00	3273.00	3273.00	3273.00	3273.00	3273.00	3273.00	3273.00	3273.00	3274.00	3274.00	3274.00	3274.00	3274.00	3274.00	3274.00
3253.00	3253.00	3253.00	3254.00	3254.00	3254.00	3254.00	3254.00	3254.00	3254.00	3254.00	3254.00	3254.00	3254.00	3255.00	3255.00	3255.00	3255.00	3255.00	3255.00	3255.00	3255.00	3255.00	3255.00	3255.00	3255.00	3256.00	3256.00	3256.00	3256.00	3256.00	3256.00	3256.00	3256.00	3256.00	3256.00	3256.00	3257.00	3257.00	3257.00	3257.00	3257.00	3257.00	3257.00	3257.00	3257.00	3257.00	3258.00	3258.00	3258.00	3258.00	3258.00	3258.00	3258.00	3258.00	3258.00	3258.00	3258.00	3258.00	3259.00	3259.00	3259.00	3259.00	3259.00	3259.00	3259.00	3259.00	3259.00	3259.00	3259.00	3259.00	3260.00	3260.00	3260.00	3260.00	3260.00	3260.00	3260.00	3260.00	3260.00	3260.00	3260.00	3260.00	3260.00	3260.00	3260.00	3260.00	3260.00	3261.00	3261.00	3261.00	3261.00	3261.00	3261.00	3261.00	3261.00	3261.00	3261.00	3261.00	3261.00	3261.00	3262.00	3262.00	3262.00	3262.00	3262.00	3262.00	3262.00	3262.00	3262.00	3263.00	3263.00	3263.00	3263.00	3263.00	3263.00	3263.00	3264.00	3264.00	3264.00	3264.00	3264.00	3264.00	3264.00	3264.00	3264.00	3265.00	3265.00	3265.00	3265.00	3265.00	3265.00	3265.00	3266.00	3266.00	3266.00	3266.00	3266.00	3266.00	3266.00	3266.00	3267.00	3267.00	3267.00	3267.00	3267.00	3267.00	3267.00	3267.00	3267.00	3267.00	3267.00	3268.00	3268.00	3268.00	3268.00	3268.00	3268.00	3268.00	3268.00	3268.00	3268.00	3268.00	3268.00	3269.00	3269.00	3269.00	3269.00	3269.00	3269.00	3269.00	3269.00	3269.00	3269.00	3269.00	3269.00	3270.00	3270.00	3270.00	3270.00	3270.00	3270.00	3270.00	3270.00	3270.00	3270.00	3270.00	3270.00	3270.00	3270.00	3270.00	3270.00	3270.00	3270.00	3270.00	3270.00	3270.00	3270.00	3270.00	3270.00	3270.00	3270.00	3270.00	3270.00	3271.00	3271.00	3271.00	3271.00	3271.00	3271.00	3271.00	3271.00	3271.00	3271.00	3271.00	3271.00	3271.00	3271.00	3271.00	3271.00	3271.00	3271.00	3271.00	3271.00	3271.00	3272.00	3272.00	3272.00	3272.00	3272.00	3272.00	3272.00	3272.00	3272.00	3272.00	3272.00	3273.00	3273.00	3273.00	3273.00	3273.00	3273.00	3273.00	3273.00	3273.00	3273.00	3273.00	3273.00	3273.00	3274.00	3274.00	3274.00	3274.00	3274.00	3274.00	3274.00
3253.00	3253.00	3253.00	3254.00	3254.00	3254.00	3254.00	3254.00	3254.00	3254.00	3254.00	3254.00	3254.00	3254.00	3255.00	3255.00	3255.00	3255.00	3255.00	3255.00	3255.00	3255.00	3255.00	3255.00	3255.00	3255.00	3256.00	3256.00	3256.00	3256.00	3256.00	3256.00	3256.00	3256.00	3256.00	3256.00	3256.00	3257.00	3257.00	3257.00	3257.00	3257.00	3257.00	3257.00	3257.00	3257.00	3257.00	3258.00	3258.00	3258.00	3258.00	3258.00	3258.00	3258.00	3258.00	3258.00	3258.00	3258.00	3258.00	3259.00	3259.00	3259.00	3259.00	3259.00	3259.00	3259.00	3259.00	3259.00	3259.00	3259.00	3259.00	3260.00	3260.00	3260.00	3260.00	3260.00	3260.00	3260.00	3260.00	3260.00	3260.00	3260.00	3260.00	3260.00	3260.00	3260.00	3260.00	3260.00	3261.00	3261.00	3261.00	3261.00	3261.00	3261.00	3261.00	3261.00	3261.00	3261.00	3261.00	3261.00	3261.00	3262.00	3262.00	3262.00	3262.00	3262.00	3262.00	3262.00	3262.00	3262.00	3263.00	3263.00	3263.00	3263.00	3263.00	3263.00	3263.00	3264.00	3264.00	3264.00	3264.00	3264.00	3264.00	3264.00	3264.00	3264.00	3265.00	3265.00	3265.00	3265.00	3265.00	3265.00	3265.00	3266.00	3266.00	3266.00	3266.00	3266.00	3266.00	3266.00	3266.00	3267.00	3267.00	3267.00	3267.00	3267.00	3267.00	3267.00	3267.00	3267.00	3267.00	3267.00	3268.00	3268.00	3268.00	3268.00	3268.00	3268.00	3268.00	3268.00	3268.00	3268.00	3268.00	3268.00	3269.00	3269.00	3269.00	3269.00	3269.00	3269.00	3269.00	3269.00	3269.00	3269.00	3269.00	3269.00	3270.00	3270.00	3270.00	3270.00	3270.00	3270.00	3270.00	3270.00	3270.00	3270.00	3270.00	3270.00	3270.00	3270.00	3270.00	3270.00	3270.00	3270.00	3270.00	3270.00	3270.00	3270.00	3270.00	3270.00	3270.00	3270.00	3270.00	3270.00	3271.00	3271.00	3271.00	3271.00	3271.00	3271.00	3271.00	3271.00	3271.00	3271.00	3271.00	3271.00	3271.00	3271.00	3271.00	3271.00	3271.00	3271.00	3271.00	3271.00	3271.00	3272.00	3272.00	3272.00	3272.00	3272.00	3272.00	3272.00	3272.00	3272.00	3272.00	3272.00	3273.00	3273.00	3273.00	3273.00	3273.00	3273.00	3273.00	3273.00	3273.00	3273.00	3273.00	3273.00	3273.00	3274.00	3274.00	3274.00	3274.00	3274.00	3274.00	3274.00
3253.00	3253.00	3253.00	3254.00	3254.00	3254.00	3254.00	3254.00	3254.00	3254.00	3254.00	3254.00	3254.00	3254.00	3255.00	3255.00	3255.00	3255.00	3255.00	3255.00	3255.00	3255.00	3255.00	3255.00	3255.00	3255.00	3256.00	3256.00	3256.00	3256.00	3256.00	3256.00	3256.00	3256.00	3256.00	3256.00	3256.00	3257.00	3257.00	3257.00	3257.00	3257.00	3257.00	3257.00	3257.00	3257.00	3257.00	3258.00	3258.00	3258.00	3258.00	3258.00	3258.00	3258.00	3258.00	3258.00	3258.00	3258.00	3258.00	3259.00	3259.00	3259.00	3259.00	3259.00	3259.00	3259.00	3259.00	3259.00	3259.00	3259.00	3259.00	3260.00	3260.00	3260.00	3260.00	3260.00	3260.00	3260.00	3260.00	3260.00	3260.00	3260.00	3260.00	3260.00	3260.00	3260.00	3260.00	3260.00	3261.00	3261.00	3261.00	3261.00	3261.00	3261.00	3261.00	3261.00	3261.00	3261.00	3261.00	3261.00	3261.00	3262.00	3262.00	3262.00	3262.00	3262.00	3262.00	3262.00	3262.00	3262.00	3263.00	3263.00	3263.00	3263.00	3263.00	3263.00	3263.00	3264.00	3264.00	3264.00	3264.00	3264.00	3264.00	3264.00	3264.00	3264.00	3265.00	3265.00	3265.00	3265.00	3265.00	3265.00	3265.00	3266.00	3266.00	3266.00	3266.00	3266.00	3266.00	3266.00	3266.00	3267.00	3267.00	3267.00	3267.00	3267.00	3267.00	3267.00	3267.00	3267.00	3267.00	3267.00	3268.00	3268.00	3268.00	3268.00	3268.00	3268.00	3268.00	3268.00	3268.00	3268.00	3268.00	3268.00	3269.00	3269.00	3269.00	3269.00	3269.00	3269.00	3269.00	3269.00	3269.00	3269.00	3269.00	3269.00	3270.00	3270.00	3270.00	3270.00	3270.00	3270.00	3270.00	3270.00	3270.00	3270.00	3270.00	3270.00	3270.00	3270.00	3270.00	3270.00	3270.00	3270.00	3270.00	3270.00	3270.00	3270.00	3270.00	3270.00	3270.00	3270.00	3270.00	3270.00	3271.00	3271.00	3271.00	3271.00	3271.00	3271.00	3271.00	3271.00	3271.00	3271.00	3271.00	3271.00	3271.00	3271.00	3271.00	3271.00	3271.00	3271.00	3271.00	3271.00	3271.00	3272.00	3272.00	3272.00	3272.00	3272.00	3272.00	3272.00	3272.00	3272.00	3272.00	3272.00	3273.00	3273.00	3273.00	3273.00	3273.00	3273.00	3273.00	3273.00	3273.00	3273.00	3273.00	3273.00	3273.00	3274.00	3274.00	3274.00	3274.00	3274.00	3274.00	3274.00
3253.00	3253.00	3253.00	3254.00	3254.00	3254.00	3254.00	3254.00	3254.00	3254.00	3254.00	3254.00	3254.00	3254.00	3255.00	3255.00	3255.00	3255.00	3255.00	3255.00	3255.00	3255.00	3255.00	3255.00	3255.00	3255.00	3256.00	3256.00	3256.00	3256.00	3256.00	3256.00	3256.00	3256.00	3256.00	3256.00	3256.00	3257.00	3257.00	3257.00	3257.00	3257.00	3257.00	3257.00	3257.00	3257.00	3257.00	3258.00	3258.00	3258.00	3258.00	3258.00	3258.00	3258.00	3258.00	3258.00	3258.00	3258.00	3258.00	3259.00	3259.00	3259.00	3259.00	3259.00	3259.00	3259.00	3259.00	3259.00	3259.00	3259.00	3259.00	3260.00	3260.00	3260.00	3260.00	3260.00	3260.00	3260.00	3260.00	3260.00	3260.00	3260.00	3260.00	3260.00	3260.00	3260.00	3260.00	3260.00	3261.00	3261.00	3261.00	3261.00	3261.00	3261.00	3261.00	3261.00	3261.00	3261.00	3261.00	3261.00	3261.00	3262.00	3262.00	3262.00	3262.00	3262.00	3262.00	3262.00	3262.00	3262.00	3263.00	3263.00	3263.00	3263.00	3263.00	3263.00	3263.00	3264.00	3264.00	3264.00	3264.00	3264.00	3264.00	3264.00	3264.00	3264.00	3265.00	3265.00	3265.00	3265.00	3265.00	3265.00	3265.00	3266.00	3266.00	3266.00	3266.00	3266.00	3266.00	3266.00	3266.00	3267.00	3267.00	3267.00	3267.00	3267.00	3267.00	3267.00	3267.00	3267.00	3267.00	3267.00	3268.00	3268.00	3268.00	3268.00	3268.00	3268.00	3268.00	3268.00	3268.00	3268.00	3268.00	3268.00	3269.00	3269.00	3269.00	3269.00	3269.00	3269.00	3269.00	3269.00	3269.00	3269.00	3269.00	3269.00	3270.00	3270.00	3270.00	3270.00	3270.00	3270.00	3270.00	3270.00	3270.00	3270.00	3270.00	3270.00	3270.00	3270.00	3270.00	3270.00	3270.00	3270.00	3270.00	3270.00	3270.00	3270.00	3270.00	3270.00	3270.00	3270.00	3270.00	3270.00	3271.00	3271.00	3271.00	3271.00	3271.00	3271.00	3271.00	3271.00	3271.00	3271.00	3271.00	3271.00	3271.00	3271.00	3271.00	3271.00	3271.00	3271.00	3271.00	3271.00	3271.00	3272.00	3272.00	3272.00	3272.00	3272.00	3272.00	3272.00	3272.00	3272.00	3272.00	3272.00	3273.00	3273.00	3273.00	3273.00	3273.00	3273.00	3273.00	3273.00	3273.00	3273.00	3273.00	3273.00	3273.00	3274.00	3274.00	3274.00	3274.00	3274.00	3274.00	3274.00
3253.00	3253.00	3253.00	3254.00	3254.00	3254.00	3254.00	3254.00	3254.00	3254.00	3254.00	3254.00	3254.00	3254.00	3255.00	3255.00	3255.00	3255.00	3255.00	3255.00	3255.00	3255.00	3255.00	3255.00	3255.00	3255.00	3256.00	3256.00	3256.00	3256.00	3256.00	3256.00	3256.00	3256.00	3256.00	3256.00	3256.00	3257.00	3257.00	3257.00	3257.00	3257.00	3257.00	3257.00	3257.00	3257.00	3257.00	3258.00	3258.00	3258.00	3258.00	3258.00	3258.00	3258.00	3258.00	3258.00	3258.00	3258.00	3258.00	3259.00	3259.00	3259.00	3259.00	3259.00	3259.00	3259.00	3259.00	3259.00	3259.00	3259.00	3259.00	3260.00	3260.00	3260.00	3260.00	3260.00	3260.00	3260.00	3260.00	3260.00	3260.00	3260.00	3260.00	3260.00	3260.00	3260.00	3260.00	3260.00	3261.00	3261.00	3261.00	3261.00	3261.00	3261.00	3261.00	3261.00	3261.00	3261.00	3261.00	3261.00	3261.00	3262.00	3262.00	3262.00	3262.00	3262.00	3262.00	3262.00	3262.00	3262.00	3263.00	3263.00	3263.00	3263.00	3263.00	3263.00	3263.00	3264.00	3264.00	3264.00	3264.00	3264.00	3264.00	3264.00	3264.00	3264.00	3265.00	3265.00	3265.00	3265.00	3265.00	3265.00	3265.00	3266.00	3266.00	3266.00	3266.00	3266.00	3266.00	3266.00	3266.00	3267.00	3267.00	3267.00	3267.00	3267.00	3267.00	3267.00	3267.00	3267.00	3267.00	3267.00	3268.00	3268.00	3268.00	3268.00	3268.00	3268.00	3268.00	3268.00	3268.00	3268.00	3268.00	3268.00	3269.00	3269.00	3269.00	3269.00	3269.00	3269.00	3269.00	3269.00	3269.00	3269.00	3269.00	3269.00	3270.00	3270.00	3270.00	3270.00	3270.00	3270.00	3270.00	3270.00	3270.00	3270.00	3270.00	3270.00	3270.00	3270.00	3270.00	3270.00	3270.00	3270.00	3270.00	3270.00	3270.00	3270.00	3270.00	3270.00	3270.00	3270.00	3270.00	3270.00	3271.00	3271.00	3271.00	3271.00	3271.00	3271.00	3271.00	3271.00	3271.00	3271.00	3271.00	3271.00	3271.00	3271.00	3271.00	3271.00	3271.00	3271.00	3271.00	3271.00	3271.00	3272.00	3272.00	3272.00	3272.00	3272.00	3272.00	3272.00	3272.00	3272.00	3272.00	3272.00	3273.00	3273.00	3273.00	3273.00	3273.00	3273.00	3273.00	3273.00	3273.00	3273.00	3273.00	3273.00	3273.00	3274.00	3274.00	3274.00	3274.00	3274.00	3274.00	3274.00
3253.00	3253.00	3253.00	3254.00	3254.00	3254.00	3254.00	3254.00	3254.00	3254.00	3254.00	3254.00	3254.00	3254.00	3255.00	3255.00	3255.00	3255.00	3255.00	3255.00	3255.00	3255.00	3255.00	3255.00	3255.00	3255.00	3256.00	3256.00	3256.00	3256.00	3256.00	3256.00	3256.00	3256.00	3256.00	3256.00	3256.00	3257.00	3257.00	3257.00	3257.00	3257.00	3257.00	3257.00	3257.00	3257.00	3257.00	3258.00	3258.00	3258.00	3258.00	3258.00	3258.00	3258.00	3258.00	3258.00	3258.00	3258.00	3258.00	3259.00	3259.00	3259.00	3259.00	3259.00	3259.00	3259.00	3259.00	3259.00	3259.00	3259.00	3259.00	3260.00	3260.00	3260.00	3260.00	3260.00	3260.00	3260.00	3260.00	3260.00	3260.00	3260.00	3260.00	3260.00	3260.00	3260.00	3260.00	3260.00	3261.00	3261.00	3261.00	3261.00	3261.00	3261.00	3261.00	3261.00	3261.00	3261.00	3261.00	3261.00	3261.00	3262.00	3262.00	3262.00	3262.00	3262.00	3262.00	3262.00	3262.00	3262.00	3263.00	3263.00	3263.00	3263.00	3263.00	3263.00	3263.00	3264.00	3264.00	3264.00	3264.00	3264.00	3264.00	3264.00	3264.00	3264.00	3265.00	3265.00	3265.00	3265.00	3265.00	3265.00	3265.00	3266.00	3266.00	3266.00	3266.00	3266.00	3266.00	3266.00	3266.00	3267.00	3267.00	3267.00	3267.00	3267.00	3267.00	3267.00	3267.00	3267.00	3267.00	3267.00	3268.00	3268.00	3268.00	3268.00	3268.00	3268.00	3268.00	3268.00	3268.00	3268.00	3268.00	3268.00	3269.00	3269.00	3269.00	3269.00	3269.00	3269.00	3269.00	3269.00	3269.00	3269.00	3269.00	3269.00	3270.00	3270.00	3270.00	3270.00	3270.00	3270.00	3270.00	3270.00	3270.00	3270.00	3270.00	3270.00	3270.00	3270.00	3270.00	3270.00	3270.00	3270.00	3270.00	3270.00	3270.00	3270.00	3270.00	3270.00	3270.00	3270.00	3270.00	3270.00	3271.00	3271.00	3271.00	3271.00	3271.00	3271.00	3271.00	3271.00	3271.00	3271.00	3271.00	3271.00	3271.00	3271.00	3271.00	3271.00	3271.00	3271.00	3271.00	3271.00	3271.00	3272.00	3272.00	3272.00	3272.00	3272.00	3272.00	3272.00	3272.00	3272.00	3272.00	3272.00	3273.00	3273.00	3273.00	3273.00	3273.00	3273.00	3273.00	3273.00	3273.00	3273.00	3273.00	3273.00	3273.00	3274.00	3274.00	3274.00	3274.00	3274.00	3274.00	3274.00
3253.00	3253.00	3253.00	3254.00	3254.00	3254.00	3254.00	3254.00	3254.00	3254.00	3254.00	3254.00	3254.00	3254.00	3255.00	3255.00	3255.00	3255.00	3255.00	3255.00	3255.00	3255.00	3255.00	3255.00	3255.00	3255.00	3256.00	3256.00	3256.00	3256.00	3256.00	3256.00	3256.00	3256.00	3256.00	3256.00	3256.00	3257.00	3257.00	3257.00	3257.00	3257.00	3257.00	3257.00	3257.00	3257.00	3257.00	3258.00	3258.00	3258.00	3258.00	3258.00	3258.00	3258.00	3258.00	3258.00	3258.00	3258.00	3258.00	3259.00	3259.00	3259.00	3259.00	3259.00	3259.00	3259.00	3259.00	3259.00	3259.00	3259.00	3259.00	3260.00	3260.00	3260.00	3260.00	3260.00	3260.00	3260.00	3260.00	3260.00	3260.00	3260.00	3260.00	3260.00	3260.00	3260.00	3260.00	3260.00	3261.00	3261.00	3261.00	3261.00	3261.00	3261.00	3261.00	3261.00	3261.00	3261.00	3261.00	3261.00	3261.00	3262.00	3262.00	3262.00	3262.00	3262.00	3262.00	3262.00	3262.00	3262.00	3263.00	3263.00	3263.00	3263.00	3263.00	3263.00	3263.00	3264.00	3264.00	3264.00	3264.00	3264.00	3264.00	3264.00	3264.00	3264.00	3265.00	3265.00	3265.00	3265.00	3265.00	3265.00	3265.00	3266.00	3266.00	3266.00	3266.00	3266.00	3266.00	3266.00	3266.00	3267.00	3267.00	3267.00	3267.00	3267.00	3267.00	3267.00	3267.00	3267.00	3267.00	3267.00	3268.00	3268.00	3268.00	3268.00	3268.00	3268.00	3268.00	3268.00	3268.00	3268.00	3268.00	3268.00	3269.00	3269.00	3269.00	3269.00	3269.00	3269.00	3269.00	3269.00	3269.00	3269.00	3269.00	3269.00	3270.00	3270.00	3270.00	3270.00	3270.00	3270.00	3270.00	3270.00	3270.00	3270.00	3270.00	3270.00	3270.00	3270.00	3270.00	3270.00	3270.00	3270.00	3270.00	3270.00	3270.00	3270.00	3270.00	3270.00	3270.00	3270.00	3270.00	3270.00	3271.00	3271.00	3271.00	3271.00	3271.00	3271.00	3271.00	3271.00	3271.00	3271.00	3271.00	3271.00	3271.00	3271.00	3271.00	3271.00	3271.00	3271.00	3271.00	3271.00	3271.00	3272.00	3272.00	3272.00	3272.00	3272.00	3272.00	3272.00	3272.00	3272.00	3272.00	3272.00	3273.00	3273.00	3273.00	3273.00	3273.00	3273.00	3273.00	3273.00	3273.00	3273.00	3273.00	3273.00	3273.00	3274.00	3274.00	3274.00	3274.00	3274.00	3274.00	3274.00
3253.00	3253.00	3253.00	3254.00	3254.00	3254.00	3254.00	3254.00	3254.00	3254.00	3254.00	3254.00	3254.00	3254.00	3255.00	3255.00	3255.00	3255.00	3255.00	3255.00	3255.00	3255.00	3255.00	3255.00	3255.00	3255.00	3256.00	3256.00	3256.00	3256.00	3256.00	3256.00	3256.00	3256.00	3256.00	3256.00	3256.00	3257.00	3257.00	3257.00	3257.00	3257.00	3257.00	3257.00	3257.00	3257.00	3257.00	3258.00	3258.00	3258.00	3258.00	3258.00	3258.00	3258.00	3258.00	3258.00	3258.00	3258.00	3258.00	3259.00	3259.00	3259.00	3259.00	3259.00	3259.00	3259.00	3259.00	3259.00	3259.00	3259.00	3259.00	3260.00	3260.00	3260.00	3260.00	3260.00	3260.00	3260.00	3260.00	3260.00	3260.00	3260.00	3260.00	3260.00	3260.00	3260.00	3260.00	3260.00	3261.00	3261.00	3261.00	3261.00	3261.00	3261.00	3261.00	3261.00	3261.00	3261.00	3261.00	3261.00	3261.00	3262.00	3262.00	3262.00	3262.00	3262.00	3262.00	3262.00	3262.00	3262.00	3263.00	3263.00	3263.00	3263.00	3263.00	3263.00	3263.00	3264.00	3264.00	3264.00	3264.00	3264.00	3264.00	3264.00	3264.00	3264.00	3265.00	3265.00	3265.00	3265.00	3265.00	3265.00	3265.00	3266.00	3266.00	3266.00	3266.00	3266.00	3266.00	3266.00	3266.00	3267.00	3267.00	3267.00	3267.00	3267.00	3267.00	3267.00	3267.00	3267.00	3267.00	3267.00	3268.00	3268.00	3268.00	3268.00	3268.00	3268.00	3268.00	3268.00	3268.00	3268.00	3268.00	3268.00	3269.00	3269.00	3269.00	3269.00	3269.00	3269.00	3269.00	3269.00	3269.00	3269.00	3269.00	3269.00	3270.00	3270.00	3270.00	3270.00	3270.00	3270.00	3270.00	3270.00	3270.00	3270.00	3270.00	3270.00	3270.00	3270.00	3270.00	3270.00	3270.00	3270.00	3270.00	3270.00	3270.00	3270.00	3270.00	3270.00	3270.00	3270.00	3270.00	3270.00	3271.00	3271.00	3271.00	3271.00	3271.00	3271.00	3271.00	3271.00	3271.00	3271.00	3271.00	3271.00	3271.00	3271.00	3271.00	3271.00	3271.00	3271.00	3271.00	3271.00	3271.00	3272.00	3272.00	3272.00	3272.00	3272.00	3272.00	3272.00	3272.00	3272.00	3272.00	3272.00	3273.00	3273.00	3273.00	3273.00	3273.00	3273.00	3273.00	3273.00	3273.00	3273.00	3273.00	3273.00	3273.00	3274.00	3274.00	3274.00	3274.00	3274.00	3274.00	3274.00
3253.00	3253.00	3253.00	3254.00	3254.00	3254.00	3254.00	3254.00	3254.00	3254.00	3254.00	3254.00	3254.00	3254.00	3255.00	3255.00	3255.00	3255.00	3255.00	3255.00	3255.00	3255.00	3255.00	3255.00	3255.00	3255.00	3256.00	3256.00	3256.00	3256.00	3256.00	3256.00	3256.00	3256.00	3256.00	3256.00	3256.00	3257.00	3257.00	3257.00	3257.00	3257.00	3257.00	3257.00	3257.00	3257.00	3257.00	3258.00	3258.00	3258.00	3258.00	3258.00	3258.00	3258.00	3258.00	3258.00	3258.00	3258.00	3258.00	3259.00	3259.00	3259.00	3259.00	3259.00	3259.00	3259.00	3259.00	3259.00	3259.00	3259.00	3259.00	3260.00	3260.00	3260.00	3260.00	3260.00	3260.00	3260.00	3260.00	3260.00	3260.00	3260.00	3260.00	3260.00	3260.00	3260.00	3260.00	3260.00	3261.00	3261.00	3261.00	3261.00	3261.00	3261.00	3261.00	3261.00	3261.00	3261.00	3261.00	3261.00	3261.00	3262.00	3262.00	3262.00	3262.00	3262.00	3262.00	3262.00	3262.00	3262.00	3263.00	3263.00	3263.00	3263.00	3263.00	3263.00	3263.00	3264.00	3264.00	3264.00	3264.00	3264.00	3264.00	3264.00	3264.00	3264.00	3265.00	3265.00	3265.00	3265.00	3265.00	3265.00	3265.00	3266.00	3266.00	3266.00	3266.00	3266.00	3266.00	3266.00	3266.00	3267.00	3267.00	3267.00	3267.00	3267.00	3267.00	3267.00	3267.00	3267.00	3267.00	3267.00	3268.00	3268.00	3268.00	3268.00	3268.00	3268.00	3268.00	3268.00	3268.00	3268.00	3268.00	3268.00	3269.00	3269.00	3269.00	3269.00	3269.00	3269.00	3269.00	3269.00	3269.00	3269.00	3269.00	3269.00	3270.00	3270.00	3270.00	3270.00	3270.00	3270.00	3270.00	3270.00	3270.00	3270.00	3270.00	3270.00	3270.00	3270.00	3270.00	3270.00	3270.00	3270.00	3270.00	3270.00	3270.00	3270.00	3270.00	3270.00	3270.00	3270.00	3270.00	3270.00	3271.00	3271.00	3271.00	3271.00	3271.00	3271.00	3271.00	3271.00	3271.00	3271.00	3271.00	3271.00	3271.00	3271.00	3271.00	3271.00	3271.00	3271.00	3271.00	3271.00	3271.00	3272.00	3272.00	3272.00	3272.00	3272.00	3272.00	3272.00	3272.00	3272.00	3272.00	3272.00	3273.00	3273.00	3273.00	3273.00	3273.00	3273.00	3273.00	3273.00	3273.00	3273.00	3273.00	3273.00	3273.00	3274.00	3274.00	3274.00	3274.00	3274.00	3274.00	3274.00
3252.00	3252.00	3253.00	3253.00	3253.00	3253.00	3253.00	3253.00	3253.00	3253.00	3253.00	3253.00	3253.00	3253.00	3254.00	3254.00	3254.00	3254.00	3254.00	3254.00	3254.00	3254.00	3254.00	3254.00	3254.00	3254.00	3255.00	3255.00	3255.00	3255.00	3255.00	3255.00	3255.00	3255.00	3256.00	3256.00	3256.00	3256.00	3256.00	3256.00	3256.00	3256.00	3256.00	3257.00	3257.00	3257.00	3257.00	3257.00	3257.00	3257.00	3257.00	3257.00	3257.00	3257.00	3257.00	3257.00	3258.00	3258.00	3258.00	3258.00	3258.00	3258.00	3258.00	3258.00	3258.00	3258.00	3258.00	3258.00	3258.00	3258.00	3258.00	3258.00	3258.00	3259.00	3259.00	3259.00	3259.00	3259.00	3259.00	3259.00	3259.00	3259.00	3259.00	3260.00	3260.00	3260.00	3260.00	3260.00	3260.00	3260.00	3260.00	3260.00	3260.00	3260.00	3260.00	3260.00	3260.00	3261.00	3261.00	3261.00	3261.00	3261.00	3261.00	3261.00	3261.00	3261.00	3262.00	3262.00	3262.00	3262.00	3262.00	3262.00	3262.00	3262.00	3263.00	3263.00	3263.00	3263.00	3263.00	3263.00	3263.00	3264.00	3264.00	3264.00	3264.00	3264.00	3264.00	3264.00	3264.00	3265.00	3265.00	3265.00	3265.00	3265.00	3265.00	3266.00	3266.00	3266.00	3266.00	3266.00	3266.00	3266.00	3267.00	3267.00	3267.00	3267.00	3267.00	3267.00	3267.00	3267.00	3268.00	3268.00	3268.00	3268.00	3268.00	3268.00	3268.00	3268.00	3268.00	3268.00	3268.00	3268.00	3269.00	3269.00	3269.00	3269.00	3269.00	3269.00	3269.00	3269.00	3269.00	3269.00	3269.00	3269.00	3270.00	3270.00	3270.00	3270.00	3270.00	3270.00	3270.00	3270.00	3270.00	3270.00	3270.00	3270.00	3270.00	3270.00	3270.00	3270.00	3270.00	3270.00	3270.00	3270.00	3270.00	3270.00	3270.00	3270.00	3270.00	3270.00	3270.00	3270.00	3270.00	3270.00	3270.00	3270.00	3270.00	3270.00	3270.00	3270.00	3270.00	3271.00	3271.00	3271.00	3271.00	3271.00	3271.00	3271.00	3271.00	3271.00	3271.00	3271.00	3271.00	3272.00	3272.00	3272.00	3272.00	3272.00	3272.00	3272.00	3272.00	3272.00	3272.00	3272.00	3272.00	3272.00	3273.00	3273.00	3273.00	3273.00	3273.00	3273.00	3273.00	3273.00	3273.00	3273.00	3273.00	3274.00	3274.00	3274.00	3274.00	3274.00	3274.00	3274.00	3274.00	3274.00
3252.00	3252.00	3253.00	3253.00	3253.00	3253.00	3253.00	3253.00	3253.00	3253.00	3253.00	3253.00	3253.00	3253.00	3254.00	3254.00	3254.00	3254.00	3254.00	3254.00	3254.00	3254.00	3254.00	3254.00	3254.00	3254.00	3255.00	3255.00	3255.00	3255.00	3255.00	3255.00	3255.00	3255.00	3256.00	3256.00	3256.00	3256.00	3256.00	3256.00	3256.00	3256.00	3256.00	3257.00	3257.00	3257.00	3257.00	3257.00	3257.00	3257.00	3257.00	3257.00	3257.00	3257.00	3257.00	3257.00	3258.00	3258.00	3258.00	3258.00	3258.00	3258.00	3258.00	3258.00	3258.00	3258.00	3258.00	3258.00	3258.00	3258.00	3258.00	3258.00	3258.00	3259.00	3259.00	3259.00	3259.00	3259.00	3259.00	3259.00	3259.00	3259.00	3259.00	3260.00	3260.00	3260.00	3260.00	3260.00	3260.00	3260.00	3260.00	3260.00	3260.00	3260.00	3260.00	3260.00	3260.00	3261.00	3261.00	3261.00	3261.00	3261.00	3261.00	3261.00	3261.00	3261.00	3262.00	3262.00	3262.00	3262.00	3262.00	3262.00	3262.00	3262.00	3263.00	3263.00	3263.00	3263.00	3263.00	3263.00	3263.00	3264.00	3264.00	3264.00	3264.00	3264.00	3264.00	3264.00	3264.00	3265.00	3265.00	3265.00	3265.00	3265.00	3265.00	3266.00	3266.00	3266.00	3266.00	3266.00	3266.00	3266.00	3267.00	3267.00	3267.00	3267.00	3267.00	3267.00	3267.00	3267.00	3268.00	3268.00	3268.00	3268.00	3268.00	3268.00	3268.00	3268.00	3268.00	3268.00	3268.00	3268.00	3269.00	3269.00	3269.00	3269.00	3269.00	3269.00	3269.00	3269.00	3269.00	3269.00	3269.00	3269.00	3270.00	3270.00	3270.00	3270.00	3270.00	3270.00	3270.00	3270.00	3270.00	3270.00	3270.00	3270.00	3270.00	3270.00	3270.00	3270.00	3270.00	3270.00	3270.00	3270.00	3270.00	3270.00	3270.00	3270.00	3270.00	3270.00	3270.00	3270.00	3270.00	3270.00	3270.00	3270.00	3270.00	3270.00	3270.00	3270.00	3270.00	3271.00	3271.00	3271.00	3271.00	3271.00	3271.00	3271.00	3271.00	3271.00	3271.00	3271.00	3271.00	3272.00	3272.00	3272.00	3272.00	3272.00	3272.00	3272.00	3272.00	3272.00	3272.00	3272.00	3272.00	3272.00	3273.00	3273.00	3273.00	3273.00	3273.00	3273.00	3273.00	3273.00	3273.00	3273.00	3273.00	3274.00	3274.00	3274.00	3274.00	3274.00	3274.00	3274.00	3274.00	3274.00
3252.00	3252.00	3253.00	3253.00	3253.00	3253.00	3253.00	3253.00	3253.00	3253.00	3253.00	3253.00	3253.00	3253.00	3254.00	3254.00	3254.00	3254.00	3254.00	3254.00	3254.00	3254.00	3254.00	3254.00	3254.00	3254.00	3255.00	3255.00	3255.00	3255.00	3255.00	3255.00	3255.00	3255.00	3256.00	3256.00	3256.00	3256.00	3256.00	3256.00	3256.00	3256.00	3256.00	3257.00	3257.00	3257.00	3257.00	3257.00	3257.00	3257.00	3257.00	3257.00	3257.00	3257.00	3257.00	3257.00	3258.00	3258.00	3258.00	3258.00	3258.00	3258.00	3258.00	3258.00	3258.00	3258.00	3258.00	3258.00	3258.00	3258.00	3258.00	3258.00	3258.00	3259.00	3259.00	3259.00	3259.00	3259.00	3259.00	3259.00	3259.00	3259.00	3259.00	3260.00	3260.00	3260.00	3260.00	3260.00	3260.00	3260.00	3260.00	3260.00	3260.00	3260.00	3260.00	3260.00	3260.00	3261.00	3261.00	3261.00	3261.00	3261.00	3261.00	3261.00	3261.00	3261.00	3262.00	3262.00	3262.00	3262.00	3262.00	3262.00	3262.00	3262.00	3263.00	3263.00	3263.00	3263.00	3263.00	3263.00	3263.00	3264.00	3264.00	3264.00	3264.00	3264.00	3264.00	3264.00	3264.00	3265.00	3265.00	3265.00	3265.00	3265.00	3265.00	3266.00	3266.00	3266.00	3266.00	3266.00	3266.00	3266.00	3267.00	3267.00	3267.00	3267.00	3267.00	3267.00	3267.00	3267.00	3268.00	3268.00	3268.00	3268.00	3268.00	3268.00	3268.00	3268.00	3268.00	3268.00	3268.00	3268.00	3269.00	3269.00	3269.00	3269.00	3269.00	3269.00	3269.00	3269.00	3269.00	3269.00	3269.00	3269.00	3270.00	3270.00	3270.00	3270.00	3270.00	3270.00	3270.00	3270.00	3270.00	3270.00	3270.00	3270.00	3270.00	3270.00	3270.00	3270.00	3270.00	3270.00	3270.00	3270.00	3270.00	3270.00	3270.00	3270.00	3270.00	3270.00	3270.00	3270.00	3270.00	3270.00	3270.00	3270.00	3270.00	3270.00	3270.00	3270.00	3270.00	3271.00	3271.00	3271.00	3271.00	3271.00	3271.00	3271.00	3271.00	3271.00	3271.00	3271.00	3271.00	3272.00	3272.00	3272.00	3272.00	3272.00	3272.00	3272.00	3272.00	3272.00	3272.00	3272.00	3272.00	3272.00	3273.00	3273.00	3273.00	3273.00	3273.00	3273.00	3273.00	3273.00	3273.00	3273.00	3273.00	3274.00	3274.00	3274.00	3274.00	3274.00	3274.00	3274.00	3274.00	3274.00
3252.00	3252.00	3253.00	3253.00	3253.00	3253.00	3253.00	3253.00	3253.00	3253.00	3253.00	3253.00	3253.00	3253.00	3254.00	3254.00	3254.00	3254.00	3254.00	3254.00	3254.00	3254.00	3254.00	3254.00	3254.00	3254.00	3255.00	3255.00	3255.00	3255.00	3255.00	3255.00	3255.00	3255.00	3256.00	3256.00	3256.00	3256.00	3256.00	3256.00	3256.00	3256.00	3256.00	3257.00	3257.00	3257.00	3257.00	3257.00	3257.00	3257.00	3257.00	3257.00	3257.00	3257.00	3257.00	3257.00	3258.00	3258.00	3258.00	3258.00	3258.00	3258.00	3258.00	3258.00	3258.00	3258.00	3258.00	3258.00	3258.00	3258.00	3258.00	3258.00	3258.00	3259.00	3259.00	3259.00	3259.00	3259.00	3259.00	3259.00	3259.00	3259.00	3259.00	3260.00	3260.00	3260.00	3260.00	3260.00	3260.00	3260.00	3260.00	3260.00	3260.00	3260.00	3260.00	3260.00	3260.00	3261.00	3261.00	3261.00	3261.00	3261.00	3261.00	3261.00	3261.00	3261.00	3262.00	3262.00	3262.00	3262.00	3262.00	3262.00	3262.00	3262.00	3263.00	3263.00	3263.00	3263.00	3263.00	3263.00	3263.00	3264.00	3264.00	3264.00	3264.00	3264.00	3264.00	3264.00	3264.00	3265.00	3265.00	3265.00	3265.00	3265.00	3265.00	3266.00	3266.00	3266.00	3266.00	3266.00	3266.00	3266.00	3267.00	3267.00	3267.00	3267.00	3267.00	3267.00	3267.00	3267.00	3268.00	3268.00	3268.00	3268.00	3268.00	3268.00	3268.00	3268.00	3268.00	3268.00	3268.00	3268.00	3269.00	3269.00	3269.00	3269.00	3269.00	3269.00	3269.00	3269.00	3269.00	3269.00	3269.00	3269.00	3270.00	3270.00	3270.00	3270.00	3270.00	3270.00	3270.00	3270.00	3270.00	3270.00	3270.00	3270.00	3270.00	3270.00	3270.00	3270.00	3270.00	3270.00	3270.00	3270.00	3270.00	3270.00	3270.00	3270.00	3270.00	3270.00	3270.00	3270.00	3270.00	3270.00	3270.00	3270.00	3270.00	3270.00	3270.00	3270.00	3270.00	3271.00	3271.00	3271.00	3271.00	3271.00	3271.00	3271.00	3271.00	3271.00	3271.00	3271.00	3271.00	3272.00	3272.00	3272.00	3272.00	3272.00	3272.00	3272.00	3272.00	3272.00	3272.00	3272.00	3272.00	3272.00	3273.00	3273.00	3273.00	3273.00	3273.00	3273.00	3273.00	3273.00	3273.00	3273.00	3273.00	3274.00	3274.00	3274.00	3274.00	3274.00	3274.00	3274.00	3274.00	3274.00
3252.00	3252.00	3253.00	3253.00	3253.00	3253.00	3253.00	3253.00	3253.00	3253.00	3253.00	3253.00	3253.00	3253.00	3254.00	3254.00	3254.00	3254.00	3254.00	3254.00	3254.00	3254.00	3254.00	3254.00	3254.00	3254.00	3255.00	3255.00	3255.00	3255.00	3255.00	3255.00	3255.00	3255.00	3256.00	3256.00	3256.00	3256.00	3256.00	3256.00	3256.00	3256.00	3256.00	3257.00	3257.00	3257.00	3257.00	3257.00	3257.00	3257.00	3257.00	3257.00	3257.00	3257.00	3257.00	3257.00	3258.00	3258.00	3258.00	3258.00	3258.00	3258.00	3258.00	3258.00	3258.00	3258.00	3258.00	3258.00	3258.00	3258.00	3258.00	3258.00	3258.00	3259.00	3259.00	3259.00	3259.00	3259.00	3259.00	3259.00	3259.00	3259.00	3259.00	3260.00	3260.00	3260.00	3260.00	3260.00	3260.00	3260.00	3260.00	3260.00	3260.00	3260.00	3260.00	3260.00	3260.00	3261.00	3261.00	3261.00	3261.00	3261.00	3261.00	3261.00	3261.00	3261.00	3262.00	3262.00	3262.00	3262.00	3262.00	3262.00	3262.00	3262.00	3263.00	3263.00	3263.00	3263.00	3263.00	3263.00	3263.00	3264.00	3264.00	3264.00	3264.00	3264.00	3264.00	3264.00	3264.00	3265.00	3265.00	3265.00	3265.00	3265.00	3265.00	3266.00	3266.00	3266.00	3266.00	3266.00	3266.00	3266.00	3267.00	3267.00	3267.00	3267.00	3267.00	3267.00	3267.00	3267.00	3268.00	3268.00	3268.00	3268.00	3268.00	3268.00	3268.00	3268.00	3268.00	3268.00	3268.00	3268.00	3269.00	3269.00	3269.00	3269.00	3269.00	3269.00	3269.00	3269.00	3269.00	3269.00	3269.00	3269.00	3270.00	3270.00	3270.00	3270.00	3270.00	3270.00	3270.00	3270.00	3270.00	3270.00	3270.00	3270.00	3270.00	3270.00	3270.00	3270.00	3270.00	3270.00	3270.00	3270.00	3270.00	3270.00	3270.00	3270.00	3270.00	3270.00	3270.00	3270.00	3270.00	3270.00	3270.00	3270.00	3270.00	3270.00	3270.00	3270.00	3270.00	3271.00	3271.00	3271.00	3271.00	3271.00	3271.00	3271.00	3271.00	3271.00	3271.00	3271.00	3271.00	3272.00	3272.00	3272.00	3272.00	3272.00	3272.00	3272.00	3272.00	3272.00	3272.00	3272.00	3272.00	3272.00	3273.00	3273.00	3273.00	3273.00	3273.00	3273.00	3273.00	3273.00	3273.00	3273.00	3273.00	3274.00	3274.00	3274.00	3274.00	3274.00	3274.00	3274.00	3274.00	3274.00
3252.00	3252.00	3253.00	3253.00	3253.00	3253.00	3253.00	3253.00	3253.00	3253.00	3253.00	3253.00	3253.00	3253.00	3254.00	3254.00	3254.00	3254.00	3254.00	3254.00	3254.00	3254.00	3254.00	3254.00	3254.00	3254.00	3255.00	3255.00	3255.00	3255.00	3255.00	3255.00	3255.00	3255.00	3256.00	3256.00	3256.00	3256.00	3256.00	3256.00	3256.00	3256.00	3256.00	3257.00	3257.00	3257.00	3257.00	3257.00	3257.00	3257.00	3257.00	3257.00	3257.00	3257.00	3257.00	3257.00	3258.00	3258.00	3258.00	3258.00	3258.00	3258.00	3258.00	3258.00	3258.00	3258.00	3258.00	3258.00	3258.00	3258.00	3258.00	3258.00	3258.00	3259.00	3259.00	3259.00	3259.00	3259.00	3259.00	3259.00	3259.00	3259.00	3259.00	3260.00	3260.00	3260.00	3260.00	3260.00	3260.00	3260.00	3260.00	3260.00	3260.00	3260.00	3260.00	3260.00	3260.00	3261.00	3261.00	3261.00	3261.00	3261.00	3261.00	3261.00	3261.00	3261.00	3262.00	3262.00	3262.00	3262.00	3262.00	3262.00	3262.00	3262.00	3263.00	3263.00	3263.00	3263.00	3263.00	3263.00	3263.00	3264.00	3264.00	3264.00	3264.00	3264.00	3264.00	3264.00	3264.00	3265.00	3265.00	3265.00	3265.00	3265.00	3265.00	3266.00	3266.00	3266.00	3266.00	3266.00	3266.00	3266.00	3267.00	3267.00	3267.00	3267.00	3267.00	3267.00	3267.00	3267.00	3268.00	3268.00	3268.00	3268.00	3268.00	3268.00	3268.00	3268.00	3268.00	3268.00	3268.00	3268.00	3269.00	3269.00	3269.00	3269.00	3269.00	3269.00	3269.00	3269.00	3269.00	3269.00	3269.00	3269.00	3270.00	3270.00	3270.00	3270.00	3270.00	3270.00	3270.00	3270.00	3270.00	3270.00	3270.00	3270.00	3270.00	3270.00	3270.00	3270.00	3270.00	3270.00	3270.00	3270.00	3270.00	3270.00	3270.00	3270.00	3270.00	3270.00	3270.00	3270.00	3270.00	3270.00	3270.00	3270.00	3270.00	3270.00	3270.00	3270.00	3270.00	3271.00	3271.00	3271.00	3271.00	3271.00	3271.00	3271.00	3271.00	3271.00	3271.00	3271.00	3271.00	3272.00	3272.00	3272.00	3272.00	3272.00	3272.00	3272.00	3272.00	3272.00	3272.00	3272.00	3272.00	3272.00	3273.00	3273.00	3273.00	3273.00	3273.00	3273.00	3273.00	3273.00	3273.00	3273.00	3273.00	3274.00	3274.00	3274.00	3274.00	3274.00	3274.00	3274.00	3274.00	3274.00
3252.00	3252.00	3253.00	3253.00	3253.00	3253.00	3253.00	3253.00	3253.00	3253.00	3253.00	3253.00	3253.00	3253.00	3254.00	3254.00	3254.00	3254.00	3254.00	3254.00	3254.00	3254.00	3254.00	3254.00	3254.00	3254.00	3255.00	3255.00	3255.00	3255.00	3255.00	3255.00	3255.00	3255.00	3256.00	3256.00	3256.00	3256.00	3256.00	3256.00	3256.00	3256.00	3256.00	3257.00	3257.00	3257.00	3257.00	3257.00	3257.00	3257.00	3257.00	3257.00	3257.00	3257.00	3257.00	3257.00	3258.00	3258.00	3258.00	3258.00	3258.00	3258.00	3258.00	3258.00	3258.00	3258.00	3258.00	3258.00	3258.00	3258.00	3258.00	3258.00	3258.00	3259.00	3259.00	3259.00	3259.00	3259.00	3259.00	3259.00	3259.00	3259.00	3259.00	3260.00	3260.00	3260.00	3260.00	3260.00	3260.00	3260.00	3260.00	3260.00	3260.00	3260.00	3260.00	3260.00	3260.00	3261.00	3261.00	3261.00	3261.00	3261.00	3261.00	3261.00	3261.00	3261.00	3262.00	3262.00	3262.00	3262.00	3262.00	3262.00	3262.00	3262.00	3263.00	3263.00	3263.00	3263.00	3263.00	3263.00	3263.00	3264.00	3264.00	3264.00	3264.00	3264.00	3264.00	3264.00	3264.00	3265.00	3265.00	3265.00	3265.00	3265.00	3265.00	3266.00	3266.00	3266.00	3266.00	3266.00	3266.00	3266.00	3267.00	3267.00	3267.00	3267.00	3267.00	3267.00	3267.00	3267.00	3268.00	3268.00	3268.00	3268.00	3268.00	3268.00	3268.00	3268.00	3268.00	3268.00	3268.00	3268.00	3269.00	3269.00	3269.00	3269.00	3269.00	3269.00	3269.00	3269.00	3269.00	3269.00	3269.00	3269.00	3270.00	3270.00	3270.00	3270.00	3270.00	3270.00	3270.00	3270.00	3270.00	3270.00	3270.00	3270.00	3270.00	3270.00	3270.00	3270.00	3270.00	3270.00	3270.00	3270.00	3270.00	3270.00	3270.00	3270.00	3270.00	3270.00	3270.00	3270.00	3270.00	3270.00	3270.00	3270.00	3270.00	3270.00	3270.00	3270.00	3270.00	3271.00	3271.00	3271.00	3271.00	3271.00	3271.00	3271.00	3271.00	3271.00	3271.00	3271.00	3271.00	3272.00	3272.00	3272.00	3272.00	3272.00	3272.00	3272.00	3272.00	3272.00	3272.00	3272.00	3272.00	3272.00	3273.00	3273.00	3273.00	3273.00	3273.00	3273.00	3273.00	3273.00	3273.00	3273.00	3273.00	3274.00	3274.00	3274.00	3274.00	3274.00	3274.00	3274.00	3274.00	3274.00
3252.00	3252.00	3253.00	3253.00	3253.00	3253.00	3253.00	3253.00	3253.00	3253.00	3253.00	3253.00	3253.00	3253.00	3254.00	3254.00	3254.00	3254.00	3254.00	3254.00	3254.00	3254.00	3254.00	3254.00	3254.00	3254.00	3255.00	3255.00	3255.00	3255.00	3255.00	3255.00	3255.00	3255.00	3256.00	3256.00	3256.00	3256.00	3256.00	3256.00	3256.00	3256.00	3256.00	3257.00	3257.00	3257.00	3257.00	3257.00	3257.00	3257.00	3257.00	3257.00	3257.00	3257.00	3257.00	3257.00	3258.00	3258.00	3258.00	3258.00	3258.00	3258.00	3258.00	3258.00	3258.00	3258.00	3258.00	3258.00	3258.00	3258.00	3258.00	3258.00	3258.00	3259.00	3259.00	3259.00	3259.00	3259.00	3259.00	3259.00	3259.00	3259.00	3259.00	3260.00	3260.00	3260.00	3260.00	3260.00	3260.00	3260.00	3260.00	3260.00	3260.00	3260.00	3260.00	3260.00	3260.00	3261.00	3261.00	3261.00	3261.00	3261.00	3261.00	3261.00	3261.00	3261.00	3262.00	3262.00	3262.00	3262.00	3262.00	3262.00	3262.00	3262.00	3263.00	3263.00	3263.00	3263.00	3263.00	3263.00	3263.00	3264.00	3264.00	3264.00	3264.00	3264.00	3264.00	3264.00	3264.00	3265.00	3265.00	3265.00	3265.00	3265.00	3265.00	3266.00	3266.00	3266.00	3266.00	3266.00	3266.00	3266.00	3267.00	3267.00	3267.00	3267.00	3267.00	3267.00	3267.00	3267.00	3268.00	3268.00	3268.00	3268.00	3268.00	3268.00	3268.00	3268.00	3268.00	3268.00	3268.00	3268.00	3269.00	3269.00	3269.00	3269.00	3269.00	3269.00	3269.00	3269.00	3269.00	3269.00	3269.00	3269.00	3270.00	3270.00	3270.00	3270.00	3270.00	3270.00	3270.00	3270.00	3270.00	3270.00	3270.00	3270.00	3270.00	3270.00	3270.00	3270.00	3270.00	3270.00	3270.00	3270.00	3270.00	3270.00	3270.00	3270.00	3270.00	3270.00	3270.00	3270.00	3270.00	3270.00	3270.00	3270.00	3270.00	3270.00	3270.00	3270.00	3270.00	3271.00	3271.00	3271.00	3271.00	3271.00	3271.00	3271.00	3271.00	3271.00	3271.00	3271.00	3271.00	3272.00	3272.00	3272.00	3272.00	3272.00	3272.00	3272.00	3272.00	3272.00	3272.00	3272.00	3272.00	3272.00	3273.00	3273.00	3273.00	3273.00	3273.00	3273.00	3273.00	3273.00	3273.00	3273.00	3273.00	3274.00	3274.00	3274.00	3274.00	3274.00	3274.00	3274.00	3274.00	3274.00
3252.00	3252.00	3253.00	3253.00	3253.00	3253.00	3253.00	3253.00	3253.00	3253.00	3253.00	3253.00	3253.00	3253.00	3254.00	3254.00	3254.00	3254.00	3254.00	3254.00	3254.00	3254.00	3254.00	3254.00	3254.00	3254.00	3255.00	3255.00	3255.00	3255.00	3255.00	3255.00	3255.00	3255.00	3256.00	3256.00	3256.00	3256.00	3256.00	3256.00	3256.00	3256.00	3256.00	3257.00	3257.00	3257.00	3257.00	3257.00	3257.00	3257.00	3257.00	3257.00	3257.00	3257.00	3257.00	3257.00	3258.00	3258.00	3258.00	3258.00	3258.00	3258.00	3258.00	3258.00	3258.00	3258.00	3258.00	3258.00	3258.00	3258.00	3258.00	3258.00	3258.00	3259.00	3259.00	3259.00	3259.00	3259.00	3259.00	3259.00	3259.00	3259.00	3259.00	3260.00	3260.00	3260.00	3260.00	3260.00	3260.00	3260.00	3260.00	3260.00	3260.00	3260.00	3260.00	3260.00	3260.00	3261.00	3261.00	3261.00	3261.00	3261.00	3261.00	3261.00	3261.00	3261.00	3262.00	3262.00	3262.00	3262.00	3262.00	3262.00	3262.00	3262.00	3263.00	3263.00	3263.00	3263.00	3263.00	3263.00	3263.00	3264.00	3264.00	3264.00	3264.00	3264.00	3264.00	3264.00	3264.00	3265.00	3265.00	3265.00	3265.00	3265.00	3265.00	3266.00	3266.00	3266.00	3266.00	3266.00	3266.00	3266.00	3267.00	3267.00	3267.00	3267.00	3267.00	3267.00	3267.00	3267.00	3268.00	3268.00	3268.00	3268.00	3268.00	3268.00	3268.00	3268.00	3268.00	3268.00	3268.00	3268.00	3269.00	3269.00	3269.00	3269.00	3269.00	3269.00	3269.00	3269.00	3269.00	3269.00	3269.00	3269.00	3270.00	3270.00	3270.00	3270.00	3270.00	3270.00	3270.00	3270.00	3270.00	3270.00	3270.00	3270.00	3270.00	3270.00	3270.00	3270.00	3270.00	3270.00	3270.00	3270.00	3270.00	3270.00	3270.00	3270.00	3270.00	3270.00	3270.00	3270.00	3270.00	3270.00	3270.00	3270.00	3270.00	3270.00	3270.00	3270.00	3270.00	3271.00	3271.00	3271.00	3271.00	3271.00	3271.00	3271.00	3271.00	3271.00	3271.00	3271.00	3271.00	3272.00	3272.00	3272.00	3272.00	3272.00	3272.00	3272.00	3272.00	3272.00	3272.00	3272.00	3272.00	3272.00	3273.00	3273.00	3273.00	3273.00	3273.00	3273.00	3273.00	3273.00	3273.00	3273.00	3273.00	3274.00	3274.00	3274.00	3274.00	3274.00	3274.00	3274.00	3274.00	3274.00
3252.00	3252.00	3253.00	3253.00	3253.00	3253.00	3253.00	3253.00	3253.00	3253.00	3253.00	3253.00	3253.00	3253.00	3254.00	3254.00	3254.00	3254.00	3254.00	3254.00	3254.00	3254.00	3254.00	3254.00	3254.00	3254.00	3255.00	3255.00	3255.00	3255.00	3255.00	3255.00	3255.00	3255.00	3256.00	3256.00	3256.00	3256.00	3256.00	3256.00	3256.00	3256.00	3256.00	3257.00	3257.00	3257.00	3257.00	3257.00	3257.00	3257.00	3257.00	3257.00	3257.00	3257.00	3257.00	3257.00	3258.00	3258.00	3258.00	3258.00	3258.00	3258.00	3258.00	3258.00	3258.00	3258.00	3258.00	3258.00	3258.00	3258.00	3258.00	3258.00	3258.00	3259.00	3259.00	3259.00	3259.00	3259.00	3259.00	3259.00	3259.00	3259.00	3259.00	3260.00	3260.00	3260.00	3260.00	3260.00	3260.00	3260.00	3260.00	3260.00	3260.00	3260.00	3260.00	3260.00	3260.00	3261.00	3261.00	3261.00	3261.00	3261.00	3261.00	3261.00	3261.00	3261.00	3262.00	3262.00	3262.00	3262.00	3262.00	3262.00	3262.00	3262.00	3263.00	3263.00	3263.00	3263.00	3263.00	3263.00	3263.00	3264.00	3264.00	3264.00	3264.00	3264.00	3264.00	3264.00	3264.00	3265.00	3265.00	3265.00	3265.00	3265.00	3265.00	3266.00	3266.00	3266.00	3266.00	3266.00	3266.00	3266.00	3267.00	3267.00	3267.00	3267.00	3267.00	3267.00	3267.00	3267.00	3268.00	3268.00	3268.00	3268.00	3268.00	3268.00	3268.00	3268.00	3268.00	3268.00	3268.00	3268.00	3269.00	3269.00	3269.00	3269.00	3269.00	3269.00	3269.00	3269.00	3269.00	3269.00	3269.00	3269.00	3270.00	3270.00	3270.00	3270.00	3270.00	3270.00	3270.00	3270.00	3270.00	3270.00	3270.00	3270.00	3270.00	3270.00	3270.00	3270.00	3270.00	3270.00	3270.00	3270.00	3270.00	3270.00	3270.00	3270.00	3270.00	3270.00	3270.00	3270.00	3270.00	3270.00	3270.00	3270.00	3270.00	3270.00	3270.00	3270.00	3270.00	3271.00	3271.00	3271.00	3271.00	3271.00	3271.00	3271.00	3271.00	3271.00	3271.00	3271.00	3271.00	3272.00	3272.00	3272.00	3272.00	3272.00	3272.00	3272.00	3272.00	3272.00	3272.00	3272.00	3272.00	3272.00	3273.00	3273.00	3273.00	3273.00	3273.00	3273.00	3273.00	3273.00	3273.00	3273.00	3273.00	3274.00	3274.00	3274.00	3274.00	3274.00	3274.00	3274.00	3274.00	3274.00
3252.00	3252.00	3253.00	3253.00	3253.00	3253.00	3253.00	3253.00	3253.00	3253.00	3253.00	3253.00	3253.00	3253.00	3254.00	3254.00	3254.00	3254.00	3254.00	3254.00	3254.00	3254.00	3254.00	3254.00	3254.00	3254.00	3255.00	3255.00	3255.00	3255.00	3255.00	3255.00	3255.00	3255.00	3256.00	3256.00	3256.00	3256.00	3256.00	3256.00	3256.00	3256.00	3256.00	3257.00	3257.00	3257.00	3257.00	3257.00	3257.00	3257.00	3257.00	3257.00	3257.00	3257.00	3257.00	3257.00	3258.00	3258.00	3258.00	3258.00	3258.00	3258.00	3258.00	3258.00	3258.00	3258.00	3258.00	3258.00	3258.00	3258.00	3258.00	3258.00	3258.00	3259.00	3259.00	3259.00	3259.00	3259.00	3259.00	3259.00	3259.00	3259.00	3259.00	3260.00	3260.00	3260.00	3260.00	3260.00	3260.00	3260.00	3260.00	3260.00	3260.00	3260.00	3260.00	3260.00	3260.00	3261.00	3261.00	3261.00	3261.00	3261.00	3261.00	3261.00	3261.00	3261.00	3262.00	3262.00	3262.00	3262.00	3262.00	3262.00	3262.00	3262.00	3263.00	3263.00	3263.00	3263.00	3263.00	3263.00	3263.00	3264.00	3264.00	3264.00	3264.00	3264.00	3264.00	3264.00	3264.00	3265.00	3265.00	3265.00	3265.00	3265.00	3265.00	3266.00	3266.00	3266.00	3266.00	3266.00	3266.00	3266.00	3267.00	3267.00	3267.00	3267.00	3267.00	3267.00	3267.00	3267.00	3268.00	3268.00	3268.00	3268.00	3268.00	3268.00	3268.00	3268.00	3268.00	3268.00	3268.00	3268.00	3269.00	3269.00	3269.00	3269.00	3269.00	3269.00	3269.00	3269.00	3269.00	3269.00	3269.00	3269.00	3270.00	3270.00	3270.00	3270.00	3270.00	3270.00	3270.00	3270.00	3270.00	3270.00	3270.00	3270.00	3270.00	3270.00	3270.00	3270.00	3270.00	3270.00	3270.00	3270.00	3270.00	3270.00	3270.00	3270.00	3270.00	3270.00	3270.00	3270.00	3270.00	3270.00	3270.00	3270.00	3270.00	3270.00	3270.00	3270.00	3270.00	3271.00	3271.00	3271.00	3271.00	3271.00	3271.00	3271.00	3271.00	3271.00	3271.00	3271.00	3271.00	3272.00	3272.00	3272.00	3272.00	3272.00	3272.00	3272.00	3272.00	3272.00	3272.00	3272.00	3272.00	3272.00	3273.00	3273.00	3273.00	3273.00	3273.00	3273.00	3273.00	3273.00	3273.00	3273.00	3273.00	3274.00	3274.00	3274.00	3274.00	3274.00	3274.00	3274.00	3274.00	3274.00
3252.00	3252.00	3253.00	3253.00	3253.00	3253.00	3253.00	3253.00	3253.00	3253.00	3253.00	3253.00	3253.00	3253.00	3254.00	3254.00	3254.00	3254.00	3254.00	3254.00	3254.00	3254.00	3254.00	3254.00	3254.00	3254.00	3255.00	3255.00	3255.00	3255.00	3255.00	3255.00	3255.00	3255.00	3256.00	3256.00	3256.00	3256.00	3256.00	3256.00	3256.00	3256.00	3256.00	3257.00	3257.00	3257.00	3257.00	3257.00	3257.00	3257.00	3257.00	3257.00	3257.00	3257.00	3257.00	3257.00	3258.00	3258.00	3258.00	3258.00	3258.00	3258.00	3258.00	3258.00	3258.00	3258.00	3258.00	3258.00	3258.00	3258.00	3258.00	3258.00	3258.00	3259.00	3259.00	3259.00	3259.00	3259.00	3259.00	3259.00	3259.00	3259.00	3259.00	3260.00	3260.00	3260.00	3260.00	3260.00	3260.00	3260.00	3260.00	3260.00	3260.00	3260.00	3260.00	3260.00	3260.00	3261.00	3261.00	3261.00	3261.00	3261.00	3261.00	3261.00	3261.00	3261.00	3262.00	3262.00	3262.00	3262.00	3262.00	3262.00	3262.00	3262.00	3263.00	3263.00	3263.00	3263.00	3263.00	3263.00	3263.00	3264.00	3264.00	3264.00	3264.00	3264.00	3264.00	3264.00	3264.00	3265.00	3265.00	3265.00	3265.00	3265.00	3265.00	3266.00	3266.00	3266.00	3266.00	3266.00	3266.00	3266.00	3267.00	3267.00	3267.00	3267.00	3267.00	3267.00	3267.00	3267.00	3268.00	3268.00	3268.00	3268.00	3268.00	3268.00	3268.00	3268.00	3268.00	3268.00	3268.00	3268.00	3269.00	3269.00	3269.00	3269.00	3269.00	3269.00	3269.00	3269.00	3269.00	3269.00	3269.00	3269.00	3270.00	3270.00	3270.00	3270.00	3270.00	3270.00	3270.00	3270.00	3270.00	3270.00	3270.00	3270.00	3270.00	3270.00	3270.00	3270.00	3270.00	3270.00	3270.00	3270.00	3270.00	3270.00	3270.00	3270.00	3270.00	3270.00	3270.00	3270.00	3270.00	3270.00	3270.00	3270.00	3270.00	3270.00	3270.00	3270.00	3270.00	3271.00	3271.00	3271.00	3271.00	3271.00	3271.00	3271.00	3271.00	3271.00	3271.00	3271.00	3271.00	3272.00	3272.00	3272.00	3272.00	3272.00	3272.00	3272.00	3272.00	3272.00	3272.00	3272.00	3272.00	3272.00	3273.00	3273.00	3273.00	3273.00	3273.00	3273.00	3273.00	3273.00	3273.00	3273.00	3273.00	3274.00	3274.00	3274.00	3274.00	3274.00	3274.00	3274.00	3274.00	3274.00
3252.00	3252.00	3253.00	3253.00	3253.00	3253.00	3253.00	3253.00	3253.00	3253.00	3253.00	3253.00	3253.00	3253.00	3254.00	3254.00	3254.00	3254.00	3254.00	3254.00	3254.00	3254.00	3254.00	3254.00	3254.00	3254.00	3255.00	3255.00	3255.00	3255.00	3255.00	3255.00	3255.00	3255.00	3256.00	3256.00	3256.00	3256.00	3256.00	3256.00	3256.00	3256.00	3256.00	3257.00	3257.00	3257.00	3257.00	3257.00	3257.00	3257.00	3257.00	3257.00	3257.00	3257.00	3257.00	3257.00	3258.00	3258.00	3258.00	3258.00	3258.00	3258.00	3258.00	3258.00	3258.00	3258.00	3258.00	3258.00	3258.00	3258.00	3258.00	3258.00	3258.00	3259.00	3259.00	3259.00	3259.00	3259.00	3259.00	3259.00	3259.00	3259.00	3259.00	3260.00	3260.00	3260.00	3260.00	3260.00	3260.00	3260.00	3260.00	3260.00	3260.00	3260.00	3260.00	3260.00	3260.00	3261.00	3261.00	3261.00	3261.00	3261.00	3261.00	3261.00	3261.00	3261.00	3262.00	3262.00	3262.00	3262.00	3262.00	3262.00	3262.00	3262.00	3263.00	3263.00	3263.00	3263.00	3263.00	3263.00	3263.00	3264.00	3264.00	3264.00	3264.00	3264.00	3264.00	3264.00	3264.00	3265.00	3265.00	3265.00	3265.00	3265.00	3265.00	3266.00	3266.00	3266.00	3266.00	3266.00	3266.00	3266.00	3267.00	3267.00	3267.00	3267.00	3267.00	3267.00	3267.00	3267.00	3268.00	3268.00	3268.00	3268.00	3268.00	3268.00	3268.00	3268.00	3268.00	3268.00	3268.00	3268.00	3269.00	3269.00	3269.00	3269.00	3269.00	3269.00	3269.00	3269.00	3269.00	3269.00	3269.00	3269.00	3270.00	3270.00	3270.00	3270.00	3270.00	3270.00	3270.00	3270.00	3270.00	3270.00	3270.00	3270.00	3270.00	3270.00	3270.00	3270.00	3270.00	3270.00	3270.00	3270.00	3270.00	3270.00	3270.00	3270.00	3270.00	3270.00	3270.00	3270.00	3270.00	3270.00	3270.00	3270.00	3270.00	3270.00	3270.00	3270.00	3270.00	3271.00	3271.00	3271.00	3271.00	3271.00	3271.00	3271.00	3271.00	3271.00	3271.00	3271.00	3271.00	3272.00	3272.00	3272.00	3272.00	3272.00	3272.00	3272.00	3272.00	3272.00	3272.00	3272.00	3272.00	3272.00	3273.00	3273.00	3273.00	3273.00	3273.00	3273.00	3273.00	3273.00	3273.00	3273.00	3273.00	3274.00	3274.00	3274.00	3274.00	3274.00	3274.00	3274.00	3274.00	3274.00
3252.00	3252.00	3253.00	3253.00	3253.00	3253.00	3253.00	3253.00	3253.00	3253.00	3253.00	3253.00	3253.00	3253.00	3254.00	3254.00	3254.00	3254.00	3254.00	3254.00	3254.00	3254.00	3254.00	3254.00	3254.00	3254.00	3255.00	3255.00	3255.00	3255.00	3255.00	3255.00	3255.00	3255.00	3256.00	3256.00	3256.00	3256.00	3256.00	3256.00	3256.00	3256.00	3256.00	3257.00	3257.00	3257.00	3257.00	3257.00	3257.00	3257.00	3257.00	3257.00	3257.00	3257.00	3257.00	3257.00	3258.00	3258.00	3258.00	3258.00	3258.00	3258.00	3258.00	3258.00	3258.00	3258.00	3258.00	3258.00	3258.00	3258.00	3258.00	3258.00	3258.00	3259.00	3259.00	3259.00	3259.00	3259.00	3259.00	3259.00	3259.00	3259.00	3259.00	3260.00	3260.00	3260.00	3260.00	3260.00	3260.00	3260.00	3260.00	3260.00	3260.00	3260.00	3260.00	3260.00	3260.00	3261.00	3261.00	3261.00	3261.00	3261.00	3261.00	3261.00	3261.00	3261.00	3262.00	3262.00	3262.00	3262.00	3262.00	3262.00	3262.00	3262.00	3263.00	3263.00	3263.00	3263.00	3263.00	3263.00	3263.00	3264.00	3264.00	3264.00	3264.00	3264.00	3264.00	3264.00	3264.00	3265.00	3265.00	3265.00	3265.00	3265.00	3265.00	3266.00	3266.00	3266.00	3266.00	3266.00	3266.00	3266.00	3267.00	3267.00	3267.00	3267.00	3267.00	3267.00	3267.00	3267.00	3268.00	3268.00	3268.00	3268.00	3268.00	3268.00	3268.00	3268.00	3268.00	3268.00	3268.00	3268.00	3269.00	3269.00	3269.00	3269.00	3269.00	3269.00	3269.00	3269.00	3269.00	3269.00	3269.00	3269.00	3270.00	3270.00	3270.00	3270.00	3270.00	3270.00	3270.00	3270.00	3270.00	3270.00	3270.00	3270.00	3270.00	3270.00	3270.00	3270.00	3270.00	3270.00	3270.00	3270.00	3270.00	3270.00	3270.00	3270.00	3270.00	3270.00	3270.00	3270.00	3270.00	3270.00	3270.00	3270.00	3270.00	3270.00	3270.00	3270.00	3270.00	3271.00	3271.00	3271.00	3271.00	3271.00	3271.00	3271.00	3271.00	3271.00	3271.00	3271.00	3271.00	3272.00	3272.00	3272.00	3272.00	3272.00	3272.00	3272.00	3272.00	3272.00	3272.00	3272.00	3272.00	3272.00	3273.00	3273.00	3273.00	3273.00	3273.00	3273.00	3273.00	3273.00	3273.00	3273.00	3273.00	3274.00	3274.00	3274.00	3274.00	3274.00	3274.00	3274.00	3274.00	3274.00
3252.00	3252.00	3253.00	3253.00	3253.00	3253.00	3253.00	3253.00	3253.00	3253.00	3253.00	3253.00	3253.00	3253.00	3254.00	3254.00	3254.00	3254.00	3254.00	3254.00	3254.00	3254.00	3254.00	3254.00	3254.00	3254.00	3255.00	3255.00	3255.00	3255.00	3255.00	3255.00	3255.00	3255.00	3256.00	3256.00	3256.00	3256.00	3256.00	3256.00	3256.00	3256.00	3256.00	3257.00	3257.00	3257.00	3257.00	3257.00	3257.00	3257.00	3257.00	3257.00	3257.00	3257.00	3257.00	3257.00	3258.00	3258.00	3258.00	3258.00	3258.00	3258.00	3258.00	3258.00	3258.00	3258.00	3258.00	3258.00	3258.00	3258.00	3258.00	3258.00	3258.00	3259.00	3259.00	3259.00	3259.00	3259.00	3259.00	3259.00	3259.00	3259.00	3259.00	3260.00	3260.00	3260.00	3260.00	3260.00	3260.00	3260.00	3260.00	3260.00	3260.00	3260.00	3260.00	3260.00	3260.00	3261.00	3261.00	3261.00	3261.00	3261.00	3261.00	3261.00	3261.00	3261.00	3262.00	3262.00	3262.00	3262.00	3262.00	3262.00	3262.00	3262.00	3263.00	3263.00	3263.00	3263.00	3263.00	3263.00	3263.00	3264.00	3264.00	3264.00	3264.00	3264.00	3264.00	3264.00	3264.00	3265.00	3265.00	3265.00	3265.00	3265.00	3265.00	3266.00	3266.00	3266.00	3266.00	3266.00	3266.00	3266.00	3267.00	3267.00	3267.00	3267.00	3267.00	3267.00	3267.00	3267.00	3268.00	3268.00	3268.00	3268.00	3268.00	3268.00	3268.00	3268.00	3268.00	3268.00	3268.00	3268.00	3269.00	3269.00	3269.00	3269.00	3269.00	3269.00	3269.00	3269.00	3269.00	3269.00	3269.00	3269.00	3270.00	3270.00	3270.00	3270.00	3270.00	3270.00	3270.00	3270.00	3270.00	3270.00	3270.00	3270.00	3270.00	3270.00	3270.00	3270.00	3270.00	3270.00	3270.00	3270.00	3270.00	3270.00	3270.00	3270.00	3270.00	3270.00	3270.00	3270.00	3270.00	3270.00	3270.00	3270.00	3270.00	3270.00	3270.00	3270.00	3270.00	3271.00	3271.00	3271.00	3271.00	3271.00	3271.00	3271.00	3271.00	3271.00	3271.00	3271.00	3271.00	3272.00	3272.00	3272.00	3272.00	3272.00	3272.00	3272.00	3272.00	3272.00	3272.00	3272.00	3272.00	3272.00	3273.00	3273.00	3273.00	3273.00	3273.00	3273.00	3273.00	3273.00	3273.00	3273.00	3273.00	3274.00	3274.00	3274.00	3274.00	3274.00	3274.00	3274.00	3274.00	3274.00
3252.00	3252.00	3252.00	3252.00	3252.00	3252.00	3253.00	3253.00	3253.00	3253.00	3253.00	3253.00	3253.00	3253.00	3253.00	3253.00	3253.00	3253.00	3253.00	3253.00	3254.00	3254.00	3254.00	3254.00	3254.00	3254.00	3254.00	3254.00	3254.00	3254.00	3255.00	3255.00	3255.00	3255.00	3255.00	3255.00	3255.00	3255.00	3255.00	3255.00	3255.00	3256.00	3256.00	3256.00	3256.00	3256.00	3256.00	3256.00	3256.00	3256.00	3256.00	3256.00	3256.00	3257.00	3257.00	3257.00	3257.00	3257.00	3257.00	3257.00	3257.00	3257.00	3257.00	3257.00	3257.00	3257.00	3257.00	3258.00	3258.00	3258.00	3258.00	3258.00	3258.00	3258.00	3258.00	3258.00	3258.00	3258.00	3259.00	3259.00	3259.00	3259.00	3259.00	3259.00	3259.00	3259.00	3259.00	3259.00	3259.00	3260.00	3260.00	3260.00	3260.00	3260.00	3260.00	3260.00	3260.00	3260.00	3260.00	3260.00	3260.00	3261.00	3261.00	3261.00	3261.00	3261.00	3261.00	3261.00	3261.00	3261.00	3262.00	3262.00	3262.00	3262.00	3262.00	3263.00	3263.00	3263.00	3263.00	3263.00	3263.00	3264.00	3264.00	3264.00	3264.00	3264.00	3264.00	3264.00	3265.00	3265.00	3265.00	3265.00	3265.00	3266.00	3266.00	3266.00	3266.00	3266.00	3266.00	3266.00	3266.00	3267.00	3267.00	3267.00	3267.00	3267.00	3267.00	3267.00	3267.00	3267.00	3268.00	3268.00	3268.00	3268.00	3268.00	3268.00	3268.00	3268.00	3268.00	3268.00	3268.00	3268.00	3269.00	3269.00	3269.00	3269.00	3269.00	3269.00	3269.00	3269.00	3269.00	3269.00	3269.00	3269.00	3270.00	3270.00	3270.00	3270.00	3270.00	3270.00	3270.00	3270.00	3270.00	3270.00	3270.00	3270.00	3270.00	3270.00	3270.00	3270.00	3270.00	3270.00	3270.00	3270.00	3270.00	3270.00	3270.00	3270.00	3270.00	3270.00	3270.00	3270.00	3270.00	3270.00	3270.00	3270.00	3270.00	3270.00	3270.00	3271.00	3271.00	3271.00	3271.00	3271.00	3271.00	3271.00	3271.00	3271.00	3271.00	3271.00	3271.00	3271.00	3271.00	3272.00	3272.00	3272.00	3272.00	3272.00	3272.00	3272.00	3272.00	3272.00	3272.00	3272.00	3272.00	3272.00	3273.00	3273.00	3273.00	3273.00	3273.00	3273.00	3273.00	3273.00	3273.00	3274.00	3274.00	3274.00	3274.00	3274.00	3274.00	3274.00	3274.00	3275.00	3275.00	3275.00
3252.00	3252.00	3252.00	3252.00	3252.00	3252.00	3253.00	3253.00	3253.00	3253.00	3253.00	3253.00	3253.00	3253.00	3253.00	3253.00	3253.00	3253.00	3253.00	3253.00	3254.00	3254.00	3254.00	3254.00	3254.00	3254.00	3254.00	3254.00	3254.00	3254.00	3255.00	3255.00	3255.00	3255.00	3255.00	3255.00	3255.00	3255.00	3255.00	3255.00	3255.00	3256.00	3256.00	3256.00	3256.00	3256.00	3256.00	3256.00	3256.00	3256.00	3256.00	3256.00	3256.00	3257.00	3257.00	3257.00	3257.00	3257.00	3257.00	3257.00	3257.00	3257.00	3257.00	3257.00	3257.00	3257.00	3257.00	3258.00	3258.00	3258.00	3258.00	3258.00	3258.00	3258.00	3258.00	3258.00	3258.00	3258.00	3259.00	3259.00	3259.00	3259.00	3259.00	3259.00	3259.00	3259.00	3259.00	3259.00	3259.00	3260.00	3260.00	3260.00	3260.00	3260.00	3260.00	3260.00	3260.00	3260.00	3260.00	3260.00	3260.00	3261.00	3261.00	3261.00	3261.00	3261.00	3261.00	3261.00	3261.00	3261.00	3262.00	3262.00	3262.00	3262.00	3262.00	3263.00	3263.00	3263.00	3263.00	3263.00	3263.00	3264.00	3264.00	3264.00	3264.00	3264.00	3264.00	3264.00	3265.00	3265.00	3265.00	3265.00	3265.00	3266.00	3266.00	3266.00	3266.00	3266.00	3266.00	3266.00	3266.00	3267.00	3267.00	3267.00	3267.00	3267.00	3267.00	3267.00	3267.00	3267.00	3268.00	3268.00	3268.00	3268.00	3268.00	3268.00	3268.00	3268.00	3268.00	3268.00	3268.00	3268.00	3269.00	3269.00	3269.00	3269.00	3269.00	3269.00	3269.00	3269.00	3269.00	3269.00	3269.00	3269.00	3270.00	3270.00	3270.00	3270.00	3270.00	3270.00	3270.00	3270.00	3270.00	3270.00	3270.00	3270.00	3270.00	3270.00	3270.00	3270.00	3270.00	3270.00	3270.00	3270.00	3270.00	3270.00	3270.00	3270.00	3270.00	3270.00	3270.00	3270.00	3270.00	3270.00	3270.00	3270.00	3270.00	3270.00	3270.00	3271.00	3271.00	3271.00	3271.00	3271.00	3271.00	3271.00	3271.00	3271.00	3271.00	3271.00	3271.00	3271.00	3271.00	3272.00	3272.00	3272.00	3272.00	3272.00	3272.00	3272.00	3272.00	3272.00	3272.00	3272.00	3272.00	3272.00	3273.00	3273.00	3273.00	3273.00	3273.00	3273.00	3273.00	3273.00	3273.00	3274.00	3274.00	3274.00	3274.00	3274.00	3274.00	3274.00	3274.00	3275.00	3275.00	3275.00
3252.00	3252.00	3252.00	3252.00	3252.00	3252.00	3253.00	3253.00	3253.00	3253.00	3253.00	3253.00	3253.00	3253.00	3253.00	3253.00	3253.00	3253.00	3253.00	3253.00	3254.00	3254.00	3254.00	3254.00	3254.00	3254.00	3254.00	3254.00	3254.00	3254.00	3255.00	3255.00	3255.00	3255.00	3255.00	3255.00	3255.00	3255.00	3255.00	3255.00	3255.00	3256.00	3256.00	3256.00	3256.00	3256.00	3256.00	3256.00	3256.00	3256.00	3256.00	3256.00	3256.00	3257.00	3257.00	3257.00	3257.00	3257.00	3257.00	3257.00	3257.00	3257.00	3257.00	3257.00	3257.00	3257.00	3257.00	3258.00	3258.00	3258.00	3258.00	3258.00	3258.00	3258.00	3258.00	3258.00	3258.00	3258.00	3259.00	3259.00	3259.00	3259.00	3259.00	3259.00	3259.00	3259.00	3259.00	3259.00	3259.00	3260.00	3260.00	3260.00	3260.00	3260.00	3260.00	3260.00	3260.00	3260.00	3260.00	3260.00	3260.00	3261.00	3261.00	3261.00	3261.00	3261.00	3261.00	3261.00	3261.00	3261.00	3262.00	3262.00	3262.00	3262.00	3262.00	3263.00	3263.00	3263.00	3263.00	3263.00	3263.00	3264.00	3264.00	3264.00	3264.00	3264.00	3264.00	3264.00	3265.00	3265.00	3265.00	3265.00	3265.00	3266.00	3266.00	3266.00	3266.00	3266.00	3266.00	3266.00	3266.00	3267.00	3267.00	3267.00	3267.00	3267.00	3267.00	3267.00	3267.00	3267.00	3268.00	3268.00	3268.00	3268.00	3268.00	3268.00	3268.00	3268.00	3268.00	3268.00	3268.00	3268.00	3269.00	3269.00	3269.00	3269.00	3269.00	3269.00	3269.00	3269.00	3269.00	3269.00	3269.00	3269.00	3270.00	3270.00	3270.00	3270.00	3270.00	3270.00	3270.00	3270.00	3270.00	3270.00	3270.00	3270.00	3270.00	3270.00	3270.00	3270.00	3270.00	3270.00	3270.00	3270.00	3270.00	3270.00	3270.00	3270.00	3270.00	3270.00	3270.00	3270.00	3270.00	3270.00	3270.00	3270.00	3270.00	3270.00	3270.00	3271.00	3271.00	3271.00	3271.00	3271.00	3271.00	3271.00	3271.00	3271.00	3271.00	3271.00	3271.00	3271.00	3271.00	3272.00	3272.00	3272.00	3272.00	3272.00	3272.00	3272.00	3272.00	3272.00	3272.00	3272.00	3272.00	3272.00	3273.00	3273.00	3273.00	3273.00	3273.00	3273.00	3273.00	3273.00	3273.00	3274.00	3274.00	3274.00	3274.00	3274.00	3274.00	3274.00	3274.00	3275.00	3275.00	3275.00
3252.00	3252.00	3252.00	3252.00	3252.00	3252.00	3253.00	3253.00	3253.00	3253.00	3253.00	3253.00	3253.00	3253.00	3253.00	3253.00	3253.00	3253.00	3253.00	3253.00	3254.00	3254.00	3254.00	3254.00	3254.00	3254.00	3254.00	3254.00	3254.00	3254.00	3255.00	3255.00	3255.00	3255.00	3255.00	3255.00	3255.00	3255.00	3255.00	3255.00	3255.00	3256.00	3256.00	3256.00	3256.00	3256.00	3256.00	3256.00	3256.00	3256.00	3256.00	3256.00	3256.00	3257.00	3257.00	3257.00	3257.00	3257.00	3257.00	3257.00	3257.00	3257.00	3257.00	3257.00	3257.00	3257.00	3257.00	3258.00	3258.00	3258.00	3258.00	3258.00	3258.00	3258.00	3258.00	3258.00	3258.00	3258.00	3259.00	3259.00	3259.00	3259.00	3259.00	3259.00	3259.00	3259.00	3259.00	3259.00	3259.00	3260.00	3260.00	3260.00	3260.00	3260.00	3260.00	3260.00	3260.00	3260.00	3260.00	3260.00	3260.00	3261.00	3261.00	3261.00	3261.00	3261.00	3261.00	3261.00	3261.00	3261.00	3262.00	3262.00	3262.00	3262.00	3262.00	3263.00	3263.00	3263.00	3263.00	3263.00	3263.00	3264.00	3264.00	3264.00	3264.00	3264.00	3264.00	3264.00	3265.00	3265.00	3265.00	3265.00	3265.00	3266.00	3266.00	3266.00	3266.00	3266.00	3266.00	3266.00	3266.00	3267.00	3267.00	3267.00	3267.00	3267.00	3267.00	3267.00	3267.00	3267.00	3268.00	3268.00	3268.00	3268.00	3268.00	3268.00	3268.00	3268.00	3268.00	3268.00	3268.00	3268.00	3269.00	3269.00	3269.00	3269.00	3269.00	3269.00	3269.00	3269.00	3269.00	3269.00	3269.00	3269.00	3270.00	3270.00	3270.00	3270.00	3270.00	3270.00	3270.00	3270.00	3270.00	3270.00	3270.00	3270.00	3270.00	3270.00	3270.00	3270.00	3270.00	3270.00	3270.00	3270.00	3270.00	3270.00	3270.00	3270.00	3270.00	3270.00	3270.00	3270.00	3270.00	3270.00	3270.00	3270.00	3270.00	3270.00	3270.00	3271.00	3271.00	3271.00	3271.00	3271.00	3271.00	3271.00	3271.00	3271.00	3271.00	3271.00	3271.00	3271.00	3271.00	3272.00	3272.00	3272.00	3272.00	3272.00	3272.00	3272.00	3272.00	3272.00	3272.00	3272.00	3272.00	3272.00	3273.00	3273.00	3273.00	3273.00	3273.00	3273.00	3273.00	3273.00	3273.00	3274.00	3274.00	3274.00	3274.00	3274.00	3274.00	3274.00	3274.00	3275.00	3275.00	3275.00
3252.00	3252.00	3252.00	3252.00	3252.00	3252.00	3253.00	3253.00	3253.00	3253.00	3253.00	3253.00	3253.00	3253.00	3253.00	3253.00	3253.00	3253.00	3253.00	3253.00	3254.00	3254.00	3254.00	3254.00	3254.00	3254.00	3254.00	3254.00	3254.00	3254.00	3255.00	3255.00	3255.00	3255.00	3255.00	3255.00	3255.00	3255.00	3255.00	3255.00	3255.00	3256.00	3256.00	3256.00	3256.00	3256.00	3256.00	3256.00	3256.00	3256.00	3256.00	3256.00	3256.00	3257.00	3257.00	3257.00	3257.00	3257.00	3257.00	3257.00	3257.00	3257.00	3257.00	3257.00	3257.00	3257.00	3257.00	3258.00	3258.00	3258.00	3258.00	3258.00	3258.00	3258.00	3258.00	3258.00	3258.00	3258.00	3259.00	3259.00	3259.00	3259.00	3259.00	3259.00	3259.00	3259.00	3259.00	3259.00	3259.00	3260.00	3260.00	3260.00	3260.00	3260.00	3260.00	3260.00	3260.00	3260.00	3260.00	3260.00	3260.00	3261.00	3261.00	3261.00	3261.00	3261.00	3261.00	3261.00	3261.00	3261.00	3262.00	3262.00	3262.00	3262.00	3262.00	3263.00	3263.00	3263.00	3263.00	3263.00	3263.00	3264.00	3264.00	3264.00	3264.00	3264.00	3264.00	3264.00	3265.00	3265.00	3265.00	3265.00	3265.00	3266.00	3266.00	3266.00	3266.00	3266.00	3266.00	3266.00	3266.00	3267.00	3267.00	3267.00	3267.00	3267.00	3267.00	3267.00	3267.00	3267.00	3268.00	3268.00	3268.00	3268.00	3268.00	3268.00	3268.00	3268.00	3268.00	3268.00	3268.00	3268.00	3269.00	3269.00	3269.00	3269.00	3269.00	3269.00	3269.00	3269.00	3269.00	3269.00	3269.00	3269.00	3270.00	3270.00	3270.00	3270.00	3270.00	3270.00	3270.00	3270.00	3270.00	3270.00	3270.00	3270.00	3270.00	3270.00	3270.00	3270.00	3270.00	3270.00	3270.00	3270.00	3270.00	3270.00	3270.00	3270.00	3270.00	3270.00	3270.00	3270.00	3270.00	3270.00	3270.00	3270.00	3270.00	3270.00	3270.00	3271.00	3271.00	3271.00	3271.00	3271.00	3271.00	3271.00	3271.00	3271.00	3271.00	3271.00	3271.00	3271.00	3271.00	3272.00	3272.00	3272.00	3272.00	3272.00	3272.00	3272.00	3272.00	3272.00	3272.00	3272.00	3272.00	3272.00	3273.00	3273.00	3273.00	3273.00	3273.00	3273.00	3273.00	3273.00	3273.00	3274.00	3274.00	3274.00	3274.00	3274.00	3274.00	3274.00	3274.00	3275.00	3275.00	3275.00
3252.00	3252.00	3252.00	3252.00	3252.00	3252.00	3253.00	3253.00	3253.00	3253.00	3253.00	3253.00	3253.00	3253.00	3253.00	3253.00	3253.00	3253.00	3253.00	3253.00	3254.00	3254.00	3254.00	3254.00	3254.00	3254.00	3254.00	3254.00	3254.00	3254.00	3255.00	3255.00	3255.00	3255.00	3255.00	3255.00	3255.00	3255.00	3255.00	3255.00	3255.00	3256.00	3256.00	3256.00	3256.00	3256.00	3256.00	3256.00	3256.00	3256.00	3256.00	3256.00	3256.00	3257.00	3257.00	3257.00	3257.00	3257.00	3257.00	3257.00	3257.00	3257.00	3257.00	3257.00	3257.00	3257.00	3257.00	3258.00	3258.00	3258.00	3258.00	3258.00	3258.00	3258.00	3258.00	3258.00	3258.00	3258.00	3259.00	3259.00	3259.00	3259.00	3259.00	3259.00	3259.00	3259.00	3259.00	3259.00	3259.00	3260.00	3260.00	3260.00	3260.00	3260.00	3260.00	3260.00	3260.00	3260.00	3260.00	3260.00	3260.00	3261.00	3261.00	3261.00	3261.00	3261.00	3261.00	3261.00	3261.00	3261.00	3262.00	3262.00	3262.00	3262.00	3262.00	3263.00	3263.00	3263.00	3263.00	3263.00	3263.00	3264.00	3264.00	3264.00	3264.00	3264.00	3264.00	3264.00	3265.00	3265.00	3265.00	3265.00	3265.00	3266.00	3266.00	3266.00	3266.00	3266.00	3266.00	3266.00	3266.00	3267.00	3267.00	3267.00	3267.00	3267.00	3267.00	3267.00	3267.00	3267.00	3268.00	3268.00	3268.00	3268.00	3268.00	3268.00	3268.00	3268.00	3268.00	3268.00	3268.00	3268.00	3269.00	3269.00	3269.00	3269.00	3269.00	3269.00	3269.00	3269.00	3269.00	3269.00	3269.00	3269.00	3270.00	3270.00	3270.00	3270.00	3270.00	3270.00	3270.00	3270.00	3270.00	3270.00	3270.00	3270.00	3270.00	3270.00	3270.00	3270.00	3270.00	3270.00	3270.00	3270.00	3270.00	3270.00	3270.00	3270.00	3270.00	3270.00	3270.00	3270.00	3270.00	3270.00	3270.00	3270.00	3270.00	3270.00	3270.00	3271.00	3271.00	3271.00	3271.00	3271.00	3271.00	3271.00	3271.00	3271.00	3271.00	3271.00	3271.00	3271.00	3271.00	3272.00	3272.00	3272.00	3272.00	3272.00	3272.00	3272.00	3272.00	3272.00	3272.00	3272.00	3272.00	3272.00	3273.00	3273.00	3273.00	3273.00	3273.00	3273.00	3273.00	3273.00	3273.00	3274.00	3274.00	3274.00	3274.00	3274.00	3274.00	3274.00	3274.00	3275.00	3275.00	3275.00
3252.00	3252.00	3252.00	3252.00	3252.00	3252.00	3253.00	3253.00	3253.00	3253.00	3253.00	3253.00	3253.00	3253.00	3253.00	3253.00	3253.00	3253.00	3253.00	3253.00	3254.00	3254.00	3254.00	3254.00	3254.00	3254.00	3254.00	3254.00	3254.00	3254.00	3255.00	3255.00	3255.00	3255.00	3255.00	3255.00	3255.00	3255.00	3255.00	3255.00	3255.00	3256.00	3256.00	3256.00	3256.00	3256.00	3256.00	3256.00	3256.00	3256.00	3256.00	3256.00	3256.00	3257.00	3257.00	3257.00	3257.00	3257.00	3257.00	3257.00	3257.00	3257.00	3257.00	3257.00	3257.00	3257.00	3257.00	3258.00	3258.00	3258.00	3258.00	3258.00	3258.00	3258.00	3258.00	3258.00	3258.00	3258.00	3259.00	3259.00	3259.00	3259.00	3259.00	3259.00	3259.00	3259.00	3259.00	3259.00	3259.00	3260.00	3260.00	3260.00	3260.00	3260.00	3260.00	3260.00	3260.00	3260.00	3260.00	3260.00	3260.00	3261.00	3261.00	3261.00	3261.00	3261.00	3261.00	3261.00	3261.00	3261.00	3262.00	3262.00	3262.00	3262.00	3262.00	3263.00	3263.00	3263.00	3263.00	3263.00	3263.00	3264.00	3264.00	3264.00	3264.00	3264.00	3264.00	3264.00	3265.00	3265.00	3265.00	3265.00	3265.00	3266.00	3266.00	3266.00	3266.00	3266.00	3266.00	3266.00	3266.00	3267.00	3267.00	3267.00	3267.00	3267.00	3267.00	3267.00	3267.00	3267.00	3268.00	3268.00	3268.00	3268.00	3268.00	3268.00	3268.00	3268.00	3268.00	3268.00	3268.00	3268.00	3269.00	3269.00	3269.00	3269.00	3269.00	3269.00	3269.00	3269.00	3269.00	3269.00	3269.00	3269.00	3270.00	3270.00	3270.00	3270.00	3270.00	3270.00	3270.00	3270.00	3270.00	3270.00	3270.00	3270.00	3270.00	3270.00	3270.00	3270.00	3270.00	3270.00	3270.00	3270.00	3270.00	3270.00	3270.00	3270.00	3270.00	3270.00	3270.00	3270.00	3270.00	3270.00	3270.00	3270.00	3270.00	3270.00	3270.00	3271.00	3271.00	3271.00	3271.00	3271.00	3271.00	3271.00	3271.00	3271.00	3271.00	3271.00	3271.00	3271.00	3271.00	3272.00	3272.00	3272.00	3272.00	3272.00	3272.00	3272.00	3272.00	3272.00	3272.00	3272.00	3272.00	3272.00	3273.00	3273.00	3273.00	3273.00	3273.00	3273.00	3273.00	3273.00	3273.00	3274.00	3274.00	3274.00	3274.00	3274.00	3274.00	3274.00	3274.00	3275.00	3275.00	3275.00
3252.00	3252.00	3252.00	3252.00	3252.00	3252.00	3253.00	3253.00	3253.00	3253.00	3253.00	3253.00	3253.00	3253.00	3253.00	3253.00	3253.00	3253.00	3253.00	3253.00	3254.00	3254.00	3254.00	3254.00	3254.00	3254.00	3254.00	3254.00	3254.00	3254.00	3255.00	3255.00	3255.00	3255.00	3255.00	3255.00	3255.00	3255.00	3255.00	3255.00	3255.00	3256.00	3256.00	3256.00	3256.00	3256.00	3256.00	3256.00	3256.00	3256.00	3256.00	3256.00	3256.00	3257.00	3257.00	3257.00	3257.00	3257.00	3257.00	3257.00	3257.00	3257.00	3257.00	3257.00	3257.00	3257.00	3257.00	3258.00	3258.00	3258.00	3258.00	3258.00	3258.00	3258.00	3258.00	3258.00	3258.00	3258.00	3259.00	3259.00	3259.00	3259.00	3259.00	3259.00	3259.00	3259.00	3259.00	3259.00	3259.00	3260.00	3260.00	3260.00	3260.00	3260.00	3260.00	3260.00	3260.00	3260.00	3260.00	3260.00	3260.00	3261.00	3261.00	3261.00	3261.00	3261.00	3261.00	3261.00	3261.00	3261.00	3262.00	3262.00	3262.00	3262.00	3262.00	3263.00	3263.00	3263.00	3263.00	3263.00	3263.00	3264.00	3264.00	3264.00	3264.00	3264.00	3264.00	3264.00	3265.00	3265.00	3265.00	3265.00	3265.00	3266.00	3266.00	3266.00	3266.00	3266.00	3266.00	3266.00	3266.00	3267.00	3267.00	3267.00	3267.00	3267.00	3267.00	3267.00	3267.00	3267.00	3268.00	3268.00	3268.00	3268.00	3268.00	3268.00	3268.00	3268.00	3268.00	3268.00	3268.00	3268.00	3269.00	3269.00	3269.00	3269.00	3269.00	3269.00	3269.00	3269.00	3269.00	3269.00	3269.00	3269.00	3270.00	3270.00	3270.00	3270.00	3270.00	3270.00	3270.00	3270.00	3270.00	3270.00	3270.00	3270.00	3270.00	3270.00	3270.00	3270.00	3270.00	3270.00	3270.00	3270.00	3270.00	3270.00	3270.00	3270.00	3270.00	3270.00	3270.00	3270.00	3270.00	3270.00	3270.00	3270.00	3270.00	3270.00	3270.00	3271.00	3271.00	3271.00	3271.00	3271.00	3271.00	3271.00	3271.00	3271.00	3271.00	3271.00	3271.00	3271.00	3271.00	3272.00	3272.00	3272.00	3272.00	3272.00	3272.00	3272.00	3272.00	3272.00	3272.00	3272.00	3272.00	3272.00	3273.00	3273.00	3273.00	3273.00	3273.00	3273.00	3273.00	3273.00	3273.00	3274.00	3274.00	3274.00	3274.00	3274.00	3274.00	3274.00	3274.00	3275.00	3275.00	3275.00
3252.00	3252.00	3252.00	3252.00	3252.00	3252.00	3253.00	3253.00	3253.00	3253.00	3253.00	3253.00	3253.00	3253.00	3253.00	3253.00	3253.00	3253.00	3253.00	3253.00	3254.00	3254.00	3254.00	3254.00	3254.00	3254.00	3254.00	3254.00	3254.00	3254.00	3255.00	3255.00	3255.00	3255.00	3255.00	3255.00	3255.00	3255.00	3255.00	3255.00	3255.00	3256.00	3256.00	3256.00	3256.00	3256.00	3256.00	3256.00	3256.00	3256.00	3256.00	3256.00	3256.00	3257.00	3257.00	3257.00	3257.00	3257.00	3257.00	3257.00	3257.00	3257.00	3257.00	3257.00	3257.00	3257.00	3257.00	3258.00	3258.00	3258.00	3258.00	3258.00	3258.00	3258.00	3258.00	3258.00	3258.00	3258.00	3259.00	3259.00	3259.00	3259.00	3259.00	3259.00	3259.00	3259.00	3259.00	3259.00	3259.00	3260.00	3260.00	3260.00	3260.00	3260.00	3260.00	3260.00	3260.00	3260.00	3260.00	3260.00	3260.00	3261.00	3261.00	3261.00	3261.00	3261.00	3261.00	3261.00	3261.00	3261.00	3262.00	3262.00	3262.00	3262.00	3262.00	3263.00	3263.00	3263.00	3263.00	3263.00	3263.00	3264.00	3264.00	3264.00	3264.00	3264.00	3264.00	3264.00	3265.00	3265.00	3265.00	3265.00	3265.00	3266.00	3266.00	3266.00	3266.00	3266.00	3266.00	3266.00	3266.00	3267.00	3267.00	3267.00	3267.00	3267.00	3267.00	3267.00	3267.00	3267.00	3268.00	3268.00	3268.00	3268.00	3268.00	3268.00	3268.00	3268.00	3268.00	3268.00	3268.00	3268.00	3269.00	3269.00	3269.00	3269.00	3269.00	3269.00	3269.00	3269.00	3269.00	3269.00	3269.00	3269.00	3270.00	3270.00	3270.00	3270.00	3270.00	3270.00	3270.00	3270.00	3270.00	3270.00	3270.00	3270.00	3270.00	3270.00	3270.00	3270.00	3270.00	3270.00	3270.00	3270.00	3270.00	3270.00	3270.00	3270.00	3270.00	3270.00	3270.00	3270.00	3270.00	3270.00	3270.00	3270.00	3270.00	3270.00	3270.00	3271.00	3271.00	3271.00	3271.00	3271.00	3271.00	3271.00	3271.00	3271.00	3271.00	3271.00	3271.00	3271.00	3271.00	3272.00	3272.00	3272.00	3272.00	3272.00	3272.00	3272.00	3272.00	3272.00	3272.00	3272.00	3272.00	3272.00	3273.00	3273.00	3273.00	3273.00	3273.00	3273.00	3273.00	3273.00	3273.00	3274.00	3274.00	3274.00	3274.00	3274.00	3274.00	3274.00	3274.00	3275.00	3275.00	3275.00
3252.00	3252.00	3252.00	3252.00	3252.00	3252.00	3253.00	3253.00	3253.00	3253.00	3253.00	3253.00	3253.00	3253.00	3253.00	3253.00	3253.00	3253.00	3253.00	3253.00	3254.00	3254.00	3254.00	3254.00	3254.00	3254.00	3254.00	3254.00	3254.00	3254.00	3255.00	3255.00	3255.00	3255.00	3255.00	3255.00	3255.00	3255.00	3255.00	3255.00	3255.00	3256.00	3256.00	3256.00	3256.00	3256.00	3256.00	3256.00	3256.00	3256.00	3256.00	3256.00	3256.00	3257.00	3257.00	3257.00	3257.00	3257.00	3257.00	3257.00	3257.00	3257.00	3257.00	3257.00	3257.00	3257.00	3257.00	3258.00	3258.00	3258.00	3258.00	3258.00	3258.00	3258.00	3258.00	3258.00	3258.00	3258.00	3259.00	3259.00	3259.00	3259.00	3259.00	3259.00	3259.00	3259.00	3259.00	3259.00	3259.00	3260.00	3260.00	3260.00	3260.00	3260.00	3260.00	3260.00	3260.00	3260.00	3260.00	3260.00	3260.00	3261.00	3261.00	3261.00	3261.00	3261.00	3261.00	3261.00	3261.00	3261.00	3262.00	3262.00	3262.00	3262.00	3262.00	3263.00	3263.00	3263.00	3263.00	3263.00	3263.00	3264.00	3264.00	3264.00	3264.00	3264.00	3264.00	3264.00	3265.00	3265.00	3265.00	3265.00	3265.00	3266.00	3266.00	3266.00	3266.00	3266.00	3266.00	3266.00	3266.00	3267.00	3267.00	3267.00	3267.00	3267.00	3267.00	3267.00	3267.00	3267.00	3268.00	3268.00	3268.00	3268.00	3268.00	3268.00	3268.00	3268.00	3268.00	3268.00	3268.00	3268.00	3269.00	3269.00	3269.00	3269.00	3269.00	3269.00	3269.00	3269.00	3269.00	3269.00	3269.00	3269.00	3270.00	3270.00	3270.00	3270.00	3270.00	3270.00	3270.00	3270.00	3270.00	3270.00	3270.00	3270.00	3270.00	3270.00	3270.00	3270.00	3270.00	3270.00	3270.00	3270.00	3270.00	3270.00	3270.00	3270.00	3270.00	3270.00	3270.00	3270.00	3270.00	3270.00	3270.00	3270.00	3270.00	3270.00	3270.00	3271.00	3271.00	3271.00	3271.00	3271.00	3271.00	3271.00	3271.00	3271.00	3271.00	3271.00	3271.00	3271.00	3271.00	3272.00	3272.00	3272.00	3272.00	3272.00	3272.00	3272.00	3272.00	3272.00	3272.00	3272.00	3272.00	3272.00	3273.00	3273.00	3273.00	3273.00	3273.00	3273.00	3273.00	3273.00	3273.00	3274.00	3274.00	3274.00	3274.00	3274.00	3274.00	3274.00	3274.00	3275.00	3275.00	3275.00
3252.00	3252.00	3252.00	3252.00	3252.00	3252.00	3253.00	3253.00	3253.00	3253.00	3253.00	3253.00	3253.00	3253.00	3253.00	3253.00	3253.00	3253.00	3253.00	3253.00	3254.00	3254.00	3254.00	3254.00	3254.00	3254.00	3254.00	3254.00	3254.00	3254.00	3255.00	3255.00	3255.00	3255.00	3255.00	3255.00	3255.00	3255.00	3255.00	3255.00	3255.00	3256.00	3256.00	3256.00	3256.00	3256.00	3256.00	3256.00	3256.00	3256.00	3256.00	3256.00	3256.00	3257.00	3257.00	3257.00	3257.00	3257.00	3257.00	3257.00	3257.00	3257.00	3257.00	3257.00	3257.00	3257.00	3257.00	3258.00	3258.00	3258.00	3258.00	3258.00	3258.00	3258.00	3258.00	3258.00	3258.00	3258.00	3259.00	3259.00	3259.00	3259.00	3259.00	3259.00	3259.00	3259.00	3259.00	3259.00	3259.00	3260.00	3260.00	3260.00	3260.00	3260.00	3260.00	3260.00	3260.00	3260.00	3260.00	3260.00	3260.00	3261.00	3261.00	3261.00	3261.00	3261.00	3261.00	3261.00	3261.00	3261.00	3262.00	3262.00	3262.00	3262.00	3262.00	3263.00	3263.00	3263.00	3263.00	3263.00	3263.00	3264.00	3264.00	3264.00	3264.00	3264.00	3264.00	3264.00	3265.00	3265.00	3265.00	3265.00	3265.00	3266.00	3266.00	3266.00	3266.00	3266.00	3266.00	3266.00	3266.00	3267.00	3267.00	3267.00	3267.00	3267.00	3267.00	3267.00	3267.00	3267.00	3268.00	3268.00	3268.00	3268.00	3268.00	3268.00	3268.00	3268.00	3268.00	3268.00	3268.00	3268.00	3269.00	3269.00	3269.00	3269.00	3269.00	3269.00	3269.00	3269.00	3269.00	3269.00	3269.00	3269.00	3270.00	3270.00	3270.00	3270.00	3270.00	3270.00	3270.00	3270.00	3270.00	3270.00	3270.00	3270.00	3270.00	3270.00	3270.00	3270.00	3270.00	3270.00	3270.00	3270.00	3270.00	3270.00	3270.00	3270.00	3270.00	3270.00	3270.00	3270.00	3270.00	3270.00	3270.00	3270.00	3270.00	3270.00	3270.00	3271.00	3271.00	3271.00	3271.00	3271.00	3271.00	3271.00	3271.00	3271.00	3271.00	3271.00	3271.00	3271.00	3271.00	3272.00	3272.00	3272.00	3272.00	3272.00	3272.00	3272.00	3272.00	3272.00	3272.00	3272.00	3272.00	3272.00	3273.00	3273.00	3273.00	3273.00	3273.00	3273.00	3273.00	3273.00	3273.00	3274.00	3274.00	3274.00	3274.00	3274.00	3274.00	3274.00	3274.00	3275.00	3275.00	3275.00
3252.00	3252.00	3252.00	3252.00	3252.00	3252.00	3253.00	3253.00	3253.00	3253.00	3253.00	3253.00	3253.00	3253.00	3253.00	3253.00	3253.00	3253.00	3253.00	3253.00	3254.00	3254.00	3254.00	3254.00	3254.00	3254.00	3254.00	3254.00	3254.00	3254.00	3255.00	3255.00	3255.00	3255.00	3255.00	3255.00	3255.00	3255.00	3255.00	3255.00	3255.00	3256.00	3256.00	3256.00	3256.00	3256.00	3256.00	3256.00	3256.00	3256.00	3256.00	3256.00	3256.00	3257.00	3257.00	3257.00	3257.00	3257.00	3257.00	3257.00	3257.00	3257.00	3257.00	3257.00	3257.00	3257.00	3257.00	3258.00	3258.00	3258.00	3258.00	3258.00	3258.00	3258.00	3258.00	3258.00	3258.00	3258.00	3259.00	3259.00	3259.00	3259.00	3259.00	3259.00	3259.00	3259.00	3259.00	3259.00	3259.00	3260.00	3260.00	3260.00	3260.00	3260.00	3260.00	3260.00	3260.00	3260.00	3260.00	3260.00	3260.00	3261.00	3261.00	3261.00	3261.00	3261.00	3261.00	3261.00	3261.00	3261.00	3262.00	3262.00	3262.00	3262.00	3262.00	3263.00	3263.00	3263.00	3263.00	3263.00	3263.00	3264.00	3264.00	3264.00	3264.00	3264.00	3264.00	3264.00	3265.00	3265.00	3265.00	3265.00	3265.00	3266.00	3266.00	3266.00	3266.00	3266.00	3266.00	3266.00	3266.00	3267.00	3267.00	3267.00	3267.00	3267.00	3267.00	3267.00	3267.00	3267.00	3268.00	3268.00	3268.00	3268.00	3268.00	3268.00	3268.00	3268.00	3268.00	3268.00	3268.00	3268.00	3269.00	3269.00	3269.00	3269.00	3269.00	3269.00	3269.00	3269.00	3269.00	3269.00	3269.00	3269.00	3270.00	3270.00	3270.00	3270.00	3270.00	3270.00	3270.00	3270.00	3270.00	3270.00	3270.00	3270.00	3270.00	3270.00	3270.00	3270.00	3270.00	3270.00	3270.00	3270.00	3270.00	3270.00	3270.00	3270.00	3270.00	3270.00	3270.00	3270.00	3270.00	3270.00	3270.00	3270.00	3270.00	3270.00	3270.00	3271.00	3271.00	3271.00	3271.00	3271.00	3271.00	3271.00	3271.00	3271.00	3271.00	3271.00	3271.00	3271.00	3271.00	3272.00	3272.00	3272.00	3272.00	3272.00	3272.00	3272.00	3272.00	3272.00	3272.00	3272.00	3272.00	3272.00	3273.00	3273.00	3273.00	3273.00	3273.00	3273.00	3273.00	3273.00	3273.00	3274.00	3274.00	3274.00	3274.00	3274.00	3274.00	3274.00	3274.00	3275.00	3275.00	3275.00
3252.00	3252.00	3252.00	3252.00	3252.00	3252.00	3253.00	3253.00	3253.00	3253.00	3253.00	3253.00	3253.00	3253.00	3253.00	3253.00	3253.00	3253.00	3253.00	3253.00	3254.00	3254.00	3254.00	3254.00	3254.00	3254.00	3254.00	3254.00	3254.00	3254.00	3255.00	3255.00	3255.00	3255.00	3255.00	3255.00	3255.00	3255.00	3255.00	3255.00	3255.00	3256.00	3256.00	3256.00	3256.00	3256.00	3256.00	3256.00	3256.00	3256.00	3256.00	3256.00	3256.00	3257.00	3257.00	3257.00	3257.00	3257.00	3257.00	3257.00	3257.00	3257.00	3257.00	3257.00	3257.00	3257.00	3257.00	3258.00	3258.00	3258.00	3258.00	3258.00	3258.00	3258.00	3258.00	3258.00	3258.00	3258.00	3259.00	3259.00	3259.00	3259.00	3259.00	3259.00	3259.00	3259.00	3259.00	3259.00	3259.00	3260.00	3260.00	3260.00	3260.00	3260.00	3260.00	3260.00	3260.00	3260.00	3260.00	3260.00	3260.00	3261.00	3261.00	3261.00	3261.00	3261.00	3261.00	3261.00	3261.00	3261.00	3262.00	3262.00	3262.00	3262.00	3262.00	3263.00	3263.00	3263.00	3263.00	3263.00	3263.00	3264.00	3264.00	3264.00	3264.00	3264.00	3264.00	3264.00	3265.00	3265.00	3265.00	3265.00	3265.00	3266.00	3266.00	3266.00	3266.00	3266.00	3266.00	3266.00	3266.00	3267.00	3267.00	3267.00	3267.00	3267.00	3267.00	3267.00	3267.00	3267.00	3268.00	3268.00	3268.00	3268.00	3268.00	3268.00	3268.00	3268.00	3268.00	3268.00	3268.00	3268.00	3269.00	3269.00	3269.00	3269.00	3269.00	3269.00	3269.00	3269.00	3269.00	3269.00	3269.00	3269.00	3270.00	3270.00	3270.00	3270.00	3270.00	3270.00	3270.00	3270.00	3270.00	3270.00	3270.00	3270.00	3270.00	3270.00	3270.00	3270.00	3270.00	3270.00	3270.00	3270.00	3270.00	3270.00	3270.00	3270.00	3270.00	3270.00	3270.00	3270.00	3270.00	3270.00	3270.00	3270.00	3270.00	3270.00	3270.00	3271.00	3271.00	3271.00	3271.00	3271.00	3271.00	3271.00	3271.00	3271.00	3271.00	3271.00	3271.00	3271.00	3271.00	3272.00	3272.00	3272.00	3272.00	3272.00	3272.00	3272.00	3272.00	3272.00	3272.00	3272.00	3272.00	3272.00	3273.00	3273.00	3273.00	3273.00	3273.00	3273.00	3273.00	3273.00	3273.00	3274.00	3274.00	3274.00	3274.00	3274.00	3274.00	3274.00	3274.00	3275.00	3275.00	3275.00
3252.00	3252.00	3252.00	3252.00	3252.00	3252.00	3253.00	3253.00	3253.00	3253.00	3253.00	3253.00	3253.00	3253.00	3253.00	3253.00	3253.00	3253.00	3253.00	3253.00	3254.00	3254.00	3254.00	3254.00	3254.00	3254.00	3254.00	3254.00	3254.00	3254.00	3255.00	3255.00	3255.00	3255.00	3255.00	3255.00	3255.00	3255.00	3255.00	3255.00	3255.00	3256.00	3256.00	3256.00	3256.00	3256.00	3256.00	3256.00	3256.00	3256.00	3256.00	3256.00	3256.00	3257.00	3257.00	3257.00	3257.00	3257.00	3257.00	3257.00	3257.00	3257.00	3257.00	3257.00	3257.00	3257.00	3257.00	3258.00	3258.00	3258.00	3258.00	3258.00	3258.00	3258.00	3258.00	3258.00	3258.00	3258.00	3259.00	3259.00	3259.00	3259.00	3259.00	3259.00	3259.00	3259.00	3259.00	3259.00	3259.00	3260.00	3260.00	3260.00	3260.00	3260.00	3260.00	3260.00	3260.00	3260.00	3260.00	3260.00	3260.00	3261.00	3261.00	3261.00	3261.00	3261.00	3261.00	3261.00	3261.00	3261.00	3262.00	3262.00	3262.00	3262.00	3262.00	3263.00	3263.00	3263.00	3263.00	3263.00	3263.00	3264.00	3264.00	3264.00	3264.00	3264.00	3264.00	3264.00	3265.00	3265.00	3265.00	3265.00	3265.00	3266.00	3266.00	3266.00	3266.00	3266.00	3266.00	3266.00	3266.00	3267.00	3267.00	3267.00	3267.00	3267.00	3267.00	3267.00	3267.00	3267.00	3268.00	3268.00	3268.00	3268.00	3268.00	3268.00	3268.00	3268.00	3268.00	3268.00	3268.00	3268.00	3269.00	3269.00	3269.00	3269.00	3269.00	3269.00	3269.00	3269.00	3269.00	3269.00	3269.00	3269.00	3270.00	3270.00	3270.00	3270.00	3270.00	3270.00	3270.00	3270.00	3270.00	3270.00	3270.00	3270.00	3270.00	3270.00	3270.00	3270.00	3270.00	3270.00	3270.00	3270.00	3270.00	3270.00	3270.00	3270.00	3270.00	3270.00	3270.00	3270.00	3270.00	3270.00	3270.00	3270.00	3270.00	3270.00	3270.00	3271.00	3271.00	3271.00	3271.00	3271.00	3271.00	3271.00	3271.00	3271.00	3271.00	3271.00	3271.00	3271.00	3271.00	3272.00	3272.00	3272.00	3272.00	3272.00	3272.00	3272.00	3272.00	3272.00	3272.00	3272.00	3272.00	3272.00	3273.00	3273.00	3273.00	3273.00	3273.00	3273.00	3273.00	3273.00	3273.00	3274.00	3274.00	3274.00	3274.00	3274.00	3274.00	3274.00	3274.00	3275.00	3275.00	3275.00
3252.00	3252.00	3252.00	3252.00	3252.00	3252.00	3253.00	3253.00	3253.00	3253.00	3253.00	3253.00	3253.00	3253.00	3253.00	3253.00	3253.00	3253.00	3253.00	3253.00	3254.00	3254.00	3254.00	3254.00	3254.00	3254.00	3254.00	3254.00	3254.00	3254.00	3255.00	3255.00	3255.00	3255.00	3255.00	3255.00	3255.00	3255.00	3255.00	3255.00	3255.00	3256.00	3256.00	3256.00	3256.00	3256.00	3256.00	3256.00	3256.00	3256.00	3256.00	3256.00	3256.00	3257.00	3257.00	3257.00	3257.00	3257.00	3257.00	3257.00	3257.00	3257.00	3257.00	3257.00	3257.00	3257.00	3257.00	3258.00	3258.00	3258.00	3258.00	3258.00	3258.00	3258.00	3258.00	3258.00	3258.00	3258.00	3259.00	3259.00	3259.00	3259.00	3259.00	3259.00	3259.00	3259.00	3259.00	3259.00	3259.00	3260.00	3260.00	3260.00	3260.00	3260.00	3260.00	3260.00	3260.00	3260.00	3260.00	3260.00	3260.00	3261.00	3261.00	3261.00	3261.00	3261.00	3261.00	3261.00	3261.00	3261.00	3262.00	3262.00	3262.00	3262.00	3262.00	3263.00	3263.00	3263.00	3263.00	3263.00	3263.00	3264.00	3264.00	3264.00	3264.00	3264.00	3264.00	3264.00	3265.00	3265.00	3265.00	3265.00	3265.00	3266.00	3266.00	3266.00	3266.00	3266.00	3266.00	3266.00	3266.00	3267.00	3267.00	3267.00	3267.00	3267.00	3267.00	3267.00	3267.00	3267.00	3268.00	3268.00	3268.00	3268.00	3268.00	3268.00	3268.00	3268.00	3268.00	3268.00	3268.00	3268.00	3269.00	3269.00	3269.00	3269.00	3269.00	3269.00	3269.00	3269.00	3269.00	3269.00	3269.00	3269.00	3270.00	3270.00	3270.00	3270.00	3270.00	3270.00	3270.00	3270.00	3270.00	3270.00	3270.00	3270.00	3270.00	3270.00	3270.00	3270.00	3270.00	3270.00	3270.00	3270.00	3270.00	3270.00	3270.00	3270.00	3270.00	3270.00	3270.00	3270.00	3270.00	3270.00	3270.00	3270.00	3270.00	3270.00	3270.00	3271.00	3271.00	3271.00	3271.00	3271.00	3271.00	3271.00	3271.00	3271.00	3271.00	3271.00	3271.00	3271.00	3271.00	3272.00	3272.00	3272.00	3272.00	3272.00	3272.00	3272.00	3272.00	3272.00	3272.00	3272.00	3272.00	3272.00	3273.00	3273.00	3273.00	3273.00	3273.00	3273.00	3273.00	3273.00	3273.00	3274.00	3274.00	3274.00	3274.00	3274.00	3274.00	3274.00	3274.00	3275.00	3275.00	3275.00
3252.00	3252.00	3252.00	3252.00	3252.00	3252.00	3253.00	3253.00	3253.00	3253.00	3253.00	3253.00	3253.00	3253.00	3253.00	3253.00	3253.00	3253.00	3253.00	3253.00	3254.00	3254.00	3254.00	3254.00	3254.00	3254.00	3254.00	3254.00	3254.00	3254.00	3255.00	3255.00	3255.00	3255.00	3255.00	3255.00	3255.00	3255.00	3255.00	3255.00	3255.00	3256.00	3256.00	3256.00	3256.00	3256.00	3256.00	3256.00	3256.00	3256.00	3256.00	3256.00	3256.00	3257.00	3257.00	3257.00	3257.00	3257.00	3257.00	3257.00	3257.00	3257.00	3257.00	3257.00	3257.00	3257.00	3257.00	3258.00	3258.00	3258.00	3258.00	3258.00	3258.00	3258.00	3258.00	3258.00	3258.00	3258.00	3259.00	3259.00	3259.00	3259.00	3259.00	3259.00	3259.00	3259.00	3259.00	3259.00	3259.00	3260.00	3260.00	3260.00	3260.00	3260.00	3260.00	3260.00	3260.00	3260.00	3260.00	3260.00	3260.00	3261.00	3261.00	3261.00	3261.00	3261.00	3261.00	3261.00	3261.00	3261.00	3262.00	3262.00	3262.00	3262.00	3262.00	3263.00	3263.00	3263.00	3263.00	3263.00	3263.00	3264.00	3264.00	3264.00	3264.00	3264.00	3264.00	3264.00	3265.00	3265.00	3265.00	3265.00	3265.00	3266.00	3266.00	3266.00	3266.00	3266.00	3266.00	3266.00	3266.00	3267.00	3267.00	3267.00	3267.00	3267.00	3267.00	3267.00	3267.00	3267.00	3268.00	3268.00	3268.00	3268.00	3268.00	3268.00	3268.00	3268.00	3268.00	3268.00	3268.00	3268.00	3269.00	3269.00	3269.00	3269.00	3269.00	3269.00	3269.00	3269.00	3269.00	3269.00	3269.00	3269.00	3270.00	3270.00	3270.00	3270.00	3270.00	3270.00	3270.00	3270.00	3270.00	3270.00	3270.00	3270.00	3270.00	3270.00	3270.00	3270.00	3270.00	3270.00	3270.00	3270.00	3270.00	3270.00	3270.00	3270.00	3270.00	3270.00	3270.00	3270.00	3270.00	3270.00	3270.00	3270.00	3270.00	3270.00	3270.00	3271.00	3271.00	3271.00	3271.00	3271.00	3271.00	3271.00	3271.00	3271.00	3271.00	3271.00	3271.00	3271.00	3271.00	3272.00	3272.00	3272.00	3272.00	3272.00	3272.00	3272.00	3272.00	3272.00	3272.00	3272.00	3272.00	3272.00	3273.00	3273.00	3273.00	3273.00	3273.00	3273.00	3273.00	3273.00	3273.00	3274.00	3274.00	3274.00	3274.00	3274.00	3274.00	3274.00	3274.00	3275.00	3275.00	3275.00
3251.00	3251.00	3252.00	3252.00	3252.00	3252.00	3252.00	3252.00	3252.00	3252.00	3252.00	3252.00	3252.00	3252.00	3253.00	3253.00	3253.00	3253.00	3253.00	3253.00	3253.00	3253.00	3253.00	3253.00	3253.00	3253.00	3254.00	3254.00	3254.00	3254.00	3254.00	3254.00	3254.00	3254.00	3254.00	3254.00	3254.00	3254.00	3255.00	3255.00	3255.00	3255.00	3255.00	3255.00	3255.00	3255.00	3255.00	3255.00	3255.00	3255.00	3256.00	3256.00	3256.00	3256.00	3256.00	3256.00	3256.00	3256.00	3256.00	3256.00	3256.00	3256.00	3257.00	3257.00	3257.00	3257.00	3257.00	3257.00	3257.00	3257.00	3257.00	3257.00	3257.00	3257.00	3258.00	3258.00	3258.00	3258.00	3258.00	3258.00	3258.00	3258.00	3258.00	3258.00	3258.00	3259.00	3259.00	3259.00	3259.00	3259.00	3259.00	3259.00	3259.00	3259.00	3259.00	3259.00	3259.00	3260.00	3260.00	3260.00	3260.00	3260.00	3260.00	3260.00	3260.00	3261.00	3261.00	3261.00	3261.00	3261.00	3262.00	3262.00	3262.00	3262.00	3262.00	3263.00	3263.00	3263.00	3263.00	3263.00	3263.00	3264.00	3264.00	3264.00	3264.00	3264.00	3264.00	3264.00	3264.00	3264.00	3264.00	3265.00	3265.00	3265.00	3265.00	3265.00	3265.00	3265.00	3266.00	3266.00	3266.00	3266.00	3266.00	3266.00	3266.00	3266.00	3267.00	3267.00	3267.00	3267.00	3267.00	3267.00	3267.00	3268.00	3268.00	3268.00	3268.00	3268.00	3268.00	3268.00	3268.00	3268.00	3269.00	3269.00	3269.00	3269.00	3269.00	3269.00	3269.00	3269.00	3269.00	3269.00	3269.00	3269.00	3269.00	3269.00	3270.00	3270.00	3270.00	3270.00	3270.00	3270.00	3270.00	3270.00	3270.00	3270.00	3270.00	3270.00	3270.00	3270.00	3270.00	3270.00	3270.00	3270.00	3270.00	3270.00	3270.00	3270.00	3270.00	3270.00	3270.00	3270.00	3270.00	3270.00	3270.00	3270.00	3270.00	3270.00	3270.00	3271.00	3271.00	3271.00	3271.00	3271.00	3271.00	3271.00	3271.00	3271.00	3271.00	3271.00	3271.00	3271.00	3272.00	3272.00	3272.00	3272.00	3272.00	3272.00	3272.00	3272.00	3272.00	3273.00	3273.00	3273.00	3273.00	3273.00	3273.00	3273.00	3274.00	3274.00	3274.00	3274.00	3274.00	3274.00	3274.00	3274.00	3274.00	3275.00	3275.00	3275.00	3275.00	3275.00	3275.00	3275.00	3275.00	3276.00
3251.00	3251.00	3252.00	3252.00	3252.00	3252.00	3252.00	3252.00	3252.00	3252.00	3252.00	3252.00	3252.00	3252.00	3253.00	3253.00	3253.00	3253.00	3253.00	3253.00	3253.00	3253.00	3253.00	3253.00	3253.00	3253.00	3254.00	3254.00	3254.00	3254.00	3254.00	3254.00	3254.00	3254.00	3254.00	3254.00	3254.00	3254.00	3255.00	3255.00	3255.00	3255.00	3255.00	3255.00	3255.00	3255.00	3255.00	3255.00	3255.00	3255.00	3256.00	3256.00	3256.00	3256.00	3256.00	3256.00	3256.00	3256.00	3256.00	3256.00	3256.00	3256.00	3257.00	3257.00	3257.00	3257.00	3257.00	3257.00	3257.00	3257.00	3257.00	3257.00	3257.00	3257.00	3258.00	3258.00	3258.00	3258.00	3258.00	3258.00	3258.00	3258.00	3258.00	3258.00	3258.00	3259.00	3259.00	3259.00	3259.00	3259.00	3259.00	3259.00	3259.00	3259.00	3259.00	3259.00	3259.00	3260.00	3260.00	3260.00	3260.00	3260.00	3260.00	3260.00	3260.00	3261.00	3261.00	3261.00	3261.00	3261.00	3262.00	3262.00	3262.00	3262.00	3262.00	3263.00	3263.00	3263.00	3263.00	3263.00	3263.00	3264.00	3264.00	3264.00	3264.00	3264.00	3264.00	3264.00	3264.00	3264.00	3264.00	3265.00	3265.00	3265.00	3265.00	3265.00	3265.00	3265.00	3266.00	3266.00	3266.00	3266.00	3266.00	3266.00	3266.00	3266.00	3267.00	3267.00	3267.00	3267.00	3267.00	3267.00	3267.00	3268.00	3268.00	3268.00	3268.00	3268.00	3268.00	3268.00	3268.00	3268.00	3269.00	3269.00	3269.00	3269.00	3269.00	3269.00	3269.00	3269.00	3269.00	3269.00	3269.00	3269.00	3269.00	3269.00	3270.00	3270.00	3270.00	3270.00	3270.00	3270.00	3270.00	3270.00	3270.00	3270.00	3270.00	3270.00	3270.00	3270.00	3270.00	3270.00	3270.00	3270.00	3270.00	3270.00	3270.00	3270.00	3270.00	3270.00	3270.00	3270.00	3270.00	3270.00	3270.00	3270.00	3270.00	3270.00	3270.00	3271.00	3271.00	3271.00	3271.00	3271.00	3271.00	3271.00	3271.00	3271.00	3271.00	3271.00	3271.00	3271.00	3272.00	3272.00	3272.00	3272.00	3272.00	3272.00	3272.00	3272.00	3272.00	3273.00	3273.00	3273.00	3273.00	3273.00	3273.00	3273.00	3274.00	3274.00	3274.00	3274.00	3274.00	3274.00	3274.00	3274.00	3274.00	3275.00	3275.00	3275.00	3275.00	3275.00	3275.00	3275.00	3275.00	3276.00
3251.00	3251.00	3252.00	3252.00	3252.00	3252.00	3252.00	3252.00	3252.00	3252.00	3252.00	3252.00	3252.00	3252.00	3253.00	3253.00	3253.00	3253.00	3253.00	3253.00	3253.00	3253.00	3253.00	3253.00	3253.00	3253.00	3254.00	3254.00	3254.00	3254.00	3254.00	3254.00	3254.00	3254.00	3254.00	3254.00	3254.00	3254.00	3255.00	3255.00	3255.00	3255.00	3255.00	3255.00	3255.00	3255.00	3255.00	3255.00	3255.00	3255.00	3256.00	3256.00	3256.00	3256.00	3256.00	3256.00	3256.00	3256.00	3256.00	3256.00	3256.00	3256.00	3257.00	3257.00	3257.00	3257.00	3257.00	3257.00	3257.00	3257.00	3257.00	3257.00	3257.00	3257.00	3258.00	3258.00	3258.00	3258.00	3258.00	3258.00	3258.00	3258.00	3258.00	3258.00	3258.00	3259.00	3259.00	3259.00	3259.00	3259.00	3259.00	3259.00	3259.00	3259.00	3259.00	3259.00	3259.00	3260.00	3260.00	3260.00	3260.00	3260.00	3260.00	3260.00	3260.00	3261.00	3261.00	3261.00	3261.00	3261.00	3262.00	3262.00	3262.00	3262.00	3262.00	3263.00	3263.00	3263.00	3263.00	3263.00	3263.00	3264.00	3264.00	3264.00	3264.00	3264.00	3264.00	3264.00	3264.00	3264.00	3264.00	3265.00	3265.00	3265.00	3265.00	3265.00	3265.00	3265.00	3266.00	3266.00	3266.00	3266.00	3266.00	3266.00	3266.00	3266.00	3267.00	3267.00	3267.00	3267.00	3267.00	3267.00	3267.00	3268.00	3268.00	3268.00	3268.00	3268.00	3268.00	3268.00	3268.00	3268.00	3269.00	3269.00	3269.00	3269.00	3269.00	3269.00	3269.00	3269.00	3269.00	3269.00	3269.00	3269.00	3269.00	3269.00	3270.00	3270.00	3270.00	3270.00	3270.00	3270.00	3270.00	3270.00	3270.00	3270.00	3270.00	3270.00	3270.00	3270.00	3270.00	3270.00	3270.00	3270.00	3270.00	3270.00	3270.00	3270.00	3270.00	3270.00	3270.00	3270.00	3270.00	3270.00	3270.00	3270.00	3270.00	3270.00	3270.00	3271.00	3271.00	3271.00	3271.00	3271.00	3271.00	3271.00	3271.00	3271.00	3271.00	3271.00	3271.00	3271.00	3272.00	3272.00	3272.00	3272.00	3272.00	3272.00	3272.00	3272.00	3272.00	3273.00	3273.00	3273.00	3273.00	3273.00	3273.00	3273.00	3274.00	3274.00	3274.00	3274.00	3274.00	3274.00	3274.00	3274.00	3274.00	3275.00	3275.00	3275.00	3275.00	3275.00	3275.00	3275.00	3275.00	3276.00
3251.00	3251.00	3252.00	3252.00	3252.00	3252.00	3252.00	3252.00	3252.00	3252.00	3252.00	3252.00	3252.00	3252.00	3253.00	3253.00	3253.00	3253.00	3253.00	3253.00	3253.00	3253.00	3253.00	3253.00	3253.00	3253.00	3254.00	3254.00	3254.00	3254.00	3254.00	3254.00	3254.00	3254.00	3254.00	3254.00	3254.00	3254.00	3255.00	3255.00	3255.00	3255.00	3255.00	3255.00	3255.00	3255.00	3255.00	3255.00	3255.00	3255.00	3256.00	3256.00	3256.00	3256.00	3256.00	3256.00	3256.00	3256.00	3256.00	3256.00	3256.00	3256.00	3257.00	3257.00	3257.00	3257.00	3257.00	3257.00	3257.00	3257.00	3257.00	3257.00	3257.00	3257.00	3258.00	3258.00	3258.00	3258.00	3258.00	3258.00	3258.00	3258.00	3258.00	3258.00	3258.00	3259.00	3259.00	3259.00	3259.00	3259.00	3259.00	3259.00	3259.00	3259.00	3259.00	3259.00	3259.00	3260.00	3260.00	3260.00	3260.00	3260.00	3260.00	3260.00	3260.00	3261.00	3261.00	3261.00	3261.00	3261.00	3262.00	3262.00	3262.00	3262.00	3262.00	3263.00	3263.00	3263.00	3263.00	3263.00	3263.00	3264.00	3264.00	3264.00	3264.00	3264.00	3264.00	3264.00	3264.00	3264.00	3264.00	3265.00	3265.00	3265.00	3265.00	3265.00	3265.00	3265.00	3266.00	3266.00	3266.00	3266.00	3266.00	3266.00	3266.00	3266.00	3267.00	3267.00	3267.00	3267.00	3267.00	3267.00	3267.00	3268.00	3268.00	3268.00	3268.00	3268.00	3268.00	3268.00	3268.00	3268.00	3269.00	3269.00	3269.00	3269.00	3269.00	3269.00	3269.00	3269.00	3269.00	3269.00	3269.00	3269.00	3269.00	3269.00	3270.00	3270.00	3270.00	3270.00	3270.00	3270.00	3270.00	3270.00	3270.00	3270.00	3270.00	3270.00	3270.00	3270.00	3270.00	3270.00	3270.00	3270.00	3270.00	3270.00	3270.00	3270.00	3270.00	3270.00	3270.00	3270.00	3270.00	3270.00	3270.00	3270.00	3270.00	3270.00	3270.00	3271.00	3271.00	3271.00	3271.00	3271.00	3271.00	3271.00	3271.00	3271.00	3271.00	3271.00	3271.00	3271.00	3272.00	3272.00	3272.00	3272.00	3272.00	3272.00	3272.00	3272.00	3272.00	3273.00	3273.00	3273.00	3273.00	3273.00	3273.00	3273.00	3274.00	3274.00	3274.00	3274.00	3274.00	3274.00	3274.00	3274.00	3274.00	3275.00	3275.00	3275.00	3275.00	3275.00	3275.00	3275.00	3275.00	3276.00
3251.00	3251.00	3252.00	3252.00	3252.00	3252.00	3252.00	3252.00	3252.00	3252.00	3252.00	3252.00	3252.00	3252.00	3253.00	3253.00	3253.00	3253.00	3253.00	3253.00	3253.00	3253.00	3253.00	3253.00	3253.00	3253.00	3254.00	3254.00	3254.00	3254.00	3254.00	3254.00	3254.00	3254.00	3254.00	3254.00	3254.00	3254.00	3255.00	3255.00	3255.00	3255.00	3255.00	3255.00	3255.00	3255.00	3255.00	3255.00	3255.00	3255.00	3256.00	3256.00	3256.00	3256.00	3256.00	3256.00	3256.00	3256.00	3256.00	3256.00	3256.00	3256.00	3257.00	3257.00	3257.00	3257.00	3257.00	3257.00	3257.00	3257.00	3257.00	3257.00	3257.00	3257.00	3258.00	3258.00	3258.00	3258.00	3258.00	3258.00	3258.00	3258.00	3258.00	3258.00	3258.00	3259.00	3259.00	3259.00	3259.00	3259.00	3259.00	3259.00	3259.00	3259.00	3259.00	3259.00	3259.00	3260.00	3260.00	3260.00	3260.00	3260.00	3260.00	3260.00	3260.00	3261.00	3261.00	3261.00	3261.00	3261.00	3262.00	3262.00	3262.00	3262.00	3262.00	3263.00	3263.00	3263.00	3263.00	3263.00	3263.00	3264.00	3264.00	3264.00	3264.00	3264.00	3264.00	3264.00	3264.00	3264.00	3264.00	3265.00	3265.00	3265.00	3265.00	3265.00	3265.00	3265.00	3266.00	3266.00	3266.00	3266.00	3266.00	3266.00	3266.00	3266.00	3267.00	3267.00	3267.00	3267.00	3267.00	3267.00	3267.00	3268.00	3268.00	3268.00	3268.00	3268.00	3268.00	3268.00	3268.00	3268.00	3269.00	3269.00	3269.00	3269.00	3269.00	3269.00	3269.00	3269.00	3269.00	3269.00	3269.00	3269.00	3269.00	3269.00	3270.00	3270.00	3270.00	3270.00	3270.00	3270.00	3270.00	3270.00	3270.00	3270.00	3270.00	3270.00	3270.00	3270.00	3270.00	3270.00	3270.00	3270.00	3270.00	3270.00	3270.00	3270.00	3270.00	3270.00	3270.00	3270.00	3270.00	3270.00	3270.00	3270.00	3270.00	3270.00	3270.00	3271.00	3271.00	3271.00	3271.00	3271.00	3271.00	3271.00	3271.00	3271.00	3271.00	3271.00	3271.00	3271.00	3272.00	3272.00	3272.00	3272.00	3272.00	3272.00	3272.00	3272.00	3272.00	3273.00	3273.00	3273.00	3273.00	3273.00	3273.00	3273.00	3274.00	3274.00	3274.00	3274.00	3274.00	3274.00	3274.00	3274.00	3274.00	3275.00	3275.00	3275.00	3275.00	3275.00	3275.00	3275.00	3275.00	3276.00
3251.00	3251.00	3252.00	3252.00	3252.00	3252.00	3252.00	3252.00	3252.00	3252.00	3252.00	3252.00	3252.00	3252.00	3253.00	3253.00	3253.00	3253.00	3253.00	3253.00	3253.00	3253.00	3253.00	3253.00	3253.00	3253.00	3254.00	3254.00	3254.00	3254.00	3254.00	3254.00	3254.00	3254.00	3254.00	3254.00	3254.00	3254.00	3255.00	3255.00	3255.00	3255.00	3255.00	3255.00	3255.00	3255.00	3255.00	3255.00	3255.00	3255.00	3256.00	3256.00	3256.00	3256.00	3256.00	3256.00	3256.00	3256.00	3256.00	3256.00	3256.00	3256.00	3257.00	3257.00	3257.00	3257.00	3257.00	3257.00	3257.00	3257.00	3257.00	3257.00	3257.00	3257.00	3258.00	3258.00	3258.00	3258.00	3258.00	3258.00	3258.00	3258.00	3258.00	3258.00	3258.00	3259.00	3259.00	3259.00	3259.00	3259.00	3259.00	3259.00	3259.00	3259.00	3259.00	3259.00	3259.00	3260.00	3260.00	3260.00	3260.00	3260.00	3260.00	3260.00	3260.00	3261.00	3261.00	3261.00	3261.00	3261.00	3262.00	3262.00	3262.00	3262.00	3262.00	3263.00	3263.00	3263.00	3263.00	3263.00	3263.00	3264.00	3264.00	3264.00	3264.00	3264.00	3264.00	3264.00	3264.00	3264.00	3264.00	3265.00	3265.00	3265.00	3265.00	3265.00	3265.00	3265.00	3266.00	3266.00	3266.00	3266.00	3266.00	3266.00	3266.00	3266.00	3267.00	3267.00	3267.00	3267.00	3267.00	3267.00	3267.00	3268.00	3268.00	3268.00	3268.00	3268.00	3268.00	3268.00	3268.00	3268.00	3269.00	3269.00	3269.00	3269.00	3269.00	3269.00	3269.00	3269.00	3269.00	3269.00	3269.00	3269.00	3269.00	3269.00	3270.00	3270.00	3270.00	3270.00	3270.00	3270.00	3270.00	3270.00	3270.00	3270.00	3270.00	3270.00	3270.00	3270.00	3270.00	3270.00	3270.00	3270.00	3270.00	3270.00	3270.00	3270.00	3270.00	3270.00	3270.00	3270.00	3270.00	3270.00	3270.00	3270.00	3270.00	3270.00	3270.00	3271.00	3271.00	3271.00	3271.00	3271.00	3271.00	3271.00	3271.00	3271.00	3271.00	3271.00	3271.00	3271.00	3272.00	3272.00	3272.00	3272.00	3272.00	3272.00	3272.00	3272.00	3272.00	3273.00	3273.00	3273.00	3273.00	3273.00	3273.00	3273.00	3274.00	3274.00	3274.00	3274.00	3274.00	3274.00	3274.00	3274.00	3274.00	3275.00	3275.00	3275.00	3275.00	3275.00	3275.00	3275.00	3275.00	3276.00
3251.00	3251.00	3252.00	3252.00	3252.00	3252.00	3252.00	3252.00	3252.00	3252.00	3252.00	3252.00	3252.00	3252.00	3253.00	3253.00	3253.00	3253.00	3253.00	3253.00	3253.00	3253.00	3253.00	3253.00	3253.00	3253.00	3254.00	3254.00	3254.00	3254.00	3254.00	3254.00	3254.00	3254.00	3254.00	3254.00	3254.00	3254.00	3255.00	3255.00	3255.00	3255.00	3255.00	3255.00	3255.00	3255.00	3255.00	3255.00	3255.00	3255.00	3256.00	3256.00	3256.00	3256.00	3256.00	3256.00	3256.00	3256.00	3256.00	3256.00	3256.00	3256.00	3257.00	3257.00	3257.00	3257.00	3257.00	3257.00	3257.00	3257.00	3257.00	3257.00	3257.00	3257.00	3258.00	3258.00	3258.00	3258.00	3258.00	3258.00	3258.00	3258.00	3258.00	3258.00	3258.00	3259.00	3259.00	3259.00	3259.00	3259.00	3259.00	3259.00	3259.00	3259.00	3259.00	3259.00	3259.00	3260.00	3260.00	3260.00	3260.00	3260.00	3260.00	3260.00	3260.00	3261.00	3261.00	3261.00	3261.00	3261.00	3262.00	3262.00	3262.00	3262.00	3262.00	3263.00	3263.00	3263.00	3263.00	3263.00	3263.00	3264.00	3264.00	3264.00	3264.00	3264.00	3264.00	3264.00	3264.00	3264.00	3264.00	3265.00	3265.00	3265.00	3265.00	3265.00	3265.00	3265.00	3266.00	3266.00	3266.00	3266.00	3266.00	3266.00	3266.00	3266.00	3267.00	3267.00	3267.00	3267.00	3267.00	3267.00	3267.00	3268.00	3268.00	3268.00	3268.00	3268.00	3268.00	3268.00	3268.00	3268.00	3269.00	3269.00	3269.00	3269.00	3269.00	3269.00	3269.00	3269.00	3269.00	3269.00	3269.00	3269.00	3269.00	3269.00	3270.00	3270.00	3270.00	3270.00	3270.00	3270.00	3270.00	3270.00	3270.00	3270.00	3270.00	3270.00	3270.00	3270.00	3270.00	3270.00	3270.00	3270.00	3270.00	3270.00	3270.00	3270.00	3270.00	3270.00	3270.00	3270.00	3270.00	3270.00	3270.00	3270.00	3270.00	3270.00	3270.00	3271.00	3271.00	3271.00	3271.00	3271.00	3271.00	3271.00	3271.00	3271.00	3271.00	3271.00	3271.00	3271.00	3272.00	3272.00	3272.00	3272.00	3272.00	3272.00	3272.00	3272.00	3272.00	3273.00	3273.00	3273.00	3273.00	3273.00	3273.00	3273.00	3274.00	3274.00	3274.00	3274.00	3274.00	3274.00	3274.00	3274.00	3274.00	3275.00	3275.00	3275.00	3275.00	3275.00	3275.00	3275.00	3275.00	3276.00
3251.00	3251.00	3252.00	3252.00	3252.00	3252.00	3252.00	3252.00	3252.00	3252.00	3252.00	3252.00	3252.00	3252.00	3253.00	3253.00	3253.00	3253.00	3253.00	3253.00	3253.00	3253.00	3253.00	3253.00	3253.00	3253.00	3254.00	3254.00	3254.00	3254.00	3254.00	3254.00	3254.00	3254.00	3254.00	3254.00	3254.00	3254.00	3255.00	3255.00	3255.00	3255.00	3255.00	3255.00	3255.00	3255.00	3255.00	3255.00	3255.00	3255.00	3256.00	3256.00	3256.00	3256.00	3256.00	3256.00	3256.00	3256.00	3256.00	3256.00	3256.00	3256.00	3257.00	3257.00	3257.00	3257.00	3257.00	3257.00	3257.00	3257.00	3257.00	3257.00	3257.00	3257.00	3258.00	3258.00	3258.00	3258.00	3258.00	3258.00	3258.00	3258.00	3258.00	3258.00	3258.00	3259.00	3259.00	3259.00	3259.00	3259.00	3259.00	3259.00	3259.00	3259.00	3259.00	3259.00	3259.00	3260.00	3260.00	3260.00	3260.00	3260.00	3260.00	3260.00	3260.00	3261.00	3261.00	3261.00	3261.00	3261.00	3262.00	3262.00	3262.00	3262.00	3262.00	3263.00	3263.00	3263.00	3263.00	3263.00	3263.00	3264.00	3264.00	3264.00	3264.00	3264.00	3264.00	3264.00	3264.00	3264.00	3264.00	3265.00	3265.00	3265.00	3265.00	3265.00	3265.00	3265.00	3266.00	3266.00	3266.00	3266.00	3266.00	3266.00	3266.00	3266.00	3267.00	3267.00	3267.00	3267.00	3267.00	3267.00	3267.00	3268.00	3268.00	3268.00	3268.00	3268.00	3268.00	3268.00	3268.00	3268.00	3269.00	3269.00	3269.00	3269.00	3269.00	3269.00	3269.00	3269.00	3269.00	3269.00	3269.00	3269.00	3269.00	3269.00	3270.00	3270.00	3270.00	3270.00	3270.00	3270.00	3270.00	3270.00	3270.00	3270.00	3270.00	3270.00	3270.00	3270.00	3270.00	3270.00	3270.00	3270.00	3270.00	3270.00	3270.00	3270.00	3270.00	3270.00	3270.00	3270.00	3270.00	3270.00	3270.00	3270.00	3270.00	3270.00	3270.00	3271.00	3271.00	3271.00	3271.00	3271.00	3271.00	3271.00	3271.00	3271.00	3271.00	3271.00	3271.00	3271.00	3272.00	3272.00	3272.00	3272.00	3272.00	3272.00	3272.00	3272.00	3272.00	3273.00	3273.00	3273.00	3273.00	3273.00	3273.00	3273.00	3274.00	3274.00	3274.00	3274.00	3274.00	3274.00	3274.00	3274.00	3274.00	3275.00	3275.00	3275.00	3275.00	3275.00	3275.00	3275.00	3275.00	3276.00
3251.00	3251.00	3252.00	3252.00	3252.00	3252.00	3252.00	3252.00	3252.00	3252.00	3252.00	3252.00	3252.00	3252.00	3253.00	3253.00	3253.00	3253.00	3253.00	3253.00	3253.00	3253.00	3253.00	3253.00	3253.00	3253.00	3254.00	3254.00	3254.00	3254.00	3254.00	3254.00	3254.00	3254.00	3254.00	3254.00	3254.00	3254.00	3255.00	3255.00	3255.00	3255.00	3255.00	3255.00	3255.00	3255.00	3255.00	3255.00	3255.00	3255.00	3256.00	3256.00	3256.00	3256.00	3256.00	3256.00	3256.00	3256.00	3256.00	3256.00	3256.00	3256.00	3257.00	3257.00	3257.00	3257.00	3257.00	3257.00	3257.00	3257.00	3257.00	3257.00	3257.00	3257.00	3258.00	3258.00	3258.00	3258.00	3258.00	3258.00	3258.00	3258.00	3258.00	3258.00	3258.00	3259.00	3259.00	3259.00	3259.00	3259.00	3259.00	3259.00	3259.00	3259.00	3259.00	3259.00	3259.00	3260.00	3260.00	3260.00	3260.00	3260.00	3260.00	3260.00	3260.00	3261.00	3261.00	3261.00	3261.00	3261.00	3262.00	3262.00	3262.00	3262.00	3262.00	3263.00	3263.00	3263.00	3263.00	3263.00	3263.00	3264.00	3264.00	3264.00	3264.00	3264.00	3264.00	3264.00	3264.00	3264.00	3264.00	3265.00	3265.00	3265.00	3265.00	3265.00	3265.00	3265.00	3266.00	3266.00	3266.00	3266.00	3266.00	3266.00	3266.00	3266.00	3267.00	3267.00	3267.00	3267.00	3267.00	3267.00	3267.00	3268.00	3268.00	3268.00	3268.00	3268.00	3268.00	3268.00	3268.00	3268.00	3269.00	3269.00	3269.00	3269.00	3269.00	3269.00	3269.00	3269.00	3269.00	3269.00	3269.00	3269.00	3269.00	3269.00	3270.00	3270.00	3270.00	3270.00	3270.00	3270.00	3270.00	3270.00	3270.00	3270.00	3270.00	3270.00	3270.00	3270.00	3270.00	3270.00	3270.00	3270.00	3270.00	3270.00	3270.00	3270.00	3270.00	3270.00	3270.00	3270.00	3270.00	3270.00	3270.00	3270.00	3270.00	3270.00	3270.00	3271.00	3271.00	3271.00	3271.00	3271.00	3271.00	3271.00	3271.00	3271.00	3271.00	3271.00	3271.00	3271.00	3272.00	3272.00	3272.00	3272.00	3272.00	3272.00	3272.00	3272.00	3272.00	3273.00	3273.00	3273.00	3273.00	3273.00	3273.00	3273.00	3274.00	3274.00	3274.00	3274.00	3274.00	3274.00	3274.00	3274.00	3274.00	3275.00	3275.00	3275.00	3275.00	3275.00	3275.00	3275.00	3275.00	3276.00
3251.00	3251.00	3252.00	3252.00	3252.00	3252.00	3252.00	3252.00	3252.00	3252.00	3252.00	3252.00	3252.00	3252.00	3253.00	3253.00	3253.00	3253.00	3253.00	3253.00	3253.00	3253.00	3253.00	3253.00	3253.00	3253.00	3254.00	3254.00	3254.00	3254.00	3254.00	3254.00	3254.00	3254.00	3254.00	3254.00	3254.00	3254.00	3255.00	3255.00	3255.00	3255.00	3255.00	3255.00	3255.00	3255.00	3255.00	3255.00	3255.00	3255.00	3256.00	3256.00	3256.00	3256.00	3256.00	3256.00	3256.00	3256.00	3256.00	3256.00	3256.00	3256.00	3257.00	3257.00	3257.00	3257.00	3257.00	3257.00	3257.00	3257.00	3257.00	3257.00	3257.00	3257.00	3258.00	3258.00	3258.00	3258.00	3258.00	3258.00	3258.00	3258.00	3258.00	3258.00	3258.00	3259.00	3259.00	3259.00	3259.00	3259.00	3259.00	3259.00	3259.00	3259.00	3259.00	3259.00	3259.00	3260.00	3260.00	3260.00	3260.00	3260.00	3260.00	3260.00	3260.00	3261.00	3261.00	3261.00	3261.00	3261.00	3262.00	3262.00	3262.00	3262.00	3262.00	3263.00	3263.00	3263.00	3263.00	3263.00	3263.00	3264.00	3264.00	3264.00	3264.00	3264.00	3264.00	3264.00	3264.00	3264.00	3264.00	3265.00	3265.00	3265.00	3265.00	3265.00	3265.00	3265.00	3266.00	3266.00	3266.00	3266.00	3266.00	3266.00	3266.00	3266.00	3267.00	3267.00	3267.00	3267.00	3267.00	3267.00	3267.00	3268.00	3268.00	3268.00	3268.00	3268.00	3268.00	3268.00	3268.00	3268.00	3269.00	3269.00	3269.00	3269.00	3269.00	3269.00	3269.00	3269.00	3269.00	3269.00	3269.00	3269.00	3269.00	3269.00	3270.00	3270.00	3270.00	3270.00	3270.00	3270.00	3270.00	3270.00	3270.00	3270.00	3270.00	3270.00	3270.00	3270.00	3270.00	3270.00	3270.00	3270.00	3270.00	3270.00	3270.00	3270.00	3270.00	3270.00	3270.00	3270.00	3270.00	3270.00	3270.00	3270.00	3270.00	3270.00	3270.00	3271.00	3271.00	3271.00	3271.00	3271.00	3271.00	3271.00	3271.00	3271.00	3271.00	3271.00	3271.00	3271.00	3272.00	3272.00	3272.00	3272.00	3272.00	3272.00	3272.00	3272.00	3272.00	3273.00	3273.00	3273.00	3273.00	3273.00	3273.00	3273.00	3274.00	3274.00	3274.00	3274.00	3274.00	3274.00	3274.00	3274.00	3274.00	3275.00	3275.00	3275.00	3275.00	3275.00	3275.00	3275.00	3275.00	3276.00
3251.00	3251.00	3252.00	3252.00	3252.00	3252.00	3252.00	3252.00	3252.00	3252.00	3252.00	3252.00	3252.00	3252.00	3253.00	3253.00	3253.00	3253.00	3253.00	3253.00	3253.00	3253.00	3253.00	3253.00	3253.00	3253.00	3254.00	3254.00	3254.00	3254.00	3254.00	3254.00	3254.00	3254.00	3254.00	3254.00	3254.00	3254.00	3255.00	3255.00	3255.00	3255.00	3255.00	3255.00	3255.00	3255.00	3255.00	3255.00	3255.00	3255.00	3256.00	3256.00	3256.00	3256.00	3256.00	3256.00	3256.00	3256.00	3256.00	3256.00	3256.00	3256.00	3257.00	3257.00	3257.00	3257.00	3257.00	3257.00	3257.00	3257.00	3257.00	3257.00	3257.00	3257.00	3258.00	3258.00	3258.00	3258.00	3258.00	3258.00	3258.00	3258.00	3258.00	3258.00	3258.00	3259.00	3259.00	3259.00	3259.00	3259.00	3259.00	3259.00	3259.00	3259.00	3259.00	3259.00	3259.00	3260.00	3260.00	3260.00	3260.00	3260.00	3260.00	3260.00	3260.00	3261.00	3261.00	3261.00	3261.00	3261.00	3262.00	3262.00	3262.00	3262.00	3262.00	3263.00	3263.00	3263.00	3263.00	3263.00	3263.00	3264.00	3264.00	3264.00	3264.00	3264.00	3264.00	3264.00	3264.00	3264.00	3264.00	3265.00	3265.00	3265.00	3265.00	3265.00	3265.00	3265.00	3266.00	3266.00	3266.00	3266.00	3266.00	3266.00	3266.00	3266.00	3267.00	3267.00	3267.00	3267.00	3267.00	3267.00	3267.00	3268.00	3268.00	3268.00	3268.00	3268.00	3268.00	3268.00	3268.00	3268.00	3269.00	3269.00	3269.00	3269.00	3269.00	3269.00	3269.00	3269.00	3269.00	3269.00	3269.00	3269.00	3269.00	3269.00	3270.00	3270.00	3270.00	3270.00	3270.00	3270.00	3270.00	3270.00	3270.00	3270.00	3270.00	3270.00	3270.00	3270.00	3270.00	3270.00	3270.00	3270.00	3270.00	3270.00	3270.00	3270.00	3270.00	3270.00	3270.00	3270.00	3270.00	3270.00	3270.00	3270.00	3270.00	3270.00	3270.00	3271.00	3271.00	3271.00	3271.00	3271.00	3271.00	3271.00	3271.00	3271.00	3271.00	3271.00	3271.00	3271.00	3272.00	3272.00	3272.00	3272.00	3272.00	3272.00	3272.00	3272.00	3272.00	3273.00	3273.00	3273.00	3273.00	3273.00	3273.00	3273.00	3274.00	3274.00	3274.00	3274.00	3274.00	3274.00	3274.00	3274.00	3274.00	3275.00	3275.00	3275.00	3275.00	3275.00	3275.00	3275.00	3275.00	3276.00
3251.00	3251.00	3252.00	3252.00	3252.00	3252.00	3252.00	3252.00	3252.00	3252.00	3252.00	3252.00	3252.00	3252.00	3253.00	3253.00	3253.00	3253.00	3253.00	3253.00	3253.00	3253.00	3253.00	3253.00	3253.00	3253.00	3254.00	3254.00	3254.00	3254.00	3254.00	3254.00	3254.00	3254.00	3254.00	3254.00	3254.00	3254.00	3255.00	3255.00	3255.00	3255.00	3255.00	3255.00	3255.00	3255.00	3255.00	3255.00	3255.00	3255.00	3256.00	3256.00	3256.00	3256.00	3256.00	3256.00	3256.00	3256.00	3256.00	3256.00	3256.00	3256.00	3257.00	3257.00	3257.00	3257.00	3257.00	3257.00	3257.00	3257.00	3257.00	3257.00	3257.00	3257.00	3258.00	3258.00	3258.00	3258.00	3258.00	3258.00	3258.00	3258.00	3258.00	3258.00	3258.00	3259.00	3259.00	3259.00	3259.00	3259.00	3259.00	3259.00	3259.00	3259.00	3259.00	3259.00	3259.00	3260.00	3260.00	3260.00	3260.00	3260.00	3260.00	3260.00	3260.00	3261.00	3261.00	3261.00	3261.00	3261.00	3262.00	3262.00	3262.00	3262.00	3262.00	3263.00	3263.00	3263.00	3263.00	3263.00	3263.00	3264.00	3264.00	3264.00	3264.00	3264.00	3264.00	3264.00	3264.00	3264.00	3264.00	3265.00	3265.00	3265.00	3265.00	3265.00	3265.00	3265.00	3266.00	3266.00	3266.00	3266.00	3266.00	3266.00	3266.00	3266.00	3267.00	3267.00	3267.00	3267.00	3267.00	3267.00	3267.00	3268.00	3268.00	3268.00	3268.00	3268.00	3268.00	3268.00	3268.00	3268.00	3269.00	3269.00	3269.00	3269.00	3269.00	3269.00	3269.00	3269.00	3269.00	3269.00	3269.00	3269.00	3269.00	3269.00	3270.00	3270.00	3270.00	3270.00	3270.00	3270.00	3270.00	3270.00	3270.00	3270.00	3270.00	3270.00	3270.00	3270.00	3270.00	3270.00	3270.00	3270.00	3270.00	3270.00	3270.00	3270.00	3270.00	3270.00	3270.00	3270.00	3270.00	3270.00	3270.00	3270.00	3270.00	3270.00	3270.00	3271.00	3271.00	3271.00	3271.00	3271.00	3271.00	3271.00	3271.00	3271.00	3271.00	3271.00	3271.00	3271.00	3272.00	3272.00	3272.00	3272.00	3272.00	3272.00	3272.00	3272.00	3272.00	3273.00	3273.00	3273.00	3273.00	3273.00	3273.00	3273.00	3274.00	3274.00	3274.00	3274.00	3274.00	3274.00	3274.00	3274.00	3274.00	3275.00	3275.00	3275.00	3275.00	3275.00	3275.00	3275.00	3275.00	3276.00
3251.00	3251.00	3252.00	3252.00	3252.00	3252.00	3252.00	3252.00	3252.00	3252.00	3252.00	3252.00	3252.00	3252.00	3253.00	3253.00	3253.00	3253.00	3253.00	3253.00	3253.00	3253.00	3253.00	3253.00	3253.00	3253.00	3254.00	3254.00	3254.00	3254.00	3254.00	3254.00	3254.00	3254.00	3254.00	3254.00	3254.00	3254.00	3255.00	3255.00	3255.00	3255.00	3255.00	3255.00	3255.00	3255.00	3255.00	3255.00	3255.00	3255.00	3256.00	3256.00	3256.00	3256.00	3256.00	3256.00	3256.00	3256.00	3256.00	3256.00	3256.00	3256.00	3257.00	3257.00	3257.00	3257.00	3257.00	3257.00	3257.00	3257.00	3257.00	3257.00	3257.00	3257.00	3258.00	3258.00	3258.00	3258.00	3258.00	3258.00	3258.00	3258.00	3258.00	3258.00	3258.00	3259.00	3259.00	3259.00	3259.00	3259.00	3259.00	3259.00	3259.00	3259.00	3259.00	3259.00	3259.00	3260.00	3260.00	3260.00	3260.00	3260.00	3260.00	3260.00	3260.00	3261.00	3261.00	3261.00	3261.00	3261.00	3262.00	3262.00	3262.00	3262.00	3262.00	3263.00	3263.00	3263.00	3263.00	3263.00	3263.00	3264.00	3264.00	3264.00	3264.00	3264.00	3264.00	3264.00	3264.00	3264.00	3264.00	3265.00	3265.00	3265.00	3265.00	3265.00	3265.00	3265.00	3266.00	3266.00	3266.00	3266.00	3266.00	3266.00	3266.00	3266.00	3267.00	3267.00	3267.00	3267.00	3267.00	3267.00	3267.00	3268.00	3268.00	3268.00	3268.00	3268.00	3268.00	3268.00	3268.00	3268.00	3269.00	3269.00	3269.00	3269.00	3269.00	3269.00	3269.00	3269.00	3269.00	3269.00	3269.00	3269.00	3269.00	3269.00	3270.00	3270.00	3270.00	3270.00	3270.00	3270.00	3270.00	3270.00	3270.00	3270.00	3270.00	3270.00	3270.00	3270.00	3270.00	3270.00	3270.00	3270.00	3270.00	3270.00	3270.00	3270.00	3270.00	3270.00	3270.00	3270.00	3270.00	3270.00	3270.00	3270.00	3270.00	3270.00	3270.00	3271.00	3271.00	3271.00	3271.00	3271.00	3271.00	3271.00	3271.00	3271.00	3271.00	3271.00	3271.00	3271.00	3272.00	3272.00	3272.00	3272.00	3272.00	3272.00	3272.00	3272.00	3272.00	3273.00	3273.00	3273.00	3273.00	3273.00	3273.00	3273.00	3274.00	3274.00	3274.00	3274.00	3274.00	3274.00	3274.00	3274.00	3274.00	3275.00	3275.00	3275.00	3275.00	3275.00	3275.00	3275.00	3275.00	3276.00
3251.00	3251.00	3252.00	3252.00	3252.00	3252.00	3252.00	3252.00	3252.00	3252.00	3252.00	3252.00	3252.00	3252.00	3253.00	3253.00	3253.00	3253.00	3253.00	3253.00	3253.00	3253.00	3253.00	3253.00	3253.00	3253.00	3254.00	3254.00	3254.00	3254.00	3254.00	3254.00	3254.00	3254.00	3254.00	3254.00	3254.00	3254.00	3255.00	3255.00	3255.00	3255.00	3255.00	3255.00	3255.00	3255.00	3255.00	3255.00	3255.00	3255.00	3256.00	3256.00	3256.00	3256.00	3256.00	3256.00	3256.00	3256.00	3256.00	3256.00	3256.00	3256.00	3257.00	3257.00	3257.00	3257.00	3257.00	3257.00	3257.00	3257.00	3257.00	3257.00	3257.00	3257.00	3258.00	3258.00	3258.00	3258.00	3258.00	3258.00	3258.00	3258.00	3258.00	3258.00	3258.00	3259.00	3259.00	3259.00	3259.00	3259.00	3259.00	3259.00	3259.00	3259.00	3259.00	3259.00	3259.00	3260.00	3260.00	3260.00	3260.00	3260.00	3260.00	3260.00	3260.00	3261.00	3261.00	3261.00	3261.00	3261.00	3262.00	3262.00	3262.00	3262.00	3262.00	3263.00	3263.00	3263.00	3263.00	3263.00	3263.00	3264.00	3264.00	3264.00	3264.00	3264.00	3264.00	3264.00	3264.00	3264.00	3264.00	3265.00	3265.00	3265.00	3265.00	3265.00	3265.00	3265.00	3266.00	3266.00	3266.00	3266.00	3266.00	3266.00	3266.00	3266.00	3267.00	3267.00	3267.00	3267.00	3267.00	3267.00	3267.00	3268.00	3268.00	3268.00	3268.00	3268.00	3268.00	3268.00	3268.00	3268.00	3269.00	3269.00	3269.00	3269.00	3269.00	3269.00	3269.00	3269.00	3269.00	3269.00	3269.00	3269.00	3269.00	3269.00	3270.00	3270.00	3270.00	3270.00	3270.00	3270.00	3270.00	3270.00	3270.00	3270.00	3270.00	3270.00	3270.00	3270.00	3270.00	3270.00	3270.00	3270.00	3270.00	3270.00	3270.00	3270.00	3270.00	3270.00	3270.00	3270.00	3270.00	3270.00	3270.00	3270.00	3270.00	3270.00	3270.00	3271.00	3271.00	3271.00	3271.00	3271.00	3271.00	3271.00	3271.00	3271.00	3271.00	3271.00	3271.00	3271.00	3272.00	3272.00	3272.00	3272.00	3272.00	3272.00	3272.00	3272.00	3272.00	3273.00	3273.00	3273.00	3273.00	3273.00	3273.00	3273.00	3274.00	3274.00	3274.00	3274.00	3274.00	3274.00	3274.00	3274.00	3274.00	3275.00	3275.00	3275.00	3275.00	3275.00	3275.00	3275.00	3275.00	3276.00
3251.00	3251.00	3252.00	3252.00	3252.00	3252.00	3252.00	3252.00	3252.00	3252.00	3252.00	3252.00	3252.00	3252.00	3253.00	3253.00	3253.00	3253.00	3253.00	3253.00	3253.00	3253.00	3253.00	3253.00	3253.00	3253.00	3254.00	3254.00	3254.00	3254.00	3254.00	3254.00	3254.00	3254.00	3254.00	3254.00	3254.00	3254.00	3255.00	3255.00	3255.00	3255.00	3255.00	3255.00	3255.00	3255.00	3255.00	3255.00	3255.00	3255.00	3256.00	3256.00	3256.00	3256.00	3256.00	3256.00	3256.00	3256.00	3256.00	3256.00	3256.00	3256.00	3257.00	3257.00	3257.00	3257.00	3257.00	3257.00	3257.00	3257.00	3257.00	3257.00	3257.00	3257.00	3258.00	3258.00	3258.00	3258.00	3258.00	3258.00	3258.00	3258.00	3258.00	3258.00	3258.00	3259.00	3259.00	3259.00	3259.00	3259.00	3259.00	3259.00	3259.00	3259.00	3259.00	3259.00	3259.00	3260.00	3260.00	3260.00	3260.00	3260.00	3260.00	3260.00	3260.00	3261.00	3261.00	3261.00	3261.00	3261.00	3262.00	3262.00	3262.00	3262.00	3262.00	3263.00	3263.00	3263.00	3263.00	3263.00	3263.00	3264.00	3264.00	3264.00	3264.00	3264.00	3264.00	3264.00	3264.00	3264.00	3264.00	3265.00	3265.00	3265.00	3265.00	3265.00	3265.00	3265.00	3266.00	3266.00	3266.00	3266.00	3266.00	3266.00	3266.00	3266.00	3267.00	3267.00	3267.00	3267.00	3267.00	3267.00	3267.00	3268.00	3268.00	3268.00	3268.00	3268.00	3268.00	3268.00	3268.00	3268.00	3269.00	3269.00	3269.00	3269.00	3269.00	3269.00	3269.00	3269.00	3269.00	3269.00	3269.00	3269.00	3269.00	3269.00	3270.00	3270.00	3270.00	3270.00	3270.00	3270.00	3270.00	3270.00	3270.00	3270.00	3270.00	3270.00	3270.00	3270.00	3270.00	3270.00	3270.00	3270.00	3270.00	3270.00	3270.00	3270.00	3270.00	3270.00	3270.00	3270.00	3270.00	3270.00	3270.00	3270.00	3270.00	3270.00	3270.00	3271.00	3271.00	3271.00	3271.00	3271.00	3271.00	3271.00	3271.00	3271.00	3271.00	3271.00	3271.00	3271.00	3272.00	3272.00	3272.00	3272.00	3272.00	3272.00	3272.00	3272.00	3272.00	3273.00	3273.00	3273.00	3273.00	3273.00	3273.00	3273.00	3274.00	3274.00	3274.00	3274.00	3274.00	3274.00	3274.00	3274.00	3274.00	3275.00	3275.00	3275.00	3275.00	3275.00	3275.00	3275.00	3275.00	3276.00
3251.00	3251.00	3251.00	3251.00	3251.00	3252.00	3252.00	3252.00	3252.00	3252.00	3252.00	3252.00	3252.00	3252.00	3252.00	3252.00	3252.00	3252.00	3252.00	3252.00	3252.00	3252.00	3252.00	3253.00	3253.00	3253.00	3253.00	3253.00	3253.00	3253.00	3253.00	3253.00	3253.00	3253.00	3254.00	3254.00	3254.00	3254.00	3254.00	3254.00	3254.00	3254.00	3254.00	3254.00	3254.00	3254.00	3255.00	3255.00	3255.00	3255.00	3255.00	3255.00	3255.00	3255.00	3255.00	3255.00	3256.00	3256.00	3256.00	3256.00	3256.00	3256.00	3256.00	3256.00	3256.00	3256.00	3256.00	3256.00	3257.00	3257.00	3257.00	3257.00	3257.00	3257.00	3257.00	3257.00	3257.00	3257.00	3257.00	3257.00	3258.00	3258.00	3258.00	3258.00	3258.00	3258.00	3258.00	3258.00	3258.00	3258.00	3258.00	3258.00	3259.00	3259.00	3259.00	3259.00	3259.00	3259.00	3259.00	3259.00	3259.00	3260.00	3260.00	3260.00	3260.00	3260.00	3260.00	3260.00	3261.00	3261.00	3261.00	3261.00	3261.00	3261.00	3262.00	3262.00	3262.00	3262.00	3262.00	3262.00	3263.00	3263.00	3263.00	3263.00	3263.00	3263.00	3264.00	3264.00	3264.00	3264.00	3264.00	3264.00	3264.00	3265.00	3265.00	3265.00	3265.00	3265.00	3265.00	3265.00	3265.00	3265.00	3266.00	3266.00	3266.00	3266.00	3266.00	3266.00	3266.00	3266.00	3267.00	3267.00	3267.00	3267.00	3267.00	3267.00	3267.00	3267.00	3268.00	3268.00	3268.00	3268.00	3268.00	3268.00	3268.00	3268.00	3268.00	3268.00	3268.00	3268.00	3269.00	3269.00	3269.00	3269.00	3269.00	3269.00	3269.00	3269.00	3269.00	3269.00	3269.00	3269.00	3269.00	3269.00	3269.00	3270.00	3270.00	3270.00	3270.00	3270.00	3270.00	3270.00	3270.00	3270.00	3270.00	3270.00	3270.00	3271.00	3271.00	3271.00	3271.00	3271.00	3271.00	3271.00	3271.00	3271.00	3271.00	3271.00	3271.00	3271.00	3271.00	3271.00	3271.00	3272.00	3272.00	3272.00	3272.00	3272.00	3272.00	3272.00	3272.00	3272.00	3272.00	3272.00	3272.00	3273.00	3273.00	3273.00	3273.00	3273.00	3273.00	3273.00	3274.00	3274.00	3274.00	3274.00	3274.00	3274.00	3274.00	3274.00	3274.00	3274.00	3274.00	3274.00	3274.00	3275.00	3275.00	3275.00	3275.00	3275.00	3275.00	3275.00	3275.00	3275.00	3275.00	3276.00
3251.00	3251.00	3251.00	3251.00	3251.00	3252.00	3252.00	3252.00	3252.00	3252.00	3252.00	3252.00	3252.00	3252.00	3252.00	3252.00	3252.00	3252.00	3252.00	3252.00	3252.00	3252.00	3252.00	3253.00	3253.00	3253.00	3253.00	3253.00	3253.00	3253.00	3253.00	3253.00	3253.00	3253.00	3254.00	3254.00	3254.00	3254.00	3254.00	3254.00	3254.00	3254.00	3254.00	3254.00	3254.00	3254.00	3255.00	3255.00	3255.00	3255.00	3255.00	3255.00	3255.00	3255.00	3255.00	3255.00	3256.00	3256.00	3256.00	3256.00	3256.00	3256.00	3256.00	3256.00	3256.00	3256.00	3256.00	3256.00	3257.00	3257.00	3257.00	3257.00	3257.00	3257.00	3257.00	3257.00	3257.00	3257.00	3257.00	3257.00	3258.00	3258.00	3258.00	3258.00	3258.00	3258.00	3258.00	3258.00	3258.00	3258.00	3258.00	3258.00	3259.00	3259.00	3259.00	3259.00	3259.00	3259.00	3259.00	3259.00	3259.00	3260.00	3260.00	3260.00	3260.00	3260.00	3260.00	3260.00	3261.00	3261.00	3261.00	3261.00	3261.00	3261.00	3262.00	3262.00	3262.00	3262.00	3262.00	3262.00	3263.00	3263.00	3263.00	3263.00	3263.00	3263.00	3264.00	3264.00	3264.00	3264.00	3264.00	3264.00	3264.00	3265.00	3265.00	3265.00	3265.00	3265.00	3265.00	3265.00	3265.00	3265.00	3266.00	3266.00	3266.00	3266.00	3266.00	3266.00	3266.00	3266.00	3267.00	3267.00	3267.00	3267.00	3267.00	3267.00	3267.00	3267.00	3268.00	3268.00	3268.00	3268.00	3268.00	3268.00	3268.00	3268.00	3268.00	3268.00	3268.00	3268.00	3269.00	3269.00	3269.00	3269.00	3269.00	3269.00	3269.00	3269.00	3269.00	3269.00	3269.00	3269.00	3269.00	3269.00	3269.00	3270.00	3270.00	3270.00	3270.00	3270.00	3270.00	3270.00	3270.00	3270.00	3270.00	3270.00	3270.00	3271.00	3271.00	3271.00	3271.00	3271.00	3271.00	3271.00	3271.00	3271.00	3271.00	3271.00	3271.00	3271.00	3271.00	3271.00	3271.00	3272.00	3272.00	3272.00	3272.00	3272.00	3272.00	3272.00	3272.00	3272.00	3272.00	3272.00	3272.00	3273.00	3273.00	3273.00	3273.00	3273.00	3273.00	3273.00	3274.00	3274.00	3274.00	3274.00	3274.00	3274.00	3274.00	3274.00	3274.00	3274.00	3274.00	3274.00	3274.00	3275.00	3275.00	3275.00	3275.00	3275.00	3275.00	3275.00	3275.00	3275.00	3275.00	3276.00
3251.00	3251.00	3251.00	3251.00	3251.00	3252.00	3252.00	3252.00	3252.00	3252.00	3252.00	3252.00	3252.00	3252.00	3252.00	3252.00	3252.00	3252.00	3252.00	3252.00	3252.00	3252.00	3252.00	3253.00	3253.00	3253.00	3253.00	3253.00	3253.00	3253.00	3253.00	3253.00	3253.00	3253.00	3254.00	3254.00	3254.00	3254.00	3254.00	3254.00	3254.00	3254.00	3254.00	3254.00	3254.00	3254.00	3255.00	3255.00	3255.00	3255.00	3255.00	3255.00	3255.00	3255.00	3255.00	3255.00	3256.00	3256.00	3256.00	3256.00	3256.00	3256.00	3256.00	3256.00	3256.00	3256.00	3256.00	3256.00	3257.00	3257.00	3257.00	3257.00	3257.00	3257.00	3257.00	3257.00	3257.00	3257.00	3257.00	3257.00	3258.00	3258.00	3258.00	3258.00	3258.00	3258.00	3258.00	3258.00	3258.00	3258.00	3258.00	3258.00	3259.00	3259.00	3259.00	3259.00	3259.00	3259.00	3259.00	3259.00	3259.00	3260.00	3260.00	3260.00	3260.00	3260.00	3260.00	3260.00	3261.00	3261.00	3261.00	3261.00	3261.00	3261.00	3262.00	3262.00	3262.00	3262.00	3262.00	3262.00	3263.00	3263.00	3263.00	3263.00	3263.00	3263.00	3264.00	3264.00	3264.00	3264.00	3264.00	3264.00	3264.00	3265.00	3265.00	3265.00	3265.00	3265.00	3265.00	3265.00	3265.00	3265.00	3266.00	3266.00	3266.00	3266.00	3266.00	3266.00	3266.00	3266.00	3267.00	3267.00	3267.00	3267.00	3267.00	3267.00	3267.00	3267.00	3268.00	3268.00	3268.00	3268.00	3268.00	3268.00	3268.00	3268.00	3268.00	3268.00	3268.00	3268.00	3269.00	3269.00	3269.00	3269.00	3269.00	3269.00	3269.00	3269.00	3269.00	3269.00	3269.00	3269.00	3269.00	3269.00	3269.00	3270.00	3270.00	3270.00	3270.00	3270.00	3270.00	3270.00	3270.00	3270.00	3270.00	3270.00	3270.00	3271.00	3271.00	3271.00	3271.00	3271.00	3271.00	3271.00	3271.00	3271.00	3271.00	3271.00	3271.00	3271.00	3271.00	3271.00	3271.00	3272.00	3272.00	3272.00	3272.00	3272.00	3272.00	3272.00	3272.00	3272.00	3272.00	3272.00	3272.00	3273.00	3273.00	3273.00	3273.00	3273.00	3273.00	3273.00	3274.00	3274.00	3274.00	3274.00	3274.00	3274.00	3274.00	3274.00	3274.00	3274.00	3274.00	3274.00	3274.00	3275.00	3275.00	3275.00	3275.00	3275.00	3275.00	3275.00	3275.00	3275.00	3275.00	3276.00
3251.00	3251.00	3251.00	3251.00	3251.00	3252.00	3252.00	3252.00	3252.00	3252.00	3252.00	3252.00	3252.00	3252.00	3252.00	3252.00	3252.00	3252.00	3252.00	3252.00	3252.00	3252.00	3252.00	3253.00	3253.00	3253.00	3253.00	3253.00	3253.00	3253.00	3253.00	3253.00	3253.00	3253.00	3254.00	3254.00	3254.00	3254.00	3254.00	3254.00	3254.00	3254.00	3254.00	3254.00	3254.00	3254.00	3255.00	3255.00	3255.00	3255.00	3255.00	3255.00	3255.00	3255.00	3255.00	3255.00	3256.00	3256.00	3256.00	3256.00	3256.00	3256.00	3256.00	3256.00	3256.00	3256.00	3256.00	3256.00	3257.00	3257.00	3257.00	3257.00	3257.00	3257.00	3257.00	3257.00	3257.00	3257.00	3257.00	3257.00	3258.00	3258.00	3258.00	3258.00	3258.00	3258.00	3258.00	3258.00	3258.00	3258.00	3258.00	3258.00	3259.00	3259.00	3259.00	3259.00	3259.00	3259.00	3259.00	3259.00	3259.00	3260.00	3260.00	3260.00	3260.00	3260.00	3260.00	3260.00	3261.00	3261.00	3261.00	3261.00	3261.00	3261.00	3262.00	3262.00	3262.00	3262.00	3262.00	3262.00	3263.00	3263.00	3263.00	3263.00	3263.00	3263.00	3264.00	3264.00	3264.00	3264.00	3264.00	3264.00	3264.00	3265.00	3265.00	3265.00	3265.00	3265.00	3265.00	3265.00	3265.00	3265.00	3266.00	3266.00	3266.00	3266.00	3266.00	3266.00	3266.00	3266.00	3267.00	3267.00	3267.00	3267.00	3267.00	3267.00	3267.00	3267.00	3268.00	3268.00	3268.00	3268.00	3268.00	3268.00	3268.00	3268.00	3268.00	3268.00	3268.00	3268.00	3269.00	3269.00	3269.00	3269.00	3269.00	3269.00	3269.00	3269.00	3269.00	3269.00	3269.00	3269.00	3269.00	3269.00	3269.00	3270.00	3270.00	3270.00	3270.00	3270.00	3270.00	3270.00	3270.00	3270.00	3270.00	3270.00	3270.00	3271.00	3271.00	3271.00	3271.00	3271.00	3271.00	3271.00	3271.00	3271.00	3271.00	3271.00	3271.00	3271.00	3271.00	3271.00	3271.00	3272.00	3272.00	3272.00	3272.00	3272.00	3272.00	3272.00	3272.00	3272.00	3272.00	3272.00	3272.00	3273.00	3273.00	3273.00	3273.00	3273.00	3273.00	3273.00	3274.00	3274.00	3274.00	3274.00	3274.00	3274.00	3274.00	3274.00	3274.00	3274.00	3274.00	3274.00	3274.00	3275.00	3275.00	3275.00	3275.00	3275.00	3275.00	3275.00	3275.00	3275.00	3275.00	3276.00
3251.00	3251.00	3251.00	3251.00	3251.00	3252.00	3252.00	3252.00	3252.00	3252.00	3252.00	3252.00	3252.00	3252.00	3252.00	3252.00	3252.00	3252.00	3252.00	3252.00	3252.00	3252.00	3252.00	3253.00	3253.00	3253.00	3253.00	3253.00	3253.00	3253.00	3253.00	3253.00	3253.00	3253.00	3254.00	3254.00	3254.00	3254.00	3254.00	3254.00	3254.00	3254.00	3254.00	3254.00	3254.00	3254.00	3255.00	3255.00	3255.00	3255.00	3255.00	3255.00	3255.00	3255.00	3255.00	3255.00	3256.00	3256.00	3256.00	3256.00	3256.00	3256.00	3256.00	3256.00	3256.00	3256.00	3256.00	3256.00	3257.00	3257.00	3257.00	3257.00	3257.00	3257.00	3257.00	3257.00	3257.00	3257.00	3257.00	3257.00	3258.00	3258.00	3258.00	3258.00	3258.00	3258.00	3258.00	3258.00	3258.00	3258.00	3258.00	3258.00	3259.00	3259.00	3259.00	3259.00	3259.00	3259.00	3259.00	3259.00	3259.00	3260.00	3260.00	3260.00	3260.00	3260.00	3260.00	3260.00	3261.00	3261.00	3261.00	3261.00	3261.00	3261.00	3262.00	3262.00	3262.00	3262.00	3262.00	3262.00	3263.00	3263.00	3263.00	3263.00	3263.00	3263.00	3264.00	3264.00	3264.00	3264.00	3264.00	3264.00	3264.00	3265.00	3265.00	3265.00	3265.00	3265.00	3265.00	3265.00	3265.00	3265.00	3266.00	3266.00	3266.00	3266.00	3266.00	3266.00	3266.00	3266.00	3267.00	3267.00	3267.00	3267.00	3267.00	3267.00	3267.00	3267.00	3268.00	3268.00	3268.00	3268.00	3268.00	3268.00	3268.00	3268.00	3268.00	3268.00	3268.00	3268.00	3269.00	3269.00	3269.00	3269.00	3269.00	3269.00	3269.00	3269.00	3269.00	3269.00	3269.00	3269.00	3269.00	3269.00	3269.00	3270.00	3270.00	3270.00	3270.00	3270.00	3270.00	3270.00	3270.00	3270.00	3270.00	3270.00	3270.00	3271.00	3271.00	3271.00	3271.00	3271.00	3271.00	3271.00	3271.00	3271.00	3271.00	3271.00	3271.00	3271.00	3271.00	3271.00	3271.00	3272.00	3272.00	3272.00	3272.00	3272.00	3272.00	3272.00	3272.00	3272.00	3272.00	3272.00	3272.00	3273.00	3273.00	3273.00	3273.00	3273.00	3273.00	3273.00	3274.00	3274.00	3274.00	3274.00	3274.00	3274.00	3274.00	3274.00	3274.00	3274.00	3274.00	3274.00	3274.00	3275.00	3275.00	3275.00	3275.00	3275.00	3275.00	3275.00	3275.00	3275.00	3275.00	3276.00
3251.00	3251.00	3251.00	3251.00	3251.00	3252.00	3252.00	3252.00	3252.00	3252.00	3252.00	3252.00	3252.00	3252.00	3252.00	3252.00	3252.00	3252.00	3252.00	3252.00	3252.00	3252.00	3252.00	3253.00	3253.00	3253.00	3253.00	3253.00	3253.00	3253.00	3253.00	3253.00	3253.00	3253.00	3254.00	3254.00	3254.00	3254.00	3254.00	3254.00	3254.00	3254.00	3254.00	3254.00	3254.00	3254.00	3255.00	3255.00	3255.00	3255.00	3255.00	3255.00	3255.00	3255.00	3255.00	3255.00	3256.00	3256.00	3256.00	3256.00	3256.00	3256.00	3256.00	3256.00	3256.00	3256.00	3256.00	3256.00	3257.00	3257.00	3257.00	3257.00	3257.00	3257.00	3257.00	3257.00	3257.00	3257.00	3257.00	3257.00	3258.00	3258.00	3258.00	3258.00	3258.00	3258.00	3258.00	3258.00	3258.00	3258.00	3258.00	3258.00	3259.00	3259.00	3259.00	3259.00	3259.00	3259.00	3259.00	3259.00	3259.00	3260.00	3260.00	3260.00	3260.00	3260.00	3260.00	3260.00	3261.00	3261.00	3261.00	3261.00	3261.00	3261.00	3262.00	3262.00	3262.00	3262.00	3262.00	3262.00	3263.00	3263.00	3263.00	3263.00	3263.00	3263.00	3264.00	3264.00	3264.00	3264.00	3264.00	3264.00	3264.00	3265.00	3265.00	3265.00	3265.00	3265.00	3265.00	3265.00	3265.00	3265.00	3266.00	3266.00	3266.00	3266.00	3266.00	3266.00	3266.00	3266.00	3267.00	3267.00	3267.00	3267.00	3267.00	3267.00	3267.00	3267.00	3268.00	3268.00	3268.00	3268.00	3268.00	3268.00	3268.00	3268.00	3268.00	3268.00	3268.00	3268.00	3269.00	3269.00	3269.00	3269.00	3269.00	3269.00	3269.00	3269.00	3269.00	3269.00	3269.00	3269.00	3269.00	3269.00	3269.00	3270.00	3270.00	3270.00	3270.00	3270.00	3270.00	3270.00	3270.00	3270.00	3270.00	3270.00	3270.00	3271.00	3271.00	3271.00	3271.00	3271.00	3271.00	3271.00	3271.00	3271.00	3271.00	3271.00	3271.00	3271.00	3271.00	3271.00	3271.00	3272.00	3272.00	3272.00	3272.00	3272.00	3272.00	3272.00	3272.00	3272.00	3272.00	3272.00	3272.00	3273.00	3273.00	3273.00	3273.00	3273.00	3273.00	3273.00	3274.00	3274.00	3274.00	3274.00	3274.00	3274.00	3274.00	3274.00	3274.00	3274.00	3274.00	3274.00	3274.00	3275.00	3275.00	3275.00	3275.00	3275.00	3275.00	3275.00	3275.00	3275.00	3275.00	3276.00
3251.00	3251.00	3251.00	3251.00	3251.00	3252.00	3252.00	3252.00	3252.00	3252.00	3252.00	3252.00	3252.00	3252.00	3252.00	3252.00	3252.00	3252.00	3252.00	3252.00	3252.00	3252.00	3252.00	3253.00	3253.00	3253.00	3253.00	3253.00	3253.00	3253.00	3253.00	3253.00	3253.00	3253.00	3254.00	3254.00	3254.00	3254.00	3254.00	3254.00	3254.00	3254.00	3254.00	3254.00	3254.00	3254.00	3255.00	3255.00	3255.00	3255.00	3255.00	3255.00	3255.00	3255.00	3255.00	3255.00	3256.00	3256.00	3256.00	3256.00	3256.00	3256.00	3256.00	3256.00	3256.00	3256.00	3256.00	3256.00	3257.00	3257.00	3257.00	3257.00	3257.00	3257.00	3257.00	3257.00	3257.00	3257.00	3257.00	3257.00	3258.00	3258.00	3258.00	3258.00	3258.00	3258.00	3258.00	3258.00	3258.00	3258.00	3258.00	3258.00	3259.00	3259.00	3259.00	3259.00	3259.00	3259.00	3259.00	3259.00	3259.00	3260.00	3260.00	3260.00	3260.00	3260.00	3260.00	3260.00	3261.00	3261.00	3261.00	3261.00	3261.00	3261.00	3262.00	3262.00	3262.00	3262.00	3262.00	3262.00	3263.00	3263.00	3263.00	3263.00	3263.00	3263.00	3264.00	3264.00	3264.00	3264.00	3264.00	3264.00	3264.00	3265.00	3265.00	3265.00	3265.00	3265.00	3265.00	3265.00	3265.00	3265.00	3266.00	3266.00	3266.00	3266.00	3266.00	3266.00	3266.00	3266.00	3267.00	3267.00	3267.00	3267.00	3267.00	3267.00	3267.00	3267.00	3268.00	3268.00	3268.00	3268.00	3268.00	3268.00	3268.00	3268.00	3268.00	3268.00	3268.00	3268.00	3269.00	3269.00	3269.00	3269.00	3269.00	3269.00	3269.00	3269.00	3269.00	3269.00	3269.00	3269.00	3269.00	3269.00	3269.00	3270.00	3270.00	3270.00	3270.00	3270.00	3270.00	3270.00	3270.00	3270.00	3270.00	3270.00	3270.00	3271.00	3271.00	3271.00	3271.00	3271.00	3271.00	3271.00	3271.00	3271.00	3271.00	3271.00	3271.00	3271.00	3271.00	3271.00	3271.00	3272.00	3272.00	3272.00	3272.00	3272.00	3272.00	3272.00	3272.00	3272.00	3272.00	3272.00	3272.00	3273.00	3273.00	3273.00	3273.00	3273.00	3273.00	3273.00	3274.00	3274.00	3274.00	3274.00	3274.00	3274.00	3274.00	3274.00	3274.00	3274.00	3274.00	3274.00	3274.00	3275.00	3275.00	3275.00	3275.00	3275.00	3275.00	3275.00	3275.00	3275.00	3275.00	3276.00
3251.00	3251.00	3251.00	3251.00	3251.00	3252.00	3252.00	3252.00	3252.00	3252.00	3252.00	3252.00	3252.00	3252.00	3252.00	3252.00	3252.00	3252.00	3252.00	3252.00	3252.00	3252.00	3252.00	3253.00	3253.00	3253.00	3253.00	3253.00	3253.00	3253.00	3253.00	3253.00	3253.00	3253.00	3254.00	3254.00	3254.00	3254.00	3254.00	3254.00	3254.00	3254.00	3254.00	3254.00	3254.00	3254.00	3255.00	3255.00	3255.00	3255.00	3255.00	3255.00	3255.00	3255.00	3255.00	3255.00	3256.00	3256.00	3256.00	3256.00	3256.00	3256.00	3256.00	3256.00	3256.00	3256.00	3256.00	3256.00	3257.00	3257.00	3257.00	3257.00	3257.00	3257.00	3257.00	3257.00	3257.00	3257.00	3257.00	3257.00	3258.00	3258.00	3258.00	3258.00	3258.00	3258.00	3258.00	3258.00	3258.00	3258.00	3258.00	3258.00	3259.00	3259.00	3259.00	3259.00	3259.00	3259.00	3259.00	3259.00	3259.00	3260.00	3260.00	3260.00	3260.00	3260.00	3260.00	3260.00	3261.00	3261.00	3261.00	3261.00	3261.00	3261.00	3262.00	3262.00	3262.00	3262.00	3262.00	3262.00	3263.00	3263.00	3263.00	3263.00	3263.00	3263.00	3264.00	3264.00	3264.00	3264.00	3264.00	3264.00	3264.00	3265.00	3265.00	3265.00	3265.00	3265.00	3265.00	3265.00	3265.00	3265.00	3266.00	3266.00	3266.00	3266.00	3266.00	3266.00	3266.00	3266.00	3267.00	3267.00	3267.00	3267.00	3267.00	3267.00	3267.00	3267.00	3268.00	3268.00	3268.00	3268.00	3268.00	3268.00	3268.00	3268.00	3268.00	3268.00	3268.00	3268.00	3269.00	3269.00	3269.00	3269.00	3269.00	3269.00	3269.00	3269.00	3269.00	3269.00	3269.00	3269.00	3269.00	3269.00	3269.00	3270.00	3270.00	3270.00	3270.00	3270.00	3270.00	3270.00	3270.00	3270.00	3270.00	3270.00	3270.00	3271.00	3271.00	3271.00	3271.00	3271.00	3271.00	3271.00	3271.00	3271.00	3271.00	3271.00	3271.00	3271.00	3271.00	3271.00	3271.00	3272.00	3272.00	3272.00	3272.00	3272.00	3272.00	3272.00	3272.00	3272.00	3272.00	3272.00	3272.00	3273.00	3273.00	3273.00	3273.00	3273.00	3273.00	3273.00	3274.00	3274.00	3274.00	3274.00	3274.00	3274.00	3274.00	3274.00	3274.00	3274.00	3274.00	3274.00	3274.00	3275.00	3275.00	3275.00	3275.00	3275.00	3275.00	3275.00	3275.00	3275.00	3275.00	3276.00
3251.00	3251.00	3251.00	3251.00	3251.00	3252.00	3252.00	3252.00	3252.00	3252.00	3252.00	3252.00	3252.00	3252.00	3252.00	3252.00	3252.00	3252.00	3252.00	3252.00	3252.00	3252.00	3252.00	3253.00	3253.00	3253.00	3253.00	3253.00	3253.00	3253.00	3253.00	3253.00	3253.00	3253.00	3254.00	3254.00	3254.00	3254.00	3254.00	3254.00	3254.00	3254.00	3254.00	3254.00	3254.00	3254.00	3255.00	3255.00	3255.00	3255.00	3255.00	3255.00	3255.00	3255.00	3255.00	3255.00	3256.00	3256.00	3256.00	3256.00	3256.00	3256.00	3256.00	3256.00	3256.00	3256.00	3256.00	3256.00	3257.00	3257.00	3257.00	3257.00	3257.00	3257.00	3257.00	3257.00	3257.00	3257.00	3257.00	3257.00	3258.00	3258.00	3258.00	3258.00	3258.00	3258.00	3258.00	3258.00	3258.00	3258.00	3258.00	3258.00	3259.00	3259.00	3259.00	3259.00	3259.00	3259.00	3259.00	3259.00	3259.00	3260.00	3260.00	3260.00	3260.00	3260.00	3260.00	3260.00	3261.00	3261.00	3261.00	3261.00	3261.00	3261.00	3262.00	3262.00	3262.00	3262.00	3262.00	3262.00	3263.00	3263.00	3263.00	3263.00	3263.00	3263.00	3264.00	3264.00	3264.00	3264.00	3264.00	3264.00	3264.00	3265.00	3265.00	3265.00	3265.00	3265.00	3265.00	3265.00	3265.00	3265.00	3266.00	3266.00	3266.00	3266.00	3266.00	3266.00	3266.00	3266.00	3267.00	3267.00	3267.00	3267.00	3267.00	3267.00	3267.00	3267.00	3268.00	3268.00	3268.00	3268.00	3268.00	3268.00	3268.00	3268.00	3268.00	3268.00	3268.00	3268.00	3269.00	3269.00	3269.00	3269.00	3269.00	3269.00	3269.00	3269.00	3269.00	3269.00	3269.00	3269.00	3269.00	3269.00	3269.00	3270.00	3270.00	3270.00	3270.00	3270.00	3270.00	3270.00	3270.00	3270.00	3270.00	3270.00	3270.00	3271.00	3271.00	3271.00	3271.00	3271.00	3271.00	3271.00	3271.00	3271.00	3271.00	3271.00	3271.00	3271.00	3271.00	3271.00	3271.00	3272.00	3272.00	3272.00	3272.00	3272.00	3272.00	3272.00	3272.00	3272.00	3272.00	3272.00	3272.00	3273.00	3273.00	3273.00	3273.00	3273.00	3273.00	3273.00	3274.00	3274.00	3274.00	3274.00	3274.00	3274.00	3274.00	3274.00	3274.00	3274.00	3274.00	3274.00	3274.00	3275.00	3275.00	3275.00	3275.00	3275.00	3275.00	3275.00	3275.00	3275.00	3275.00	3276.00
3251.00	3251.00	3251.00	3251.00	3251.00	3252.00	3252.00	3252.00	3252.00	3252.00	3252.00	3252.00	3252.00	3252.00	3252.00	3252.00	3252.00	3252.00	3252.00	3252.00	3252.00	3252.00	3252.00	3253.00	3253.00	3253.00	3253.00	3253.00	3253.00	3253.00	3253.00	3253.00	3253.00	3253.00	3254.00	3254.00	3254.00	3254.00	3254.00	3254.00	3254.00	3254.00	3254.00	3254.00	3254.00	3254.00	3255.00	3255.00	3255.00	3255.00	3255.00	3255.00	3255.00	3255.00	3255.00	3255.00	3256.00	3256.00	3256.00	3256.00	3256.00	3256.00	3256.00	3256.00	3256.00	3256.00	3256.00	3256.00	3257.00	3257.00	3257.00	3257.00	3257.00	3257.00	3257.00	3257.00	3257.00	3257.00	3257.00	3257.00	3258.00	3258.00	3258.00	3258.00	3258.00	3258.00	3258.00	3258.00	3258.00	3258.00	3258.00	3258.00	3259.00	3259.00	3259.00	3259.00	3259.00	3259.00	3259.00	3259.00	3259.00	3260.00	3260.00	3260.00	3260.00	3260.00	3260.00	3260.00	3261.00	3261.00	3261.00	3261.00	3261.00	3261.00	3262.00	3262.00	3262.00	3262.00	3262.00	3262.00	3263.00	3263.00	3263.00	3263.00	3263.00	3263.00	3264.00	3264.00	3264.00	3264.00	3264.00	3264.00	3264.00	3265.00	3265.00	3265.00	3265.00	3265.00	3265.00	3265.00	3265.00	3265.00	3266.00	3266.00	3266.00	3266.00	3266.00	3266.00	3266.00	3266.00	3267.00	3267.00	3267.00	3267.00	3267.00	3267.00	3267.00	3267.00	3268.00	3268.00	3268.00	3268.00	3268.00	3268.00	3268.00	3268.00	3268.00	3268.00	3268.00	3268.00	3269.00	3269.00	3269.00	3269.00	3269.00	3269.00	3269.00	3269.00	3269.00	3269.00	3269.00	3269.00	3269.00	3269.00	3269.00	3270.00	3270.00	3270.00	3270.00	3270.00	3270.00	3270.00	3270.00	3270.00	3270.00	3270.00	3270.00	3271.00	3271.00	3271.00	3271.00	3271.00	3271.00	3271.00	3271.00	3271.00	3271.00	3271.00	3271.00	3271.00	3271.00	3271.00	3271.00	3272.00	3272.00	3272.00	3272.00	3272.00	3272.00	3272.00	3272.00	3272.00	3272.00	3272.00	3272.00	3273.00	3273.00	3273.00	3273.00	3273.00	3273.00	3273.00	3274.00	3274.00	3274.00	3274.00	3274.00	3274.00	3274.00	3274.00	3274.00	3274.00	3274.00	3274.00	3274.00	3275.00	3275.00	3275.00	3275.00	3275.00	3275.00	3275.00	3275.00	3275.00	3275.00	3276.00
3251.00	3251.00	3251.00	3251.00	3251.00	3252.00	3252.00	3252.00	3252.00	3252.00	3252.00	3252.00	3252.00	3252.00	3252.00	3252.00	3252.00	3252.00	3252.00	3252.00	3252.00	3252.00	3252.00	3253.00	3253.00	3253.00	3253.00	3253.00	3253.00	3253.00	3253.00	3253.00	3253.00	3253.00	3254.00	3254.00	3254.00	3254.00	3254.00	3254.00	3254.00	3254.00	3254.00	3254.00	3254.00	3254.00	3255.00	3255.00	3255.00	3255.00	3255.00	3255.00	3255.00	3255.00	3255.00	3255.00	3256.00	3256.00	3256.00	3256.00	3256.00	3256.00	3256.00	3256.00	3256.00	3256.00	3256.00	3256.00	3257.00	3257.00	3257.00	3257.00	3257.00	3257.00	3257.00	3257.00	3257.00	3257.00	3257.00	3257.00	3258.00	3258.00	3258.00	3258.00	3258.00	3258.00	3258.00	3258.00	3258.00	3258.00	3258.00	3258.00	3259.00	3259.00	3259.00	3259.00	3259.00	3259.00	3259.00	3259.00	3259.00	3260.00	3260.00	3260.00	3260.00	3260.00	3260.00	3260.00	3261.00	3261.00	3261.00	3261.00	3261.00	3261.00	3262.00	3262.00	3262.00	3262.00	3262.00	3262.00	3263.00	3263.00	3263.00	3263.00	3263.00	3263.00	3264.00	3264.00	3264.00	3264.00	3264.00	3264.00	3264.00	3265.00	3265.00	3265.00	3265.00	3265.00	3265.00	3265.00	3265.00	3265.00	3266.00	3266.00	3266.00	3266.00	3266.00	3266.00	3266.00	3266.00	3267.00	3267.00	3267.00	3267.00	3267.00	3267.00	3267.00	3267.00	3268.00	3268.00	3268.00	3268.00	3268.00	3268.00	3268.00	3268.00	3268.00	3268.00	3268.00	3268.00	3269.00	3269.00	3269.00	3269.00	3269.00	3269.00	3269.00	3269.00	3269.00	3269.00	3269.00	3269.00	3269.00	3269.00	3269.00	3270.00	3270.00	3270.00	3270.00	3270.00	3270.00	3270.00	3270.00	3270.00	3270.00	3270.00	3270.00	3271.00	3271.00	3271.00	3271.00	3271.00	3271.00	3271.00	3271.00	3271.00	3271.00	3271.00	3271.00	3271.00	3271.00	3271.00	3271.00	3272.00	3272.00	3272.00	3272.00	3272.00	3272.00	3272.00	3272.00	3272.00	3272.00	3272.00	3272.00	3273.00	3273.00	3273.00	3273.00	3273.00	3273.00	3273.00	3274.00	3274.00	3274.00	3274.00	3274.00	3274.00	3274.00	3274.00	3274.00	3274.00	3274.00	3274.00	3274.00	3275.00	3275.00	3275.00	3275.00	3275.00	3275.00	3275.00	3275.00	3275.00	3275.00	3276.00
3251.00	3251.00	3251.00	3251.00	3251.00	3252.00	3252.00	3252.00	3252.00	3252.00	3252.00	3252.00	3252.00	3252.00	3252.00	3252.00	3252.00	3252.00	3252.00	3252.00	3252.00	3252.00	3252.00	3253.00	3253.00	3253.00	3253.00	3253.00	3253.00	3253.00	3253.00	3253.00	3253.00	3253.00	3254.00	3254.00	3254.00	3254.00	3254.00	3254.00	3254.00	3254.00	3254.00	3254.00	3254.00	3254.00	3255.00	3255.00	3255.00	3255.00	3255.00	3255.00	3255.00	3255.00	3255.00	3255.00	3256.00	3256.00	3256.00	3256.00	3256.00	3256.00	3256.00	3256.00	3256.00	3256.00	3256.00	3256.00	3257.00	3257.00	3257.00	3257.00	3257.00	3257.00	3257.00	3257.00	3257.00	3257.00	3257.00	3257.00	3258.00	3258.00	3258.00	3258.00	3258.00	3258.00	3258.00	3258.00	3258.00	3258.00	3258.00	3258.00	3259.00	3259.00	3259.00	3259.00	3259.00	3259.00	3259.00	3259.00	3259.00	3260.00	3260.00	3260.00	3260.00	3260.00	3260.00	3260.00	3261.00	3261.00	3261.00	3261.00	3261.00	3261.00	3262.00	3262.00	3262.00	3262.00	3262.00	3262.00	3263.00	3263.00	3263.00	3263.00	3263.00	3263.00	3264.00	3264.00	3264.00	3264.00	3264.00	3264.00	3264.00	3265.00	3265.00	3265.00	3265.00	3265.00	3265.00	3265.00	3265.00	3265.00	3266.00	3266.00	3266.00	3266.00	3266.00	3266.00	3266.00	3266.00	3267.00	3267.00	3267.00	3267.00	3267.00	3267.00	3267.00	3267.00	3268.00	3268.00	3268.00	3268.00	3268.00	3268.00	3268.00	3268.00	3268.00	3268.00	3268.00	3268.00	3269.00	3269.00	3269.00	3269.00	3269.00	3269.00	3269.00	3269.00	3269.00	3269.00	3269.00	3269.00	3269.00	3269.00	3269.00	3270.00	3270.00	3270.00	3270.00	3270.00	3270.00	3270.00	3270.00	3270.00	3270.00	3270.00	3270.00	3271.00	3271.00	3271.00	3271.00	3271.00	3271.00	3271.00	3271.00	3271.00	3271.00	3271.00	3271.00	3271.00	3271.00	3271.00	3271.00	3272.00	3272.00	3272.00	3272.00	3272.00	3272.00	3272.00	3272.00	3272.00	3272.00	3272.00	3272.00	3273.00	3273.00	3273.00	3273.00	3273.00	3273.00	3273.00	3274.00	3274.00	3274.00	3274.00	3274.00	3274.00	3274.00	3274.00	3274.00	3274.00	3274.00	3274.00	3274.00	3275.00	3275.00	3275.00	3275.00	3275.00	3275.00	3275.00	3275.00	3275.00	3275.00	3276.00
3251.00	3251.00	3251.00	3251.00	3251.00	3252.00	3252.00	3252.00	3252.00	3252.00	3252.00	3252.00	3252.00	3252.00	3252.00	3252.00	3252.00	3252.00	3252.00	3252.00	3252.00	3252.00	3252.00	3253.00	3253.00	3253.00	3253.00	3253.00	3253.00	3253.00	3253.00	3253.00	3253.00	3253.00	3254.00	3254.00	3254.00	3254.00	3254.00	3254.00	3254.00	3254.00	3254.00	3254.00	3254.00	3254.00	3255.00	3255.00	3255.00	3255.00	3255.00	3255.00	3255.00	3255.00	3255.00	3255.00	3256.00	3256.00	3256.00	3256.00	3256.00	3256.00	3256.00	3256.00	3256.00	3256.00	3256.00	3256.00	3257.00	3257.00	3257.00	3257.00	3257.00	3257.00	3257.00	3257.00	3257.00	3257.00	3257.00	3257.00	3258.00	3258.00	3258.00	3258.00	3258.00	3258.00	3258.00	3258.00	3258.00	3258.00	3258.00	3258.00	3259.00	3259.00	3259.00	3259.00	3259.00	3259.00	3259.00	3259.00	3259.00	3260.00	3260.00	3260.00	3260.00	3260.00	3260.00	3260.00	3261.00	3261.00	3261.00	3261.00	3261.00	3261.00	3262.00	3262.00	3262.00	3262.00	3262.00	3262.00	3263.00	3263.00	3263.00	3263.00	3263.00	3263.00	3264.00	3264.00	3264.00	3264.00	3264.00	3264.00	3264.00	3265.00	3265.00	3265.00	3265.00	3265.00	3265.00	3265.00	3265.00	3265.00	3266.00	3266.00	3266.00	3266.00	3266.00	3266.00	3266.00	3266.00	3267.00	3267.00	3267.00	3267.00	3267.00	3267.00	3267.00	3267.00	3268.00	3268.00	3268.00	3268.00	3268.00	3268.00	3268.00	3268.00	3268.00	3268.00	3268.00	3268.00	3269.00	3269.00	3269.00	3269.00	3269.00	3269.00	3269.00	3269.00	3269.00	3269.00	3269.00	3269.00	3269.00	3269.00	3269.00	3270.00	3270.00	3270.00	3270.00	3270.00	3270.00	3270.00	3270.00	3270.00	3270.00	3270.00	3270.00	3271.00	3271.00	3271.00	3271.00	3271.00	3271.00	3271.00	3271.00	3271.00	3271.00	3271.00	3271.00	3271.00	3271.00	3271.00	3271.00	3272.00	3272.00	3272.00	3272.00	3272.00	3272.00	3272.00	3272.00	3272.00	3272.00	3272.00	3272.00	3273.00	3273.00	3273.00	3273.00	3273.00	3273.00	3273.00	3274.00	3274.00	3274.00	3274.00	3274.00	3274.00	3274.00	3274.00	3274.00	3274.00	3274.00	3274.00	3274.00	3275.00	3275.00	3275.00	3275.00	3275.00	3275.00	3275.00	3275.00	3275.00	3275.00	3276.00
3251.00	3251.00	3251.00	3251.00	3251.00	3252.00	3252.00	3252.00	3252.00	3252.00	3252.00	3252.00	3252.00	3252.00	3252.00	3252.00	3252.00	3252.00	3252.00	3252.00	3252.00	3252.00	3252.00	3253.00	3253.00	3253.00	3253.00	3253.00	3253.00	3253.00	3253.00	3253.00	3253.00	3253.00	3254.00	3254.00	3254.00	3254.00	3254.00	3254.00	3254.00	3254.00	3254.00	3254.00	3254.00	3254.00	3255.00	3255.00	3255.00	3255.00	3255.00	3255.00	3255.00	3255.00	3255.00	3255.00	3256.00	3256.00	3256.00	3256.00	3256.00	3256.00	3256.00	3256.00	3256.00	3256.00	3256.00	3256.00	3257.00	3257.00	3257.00	3257.00	3257.00	3257.00	3257.00	3257.00	3257.00	3257.00	3257.00	3257.00	3258.00	3258.00	3258.00	3258.00	3258.00	3258.00	3258.00	3258.00	3258.00	3258.00	3258.00	3258.00	3259.00	3259.00	3259.00	3259.00	3259.00	3259.00	3259.00	3259.00	3259.00	3260.00	3260.00	3260.00	3260.00	3260.00	3260.00	3260.00	3261.00	3261.00	3261.00	3261.00	3261.00	3261.00	3262.00	3262.00	3262.00	3262.00	3262.00	3262.00	3263.00	3263.00	3263.00	3263.00	3263.00	3263.00	3264.00	3264.00	3264.00	3264.00	3264.00	3264.00	3264.00	3265.00	3265.00	3265.00	3265.00	3265.00	3265.00	3265.00	3265.00	3265.00	3266.00	3266.00	3266.00	3266.00	3266.00	3266.00	3266.00	3266.00	3267.00	3267.00	3267.00	3267.00	3267.00	3267.00	3267.00	3267.00	3268.00	3268.00	3268.00	3268.00	3268.00	3268.00	3268.00	3268.00	3268.00	3268.00	3268.00	3268.00	3269.00	3269.00	3269.00	3269.00	3269.00	3269.00	3269.00	3269.00	3269.00	3269.00	3269.00	3269.00	3269.00	3269.00	3269.00	3270.00	3270.00	3270.00	3270.00	3270.00	3270.00	3270.00	3270.00	3270.00	3270.00	3270.00	3270.00	3271.00	3271.00	3271.00	3271.00	3271.00	3271.00	3271.00	3271.00	3271.00	3271.00	3271.00	3271.00	3271.00	3271.00	3271.00	3271.00	3272.00	3272.00	3272.00	3272.00	3272.00	3272.00	3272.00	3272.00	3272.00	3272.00	3272.00	3272.00	3273.00	3273.00	3273.00	3273.00	3273.00	3273.00	3273.00	3274.00	3274.00	3274.00	3274.00	3274.00	3274.00	3274.00	3274.00	3274.00	3274.00	3274.00	3274.00	3274.00	3275.00	3275.00	3275.00	3275.00	3275.00	3275.00	3275.00	3275.00	3275.00	3275.00	3276.00
3251.00	3251.00	3251.00	3251.00	3251.00	3252.00	3252.00	3252.00	3252.00	3252.00	3252.00	3252.00	3252.00	3252.00	3252.00	3252.00	3252.00	3252.00	3252.00	3252.00	3252.00	3252.00	3252.00	3253.00	3253.00	3253.00	3253.00	3253.00	3253.00	3253.00	3253.00	3253.00	3253.00	3253.00	3254.00	3254.00	3254.00	3254.00	3254.00	3254.00	3254.00	3254.00	3254.00	3254.00	3254.00	3254.00	3255.00	3255.00	3255.00	3255.00	3255.00	3255.00	3255.00	3255.00	3255.00	3255.00	3256.00	3256.00	3256.00	3256.00	3256.00	3256.00	3256.00	3256.00	3256.00	3256.00	3256.00	3256.00	3257.00	3257.00	3257.00	3257.00	3257.00	3257.00	3257.00	3257.00	3257.00	3257.00	3257.00	3257.00	3258.00	3258.00	3258.00	3258.00	3258.00	3258.00	3258.00	3258.00	3258.00	3258.00	3258.00	3258.00	3259.00	3259.00	3259.00	3259.00	3259.00	3259.00	3259.00	3259.00	3259.00	3260.00	3260.00	3260.00	3260.00	3260.00	3260.00	3260.00	3261.00	3261.00	3261.00	3261.00	3261.00	3261.00	3262.00	3262.00	3262.00	3262.00	3262.00	3262.00	3263.00	3263.00	3263.00	3263.00	3263.00	3263.00	3264.00	3264.00	3264.00	3264.00	3264.00	3264.00	3264.00	3265.00	3265.00	3265.00	3265.00	3265.00	3265.00	3265.00	3265.00	3265.00	3266.00	3266.00	3266.00	3266.00	3266.00	3266.00	3266.00	3266.00	3267.00	3267.00	3267.00	3267.00	3267.00	3267.00	3267.00	3267.00	3268.00	3268.00	3268.00	3268.00	3268.00	3268.00	3268.00	3268.00	3268.00	3268.00	3268.00	3268.00	3269.00	3269.00	3269.00	3269.00	3269.00	3269.00	3269.00	3269.00	3269.00	3269.00	3269.00	3269.00	3269.00	3269.00	3269.00	3270.00	3270.00	3270.00	3270.00	3270.00	3270.00	3270.00	3270.00	3270.00	3270.00	3270.00	3270.00	3271.00	3271.00	3271.00	3271.00	3271.00	3271.00	3271.00	3271.00	3271.00	3271.00	3271.00	3271.00	3271.00	3271.00	3271.00	3271.00	3272.00	3272.00	3272.00	3272.00	3272.00	3272.00	3272.00	3272.00	3272.00	3272.00	3272.00	3272.00	3273.00	3273.00	3273.00	3273.00	3273.00	3273.00	3273.00	3274.00	3274.00	3274.00	3274.00	3274.00	3274.00	3274.00	3274.00	3274.00	3274.00	3274.00	3274.00	3274.00	3275.00	3275.00	3275.00	3275.00	3275.00	3275.00	3275.00	3275.00	3275.00	3275.00	3276.00
3251.00	3251.00	3251.00	3251.00	3251.00	3252.00	3252.00	3252.00	3252.00	3252.00	3252.00	3252.00	3252.00	3252.00	3252.00	3252.00	3252.00	3252.00	3252.00	3252.00	3252.00	3252.00	3252.00	3253.00	3253.00	3253.00	3253.00	3253.00	3253.00	3253.00	3253.00	3253.00	3253.00	3253.00	3254.00	3254.00	3254.00	3254.00	3254.00	3254.00	3254.00	3254.00	3254.00	3254.00	3254.00	3254.00	3255.00	3255.00	3255.00	3255.00	3255.00	3255.00	3255.00	3255.00	3255.00	3255.00	3256.00	3256.00	3256.00	3256.00	3256.00	3256.00	3256.00	3256.00	3256.00	3256.00	3256.00	3256.00	3257.00	3257.00	3257.00	3257.00	3257.00	3257.00	3257.00	3257.00	3257.00	3257.00	3257.00	3257.00	3258.00	3258.00	3258.00	3258.00	3258.00	3258.00	3258.00	3258.00	3258.00	3258.00	3258.00	3258.00	3259.00	3259.00	3259.00	3259.00	3259.00	3259.00	3259.00	3259.00	3259.00	3260.00	3260.00	3260.00	3260.00	3260.00	3260.00	3260.00	3261.00	3261.00	3261.00	3261.00	3261.00	3261.00	3262.00	3262.00	3262.00	3262.00	3262.00	3262.00	3263.00	3263.00	3263.00	3263.00	3263.00	3263.00	3264.00	3264.00	3264.00	3264.00	3264.00	3264.00	3264.00	3265.00	3265.00	3265.00	3265.00	3265.00	3265.00	3265.00	3265.00	3265.00	3266.00	3266.00	3266.00	3266.00	3266.00	3266.00	3266.00	3266.00	3267.00	3267.00	3267.00	3267.00	3267.00	3267.00	3267.00	3267.00	3268.00	3268.00	3268.00	3268.00	3268.00	3268.00	3268.00	3268.00	3268.00	3268.00	3268.00	3268.00	3269.00	3269.00	3269.00	3269.00	3269.00	3269.00	3269.00	3269.00	3269.00	3269.00	3269.00	3269.00	3269.00	3269.00	3269.00	3270.00	3270.00	3270.00	3270.00	3270.00	3270.00	3270.00	3270.00	3270.00	3270.00	3270.00	3270.00	3271.00	3271.00	3271.00	3271.00	3271.00	3271.00	3271.00	3271.00	3271.00	3271.00	3271.00	3271.00	3271.00	3271.00	3271.00	3271.00	3272.00	3272.00	3272.00	3272.00	3272.00	3272.00	3272.00	3272.00	3272.00	3272.00	3272.00	3272.00	3273.00	3273.00	3273.00	3273.00	3273.00	3273.00	3273.00	3274.00	3274.00	3274.00	3274.00	3274.00	3274.00	3274.00	3274.00	3274.00	3274.00	3274.00	3274.00	3274.00	3275.00	3275.00	3275.00	3275.00	3275.00	3275.00	3275.00	3275.00	3275.00	3275.00	3276.00
3251.00	3251.00	3251.00	3251.00	3251.00	3252.00	3252.00	3252.00	3252.00	3252.00	3252.00	3252.00	3252.00	3252.00	3252.00	3252.00	3252.00	3252.00	3252.00	3252.00	3252.00	3252.00	3252.00	3253.00	3253.00	3253.00	3253.00	3253.00	3253.00	3253.00	3253.00	3253.00	3253.00	3253.00	3254.00	3254.00	3254.00	3254.00	3254.00	3254.00	3254.00	3254.00	3254.00	3254.00	3254.00	3254.00	3255.00	3255.00	3255.00	3255.00	3255.00	3255.00	3255.00	3255.00	3255.00	3255.00	3256.00	3256.00	3256.00	3256.00	3256.00	3256.00	3256.00	3256.00	3256.00	3256.00	3256.00	3256.00	3257.00	3257.00	3257.00	3257.00	3257.00	3257.00	3257.00	3257.00	3257.00	3257.00	3257.00	3257.00	3258.00	3258.00	3258.00	3258.00	3258.00	3258.00	3258.00	3258.00	3258.00	3258.00	3258.00	3258.00	3259.00	3259.00	3259.00	3259.00	3259.00	3259.00	3259.00	3259.00	3259.00	3260.00	3260.00	3260.00	3260.00	3260.00	3260.00	3260.00	3261.00	3261.00	3261.00	3261.00	3261.00	3261.00	3262.00	3262.00	3262.00	3262.00	3262.00	3262.00	3263.00	3263.00	3263.00	3263.00	3263.00	3263.00	3264.00	3264.00	3264.00	3264.00	3264.00	3264.00	3264.00	3265.00	3265.00	3265.00	3265.00	3265.00	3265.00	3265.00	3265.00	3265.00	3266.00	3266.00	3266.00	3266.00	3266.00	3266.00	3266.00	3266.00	3267.00	3267.00	3267.00	3267.00	3267.00	3267.00	3267.00	3267.00	3268.00	3268.00	3268.00	3268.00	3268.00	3268.00	3268.00	3268.00	3268.00	3268.00	3268.00	3268.00	3269.00	3269.00	3269.00	3269.00	3269.00	3269.00	3269.00	3269.00	3269.00	3269.00	3269.00	3269.00	3269.00	3269.00	3269.00	3270.00	3270.00	3270.00	3270.00	3270.00	3270.00	3270.00	3270.00	3270.00	3270.00	3270.00	3270.00	3271.00	3271.00	3271.00	3271.00	3271.00	3271.00	3271.00	3271.00	3271.00	3271.00	3271.00	3271.00	3271.00	3271.00	3271.00	3271.00	3272.00	3272.00	3272.00	3272.00	3272.00	3272.00	3272.00	3272.00	3272.00	3272.00	3272.00	3272.00	3273.00	3273.00	3273.00	3273.00	3273.00	3273.00	3273.00	3274.00	3274.00	3274.00	3274.00	3274.00	3274.00	3274.00	3274.00	3274.00	3274.00	3274.00	3274.00	3274.00	3275.00	3275.00	3275.00	3275.00	3275.00	3275.00	3275.00	3275.00	3275.00	3275.00	3276.00
3251.00	3251.00	3251.00	3251.00	3251.00	3251.00	3251.00	3251.00	3251.00	3251.00	3251.00	3251.00	3251.00	3251.00	3251.00	3251.00	3251.00	3251.00	3252.00	3252.00	3252.00	3252.00	3252.00	3252.00	3252.00	3252.00	3252.00	3252.00	3252.00	3252.00	3252.00	3252.00	3252.00	3252.00	3252.00	3252.00	3252.00	3253.00	3253.00	3253.00	3253.00	3253.00	3253.00	3253.00	3253.00	3253.00	3253.00	3254.00	3254.00	3254.00	3254.00	3254.00	3254.00	3254.00	3254.00	3254.00	3254.00	3254.00	3254.00	3255.00	3255.00	3255.00	3255.00	3255.00	3255.00	3255.00	3255.00	3255.00	3255.00	3255.00	3255.00	3256.00	3256.00	3256.00	3256.00	3256.00	3256.00	3256.00	3256.00	3256.00	3256.00	3256.00	3257.00	3257.00	3257.00	3257.00	3257.00	3257.00	3257.00	3258.00	3258.00	3258.00	3258.00	3258.00	3258.00	3258.00	3258.00	3258.00	3258.00	3259.00	3259.00	3259.00	3259.00	3259.00	3259.00	3260.00	3260.00	3260.00	3260.00	3260.00	3261.00	3261.00	3261.00	3261.00	3261.00	3261.00	3261.00	3262.00	3262.00	3262.00	3262.00	3262.00	3262.00	3263.00	3263.00	3263.00	3263.00	3263.00	3263.00	3263.00	3263.00	3264.00	3264.00	3264.00	3264.00	3264.00	3264.00	3264.00	3265.00	3265.00	3265.00	3265.00	3265.00	3265.00	3265.00	3265.00	3266.00	3266.00	3266.00	3266.00	3266.00	3266.00	3266.00	3266.00	3266.00	3267.00	3267.00	3267.00	3267.00	3267.00	3267.00	3267.00	3268.00	3268.00	3268.00	3268.00	3268.00	3268.00	3268.00	3268.00	3268.00	3268.00	3269.00	3269.00	3269.00	3269.00	3269.00	3269.00	3269.00	3269.00	3269.00	3269.00	3269.00	3270.00	3270.00	3270.00	3270.00	3270.00	3270.00	3270.00	3270.00	3270.00	3270.00	3270.00	3270.00	3271.00	3271.00	3271.00	3271.00	3271.00	3271.00	3271.00	3271.00	3271.00	3271.00	3271.00	3271.00	3271.00	3272.00	3272.00	3272.00	3272.00	3272.00	3272.00	3272.00	3272.00	3272.00	3272.00	3273.00	3273.00	3273.00	3273.00	3273.00	3273.00	3273.00	3273.00	3274.00	3274.00	3274.00	3274.00	3274.00	3274.00	3274.00	3274.00	3274.00	3274.00	3275.00	3275.00	3275.00	3275.00	3275.00	3275.00	3275.00	3275.00	3275.00	3275.00	3275.00	3276.00	3276.00	3276.00	3276.00	3276.00	3276.00	3276.00	3276.00	3276.00
3251.00	3251.00	3251.00	3251.00	3251.00	3251.00	3251.00	3251.00	3251.00	3251.00	3251.00	3251.00	3251.00	3251.00	3251.00	3251.00	3251.00	3251.00	3252.00	3252.00	3252.00	3252.00	3252.00	3252.00	3252.00	3252.00	3252.00	3252.00	3252.00	3252.00	3252.00	3252.00	3252.00	3252.00	3252.00	3252.00	3252.00	3253.00	3253.00	3253.00	3253.00	3253.00	3253.00	3253.00	3253.00	3253.00	3253.00	3254.00	3254.00	3254.00	3254.00	3254.00	3254.00	3254.00	3254.00	3254.00	3254.00	3254.00	3254.00	3255.00	3255.00	3255.00	3255.00	3255.00	3255.00	3255.00	3255.00	3255.00	3255.00	3255.00	3255.00	3256.00	3256.00	3256.00	3256.00	3256.00	3256.00	3256.00	3256.00	3256.00	3256.00	3256.00	3257.00	3257.00	3257.00	3257.00	3257.00	3257.00	3257.00	3258.00	3258.00	3258.00	3258.00	3258.00	3258.00	3258.00	3258.00	3258.00	3258.00	3259.00	3259.00	3259.00	3259.00	3259.00	3259.00	3260.00	3260.00	3260.00	3260.00	3260.00	3261.00	3261.00	3261.00	3261.00	3261.00	3261.00	3261.00	3262.00	3262.00	3262.00	3262.00	3262.00	3262.00	3263.00	3263.00	3263.00	3263.00	3263.00	3263.00	3263.00	3263.00	3264.00	3264.00	3264.00	3264.00	3264.00	3264.00	3264.00	3265.00	3265.00	3265.00	3265.00	3265.00	3265.00	3265.00	3265.00	3266.00	3266.00	3266.00	3266.00	3266.00	3266.00	3266.00	3266.00	3266.00	3267.00	3267.00	3267.00	3267.00	3267.00	3267.00	3267.00	3268.00	3268.00	3268.00	3268.00	3268.00	3268.00	3268.00	3268.00	3268.00	3268.00	3269.00	3269.00	3269.00	3269.00	3269.00	3269.00	3269.00	3269.00	3269.00	3269.00	3269.00	3270.00	3270.00	3270.00	3270.00	3270.00	3270.00	3270.00	3270.00	3270.00	3270.00	3270.00	3270.00	3271.00	3271.00	3271.00	3271.00	3271.00	3271.00	3271.00	3271.00	3271.00	3271.00	3271.00	3271.00	3271.00	3272.00	3272.00	3272.00	3272.00	3272.00	3272.00	3272.00	3272.00	3272.00	3272.00	3273.00	3273.00	3273.00	3273.00	3273.00	3273.00	3273.00	3273.00	3274.00	3274.00	3274.00	3274.00	3274.00	3274.00	3274.00	3274.00	3274.00	3274.00	3275.00	3275.00	3275.00	3275.00	3275.00	3275.00	3275.00	3275.00	3275.00	3275.00	3275.00	3276.00	3276.00	3276.00	3276.00	3276.00	3276.00	3276.00	3276.00	3276.00
3251.00	3251.00	3251.00	3251.00	3251.00	3251.00	3251.00	3251.00	3251.00	3251.00	3251.00	3251.00	3251.00	3251.00	3251.00	3251.00	3251.00	3251.00	3252.00	3252.00	3252.00	3252.00	3252.00	3252.00	3252.00	3252.00	3252.00	3252.00	3252.00	3252.00	3252.00	3252.00	3252.00	3252.00	3252.00	3252.00	3252.00	3253.00	3253.00	3253.00	3253.00	3253.00	3253.00	3253.00	3253.00	3253.00	3253.00	3254.00	3254.00	3254.00	3254.00	3254.00	3254.00	3254.00	3254.00	3254.00	3254.00	3254.00	3254.00	3255.00	3255.00	3255.00	3255.00	3255.00	3255.00	3255.00	3255.00	3255.00	3255.00	3255.00	3255.00	3256.00	3256.00	3256.00	3256.00	3256.00	3256.00	3256.00	3256.00	3256.00	3256.00	3256.00	3257.00	3257.00	3257.00	3257.00	3257.00	3257.00	3257.00	3258.00	3258.00	3258.00	3258.00	3258.00	3258.00	3258.00	3258.00	3258.00	3258.00	3259.00	3259.00	3259.00	3259.00	3259.00	3259.00	3260.00	3260.00	3260.00	3260.00	3260.00	3261.00	3261.00	3261.00	3261.00	3261.00	3261.00	3261.00	3262.00	3262.00	3262.00	3262.00	3262.00	3262.00	3263.00	3263.00	3263.00	3263.00	3263.00	3263.00	3263.00	3263.00	3264.00	3264.00	3264.00	3264.00	3264.00	3264.00	3264.00	3265.00	3265.00	3265.00	3265.00	3265.00	3265.00	3265.00	3265.00	3266.00	3266.00	3266.00	3266.00	3266.00	3266.00	3266.00	3266.00	3266.00	3267.00	3267.00	3267.00	3267.00	3267.00	3267.00	3267.00	3268.00	3268.00	3268.00	3268.00	3268.00	3268.00	3268.00	3268.00	3268.00	3268.00	3269.00	3269.00	3269.00	3269.00	3269.00	3269.00	3269.00	3269.00	3269.00	3269.00	3269.00	3270.00	3270.00	3270.00	3270.00	3270.00	3270.00	3270.00	3270.00	3270.00	3270.00	3270.00	3270.00	3271.00	3271.00	3271.00	3271.00	3271.00	3271.00	3271.00	3271.00	3271.00	3271.00	3271.00	3271.00	3271.00	3272.00	3272.00	3272.00	3272.00	3272.00	3272.00	3272.00	3272.00	3272.00	3272.00	3273.00	3273.00	3273.00	3273.00	3273.00	3273.00	3273.00	3273.00	3274.00	3274.00	3274.00	3274.00	3274.00	3274.00	3274.00	3274.00	3274.00	3274.00	3275.00	3275.00	3275.00	3275.00	3275.00	3275.00	3275.00	3275.00	3275.00	3275.00	3275.00	3276.00	3276.00	3276.00	3276.00	3276.00	3276.00	3276.00	3276.00	3276.00
3251.00	3251.00	3251.00	3251.00	3251.00	3251.00	3251.00	3251.00	3251.00	3251.00	3251.00	3251.00	3251.00	3251.00	3251.00	3251.00	3251.00	3251.00	3252.00	3252.00	3252.00	3252.00	3252.00	3252.00	3252.00	3252.00	3252.00	3252.00	3252.00	3252.00	3252.00	3252.00	3252.00	3252.00	3252.00	3252.00	3252.00	3253.00	3253.00	3253.00	3253.00	3253.00	3253.00	3253.00	3253.00	3253.00	3253.00	3254.00	3254.00	3254.00	3254.00	3254.00	3254.00	3254.00	3254.00	3254.00	3254.00	3254.00	3254.00	3255.00	3255.00	3255.00	3255.00	3255.00	3255.00	3255.00	3255.00	3255.00	3255.00	3255.00	3255.00	3256.00	3256.00	3256.00	3256.00	3256.00	3256.00	3256.00	3256.00	3256.00	3256.00	3256.00	3257.00	3257.00	3257.00	3257.00	3257.00	3257.00	3257.00	3258.00	3258.00	3258.00	3258.00	3258.00	3258.00	3258.00	3258.00	3258.00	3258.00	3259.00	3259.00	3259.00	3259.00	3259.00	3259.00	3260.00	3260.00	3260.00	3260.00	3260.00	3261.00	3261.00	3261.00	3261.00	3261.00	3261.00	3261.00	3262.00	3262.00	3262.00	3262.00	3262.00	3262.00	3263.00	3263.00	3263.00	3263.00	3263.00	3263.00	3263.00	3263.00	3264.00	3264.00	3264.00	3264.00	3264.00	3264.00	3264.00	3265.00	3265.00	3265.00	3265.00	3265.00	3265.00	3265.00	3265.00	3266.00	3266.00	3266.00	3266.00	3266.00	3266.00	3266.00	3266.00	3266.00	3267.00	3267.00	3267.00	3267.00	3267.00	3267.00	3267.00	3268.00	3268.00	3268.00	3268.00	3268.00	3268.00	3268.00	3268.00	3268.00	3268.00	3269.00	3269.00	3269.00	3269.00	3269.00	3269.00	3269.00	3269.00	3269.00	3269.00	3269.00	3270.00	3270.00	3270.00	3270.00	3270.00	3270.00	3270.00	3270.00	3270.00	3270.00	3270.00	3270.00	3271.00	3271.00	3271.00	3271.00	3271.00	3271.00	3271.00	3271.00	3271.00	3271.00	3271.00	3271.00	3271.00	3272.00	3272.00	3272.00	3272.00	3272.00	3272.00	3272.00	3272.00	3272.00	3272.00	3273.00	3273.00	3273.00	3273.00	3273.00	3273.00	3273.00	3273.00	3274.00	3274.00	3274.00	3274.00	3274.00	3274.00	3274.00	3274.00	3274.00	3274.00	3275.00	3275.00	3275.00	3275.00	3275.00	3275.00	3275.00	3275.00	3275.00	3275.00	3275.00	3276.00	3276.00	3276.00	3276.00	3276.00	3276.00	3276.00	3276.00	3276.00
3251.00	3251.00	3251.00	3251.00	3251.00	3251.00	3251.00	3251.00	3251.00	3251.00	3251.00	3251.00	3251.00	3251.00	3251.00	3251.00	3251.00	3251.00	3252.00	3252.00	3252.00	3252.00	3252.00	3252.00	3252.00	3252.00	3252.00	3252.00	3252.00	3252.00	3252.00	3252.00	3252.00	3252.00	3252.00	3252.00	3252.00	3253.00	3253.00	3253.00	3253.00	3253.00	3253.00	3253.00	3253.00	3253.00	3253.00	3254.00	3254.00	3254.00	3254.00	3254.00	3254.00	3254.00	3254.00	3254.00	3254.00	3254.00	3254.00	3255.00	3255.00	3255.00	3255.00	3255.00	3255.00	3255.00	3255.00	3255.00	3255.00	3255.00	3255.00	3256.00	3256.00	3256.00	3256.00	3256.00	3256.00	3256.00	3256.00	3256.00	3256.00	3256.00	3257.00	3257.00	3257.00	3257.00	3257.00	3257.00	3257.00	3258.00	3258.00	3258.00	3258.00	3258.00	3258.00	3258.00	3258.00	3258.00	3258.00	3259.00	3259.00	3259.00	3259.00	3259.00	3259.00	3260.00	3260.00	3260.00	3260.00	3260.00	3261.00	3261.00	3261.00	3261.00	3261.00	3261.00	3261.00	3262.00	3262.00	3262.00	3262.00	3262.00	3262.00	3263.00	3263.00	3263.00	3263.00	3263.00	3263.00	3263.00	3263.00	3264.00	3264.00	3264.00	3264.00	3264.00	3264.00	3264.00	3265.00	3265.00	3265.00	3265.00	3265.00	3265.00	3265.00	3265.00	3266.00	3266.00	3266.00	3266.00	3266.00	3266.00	3266.00	3266.00	3266.00	3267.00	3267.00	3267.00	3267.00	3267.00	3267.00	3267.00	3268.00	3268.00	3268.00	3268.00	3268.00	3268.00	3268.00	3268.00	3268.00	3268.00	3269.00	3269.00	3269.00	3269.00	3269.00	3269.00	3269.00	3269.00	3269.00	3269.00	3269.00	3270.00	3270.00	3270.00	3270.00	3270.00	3270.00	3270.00	3270.00	3270.00	3270.00	3270.00	3270.00	3271.00	3271.00	3271.00	3271.00	3271.00	3271.00	3271.00	3271.00	3271.00	3271.00	3271.00	3271.00	3271.00	3272.00	3272.00	3272.00	3272.00	3272.00	3272.00	3272.00	3272.00	3272.00	3272.00	3273.00	3273.00	3273.00	3273.00	3273.00	3273.00	3273.00	3273.00	3274.00	3274.00	3274.00	3274.00	3274.00	3274.00	3274.00	3274.00	3274.00	3274.00	3275.00	3275.00	3275.00	3275.00	3275.00	3275.00	3275.00	3275.00	3275.00	3275.00	3275.00	3276.00	3276.00	3276.00	3276.00	3276.00	3276.00	3276.00	3276.00	3276.00
3251.00	3251.00	3251.00	3251.00	3251.00	3251.00	3251.00	3251.00	3251.00	3251.00	3251.00	3251.00	3251.00	3251.00	3251.00	3251.00	3251.00	3251.00	3252.00	3252.00	3252.00	3252.00	3252.00	3252.00	3252.00	3252.00	3252.00	3252.00	3252.00	3252.00	3252.00	3252.00	3252.00	3252.00	3252.00	3252.00	3252.00	3253.00	3253.00	3253.00	3253.00	3253.00	3253.00	3253.00	3253.00	3253.00	3253.00	3254.00	3254.00	3254.00	3254.00	3254.00	3254.00	3254.00	3254.00	3254.00	3254.00	3254.00	3254.00	3255.00	3255.00	3255.00	3255.00	3255.00	3255.00	3255.00	3255.00	3255.00	3255.00	3255.00	3255.00	3256.00	3256.00	3256.00	3256.00	3256.00	3256.00	3256.00	3256.00	3256.00	3256.00	3256.00	3257.00	3257.00	3257.00	3257.00	3257.00	3257.00	3257.00	3258.00	3258.00	3258.00	3258.00	3258.00	3258.00	3258.00	3258.00	3258.00	3258.00	3259.00	3259.00	3259.00	3259.00	3259.00	3259.00	3260.00	3260.00	3260.00	3260.00	3260.00	3261.00	3261.00	3261.00	3261.00	3261.00	3261.00	3261.00	3262.00	3262.00	3262.00	3262.00	3262.00	3262.00	3263.00	3263.00	3263.00	3263.00	3263.00	3263.00	3263.00	3263.00	3264.00	3264.00	3264.00	3264.00	3264.00	3264.00	3264.00	3265.00	3265.00	3265.00	3265.00	3265.00	3265.00	3265.00	3265.00	3266.00	3266.00	3266.00	3266.00	3266.00	3266.00	3266.00	3266.00	3266.00	3267.00	3267.00	3267.00	3267.00	3267.00	3267.00	3267.00	3268.00	3268.00	3268.00	3268.00	3268.00	3268.00	3268.00	3268.00	3268.00	3268.00	3269.00	3269.00	3269.00	3269.00	3269.00	3269.00	3269.00	3269.00	3269.00	3269.00	3269.00	3270.00	3270.00	3270.00	3270.00	3270.00	3270.00	3270.00	3270.00	3270.00	3270.00	3270.00	3270.00	3271.00	3271.00	3271.00	3271.00	3271.00	3271.00	3271.00	3271.00	3271.00	3271.00	3271.00	3271.00	3271.00	3272.00	3272.00	3272.00	3272.00	3272.00	3272.00	3272.00	3272.00	3272.00	3272.00	3273.00	3273.00	3273.00	3273.00	3273.00	3273.00	3273.00	3273.00	3274.00	3274.00	3274.00	3274.00	3274.00	3274.00	3274.00	3274.00	3274.00	3274.00	3275.00	3275.00	3275.00	3275.00	3275.00	3275.00	3275.00	3275.00	3275.00	3275.00	3275.00	3276.00	3276.00	3276.00	3276.00	3276.00	3276.00	3276.00	3276.00	3276.00
3251.00	3251.00	3251.00	3251.00	3251.00	3251.00	3251.00	3251.00	3251.00	3251.00	3251.00	3251.00	3251.00	3251.00	3251.00	3251.00	3251.00	3251.00	3252.00	3252.00	3252.00	3252.00	3252.00	3252.00	3252.00	3252.00	3252.00	3252.00	3252.00	3252.00	3252.00	3252.00	3252.00	3252.00	3252.00	3252.00	3252.00	3253.00	3253.00	3253.00	3253.00	3253.00	3253.00	3253.00	3253.00	3253.00	3253.00	3254.00	3254.00	3254.00	3254.00	3254.00	3254.00	3254.00	3254.00	3254.00	3254.00	3254.00	3254.00	3255.00	3255.00	3255.00	3255.00	3255.00	3255.00	3255.00	3255.00	3255.00	3255.00	3255.00	3255.00	3256.00	3256.00	3256.00	3256.00	3256.00	3256.00	3256.00	3256.00	3256.00	3256.00	3256.00	3257.00	3257.00	3257.00	3257.00	3257.00	3257.00	3257.00	3258.00	3258.00	3258.00	3258.00	3258.00	3258.00	3258.00	3258.00	3258.00	3258.00	3259.00	3259.00	3259.00	3259.00	3259.00	3259.00	3260.00	3260.00	3260.00	3260.00	3260.00	3261.00	3261.00	3261.00	3261.00	3261.00	3261.00	3261.00	3262.00	3262.00	3262.00	3262.00	3262.00	3262.00	3263.00	3263.00	3263.00	3263.00	3263.00	3263.00	3263.00	3263.00	3264.00	3264.00	3264.00	3264.00	3264.00	3264.00	3264.00	3265.00	3265.00	3265.00	3265.00	3265.00	3265.00	3265.00	3265.00	3266.00	3266.00	3266.00	3266.00	3266.00	3266.00	3266.00	3266.00	3266.00	3267.00	3267.00	3267.00	3267.00	3267.00	3267.00	3267.00	3268.00	3268.00	3268.00	3268.00	3268.00	3268.00	3268.00	3268.00	3268.00	3268.00	3269.00	3269.00	3269.00	3269.00	3269.00	3269.00	3269.00	3269.00	3269.00	3269.00	3269.00	3270.00	3270.00	3270.00	3270.00	3270.00	3270.00	3270.00	3270.00	3270.00	3270.00	3270.00	3270.00	3271.00	3271.00	3271.00	3271.00	3271.00	3271.00	3271.00	3271.00	3271.00	3271.00	3271.00	3271.00	3271.00	3272.00	3272.00	3272.00	3272.00	3272.00	3272.00	3272.00	3272.00	3272.00	3272.00	3273.00	3273.00	3273.00	3273.00	3273.00	3273.00	3273.00	3273.00	3274.00	3274.00	3274.00	3274.00	3274.00	3274.00	3274.00	3274.00	3274.00	3274.00	3275.00	3275.00	3275.00	3275.00	3275.00	3275.00	3275.00	3275.00	3275.00	3275.00	3275.00	3276.00	3276.00	3276.00	3276.00	3276.00	3276.00	3276.00	3276.00	3276.00
3251.00	3251.00	3251.00	3251.00	3251.00	3251.00	3251.00	3251.00	3251.00	3251.00	3251.00	3251.00	3251.00	3251.00	3251.00	3251.00	3251.00	3251.00	3252.00	3252.00	3252.00	3252.00	3252.00	3252.00	3252.00	3252.00	3252.00	3252.00	3252.00	3252.00	3252.00	3252.00	3252.00	3252.00	3252.00	3252.00	3252.00	3253.00	3253.00	3253.00	3253.00	3253.00	3253.00	3253.00	3253.00	3253.00	3253.00	3254.00	3254.00	3254.00	3254.00	3254.00	3254.00	3254.00	3254.00	3254.00	3254.00	3254.00	3254.00	3255.00	3255.00	3255.00	3255.00	3255.00	3255.00	3255.00	3255.00	3255.00	3255.00	3255.00	3255.00	3256.00	3256.00	3256.00	3256.00	3256.00	3256.00	3256.00	3256.00	3256.00	3256.00	3256.00	3257.00	3257.00	3257.00	3257.00	3257.00	3257.00	3257.00	3258.00	3258.00	3258.00	3258.00	3258.00	3258.00	3258.00	3258.00	3258.00	3258.00	3259.00	3259.00	3259.00	3259.00	3259.00	3259.00	3260.00	3260.00	3260.00	3260.00	3260.00	3261.00	3261.00	3261.00	3261.00	3261.00	3261.00	3261.00	3262.00	3262.00	3262.00	3262.00	3262.00	3262.00	3263.00	3263.00	3263.00	3263.00	3263.00	3263.00	3263.00	3263.00	3264.00	3264.00	3264.00	3264.00	3264.00	3264.00	3264.00	3265.00	3265.00	3265.00	3265.00	3265.00	3265.00	3265.00	3265.00	3266.00	3266.00	3266.00	3266.00	3266.00	3266.00	3266.00	3266.00	3266.00	3267.00	3267.00	3267.00	3267.00	3267.00	3267.00	3267.00	3268.00	3268.00	3268.00	3268.00	3268.00	3268.00	3268.00	3268.00	3268.00	3268.00	3269.00	3269.00	3269.00	3269.00	3269.00	3269.00	3269.00	3269.00	3269.00	3269.00	3269.00	3270.00	3270.00	3270.00	3270.00	3270.00	3270.00	3270.00	3270.00	3270.00	3270.00	3270.00	3270.00	3271.00	3271.00	3271.00	3271.00	3271.00	3271.00	3271.00	3271.00	3271.00	3271.00	3271.00	3271.00	3271.00	3272.00	3272.00	3272.00	3272.00	3272.00	3272.00	3272.00	3272.00	3272.00	3272.00	3273.00	3273.00	3273.00	3273.00	3273.00	3273.00	3273.00	3273.00	3274.00	3274.00	3274.00	3274.00	3274.00	3274.00	3274.00	3274.00	3274.00	3274.00	3275.00	3275.00	3275.00	3275.00	3275.00	3275.00	3275.00	3275.00	3275.00	3275.00	3275.00	3276.00	3276.00	3276.00	3276.00	3276.00	3276.00	3276.00	3276.00	3276.00
3251.00	3251.00	3251.00	3251.00	3251.00	3251.00	3251.00	3251.00	3251.00	3251.00	3251.00	3251.00	3251.00	3251.00	3251.00	3251.00	3251.00	3251.00	3252.00	3252.00	3252.00	3252.00	3252.00	3252.00	3252.00	3252.00	3252.00	3252.00	3252.00	3252.00	3252.00	3252.00	3252.00	3252.00	3252.00	3252.00	3252.00	3253.00	3253.00	3253.00	3253.00	3253.00	3253.00	3253.00	3253.00	3253.00	3253.00	3254.00	3254.00	3254.00	3254.00	3254.00	3254.00	3254.00	3254.00	3254.00	3254.00	3254.00	3254.00	3255.00	3255.00	3255.00	3255.00	3255.00	3255.00	3255.00	3255.00	3255.00	3255.00	3255.00	3255.00	3256.00	3256.00	3256.00	3256.00	3256.00	3256.00	3256.00	3256.00	3256.00	3256.00	3256.00	3257.00	3257.00	3257.00	3257.00	3257.00	3257.00	3257.00	3258.00	3258.00	3258.00	3258.00	3258.00	3258.00	3258.00	3258.00	3258.00	3258.00	3259.00	3259.00	3259.00	3259.00	3259.00	3259.00	3260.00	3260.00	3260.00	3260.00	3260.00	3261.00	3261.00	3261.00	3261.00	3261.00	3261.00	3261.00	3262.00	3262.00	3262.00	3262.00	3262.00	3262.00	3263.00	3263.00	3263.00	3263.00	3263.00	3263.00	3263.00	3263.00	3264.00	3264.00	3264.00	3264.00	3264.00	3264.00	3264.00	3265.00	3265.00	3265.00	3265.00	3265.00	3265.00	3265.00	3265.00	3266.00	3266.00	3266.00	3266.00	3266.00	3266.00	3266.00	3266.00	3266.00	3267.00	3267.00	3267.00	3267.00	3267.00	3267.00	3267.00	3268.00	3268.00	3268.00	3268.00	3268.00	3268.00	3268.00	3268.00	3268.00	3268.00	3269.00	3269.00	3269.00	3269.00	3269.00	3269.00	3269.00	3269.00	3269.00	3269.00	3269.00	3270.00	3270.00	3270.00	3270.00	3270.00	3270.00	3270.00	3270.00	3270.00	3270.00	3270.00	3270.00	3271.00	3271.00	3271.00	3271.00	3271.00	3271.00	3271.00	3271.00	3271.00	3271.00	3271.00	3271.00	3271.00	3272.00	3272.00	3272.00	3272.00	3272.00	3272.00	3272.00	3272.00	3272.00	3272.00	3273.00	3273.00	3273.00	3273.00	3273.00	3273.00	3273.00	3273.00	3274.00	3274.00	3274.00	3274.00	3274.00	3274.00	3274.00	3274.00	3274.00	3274.00	3275.00	3275.00	3275.00	3275.00	3275.00	3275.00	3275.00	3275.00	3275.00	3275.00	3275.00	3276.00	3276.00	3276.00	3276.00	3276.00	3276.00	3276.00	3276.00	3276.00
3251.00	3251.00	3251.00	3251.00	3251.00	3251.00	3251.00	3251.00	3251.00	3251.00	3251.00	3251.00	3251.00	3251.00	3251.00	3251.00	3251.00	3251.00	3252.00	3252.00	3252.00	3252.00	3252.00	3252.00	3252.00	3252.00	3252.00	3252.00	3252.00	3252.00	3252.00	3252.00	3252.00	3252.00	3252.00	3252.00	3252.00	3253.00	3253.00	3253.00	3253.00	3253.00	3253.00	3253.00	3253.00	3253.00	3253.00	3254.00	3254.00	3254.00	3254.00	3254.00	3254.00	3254.00	3254.00	3254.00	3254.00	3254.00	3254.00	3255.00	3255.00	3255.00	3255.00	3255.00	3255.00	3255.00	3255.00	3255.00	3255.00	3255.00	3255.00	3256.00	3256.00	3256.00	3256.00	3256.00	3256.00	3256.00	3256.00	3256.00	3256.00	3256.00	3257.00	3257.00	3257.00	3257.00	3257.00	3257.00	3257.00	3258.00	3258.00	3258.00	3258.00	3258.00	3258.00	3258.00	3258.00	3258.00	3258.00	3259.00	3259.00	3259.00	3259.00	3259.00	3259.00	3260.00	3260.00	3260.00	3260.00	3260.00	3261.00	3261.00	3261.00	3261.00	3261.00	3261.00	3261.00	3262.00	3262.00	3262.00	3262.00	3262.00	3262.00	3263.00	3263.00	3263.00	3263.00	3263.00	3263.00	3263.00	3263.00	3264.00	3264.00	3264.00	3264.00	3264.00	3264.00	3264.00	3265.00	3265.00	3265.00	3265.00	3265.00	3265.00	3265.00	3265.00	3266.00	3266.00	3266.00	3266.00	3266.00	3266.00	3266.00	3266.00	3266.00	3267.00	3267.00	3267.00	3267.00	3267.00	3267.00	3267.00	3268.00	3268.00	3268.00	3268.00	3268.00	3268.00	3268.00	3268.00	3268.00	3268.00	3269.00	3269.00	3269.00	3269.00	3269.00	3269.00	3269.00	3269.00	3269.00	3269.00	3269.00	3270.00	3270.00	3270.00	3270.00	3270.00	3270.00	3270.00	3270.00	3270.00	3270.00	3270.00	3270.00	3271.00	3271.00	3271.00	3271.00	3271.00	3271.00	3271.00	3271.00	3271.00	3271.00	3271.00	3271.00	3271.00	3272.00	3272.00	3272.00	3272.00	3272.00	3272.00	3272.00	3272.00	3272.00	3272.00	3273.00	3273.00	3273.00	3273.00	3273.00	3273.00	3273.00	3273.00	3274.00	3274.00	3274.00	3274.00	3274.00	3274.00	3274.00	3274.00	3274.00	3274.00	3275.00	3275.00	3275.00	3275.00	3275.00	3275.00	3275.00	3275.00	3275.00	3275.00	3275.00	3276.00	3276.00	3276.00	3276.00	3276.00	3276.00	3276.00	3276.00	3276.00
3251.00	3251.00	3251.00	3251.00	3251.00	3251.00	3251.00	3251.00	3251.00	3251.00	3251.00	3251.00	3251.00	3251.00	3251.00	3251.00	3251.00	3251.00	3252.00	3252.00	3252.00	3252.00	3252.00	3252.00	3252.00	3252.00	3252.00	3252.00	3252.00	3252.00	3252.00	3252.00	3252.00	3252.00	3252.00	3252.00	3252.00	3253.00	3253.00	3253.00	3253.00	3253.00	3253.00	3253.00	3253.00	3253.00	3253.00	3254.00	3254.00	3254.00	3254.00	3254.00	3254.00	3254.00	3254.00	3254.00	3254.00	3254.00	3254.00	3255.00	3255.00	3255.00	3255.00	3255.00	3255.00	3255.00	3255.00	3255.00	3255.00	3255.00	3255.00	3256.00	3256.00	3256.00	3256.00	3256.00	3256.00	3256.00	3256.00	3256.00	3256.00	3256.00	3257.00	3257.00	3257.00	3257.00	3257.00	3257.00	3257.00	3258.00	3258.00	3258.00	3258.00	3258.00	3258.00	3258.00	3258.00	3258.00	3258.00	3259.00	3259.00	3259.00	3259.00	3259.00	3259.00	3260.00	3260.00	3260.00	3260.00	3260.00	3261.00	3261.00	3261.00	3261.00	3261.00	3261.00	3261.00	3262.00	3262.00	3262.00	3262.00	3262.00	3262.00	3263.00	3263.00	3263.00	3263.00	3263.00	3263.00	3263.00	3263.00	3264.00	3264.00	3264.00	3264.00	3264.00	3264.00	3264.00	3265.00	3265.00	3265.00	3265.00	3265.00	3265.00	3265.00	3265.00	3266.00	3266.00	3266.00	3266.00	3266.00	3266.00	3266.00	3266.00	3266.00	3267.00	3267.00	3267.00	3267.00	3267.00	3267.00	3267.00	3268.00	3268.00	3268.00	3268.00	3268.00	3268.00	3268.00	3268.00	3268.00	3268.00	3269.00	3269.00	3269.00	3269.00	3269.00	3269.00	3269.00	3269.00	3269.00	3269.00	3269.00	3270.00	3270.00	3270.00	3270.00	3270.00	3270.00	3270.00	3270.00	3270.00	3270.00	3270.00	3270.00	3271.00	3271.00	3271.00	3271.00	3271.00	3271.00	3271.00	3271.00	3271.00	3271.00	3271.00	3271.00	3271.00	3272.00	3272.00	3272.00	3272.00	3272.00	3272.00	3272.00	3272.00	3272.00	3272.00	3273.00	3273.00	3273.00	3273.00	3273.00	3273.00	3273.00	3273.00	3274.00	3274.00	3274.00	3274.00	3274.00	3274.00	3274.00	3274.00	3274.00	3274.00	3275.00	3275.00	3275.00	3275.00	3275.00	3275.00	3275.00	3275.00	3275.00	3275.00	3275.00	3276.00	3276.00	3276.00	3276.00	3276.00	3276.00	3276.00	3276.00	3276.00
3251.00	3251.00	3251.00	3251.00	3251.00	3251.00	3251.00	3251.00	3251.00	3251.00	3251.00	3251.00	3251.00	3251.00	3251.00	3251.00	3251.00	3251.00	3252.00	3252.00	3252.00	3252.00	3252.00	3252.00	3252.00	3252.00	3252.00	3252.00	3252.00	3252.00	3252.00	3252.00	3252.00	3252.00	3252.00	3252.00	3252.00	3253.00	3253.00	3253.00	3253.00	3253.00	3253.00	3253.00	3253.00	3253.00	3253.00	3254.00	3254.00	3254.00	3254.00	3254.00	3254.00	3254.00	3254.00	3254.00	3254.00	3254.00	3254.00	3255.00	3255.00	3255.00	3255.00	3255.00	3255.00	3255.00	3255.00	3255.00	3255.00	3255.00	3255.00	3256.00	3256.00	3256.00	3256.00	3256.00	3256.00	3256.00	3256.00	3256.00	3256.00	3256.00	3257.00	3257.00	3257.00	3257.00	3257.00	3257.00	3257.00	3258.00	3258.00	3258.00	3258.00	3258.00	3258.00	3258.00	3258.00	3258.00	3258.00	3259.00	3259.00	3259.00	3259.00	3259.00	3259.00	3260.00	3260.00	3260.00	3260.00	3260.00	3261.00	3261.00	3261.00	3261.00	3261.00	3261.00	3261.00	3262.00	3262.00	3262.00	3262.00	3262.00	3262.00	3263.00	3263.00	3263.00	3263.00	3263.00	3263.00	3263.00	3263.00	3264.00	3264.00	3264.00	3264.00	3264.00	3264.00	3264.00	3265.00	3265.00	3265.00	3265.00	3265.00	3265.00	3265.00	3265.00	3266.00	3266.00	3266.00	3266.00	3266.00	3266.00	3266.00	3266.00	3266.00	3267.00	3267.00	3267.00	3267.00	3267.00	3267.00	3267.00	3268.00	3268.00	3268.00	3268.00	3268.00	3268.00	3268.00	3268.00	3268.00	3268.00	3269.00	3269.00	3269.00	3269.00	3269.00	3269.00	3269.00	3269.00	3269.00	3269.00	3269.00	3270.00	3270.00	3270.00	3270.00	3270.00	3270.00	3270.00	3270.00	3270.00	3270.00	3270.00	3270.00	3271.00	3271.00	3271.00	3271.00	3271.00	3271.00	3271.00	3271.00	3271.00	3271.00	3271.00	3271.00	3271.00	3272.00	3272.00	3272.00	3272.00	3272.00	3272.00	3272.00	3272.00	3272.00	3272.00	3273.00	3273.00	3273.00	3273.00	3273.00	3273.00	3273.00	3273.00	3274.00	3274.00	3274.00	3274.00	3274.00	3274.00	3274.00	3274.00	3274.00	3274.00	3275.00	3275.00	3275.00	3275.00	3275.00	3275.00	3275.00	3275.00	3275.00	3275.00	3275.00	3276.00	3276.00	3276.00	3276.00	3276.00	3276.00	3276.00	3276.00	3276.00
3251.00	3251.00	3251.00	3251.00	3251.00	3251.00	3251.00	3251.00	3251.00	3251.00	3251.00	3251.00	3251.00	3251.00	3251.00	3251.00	3251.00	3251.00	3252.00	3252.00	3252.00	3252.00	3252.00	3252.00	3252.00	3252.00	3252.00	3252.00	3252.00	3252.00	3252.00	3252.00	3252.00	3252.00	3252.00	3252.00	3252.00	3253.00	3253.00	3253.00	3253.00	3253.00	3253.00	3253.00	3253.00	3253.00	3253.00	3254.00	3254.00	3254.00	3254.00	3254.00	3254.00	3254.00	3254.00	3254.00	3254.00	3254.00	3254.00	3255.00	3255.00	3255.00	3255.00	3255.00	3255.00	3255.00	3255.00	3255.00	3255.00	3255.00	3255.00	3256.00	3256.00	3256.00	3256.00	3256.00	3256.00	3256.00	3256.00	3256.00	3256.00	3256.00	3257.00	3257.00	3257.00	3257.00	3257.00	3257.00	3257.00	3258.00	3258.00	3258.00	3258.00	3258.00	3258.00	3258.00	3258.00	3258.00	3258.00	3259.00	3259.00	3259.00	3259.00	3259.00	3259.00	3260.00	3260.00	3260.00	3260.00	3260.00	3261.00	3261.00	3261.00	3261.00	3261.00	3261.00	3261.00	3262.00	3262.00	3262.00	3262.00	3262.00	3262.00	3263.00	3263.00	3263.00	3263.00	3263.00	3263.00	3263.00	3263.00	3264.00	3264.00	3264.00	3264.00	3264.00	3264.00	3264.00	3265.00	3265.00	3265.00	3265.00	3265.00	3265.00	3265.00	3265.00	3266.00	3266.00	3266.00	3266.00	3266.00	3266.00	3266.00	3266.00	3266.00	3267.00	3267.00	3267.00	3267.00	3267.00	3267.00	3267.00	3268.00	3268.00	3268.00	3268.00	3268.00	3268.00	3268.00	3268.00	3268.00	3268.00	3269.00	3269.00	3269.00	3269.00	3269.00	3269.00	3269.00	3269.00	3269.00	3269.00	3269.00	3270.00	3270.00	3270.00	3270.00	3270.00	3270.00	3270.00	3270.00	3270.00	3270.00	3270.00	3270.00	3271.00	3271.00	3271.00	3271.00	3271.00	3271.00	3271.00	3271.00	3271.00	3271.00	3271.00	3271.00	3271.00	3272.00	3272.00	3272.00	3272.00	3272.00	3272.00	3272.00	3272.00	3272.00	3272.00	3273.00	3273.00	3273.00	3273.00	3273.00	3273.00	3273.00	3273.00	3274.00	3274.00	3274.00	3274.00	3274.00	3274.00	3274.00	3274.00	3274.00	3274.00	3275.00	3275.00	3275.00	3275.00	3275.00	3275.00	3275.00	3275.00	3275.00	3275.00	3275.00	3276.00	3276.00	3276.00	3276.00	3276.00	3276.00	3276.00	3276.00	3276.00
3251.00	3251.00	3251.00	3251.00	3251.00	3251.00	3251.00	3251.00	3251.00	3251.00	3251.00	3251.00	3251.00	3251.00	3251.00	3251.00	3251.00	3251.00	3252.00	3252.00	3252.00	3252.00	3252.00	3252.00	3252.00	3252.00	3252.00	3252.00	3252.00	3252.00	3252.00	3252.00	3252.00	3252.00	3252.00	3252.00	3252.00	3253.00	3253.00	3253.00	3253.00	3253.00	3253.00	3253.00	3253.00	3253.00	3253.00	3254.00	3254.00	3254.00	3254.00	3254.00	3254.00	3254.00	3254.00	3254.00	3254.00	3254.00	3254.00	3255.00	3255.00	3255.00	3255.00	3255.00	3255.00	3255.00	3255.00	3255.00	3255.00	3255.00	3255.00	3256.00	3256.00	3256.00	3256.00	3256.00	3256.00	3256.00	3256.00	3256.00	3256.00	3256.00	3257.00	3257.00	3257.00	3257.00	3257.00	3257.00	3257.00	3258.00	3258.00	3258.00	3258.00	3258.00	3258.00	3258.00	3258.00	3258.00	3258.00	3259.00	3259.00	3259.00	3259.00	3259.00	3259.00	3260.00	3260.00	3260.00	3260.00	3260.00	3261.00	3261.00	3261.00	3261.00	3261.00	3261.00	3261.00	3262.00	3262.00	3262.00	3262.00	3262.00	3262.00	3263.00	3263.00	3263.00	3263.00	3263.00	3263.00	3263.00	3263.00	3264.00	3264.00	3264.00	3264.00	3264.00	3264.00	3264.00	3265.00	3265.00	3265.00	3265.00	3265.00	3265.00	3265.00	3265.00	3266.00	3266.00	3266.00	3266.00	3266.00	3266.00	3266.00	3266.00	3266.00	3267.00	3267.00	3267.00	3267.00	3267.00	3267.00	3267.00	3268.00	3268.00	3268.00	3268.00	3268.00	3268.00	3268.00	3268.00	3268.00	3268.00	3269.00	3269.00	3269.00	3269.00	3269.00	3269.00	3269.00	3269.00	3269.00	3269.00	3269.00	3270.00	3270.00	3270.00	3270.00	3270.00	3270.00	3270.00	3270.00	3270.00	3270.00	3270.00	3270.00	3271.00	3271.00	3271.00	3271.00	3271.00	3271.00	3271.00	3271.00	3271.00	3271.00	3271.00	3271.00	3271.00	3272.00	3272.00	3272.00	3272.00	3272.00	3272.00	3272.00	3272.00	3272.00	3272.00	3273.00	3273.00	3273.00	3273.00	3273.00	3273.00	3273.00	3273.00	3274.00	3274.00	3274.00	3274.00	3274.00	3274.00	3274.00	3274.00	3274.00	3274.00	3275.00	3275.00	3275.00	3275.00	3275.00	3275.00	3275.00	3275.00	3275.00	3275.00	3275.00	3276.00	3276.00	3276.00	3276.00	3276.00	3276.00	3276.00	3276.00	3276.00
3251.00	3251.00	3251.00	3251.00	3251.00	3251.00	3251.00	3251.00	3251.00	3251.00	3251.00	3251.00	3251.00	3251.00	3251.00	3251.00	3251.00	3251.00	3252.00	3252.00	3252.00	3252.00	3252.00	3252.00	3252.00	3252.00	3252.00	3252.00	3252.00	3252.00	3252.00	3252.00	3252.00	3252.00	3252.00	3252.00	3252.00	3253.00	3253.00	3253.00	3253.00	3253.00	3253.00	3253.00	3253.00	3253.00	3253.00	3254.00	3254.00	3254.00	3254.00	3254.00	3254.00	3254.00	3254.00	3254.00	3254.00	3254.00	3254.00	3255.00	3255.00	3255.00	3255.00	3255.00	3255.00	3255.00	3255.00	3255.00	3255.00	3255.00	3255.00	3256.00	3256.00	3256.00	3256.00	3256.00	3256.00	3256.00	3256.00	3256.00	3256.00	3256.00	3257.00	3257.00	3257.00	3257.00	3257.00	3257.00	3257.00	3258.00	3258.00	3258.00	3258.00	3258.00	3258.00	3258.00	3258.00	3258.00	3258.00	3259.00	3259.00	3259.00	3259.00	3259.00	3259.00	3260.00	3260.00	3260.00	3260.00	3260.00	3261.00	3261.00	3261.00	3261.00	3261.00	3261.00	3261.00	3262.00	3262.00	3262.00	3262.00	3262.00	3262.00	3263.00	3263.00	3263.00	3263.00	3263.00	3263.00	3263.00	3263.00	3264.00	3264.00	3264.00	3264.00	3264.00	3264.00	3264.00	3265.00	3265.00	3265.00	3265.00	3265.00	3265.00	3265.00	3265.00	3266.00	3266.00	3266.00	3266.00	3266.00	3266.00	3266.00	3266.00	3266.00	3267.00	3267.00	3267.00	3267.00	3267.00	3267.00	3267.00	3268.00	3268.00	3268.00	3268.00	3268.00	3268.00	3268.00	3268.00	3268.00	3268.00	3269.00	3269.00	3269.00	3269.00	3269.00	3269.00	3269.00	3269.00	3269.00	3269.00	3269.00	3270.00	3270.00	3270.00	3270.00	3270.00	3270.00	3270.00	3270.00	3270.00	3270.00	3270.00	3270.00	3271.00	3271.00	3271.00	3271.00	3271.00	3271.00	3271.00	3271.00	3271.00	3271.00	3271.00	3271.00	3271.00	3272.00	3272.00	3272.00	3272.00	3272.00	3272.00	3272.00	3272.00	3272.00	3272.00	3273.00	3273.00	3273.00	3273.00	3273.00	3273.00	3273.00	3273.00	3274.00	3274.00	3274.00	3274.00	3274.00	3274.00	3274.00	3274.00	3274.00	3274.00	3275.00	3275.00	3275.00	3275.00	3275.00	3275.00	3275.00	3275.00	3275.00	3275.00	3275.00	3276.00	3276.00	3276.00	3276.00	3276.00	3276.00	3276.00	3276.00	3276.00
3250.00	3250.00	3250.00	3250.00	3250.00	3250.00	3250.00	3250.00	3250.00	3251.00	3251.00	3251.00	3251.00	3251.00	3251.00	3251.00	3251.00	3251.00	3251.00	3251.00	3251.00	3251.00	3251.00	3251.00	3251.00	3251.00	3251.00	3251.00	3251.00	3251.00	3251.00	3251.00	3252.00	3252.00	3252.00	3252.00	3252.00	3252.00	3252.00	3252.00	3252.00	3252.00	3252.00	3252.00	3252.00	3252.00	3252.00	3252.00	3252.00	3252.00	3253.00	3253.00	3253.00	3253.00	3253.00	3253.00	3253.00	3253.00	3253.00	3253.00	3253.00	3254.00	3254.00	3254.00	3254.00	3254.00	3254.00	3254.00	3254.00	3254.00	3254.00	3255.00	3255.00	3255.00	3255.00	3255.00	3255.00	3255.00	3255.00	3255.00	3256.00	3256.00	3256.00	3256.00	3256.00	3256.00	3256.00	3257.00	3257.00	3257.00	3257.00	3257.00	3257.00	3257.00	3257.00	3257.00	3258.00	3258.00	3258.00	3258.00	3258.00	3258.00	3258.00	3258.00	3258.00	3259.00	3259.00	3259.00	3259.00	3259.00	3260.00	3260.00	3260.00	3260.00	3260.00	3260.00	3260.00	3261.00	3261.00	3261.00	3261.00	3261.00	3261.00	3262.00	3262.00	3262.00	3262.00	3262.00	3262.00	3263.00	3263.00	3263.00	3263.00	3263.00	3263.00	3264.00	3264.00	3264.00	3264.00	3264.00	3264.00	3264.00	3265.00	3265.00	3265.00	3265.00	3265.00	3265.00	3265.00	3265.00	3266.00	3266.00	3266.00	3266.00	3266.00	3266.00	3266.00	3266.00	3266.00	3267.00	3267.00	3267.00	3267.00	3267.00	3267.00	3267.00	3267.00	3268.00	3268.00	3268.00	3268.00	3268.00	3268.00	3268.00	3269.00	3269.00	3269.00	3269.00	3269.00	3269.00	3269.00	3269.00	3270.00	3270.00	3270.00	3270.00	3270.00	3270.00	3270.00	3270.00	3270.00	3270.00	3270.00	3270.00	3271.00	3271.00	3271.00	3271.00	3271.00	3271.00	3271.00	3271.00	3271.00	3271.00	3272.00	3272.00	3272.00	3272.00	3272.00	3272.00	3272.00	3272.00	3272.00	3273.00	3273.00	3273.00	3273.00	3273.00	3273.00	3273.00	3274.00	3274.00	3274.00	3274.00	3274.00	3274.00	3274.00	3274.00	3274.00	3274.00	3274.00	3274.00	3275.00	3275.00	3275.00	3275.00	3275.00	3275.00	3275.00	3275.00	3275.00	3275.00	3275.00	3275.00	3275.00	3276.00	3276.00	3276.00	3276.00	3276.00	3276.00	3276.00	3276.00	3277.00	3277.00	3277.00
3250.00	3250.00	3250.00	3250.00	3250.00	3250.00	3250.00	3250.00	3250.00	3251.00	3251.00	3251.00	3251.00	3251.00	3251.00	3251.00	3251.00	3251.00	3251.00	3251.00	3251.00	3251.00	3251.00	3251.00	3251.00	3251.00	3251.00	3251.00	3251.00	3251.00	3251.00	3251.00	3252.00	3252.00	3252.00	3252.00	3252.00	3252.00	3252.00	3252.00	3252.00	3252.00	3252.00	3252.00	3252.00	3252.00	3252.00	3252.00	3252.00	3252.00	3253.00	3253.00	3253.00	3253.00	3253.00	3253.00	3253.00	3253.00	3253.00	3253.00	3253.00	3254.00	3254.00	3254.00	3254.00	3254.00	3254.00	3254.00	3254.00	3254.00	3254.00	3255.00	3255.00	3255.00	3255.00	3255.00	3255.00	3255.00	3255.00	3255.00	3256.00	3256.00	3256.00	3256.00	3256.00	3256.00	3256.00	3257.00	3257.00	3257.00	3257.00	3257.00	3257.00	3257.00	3257.00	3257.00	3258.00	3258.00	3258.00	3258.00	3258.00	3258.00	3258.00	3258.00	3258.00	3259.00	3259.00	3259.00	3259.00	3259.00	3260.00	3260.00	3260.00	3260.00	3260.00	3260.00	3260.00	3261.00	3261.00	3261.00	3261.00	3261.00	3261.00	3262.00	3262.00	3262.00	3262.00	3262.00	3262.00	3263.00	3263.00	3263.00	3263.00	3263.00	3263.00	3264.00	3264.00	3264.00	3264.00	3264.00	3264.00	3264.00	3265.00	3265.00	3265.00	3265.00	3265.00	3265.00	3265.00	3265.00	3266.00	3266.00	3266.00	3266.00	3266.00	3266.00	3266.00	3266.00	3266.00	3267.00	3267.00	3267.00	3267.00	3267.00	3267.00	3267.00	3267.00	3268.00	3268.00	3268.00	3268.00	3268.00	3268.00	3268.00	3269.00	3269.00	3269.00	3269.00	3269.00	3269.00	3269.00	3269.00	3270.00	3270.00	3270.00	3270.00	3270.00	3270.00	3270.00	3270.00	3270.00	3270.00	3270.00	3270.00	3271.00	3271.00	3271.00	3271.00	3271.00	3271.00	3271.00	3271.00	3271.00	3271.00	3272.00	3272.00	3272.00	3272.00	3272.00	3272.00	3272.00	3272.00	3272.00	3273.00	3273.00	3273.00	3273.00	3273.00	3273.00	3273.00	3274.00	3274.00	3274.00	3274.00	3274.00	3274.00	3274.00	3274.00	3274.00	3274.00	3274.00	3274.00	3275.00	3275.00	3275.00	3275.00	3275.00	3275.00	3275.00	3275.00	3275.00	3275.00	3275.00	3275.00	3275.00	3276.00	3276.00	3276.00	3276.00	3276.00	3276.00	3276.00	3276.00	3277.00	3277.00	3277.00
3250.00	3250.00	3250.00	3250.00	3250.00	3250.00	3250.00	3250.00	3250.00	3251.00	3251.00	3251.00	3251.00	3251.00	3251.00	3251.00	3251.00	3251.00	3251.00	3251.00	3251.00	3251.00	3251.00	3251.00	3251.00	3251.00	3251.00	3251.00	3251.00	3251.00	3251.00	3251.00	3252.00	3252.00	3252.00	3252.00	3252.00	3252.00	3252.00	3252.00	3252.00	3252.00	3252.00	3252.00	3252.00	3252.00	3252.00	3252.00	3252.00	3252.00	3253.00	3253.00	3253.00	3253.00	3253.00	3253.00	3253.00	3253.00	3253.00	3253.00	3253.00	3254.00	3254.00	3254.00	3254.00	3254.00	3254.00	3254.00	3254.00	3254.00	3254.00	3255.00	3255.00	3255.00	3255.00	3255.00	3255.00	3255.00	3255.00	3255.00	3256.00	3256.00	3256.00	3256.00	3256.00	3256.00	3256.00	3257.00	3257.00	3257.00	3257.00	3257.00	3257.00	3257.00	3257.00	3257.00	3258.00	3258.00	3258.00	3258.00	3258.00	3258.00	3258.00	3258.00	3258.00	3259.00	3259.00	3259.00	3259.00	3259.00	3260.00	3260.00	3260.00	3260.00	3260.00	3260.00	3260.00	3261.00	3261.00	3261.00	3261.00	3261.00	3261.00	3262.00	3262.00	3262.00	3262.00	3262.00	3262.00	3263.00	3263.00	3263.00	3263.00	3263.00	3263.00	3264.00	3264.00	3264.00	3264.00	3264.00	3264.00	3264.00	3265.00	3265.00	3265.00	3265.00	3265.00	3265.00	3265.00	3265.00	3266.00	3266.00	3266.00	3266.00	3266.00	3266.00	3266.00	3266.00	3266.00	3267.00	3267.00	3267.00	3267.00	3267.00	3267.00	3267.00	3267.00	3268.00	3268.00	3268.00	3268.00	3268.00	3268.00	3268.00	3269.00	3269.00	3269.00	3269.00	3269.00	3269.00	3269.00	3269.00	3270.00	3270.00	3270.00	3270.00	3270.00	3270.00	3270.00	3270.00	3270.00	3270.00	3270.00	3270.00	3271.00	3271.00	3271.00	3271.00	3271.00	3271.00	3271.00	3271.00	3271.00	3271.00	3272.00	3272.00	3272.00	3272.00	3272.00	3272.00	3272.00	3272.00	3272.00	3273.00	3273.00	3273.00	3273.00	3273.00	3273.00	3273.00	3274.00	3274.00	3274.00	3274.00	3274.00	3274.00	3274.00	3274.00	3274.00	3274.00	3274.00	3274.00	3275.00	3275.00	3275.00	3275.00	3275.00	3275.00	3275.00	3275.00	3275.00	3275.00	3275.00	3275.00	3275.00	3276.00	3276.00	3276.00	3276.00	3276.00	3276.00	3276.00	3276.00	3277.00	3277.00	3277.00
3250.00	3250.00	3250.00	3250.00	3250.00	3250.00	3250.00	3250.00	3250.00	3251.00	3251.00	3251.00	3251.00	3251.00	3251.00	3251.00	3251.00	3251.00	3251.00	3251.00	3251.00	3251.00	3251.00	3251.00	3251.00	3251.00	3251.00	3251.00	3251.00	3251.00	3251.00	3251.00	3252.00	3252.00	3252.00	3252.00	3252.00	3252.00	3252.00	3252.00	3252.00	3252.00	3252.00	3252.00	3252.00	3252.00	3252.00	3252.00	3252.00	3252.00	3253.00	3253.00	3253.00	3253.00	3253.00	3253.00	3253.00	3253.00	3253.00	3253.00	3253.00	3254.00	3254.00	3254.00	3254.00	3254.00	3254.00	3254.00	3254.00	3254.00	3254.00	3255.00	3255.00	3255.00	3255.00	3255.00	3255.00	3255.00	3255.00	3255.00	3256.00	3256.00	3256.00	3256.00	3256.00	3256.00	3256.00	3257.00	3257.00	3257.00	3257.00	3257.00	3257.00	3257.00	3257.00	3257.00	3258.00	3258.00	3258.00	3258.00	3258.00	3258.00	3258.00	3258.00	3258.00	3259.00	3259.00	3259.00	3259.00	3259.00	3260.00	3260.00	3260.00	3260.00	3260.00	3260.00	3260.00	3261.00	3261.00	3261.00	3261.00	3261.00	3261.00	3262.00	3262.00	3262.00	3262.00	3262.00	3262.00	3263.00	3263.00	3263.00	3263.00	3263.00	3263.00	3264.00	3264.00	3264.00	3264.00	3264.00	3264.00	3264.00	3265.00	3265.00	3265.00	3265.00	3265.00	3265.00	3265.00	3265.00	3266.00	3266.00	3266.00	3266.00	3266.00	3266.00	3266.00	3266.00	3266.00	3267.00	3267.00	3267.00	3267.00	3267.00	3267.00	3267.00	3267.00	3268.00	3268.00	3268.00	3268.00	3268.00	3268.00	3268.00	3269.00	3269.00	3269.00	3269.00	3269.00	3269.00	3269.00	3269.00	3270.00	3270.00	3270.00	3270.00	3270.00	3270.00	3270.00	3270.00	3270.00	3270.00	3270.00	3270.00	3271.00	3271.00	3271.00	3271.00	3271.00	3271.00	3271.00	3271.00	3271.00	3271.00	3272.00	3272.00	3272.00	3272.00	3272.00	3272.00	3272.00	3272.00	3272.00	3273.00	3273.00	3273.00	3273.00	3273.00	3273.00	3273.00	3274.00	3274.00	3274.00	3274.00	3274.00	3274.00	3274.00	3274.00	3274.00	3274.00	3274.00	3274.00	3275.00	3275.00	3275.00	3275.00	3275.00	3275.00	3275.00	3275.00	3275.00	3275.00	3275.00	3275.00	3275.00	3276.00	3276.00	3276.00	3276.00	3276.00	3276.00	3276.00	3276.00	3277.00	3277.00	3277.00
3250.00	3250.00	3250.00	3250.00	3250.00	3250.00	3250.00	3250.00	3250.00	3251.00	3251.00	3251.00	3251.00	3251.00	3251.00	3251.00	3251.00	3251.00	3251.00	3251.00	3251.00	3251.00	3251.00	3251.00	3251.00	3251.00	3251.00	3251.00	3251.00	3251.00	3251.00	3251.00	3252.00	3252.00	3252.00	3252.00	3252.00	3252.00	3252.00	3252.00	3252.00	3252.00	3252.00	3252.00	3252.00	3252.00	3252.00	3252.00	3252.00	3252.00	3253.00	3253.00	3253.00	3253.00	3253.00	3253.00	3253.00	3253.00	3253.00	3253.00	3253.00	3254.00	3254.00	3254.00	3254.00	3254.00	3254.00	3254.00	3254.00	3254.00	3254.00	3255.00	3255.00	3255.00	3255.00	3255.00	3255.00	3255.00	3255.00	3255.00	3256.00	3256.00	3256.00	3256.00	3256.00	3256.00	3256.00	3257.00	3257.00	3257.00	3257.00	3257.00	3257.00	3257.00	3257.00	3257.00	3258.00	3258.00	3258.00	3258.00	3258.00	3258.00	3258.00	3258.00	3258.00	3259.00	3259.00	3259.00	3259.00	3259.00	3260.00	3260.00	3260.00	3260.00	3260.00	3260.00	3260.00	3261.00	3261.00	3261.00	3261.00	3261.00	3261.00	3262.00	3262.00	3262.00	3262.00	3262.00	3262.00	3263.00	3263.00	3263.00	3263.00	3263.00	3263.00	3264.00	3264.00	3264.00	3264.00	3264.00	3264.00	3264.00	3265.00	3265.00	3265.00	3265.00	3265.00	3265.00	3265.00	3265.00	3266.00	3266.00	3266.00	3266.00	3266.00	3266.00	3266.00	3266.00	3266.00	3267.00	3267.00	3267.00	3267.00	3267.00	3267.00	3267.00	3267.00	3268.00	3268.00	3268.00	3268.00	3268.00	3268.00	3268.00	3269.00	3269.00	3269.00	3269.00	3269.00	3269.00	3269.00	3269.00	3270.00	3270.00	3270.00	3270.00	3270.00	3270.00	3270.00	3270.00	3270.00	3270.00	3270.00	3270.00	3271.00	3271.00	3271.00	3271.00	3271.00	3271.00	3271.00	3271.00	3271.00	3271.00	3272.00	3272.00	3272.00	3272.00	3272.00	3272.00	3272.00	3272.00	3272.00	3273.00	3273.00	3273.00	3273.00	3273.00	3273.00	3273.00	3274.00	3274.00	3274.00	3274.00	3274.00	3274.00	3274.00	3274.00	3274.00	3274.00	3274.00	3274.00	3275.00	3275.00	3275.00	3275.00	3275.00	3275.00	3275.00	3275.00	3275.00	3275.00	3275.00	3275.00	3275.00	3276.00	3276.00	3276.00	3276.00	3276.00	3276.00	3276.00	3276.00	3277.00	3277.00	3277.00
3250.00	3250.00	3250.00	3250.00	3250.00	3250.00	3250.00	3250.00	3250.00	3251.00	3251.00	3251.00	3251.00	3251.00	3251.00	3251.00	3251.00	3251.00	3251.00	3251.00	3251.00	3251.00	3251.00	3251.00	3251.00	3251.00	3251.00	3251.00	3251.00	3251.00	3251.00	3251.00	3252.00	3252.00	3252.00	3252.00	3252.00	3252.00	3252.00	3252.00	3252.00	3252.00	3252.00	3252.00	3252.00	3252.00	3252.00	3252.00	3252.00	3252.00	3253.00	3253.00	3253.00	3253.00	3253.00	3253.00	3253.00	3253.00	3253.00	3253.00	3253.00	3254.00	3254.00	3254.00	3254.00	3254.00	3254.00	3254.00	3254.00	3254.00	3254.00	3255.00	3255.00	3255.00	3255.00	3255.00	3255.00	3255.00	3255.00	3255.00	3256.00	3256.00	3256.00	3256.00	3256.00	3256.00	3256.00	3257.00	3257.00	3257.00	3257.00	3257.00	3257.00	3257.00	3257.00	3257.00	3258.00	3258.00	3258.00	3258.00	3258.00	3258.00	3258.00	3258.00	3258.00	3259.00	3259.00	3259.00	3259.00	3259.00	3260.00	3260.00	3260.00	3260.00	3260.00	3260.00	3260.00	3261.00	3261.00	3261.00	3261.00	3261.00	3261.00	3262.00	3262.00	3262.00	3262.00	3262.00	3262.00	3263.00	3263.00	3263.00	3263.00	3263.00	3263.00	3264.00	3264.00	3264.00	3264.00	3264.00	3264.00	3264.00	3265.00	3265.00	3265.00	3265.00	3265.00	3265.00	3265.00	3265.00	3266.00	3266.00	3266.00	3266.00	3266.00	3266.00	3266.00	3266.00	3266.00	3267.00	3267.00	3267.00	3267.00	3267.00	3267.00	3267.00	3267.00	3268.00	3268.00	3268.00	3268.00	3268.00	3268.00	3268.00	3269.00	3269.00	3269.00	3269.00	3269.00	3269.00	3269.00	3269.00	3270.00	3270.00	3270.00	3270.00	3270.00	3270.00	3270.00	3270.00	3270.00	3270.00	3270.00	3270.00	3271.00	3271.00	3271.00	3271.00	3271.00	3271.00	3271.00	3271.00	3271.00	3271.00	3272.00	3272.00	3272.00	3272.00	3272.00	3272.00	3272.00	3272.00	3272.00	3273.00	3273.00	3273.00	3273.00	3273.00	3273.00	3273.00	3274.00	3274.00	3274.00	3274.00	3274.00	3274.00	3274.00	3274.00	3274.00	3274.00	3274.00	3274.00	3275.00	3275.00	3275.00	3275.00	3275.00	3275.00	3275.00	3275.00	3275.00	3275.00	3275.00	3275.00	3275.00	3276.00	3276.00	3276.00	3276.00	3276.00	3276.00	3276.00	3276.00	3277.00	3277.00	3277.00
3250.00	3250.00	3250.00	3250.00	3250.00	3250.00	3250.00	3250.00	3250.00	3251.00	3251.00	3251.00	3251.00	3251.00	3251.00	3251.00	3251.00	3251.00	3251.00	3251.00	3251.00	3251.00	3251.00	3251.00	3251.00	3251.00	3251.00	3251.00	3251.00	3251.00	3251.00	3251.00	3252.00	3252.00	3252.00	3252.00	3252.00	3252.00	3252.00	3252.00	3252.00	3252.00	3252.00	3252.00	3252.00	3252.00	3252.00	3252.00	3252.00	3252.00	3253.00	3253.00	3253.00	3253.00	3253.00	3253.00	3253.00	3253.00	3253.00	3253.00	3253.00	3254.00	3254.00	3254.00	3254.00	3254.00	3254.00	3254.00	3254.00	3254.00	3254.00	3255.00	3255.00	3255.00	3255.00	3255.00	3255.00	3255.00	3255.00	3255.00	3256.00	3256.00	3256.00	3256.00	3256.00	3256.00	3256.00	3257.00	3257.00	3257.00	3257.00	3257.00	3257.00	3257.00	3257.00	3257.00	3258.00	3258.00	3258.00	3258.00	3258.00	3258.00	3258.00	3258.00	3258.00	3259.00	3259.00	3259.00	3259.00	3259.00	3260.00	3260.00	3260.00	3260.00	3260.00	3260.00	3260.00	3261.00	3261.00	3261.00	3261.00	3261.00	3261.00	3262.00	3262.00	3262.00	3262.00	3262.00	3262.00	3263.00	3263.00	3263.00	3263.00	3263.00	3263.00	3264.00	3264.00	3264.00	3264.00	3264.00	3264.00	3264.00	3265.00	3265.00	3265.00	3265.00	3265.00	3265.00	3265.00	3265.00	3266.00	3266.00	3266.00	3266.00	3266.00	3266.00	3266.00	3266.00	3266.00	3267.00	3267.00	3267.00	3267.00	3267.00	3267.00	3267.00	3267.00	3268.00	3268.00	3268.00	3268.00	3268.00	3268.00	3268.00	3269.00	3269.00	3269.00	3269.00	3269.00	3269.00	3269.00	3269.00	3270.00	3270.00	3270.00	3270.00	3270.00	3270.00	3270.00	3270.00	3270.00	3270.00	3270.00	3270.00	3271.00	3271.00	3271.00	3271.00	3271.00	3271.00	3271.00	3271.00	3271.00	3271.00	3272.00	3272.00	3272.00	3272.00	3272.00	3272.00	3272.00	3272.00	3272.00	3273.00	3273.00	3273.00	3273.00	3273.00	3273.00	3273.00	3274.00	3274.00	3274.00	3274.00	3274.00	3274.00	3274.00	3274.00	3274.00	3274.00	3274.00	3274.00	3275.00	3275.00	3275.00	3275.00	3275.00	3275.00	3275.00	3275.00	3275.00	3275.00	3275.00	3275.00	3275.00	3276.00	3276.00	3276.00	3276.00	3276.00	3276.00	3276.00	3276.00	3277.00	3277.00	3277.00
3250.00	3250.00	3250.00	3250.00	3250.00	3250.00	3250.00	3250.00	3250.00	3251.00	3251.00	3251.00	3251.00	3251.00	3251.00	3251.00	3251.00	3251.00	3251.00	3251.00	3251.00	3251.00	3251.00	3251.00	3251.00	3251.00	3251.00	3251.00	3251.00	3251.00	3251.00	3251.00	3252.00	3252.00	3252.00	3252.00	3252.00	3252.00	3252.00	3252.00	3252.00	3252.00	3252.00	3252.00	3252.00	3252.00	3252.00	3252.00	3252.00	3252.00	3253.00	3253.00	3253.00	3253.00	3253.00	3253.00	3253.00	3253.00	3253.00	3253.00	3253.00	3254.00	3254.00	3254.00	3254.00	3254.00	3254.00	3254.00	3254.00	3254.00	3254.00	3255.00	3255.00	3255.00	3255.00	3255.00	3255.00	3255.00	3255.00	3255.00	3256.00	3256.00	3256.00	3256.00	3256.00	3256.00	3256.00	3257.00	3257.00	3257.00	3257.00	3257.00	3257.00	3257.00	3257.00	3257.00	3258.00	3258.00	3258.00	3258.00	3258.00	3258.00	3258.00	3258.00	3258.00	3259.00	3259.00	3259.00	3259.00	3259.00	3260.00	3260.00	3260.00	3260.00	3260.00	3260.00	3260.00	3261.00	3261.00	3261.00	3261.00	3261.00	3261.00	3262.00	3262.00	3262.00	3262.00	3262.00	3262.00	3263.00	3263.00	3263.00	3263.00	3263.00	3263.00	3264.00	3264.00	3264.00	3264.00	3264.00	3264.00	3264.00	3265.00	3265.00	3265.00	3265.00	3265.00	3265.00	3265.00	3265.00	3266.00	3266.00	3266.00	3266.00	3266.00	3266.00	3266.00	3266.00	3266.00	3267.00	3267.00	3267.00	3267.00	3267.00	3267.00	3267.00	3267.00	3268.00	3268.00	3268.00	3268.00	3268.00	3268.00	3268.00	3269.00	3269.00	3269.00	3269.00	3269.00	3269.00	3269.00	3269.00	3270.00	3270.00	3270.00	3270.00	3270.00	3270.00	3270.00	3270.00	3270.00	3270.00	3270.00	3270.00	3271.00	3271.00	3271.00	3271.00	3271.00	3271.00	3271.00	3271.00	3271.00	3271.00	3272.00	3272.00	3272.00	3272.00	3272.00	3272.00	3272.00	3272.00	3272.00	3273.00	3273.00	3273.00	3273.00	3273.00	3273.00	3273.00	3274.00	3274.00	3274.00	3274.00	3274.00	3274.00	3274.00	3274.00	3274.00	3274.00	3274.00	3274.00	3275.00	3275.00	3275.00	3275.00	3275.00	3275.00	3275.00	3275.00	3275.00	3275.00	3275.00	3275.00	3275.00	3276.00	3276.00	3276.00	3276.00	3276.00	3276.00	3276.00	3276.00	3277.00	3277.00	3277.00
3250.00	3250.00	3250.00	3250.00	3250.00	3250.00	3250.00	3250.00	3250.00	3251.00	3251.00	3251.00	3251.00	3251.00	3251.00	3251.00	3251.00	3251.00	3251.00	3251.00	3251.00	3251.00	3251.00	3251.00	3251.00	3251.00	3251.00	3251.00	3251.00	3251.00	3251.00	3251.00	3252.00	3252.00	3252.00	3252.00	3252.00	3252.00	3252.00	3252.00	3252.00	3252.00	3252.00	3252.00	3252.00	3252.00	3252.00	3252.00	3252.00	3252.00	3253.00	3253.00	3253.00	3253.00	3253.00	3253.00	3253.00	3253.00	3253.00	3253.00	3253.00	3254.00	3254.00	3254.00	3254.00	3254.00	3254.00	3254.00	3254.00	3254.00	3254.00	3255.00	3255.00	3255.00	3255.00	3255.00	3255.00	3255.00	3255.00	3255.00	3256.00	3256.00	3256.00	3256.00	3256.00	3256.00	3256.00	3257.00	3257.00	3257.00	3257.00	3257.00	3257.00	3257.00	3257.00	3257.00	3258.00	3258.00	3258.00	3258.00	3258.00	3258.00	3258.00	3258.00	3258.00	3259.00	3259.00	3259.00	3259.00	3259.00	3260.00	3260.00	3260.00	3260.00	3260.00	3260.00	3260.00	3261.00	3261.00	3261.00	3261.00	3261.00	3261.00	3262.00	3262.00	3262.00	3262.00	3262.00	3262.00	3263.00	3263.00	3263.00	3263.00	3263.00	3263.00	3264.00	3264.00	3264.00	3264.00	3264.00	3264.00	3264.00	3265.00	3265.00	3265.00	3265.00	3265.00	3265.00	3265.00	3265.00	3266.00	3266.00	3266.00	3266.00	3266.00	3266.00	3266.00	3266.00	3266.00	3267.00	3267.00	3267.00	3267.00	3267.00	3267.00	3267.00	3267.00	3268.00	3268.00	3268.00	3268.00	3268.00	3268.00	3268.00	3269.00	3269.00	3269.00	3269.00	3269.00	3269.00	3269.00	3269.00	3270.00	3270.00	3270.00	3270.00	3270.00	3270.00	3270.00	3270.00	3270.00	3270.00	3270.00	3270.00	3271.00	3271.00	3271.00	3271.00	3271.00	3271.00	3271.00	3271.00	3271.00	3271.00	3272.00	3272.00	3272.00	3272.00	3272.00	3272.00	3272.00	3272.00	3272.00	3273.00	3273.00	3273.00	3273.00	3273.00	3273.00	3273.00	3274.00	3274.00	3274.00	3274.00	3274.00	3274.00	3274.00	3274.00	3274.00	3274.00	3274.00	3274.00	3275.00	3275.00	3275.00	3275.00	3275.00	3275.00	3275.00	3275.00	3275.00	3275.00	3275.00	3275.00	3275.00	3276.00	3276.00	3276.00	3276.00	3276.00	3276.00	3276.00	3276.00	3277.00	3277.00	3277.00
3250.00	3250.00	3250.00	3250.00	3250.00	3250.00	3250.00	3250.00	3250.00	3251.00	3251.00	3251.00	3251.00	3251.00	3251.00	3251.00	3251.00	3251.00	3251.00	3251.00	3251.00	3251.00	3251.00	3251.00	3251.00	3251.00	3251.00	3251.00	3251.00	3251.00	3251.00	3251.00	3252.00	3252.00	3252.00	3252.00	3252.00	3252.00	3252.00	3252.00	3252.00	3252.00	3252.00	3252.00	3252.00	3252.00	3252.00	3252.00	3252.00	3252.00	3253.00	3253.00	3253.00	3253.00	3253.00	3253.00	3253.00	3253.00	3253.00	3253.00	3253.00	3254.00	3254.00	3254.00	3254.00	3254.00	3254.00	3254.00	3254.00	3254.00	3254.00	3255.00	3255.00	3255.00	3255.00	3255.00	3255.00	3255.00	3255.00	3255.00	3256.00	3256.00	3256.00	3256.00	3256.00	3256.00	3256.00	3257.00	3257.00	3257.00	3257.00	3257.00	3257.00	3257.00	3257.00	3257.00	3258.00	3258.00	3258.00	3258.00	3258.00	3258.00	3258.00	3258.00	3258.00	3259.00	3259.00	3259.00	3259.00	3259.00	3260.00	3260.00	3260.00	3260.00	3260.00	3260.00	3260.00	3261.00	3261.00	3261.00	3261.00	3261.00	3261.00	3262.00	3262.00	3262.00	3262.00	3262.00	3262.00	3263.00	3263.00	3263.00	3263.00	3263.00	3263.00	3264.00	3264.00	3264.00	3264.00	3264.00	3264.00	3264.00	3265.00	3265.00	3265.00	3265.00	3265.00	3265.00	3265.00	3265.00	3266.00	3266.00	3266.00	3266.00	3266.00	3266.00	3266.00	3266.00	3266.00	3267.00	3267.00	3267.00	3267.00	3267.00	3267.00	3267.00	3267.00	3268.00	3268.00	3268.00	3268.00	3268.00	3268.00	3268.00	3269.00	3269.00	3269.00	3269.00	3269.00	3269.00	3269.00	3269.00	3270.00	3270.00	3270.00	3270.00	3270.00	3270.00	3270.00	3270.00	3270.00	3270.00	3270.00	3270.00	3271.00	3271.00	3271.00	3271.00	3271.00	3271.00	3271.00	3271.00	3271.00	3271.00	3272.00	3272.00	3272.00	3272.00	3272.00	3272.00	3272.00	3272.00	3272.00	3273.00	3273.00	3273.00	3273.00	3273.00	3273.00	3273.00	3274.00	3274.00	3274.00	3274.00	3274.00	3274.00	3274.00	3274.00	3274.00	3274.00	3274.00	3274.00	3275.00	3275.00	3275.00	3275.00	3275.00	3275.00	3275.00	3275.00	3275.00	3275.00	3275.00	3275.00	3275.00	3276.00	3276.00	3276.00	3276.00	3276.00	3276.00	3276.00	3276.00	3277.00	3277.00	3277.00
3250.00	3250.00	3250.00	3250.00	3250.00	3250.00	3250.00	3250.00	3250.00	3251.00	3251.00	3251.00	3251.00	3251.00	3251.00	3251.00	3251.00	3251.00	3251.00	3251.00	3251.00	3251.00	3251.00	3251.00	3251.00	3251.00	3251.00	3251.00	3251.00	3251.00	3251.00	3251.00	3252.00	3252.00	3252.00	3252.00	3252.00	3252.00	3252.00	3252.00	3252.00	3252.00	3252.00	3252.00	3252.00	3252.00	3252.00	3252.00	3252.00	3252.00	3253.00	3253.00	3253.00	3253.00	3253.00	3253.00	3253.00	3253.00	3253.00	3253.00	3253.00	3254.00	3254.00	3254.00	3254.00	3254.00	3254.00	3254.00	3254.00	3254.00	3254.00	3255.00	3255.00	3255.00	3255.00	3255.00	3255.00	3255.00	3255.00	3255.00	3256.00	3256.00	3256.00	3256.00	3256.00	3256.00	3256.00	3257.00	3257.00	3257.00	3257.00	3257.00	3257.00	3257.00	3257.00	3257.00	3258.00	3258.00	3258.00	3258.00	3258.00	3258.00	3258.00	3258.00	3258.00	3259.00	3259.00	3259.00	3259.00	3259.00	3260.00	3260.00	3260.00	3260.00	3260.00	3260.00	3260.00	3261.00	3261.00	3261.00	3261.00	3261.00	3261.00	3262.00	3262.00	3262.00	3262.00	3262.00	3262.00	3263.00	3263.00	3263.00	3263.00	3263.00	3263.00	3264.00	3264.00	3264.00	3264.00	3264.00	3264.00	3264.00	3265.00	3265.00	3265.00	3265.00	3265.00	3265.00	3265.00	3265.00	3266.00	3266.00	3266.00	3266.00	3266.00	3266.00	3266.00	3266.00	3266.00	3267.00	3267.00	3267.00	3267.00	3267.00	3267.00	3267.00	3267.00	3268.00	3268.00	3268.00	3268.00	3268.00	3268.00	3268.00	3269.00	3269.00	3269.00	3269.00	3269.00	3269.00	3269.00	3269.00	3270.00	3270.00	3270.00	3270.00	3270.00	3270.00	3270.00	3270.00	3270.00	3270.00	3270.00	3270.00	3271.00	3271.00	3271.00	3271.00	3271.00	3271.00	3271.00	3271.00	3271.00	3271.00	3272.00	3272.00	3272.00	3272.00	3272.00	3272.00	3272.00	3272.00	3272.00	3273.00	3273.00	3273.00	3273.00	3273.00	3273.00	3273.00	3274.00	3274.00	3274.00	3274.00	3274.00	3274.00	3274.00	3274.00	3274.00	3274.00	3274.00	3274.00	3275.00	3275.00	3275.00	3275.00	3275.00	3275.00	3275.00	3275.00	3275.00	3275.00	3275.00	3275.00	3275.00	3276.00	3276.00	3276.00	3276.00	3276.00	3276.00	3276.00	3276.00	3277.00	3277.00	3277.00
3250.00	3250.00	3250.00	3250.00	3250.00	3250.00	3250.00	3250.00	3250.00	3251.00	3251.00	3251.00	3251.00	3251.00	3251.00	3251.00	3251.00	3251.00	3251.00	3251.00	3251.00	3251.00	3251.00	3251.00	3251.00	3251.00	3251.00	3251.00	3251.00	3251.00	3251.00	3251.00	3252.00	3252.00	3252.00	3252.00	3252.00	3252.00	3252.00	3252.00	3252.00	3252.00	3252.00	3252.00	3252.00	3252.00	3252.00	3252.00	3252.00	3252.00	3253.00	3253.00	3253.00	3253.00	3253.00	3253.00	3253.00	3253.00	3253.00	3253.00	3253.00	3254.00	3254.00	3254.00	3254.00	3254.00	3254.00	3254.00	3254.00	3254.00	3254.00	3255.00	3255.00	3255.00	3255.00	3255.00	3255.00	3255.00	3255.00	3255.00	3256.00	3256.00	3256.00	3256.00	3256.00	3256.00	3256.00	3257.00	3257.00	3257.00	3257.00	3257.00	3257.00	3257.00	3257.00	3257.00	3258.00	3258.00	3258.00	3258.00	3258.00	3258.00	3258.00	3258.00	3258.00	3259.00	3259.00	3259.00	3259.00	3259.00	3260.00	3260.00	3260.00	3260.00	3260.00	3260.00	3260.00	3261.00	3261.00	3261.00	3261.00	3261.00	3261.00	3262.00	3262.00	3262.00	3262.00	3262.00	3262.00	3263.00	3263.00	3263.00	3263.00	3263.00	3263.00	3264.00	3264.00	3264.00	3264.00	3264.00	3264.00	3264.00	3265.00	3265.00	3265.00	3265.00	3265.00	3265.00	3265.00	3265.00	3266.00	3266.00	3266.00	3266.00	3266.00	3266.00	3266.00	3266.00	3266.00	3267.00	3267.00	3267.00	3267.00	3267.00	3267.00	3267.00	3267.00	3268.00	3268.00	3268.00	3268.00	3268.00	3268.00	3268.00	3269.00	3269.00	3269.00	3269.00	3269.00	3269.00	3269.00	3269.00	3270.00	3270.00	3270.00	3270.00	3270.00	3270.00	3270.00	3270.00	3270.00	3270.00	3270.00	3270.00	3271.00	3271.00	3271.00	3271.00	3271.00	3271.00	3271.00	3271.00	3271.00	3271.00	3272.00	3272.00	3272.00	3272.00	3272.00	3272.00	3272.00	3272.00	3272.00	3273.00	3273.00	3273.00	3273.00	3273.00	3273.00	3273.00	3274.00	3274.00	3274.00	3274.00	3274.00	3274.00	3274.00	3274.00	3274.00	3274.00	3274.00	3274.00	3275.00	3275.00	3275.00	3275.00	3275.00	3275.00	3275.00	3275.00	3275.00	3275.00	3275.00	3275.00	3275.00	3276.00	3276.00	3276.00	3276.00	3276.00	3276.00	3276.00	3276.00	3277.00	3277.00	3277.00
3250.00	3250.00	3250.00	3250.00	3250.00	3250.00	3250.00	3250.00	3250.00	3251.00	3251.00	3251.00	3251.00	3251.00	3251.00	3251.00	3251.00	3251.00	3251.00	3251.00	3251.00	3251.00	3251.00	3251.00	3251.00	3251.00	3251.00	3251.00	3251.00	3251.00	3251.00	3251.00	3252.00	3252.00	3252.00	3252.00	3252.00	3252.00	3252.00	3252.00	3252.00	3252.00	3252.00	3252.00	3252.00	3252.00	3252.00	3252.00	3252.00	3252.00	3253.00	3253.00	3253.00	3253.00	3253.00	3253.00	3253.00	3253.00	3253.00	3253.00	3253.00	3254.00	3254.00	3254.00	3254.00	3254.00	3254.00	3254.00	3254.00	3254.00	3254.00	3255.00	3255.00	3255.00	3255.00	3255.00	3255.00	3255.00	3255.00	3255.00	3256.00	3256.00	3256.00	3256.00	3256.00	3256.00	3256.00	3257.00	3257.00	3257.00	3257.00	3257.00	3257.00	3257.00	3257.00	3257.00	3258.00	3258.00	3258.00	3258.00	3258.00	3258.00	3258.00	3258.00	3258.00	3259.00	3259.00	3259.00	3259.00	3259.00	3260.00	3260.00	3260.00	3260.00	3260.00	3260.00	3260.00	3261.00	3261.00	3261.00	3261.00	3261.00	3261.00	3262.00	3262.00	3262.00	3262.00	3262.00	3262.00	3263.00	3263.00	3263.00	3263.00	3263.00	3263.00	3264.00	3264.00	3264.00	3264.00	3264.00	3264.00	3264.00	3265.00	3265.00	3265.00	3265.00	3265.00	3265.00	3265.00	3265.00	3266.00	3266.00	3266.00	3266.00	3266.00	3266.00	3266.00	3266.00	3266.00	3267.00	3267.00	3267.00	3267.00	3267.00	3267.00	3267.00	3267.00	3268.00	3268.00	3268.00	3268.00	3268.00	3268.00	3268.00	3269.00	3269.00	3269.00	3269.00	3269.00	3269.00	3269.00	3269.00	3270.00	3270.00	3270.00	3270.00	3270.00	3270.00	3270.00	3270.00	3270.00	3270.00	3270.00	3270.00	3271.00	3271.00	3271.00	3271.00	3271.00	3271.00	3271.00	3271.00	3271.00	3271.00	3272.00	3272.00	3272.00	3272.00	3272.00	3272.00	3272.00	3272.00	3272.00	3273.00	3273.00	3273.00	3273.00	3273.00	3273.00	3273.00	3274.00	3274.00	3274.00	3274.00	3274.00	3274.00	3274.00	3274.00	3274.00	3274.00	3274.00	3274.00	3275.00	3275.00	3275.00	3275.00	3275.00	3275.00	3275.00	3275.00	3275.00	3275.00	3275.00	3275.00	3275.00	3276.00	3276.00	3276.00	3276.00	3276.00	3276.00	3276.00	3276.00	3277.00	3277.00	3277.00
3250.00	3250.00	3250.00	3250.00	3250.00	3250.00	3250.00	3250.00	3250.00	3251.00	3251.00	3251.00	3251.00	3251.00	3251.00	3251.00	3251.00	3251.00	3251.00	3251.00	3251.00	3251.00	3251.00	3251.00	3251.00	3251.00	3251.00	3251.00	3251.00	3251.00	3251.00	3251.00	3252.00	3252.00	3252.00	3252.00	3252.00	3252.00	3252.00	3252.00	3252.00	3252.00	3252.00	3252.00	3252.00	3252.00	3252.00	3252.00	3252.00	3252.00	3253.00	3253.00	3253.00	3253.00	3253.00	3253.00	3253.00	3253.00	3253.00	3253.00	3253.00	3254.00	3254.00	3254.00	3254.00	3254.00	3254.00	3254.00	3254.00	3254.00	3254.00	3255.00	3255.00	3255.00	3255.00	3255.00	3255.00	3255.00	3255.00	3255.00	3256.00	3256.00	3256.00	3256.00	3256.00	3256.00	3256.00	3257.00	3257.00	3257.00	3257.00	3257.00	3257.00	3257.00	3257.00	3257.00	3258.00	3258.00	3258.00	3258.00	3258.00	3258.00	3258.00	3258.00	3258.00	3259.00	3259.00	3259.00	3259.00	3259.00	3260.00	3260.00	3260.00	3260.00	3260.00	3260.00	3260.00	3261.00	3261.00	3261.00	3261.00	3261.00	3261.00	3262.00	3262.00	3262.00	3262.00	3262.00	3262.00	3263.00	3263.00	3263.00	3263.00	3263.00	3263.00	3264.00	3264.00	3264.00	3264.00	3264.00	3264.00	3264.00	3265.00	3265.00	3265.00	3265.00	3265.00	3265.00	3265.00	3265.00	3266.00	3266.00	3266.00	3266.00	3266.00	3266.00	3266.00	3266.00	3266.00	3267.00	3267.00	3267.00	3267.00	3267.00	3267.00	3267.00	3267.00	3268.00	3268.00	3268.00	3268.00	3268.00	3268.00	3268.00	3269.00	3269.00	3269.00	3269.00	3269.00	3269.00	3269.00	3269.00	3270.00	3270.00	3270.00	3270.00	3270.00	3270.00	3270.00	3270.00	3270.00	3270.00	3270.00	3270.00	3271.00	3271.00	3271.00	3271.00	3271.00	3271.00	3271.00	3271.00	3271.00	3271.00	3272.00	3272.00	3272.00	3272.00	3272.00	3272.00	3272.00	3272.00	3272.00	3273.00	3273.00	3273.00	3273.00	3273.00	3273.00	3273.00	3274.00	3274.00	3274.00	3274.00	3274.00	3274.00	3274.00	3274.00	3274.00	3274.00	3274.00	3274.00	3275.00	3275.00	3275.00	3275.00	3275.00	3275.00	3275.00	3275.00	3275.00	3275.00	3275.00	3275.00	3275.00	3276.00	3276.00	3276.00	3276.00	3276.00	3276.00	3276.00	3276.00	3277.00	3277.00	3277.00
3250.00	3250.00	3250.00	3250.00	3250.00	3250.00	3250.00	3250.00	3250.00	3251.00	3251.00	3251.00	3251.00	3251.00	3251.00	3251.00	3251.00	3251.00	3251.00	3251.00	3251.00	3251.00	3251.00	3251.00	3251.00	3251.00	3251.00	3251.00	3251.00	3251.00	3251.00	3251.00	3252.00	3252.00	3252.00	3252.00	3252.00	3252.00	3252.00	3252.00	3252.00	3252.00	3252.00	3252.00	3252.00	3252.00	3252.00	3252.00	3252.00	3252.00	3253.00	3253.00	3253.00	3253.00	3253.00	3253.00	3253.00	3253.00	3253.00	3253.00	3253.00	3254.00	3254.00	3254.00	3254.00	3254.00	3254.00	3254.00	3254.00	3254.00	3254.00	3255.00	3255.00	3255.00	3255.00	3255.00	3255.00	3255.00	3255.00	3255.00	3256.00	3256.00	3256.00	3256.00	3256.00	3256.00	3256.00	3257.00	3257.00	3257.00	3257.00	3257.00	3257.00	3257.00	3257.00	3257.00	3258.00	3258.00	3258.00	3258.00	3258.00	3258.00	3258.00	3258.00	3258.00	3259.00	3259.00	3259.00	3259.00	3259.00	3260.00	3260.00	3260.00	3260.00	3260.00	3260.00	3260.00	3261.00	3261.00	3261.00	3261.00	3261.00	3261.00	3262.00	3262.00	3262.00	3262.00	3262.00	3262.00	3263.00	3263.00	3263.00	3263.00	3263.00	3263.00	3264.00	3264.00	3264.00	3264.00	3264.00	3264.00	3264.00	3265.00	3265.00	3265.00	3265.00	3265.00	3265.00	3265.00	3265.00	3266.00	3266.00	3266.00	3266.00	3266.00	3266.00	3266.00	3266.00	3266.00	3267.00	3267.00	3267.00	3267.00	3267.00	3267.00	3267.00	3267.00	3268.00	3268.00	3268.00	3268.00	3268.00	3268.00	3268.00	3269.00	3269.00	3269.00	3269.00	3269.00	3269.00	3269.00	3269.00	3270.00	3270.00	3270.00	3270.00	3270.00	3270.00	3270.00	3270.00	3270.00	3270.00	3270.00	3270.00	3271.00	3271.00	3271.00	3271.00	3271.00	3271.00	3271.00	3271.00	3271.00	3271.00	3272.00	3272.00	3272.00	3272.00	3272.00	3272.00	3272.00	3272.00	3272.00	3273.00	3273.00	3273.00	3273.00	3273.00	3273.00	3273.00	3274.00	3274.00	3274.00	3274.00	3274.00	3274.00	3274.00	3274.00	3274.00	3274.00	3274.00	3274.00	3275.00	3275.00	3275.00	3275.00	3275.00	3275.00	3275.00	3275.00	3275.00	3275.00	3275.00	3275.00	3275.00	3276.00	3276.00	3276.00	3276.00	3276.00	3276.00	3276.00	3276.00	3277.00	3277.00	3277.00
3250.00	3250.00	3250.00	3250.00	3250.00	3250.00	3250.00	3250.00	3250.00	3251.00	3251.00	3251.00	3251.00	3251.00	3251.00	3251.00	3251.00	3251.00	3251.00	3251.00	3251.00	3251.00	3251.00	3251.00	3251.00	3251.00	3251.00	3251.00	3251.00	3251.00	3251.00	3251.00	3252.00	3252.00	3252.00	3252.00	3252.00	3252.00	3252.00	3252.00	3252.00	3252.00	3252.00	3252.00	3252.00	3252.00	3252.00	3252.00	3252.00	3252.00	3253.00	3253.00	3253.00	3253.00	3253.00	3253.00	3253.00	3253.00	3253.00	3253.00	3253.00	3254.00	3254.00	3254.00	3254.00	3254.00	3254.00	3254.00	3254.00	3254.00	3254.00	3255.00	3255.00	3255.00	3255.00	3255.00	3255.00	3255.00	3255.00	3255.00	3256.00	3256.00	3256.00	3256.00	3256.00	3256.00	3256.00	3257.00	3257.00	3257.00	3257.00	3257.00	3257.00	3257.00	3257.00	3257.00	3258.00	3258.00	3258.00	3258.00	3258.00	3258.00	3258.00	3258.00	3258.00	3259.00	3259.00	3259.00	3259.00	3259.00	3260.00	3260.00	3260.00	3260.00	3260.00	3260.00	3260.00	3261.00	3261.00	3261.00	3261.00	3261.00	3261.00	3262.00	3262.00	3262.00	3262.00	3262.00	3262.00	3263.00	3263.00	3263.00	3263.00	3263.00	3263.00	3264.00	3264.00	3264.00	3264.00	3264.00	3264.00	3264.00	3265.00	3265.00	3265.00	3265.00	3265.00	3265.00	3265.00	3265.00	3266.00	3266.00	3266.00	3266.00	3266.00	3266.00	3266.00	3266.00	3266.00	3267.00	3267.00	3267.00	3267.00	3267.00	3267.00	3267.00	3267.00	3268.00	3268.00	3268.00	3268.00	3268.00	3268.00	3268.00	3269.00	3269.00	3269.00	3269.00	3269.00	3269.00	3269.00	3269.00	3270.00	3270.00	3270.00	3270.00	3270.00	3270.00	3270.00	3270.00	3270.00	3270.00	3270.00	3270.00	3271.00	3271.00	3271.00	3271.00	3271.00	3271.00	3271.00	3271.00	3271.00	3271.00	3272.00	3272.00	3272.00	3272.00	3272.00	3272.00	3272.00	3272.00	3272.00	3273.00	3273.00	3273.00	3273.00	3273.00	3273.00	3273.00	3274.00	3274.00	3274.00	3274.00	3274.00	3274.00	3274.00	3274.00	3274.00	3274.00	3274.00	3274.00	3275.00	3275.00	3275.00	3275.00	3275.00	3275.00	3275.00	3275.00	3275.00	3275.00	3275.00	3275.00	3275.00	3276.00	3276.00	3276.00	3276.00	3276.00	3276.00	3276.00	3276.00	3277.00	3277.00	3277.00
3250.00	3250.00	3250.00	3250.00	3250.00	3250.00	3250.00	3250.00	3250.00	3250.00	3250.00	3250.00	3250.00	3250.00	3250.00	3250.00	3250.00	3250.00	3250.00	3250.00	3250.00	3250.00	3250.00	3251.00	3251.00	3251.00	3251.00	3251.00	3251.00	3251.00	3251.00	3251.00	3251.00	3251.00	3251.00	3251.00	3251.00	3251.00	3251.00	3251.00	3251.00	3251.00	3251.00	3251.00	3251.00	3251.00	3252.00	3252.00	3252.00	3252.00	3252.00	3252.00	3252.00	3252.00	3252.00	3252.00	3252.00	3252.00	3252.00	3252.00	3252.00	3252.00	3252.00	3252.00	3253.00	3253.00	3253.00	3253.00	3253.00	3253.00	3253.00	3253.00	3253.00	3253.00	3254.00	3254.00	3254.00	3254.00	3254.00	3254.00	3254.00	3254.00	3255.00	3255.00	3255.00	3255.00	3255.00	3255.00	3255.00	3256.00	3256.00	3256.00	3256.00	3256.00	3256.00	3256.00	3256.00	3256.00	3256.00	3257.00	3257.00	3257.00	3257.00	3257.00	3257.00	3258.00	3258.00	3258.00	3258.00	3258.00	3259.00	3259.00	3259.00	3259.00	3259.00	3260.00	3260.00	3260.00	3260.00	3260.00	3260.00	3260.00	3260.00	3261.00	3261.00	3261.00	3261.00	3261.00	3261.00	3262.00	3262.00	3262.00	3262.00	3263.00	3263.00	3263.00	3263.00	3263.00	3263.00	3263.00	3264.00	3264.00	3264.00	3264.00	3264.00	3264.00	3264.00	3265.00	3265.00	3265.00	3265.00	3265.00	3265.00	3265.00	3265.00	3266.00	3266.00	3266.00	3266.00	3266.00	3266.00	3266.00	3267.00	3267.00	3267.00	3267.00	3267.00	3267.00	3267.00	3267.00	3267.00	3267.00	3268.00	3268.00	3268.00	3268.00	3268.00	3268.00	3268.00	3269.00	3269.00	3269.00	3269.00	3269.00	3269.00	3270.00	3270.00	3270.00	3270.00	3270.00	3270.00	3270.00	3270.00	3270.00	3271.00	3271.00	3271.00	3271.00	3271.00	3271.00	3271.00	3271.00	3271.00	3271.00	3272.00	3272.00	3272.00	3272.00	3272.00	3272.00	3272.00	3273.00	3273.00	3273.00	3273.00	3273.00	3273.00	3273.00	3274.00	3274.00	3274.00	3274.00	3274.00	3274.00	3274.00	3274.00	3274.00	3274.00	3274.00	3274.00	3274.00	3275.00	3275.00	3275.00	3275.00	3275.00	3275.00	3275.00	3276.00	3276.00	3276.00	3276.00	3276.00	3276.00	3276.00	3276.00	3276.00	3277.00	3277.00	3277.00	3277.00	3277.00	3277.00	3277.00	3277.00	3278.00
3250.00	3250.00	3250.00	3250.00	3250.00	3250.00	3250.00	3250.00	3250.00	3250.00	3250.00	3250.00	3250.00	3250.00	3250.00	3250.00	3250.00	3250.00	3250.00	3250.00	3250.00	3250.00	3250.00	3251.00	3251.00	3251.00	3251.00	3251.00	3251.00	3251.00	3251.00	3251.00	3251.00	3251.00	3251.00	3251.00	3251.00	3251.00	3251.00	3251.00	3251.00	3251.00	3251.00	3251.00	3251.00	3251.00	3252.00	3252.00	3252.00	3252.00	3252.00	3252.00	3252.00	3252.00	3252.00	3252.00	3252.00	3252.00	3252.00	3252.00	3252.00	3252.00	3252.00	3252.00	3253.00	3253.00	3253.00	3253.00	3253.00	3253.00	3253.00	3253.00	3253.00	3253.00	3254.00	3254.00	3254.00	3254.00	3254.00	3254.00	3254.00	3254.00	3255.00	3255.00	3255.00	3255.00	3255.00	3255.00	3255.00	3256.00	3256.00	3256.00	3256.00	3256.00	3256.00	3256.00	3256.00	3256.00	3256.00	3257.00	3257.00	3257.00	3257.00	3257.00	3257.00	3258.00	3258.00	3258.00	3258.00	3258.00	3259.00	3259.00	3259.00	3259.00	3259.00	3260.00	3260.00	3260.00	3260.00	3260.00	3260.00	3260.00	3260.00	3261.00	3261.00	3261.00	3261.00	3261.00	3261.00	3262.00	3262.00	3262.00	3262.00	3263.00	3263.00	3263.00	3263.00	3263.00	3263.00	3263.00	3264.00	3264.00	3264.00	3264.00	3264.00	3264.00	3264.00	3265.00	3265.00	3265.00	3265.00	3265.00	3265.00	3265.00	3265.00	3266.00	3266.00	3266.00	3266.00	3266.00	3266.00	3266.00	3267.00	3267.00	3267.00	3267.00	3267.00	3267.00	3267.00	3267.00	3267.00	3267.00	3268.00	3268.00	3268.00	3268.00	3268.00	3268.00	3268.00	3269.00	3269.00	3269.00	3269.00	3269.00	3269.00	3270.00	3270.00	3270.00	3270.00	3270.00	3270.00	3270.00	3270.00	3270.00	3271.00	3271.00	3271.00	3271.00	3271.00	3271.00	3271.00	3271.00	3271.00	3271.00	3272.00	3272.00	3272.00	3272.00	3272.00	3272.00	3272.00	3273.00	3273.00	3273.00	3273.00	3273.00	3273.00	3273.00	3274.00	3274.00	3274.00	3274.00	3274.00	3274.00	3274.00	3274.00	3274.00	3274.00	3274.00	3274.00	3274.00	3275.00	3275.00	3275.00	3275.00	3275.00	3275.00	3275.00	3276.00	3276.00	3276.00	3276.00	3276.00	3276.00	3276.00	3276.00	3276.00	3277.00	3277.00	3277.00	3277.00	3277.00	3277.00	3277.00	3277.00	3278.00
3250.00	3250.00	3250.00	3250.00	3250.00	3250.00	3250.00	3250.00	3250.00	3250.00	3250.00	3250.00	3250.00	3250.00	3250.00	3250.00	3250.00	3250.00	3250.00	3250.00	3250.00	3250.00	3250.00	3251.00	3251.00	3251.00	3251.00	3251.00	3251.00	3251.00	3251.00	3251.00	3251.00	3251.00	3251.00	3251.00	3251.00	3251.00	3251.00	3251.00	3251.00	3251.00	3251.00	3251.00	3251.00	3251.00	3252.00	3252.00	3252.00	3252.00	3252.00	3252.00	3252.00	3252.00	3252.00	3252.00	3252.00	3252.00	3252.00	3252.00	3252.00	3252.00	3252.00	3252.00	3253.00	3253.00	3253.00	3253.00	3253.00	3253.00	3253.00	3253.00	3253.00	3253.00	3254.00	3254.00	3254.00	3254.00	3254.00	3254.00	3254.00	3254.00	3255.00	3255.00	3255.00	3255.00	3255.00	3255.00	3255.00	3256.00	3256.00	3256.00	3256.00	3256.00	3256.00	3256.00	3256.00	3256.00	3256.00	3257.00	3257.00	3257.00	3257.00	3257.00	3257.00	3258.00	3258.00	3258.00	3258.00	3258.00	3259.00	3259.00	3259.00	3259.00	3259.00	3260.00	3260.00	3260.00	3260.00	3260.00	3260.00	3260.00	3260.00	3261.00	3261.00	3261.00	3261.00	3261.00	3261.00	3262.00	3262.00	3262.00	3262.00	3263.00	3263.00	3263.00	3263.00	3263.00	3263.00	3263.00	3264.00	3264.00	3264.00	3264.00	3264.00	3264.00	3264.00	3265.00	3265.00	3265.00	3265.00	3265.00	3265.00	3265.00	3265.00	3266.00	3266.00	3266.00	3266.00	3266.00	3266.00	3266.00	3267.00	3267.00	3267.00	3267.00	3267.00	3267.00	3267.00	3267.00	3267.00	3267.00	3268.00	3268.00	3268.00	3268.00	3268.00	3268.00	3268.00	3269.00	3269.00	3269.00	3269.00	3269.00	3269.00	3270.00	3270.00	3270.00	3270.00	3270.00	3270.00	3270.00	3270.00	3270.00	3271.00	3271.00	3271.00	3271.00	3271.00	3271.00	3271.00	3271.00	3271.00	3271.00	3272.00	3272.00	3272.00	3272.00	3272.00	3272.00	3272.00	3273.00	3273.00	3273.00	3273.00	3273.00	3273.00	3273.00	3274.00	3274.00	3274.00	3274.00	3274.00	3274.00	3274.00	3274.00	3274.00	3274.00	3274.00	3274.00	3274.00	3275.00	3275.00	3275.00	3275.00	3275.00	3275.00	3275.00	3276.00	3276.00	3276.00	3276.00	3276.00	3276.00	3276.00	3276.00	3276.00	3277.00	3277.00	3277.00	3277.00	3277.00	3277.00	3277.00	3277.00	3278.00
3250.00	3250.00	3250.00	3250.00	3250.00	3250.00	3250.00	3250.00	3250.00	3250.00	3250.00	3250.00	3250.00	3250.00	3250.00	3250.00	3250.00	3250.00	3250.00	3250.00	3250.00	3250.00	3250.00	3251.00	3251.00	3251.00	3251.00	3251.00	3251.00	3251.00	3251.00	3251.00	3251.00	3251.00	3251.00	3251.00	3251.00	3251.00	3251.00	3251.00	3251.00	3251.00	3251.00	3251.00	3251.00	3251.00	3252.00	3252.00	3252.00	3252.00	3252.00	3252.00	3252.00	3252.00	3252.00	3252.00	3252.00	3252.00	3252.00	3252.00	3252.00	3252.00	3252.00	3252.00	3253.00	3253.00	3253.00	3253.00	3253.00	3253.00	3253.00	3253.00	3253.00	3253.00	3254.00	3254.00	3254.00	3254.00	3254.00	3254.00	3254.00	3254.00	3255.00	3255.00	3255.00	3255.00	3255.00	3255.00	3255.00	3256.00	3256.00	3256.00	3256.00	3256.00	3256.00	3256.00	3256.00	3256.00	3256.00	3257.00	3257.00	3257.00	3257.00	3257.00	3257.00	3258.00	3258.00	3258.00	3258.00	3258.00	3259.00	3259.00	3259.00	3259.00	3259.00	3260.00	3260.00	3260.00	3260.00	3260.00	3260.00	3260.00	3260.00	3261.00	3261.00	3261.00	3261.00	3261.00	3261.00	3262.00	3262.00	3262.00	3262.00	3263.00	3263.00	3263.00	3263.00	3263.00	3263.00	3263.00	3264.00	3264.00	3264.00	3264.00	3264.00	3264.00	3264.00	3265.00	3265.00	3265.00	3265.00	3265.00	3265.00	3265.00	3265.00	3266.00	3266.00	3266.00	3266.00	3266.00	3266.00	3266.00	3267.00	3267.00	3267.00	3267.00	3267.00	3267.00	3267.00	3267.00	3267.00	3267.00	3268.00	3268.00	3268.00	3268.00	3268.00	3268.00	3268.00	3269.00	3269.00	3269.00	3269.00	3269.00	3269.00	3270.00	3270.00	3270.00	3270.00	3270.00	3270.00	3270.00	3270.00	3270.00	3271.00	3271.00	3271.00	3271.00	3271.00	3271.00	3271.00	3271.00	3271.00	3271.00	3272.00	3272.00	3272.00	3272.00	3272.00	3272.00	3272.00	3273.00	3273.00	3273.00	3273.00	3273.00	3273.00	3273.00	3274.00	3274.00	3274.00	3274.00	3274.00	3274.00	3274.00	3274.00	3274.00	3274.00	3274.00	3274.00	3274.00	3275.00	3275.00	3275.00	3275.00	3275.00	3275.00	3275.00	3276.00	3276.00	3276.00	3276.00	3276.00	3276.00	3276.00	3276.00	3276.00	3277.00	3277.00	3277.00	3277.00	3277.00	3277.00	3277.00	3277.00	3278.00
3250.00	3250.00	3250.00	3250.00	3250.00	3250.00	3250.00	3250.00	3250.00	3250.00	3250.00	3250.00	3250.00	3250.00	3250.00	3250.00	3250.00	3250.00	3250.00	3250.00	3250.00	3250.00	3250.00	3251.00	3251.00	3251.00	3251.00	3251.00	3251.00	3251.00	3251.00	3251.00	3251.00	3251.00	3251.00	3251.00	3251.00	3251.00	3251.00	3251.00	3251.00	3251.00	3251.00	3251.00	3251.00	3251.00	3252.00	3252.00	3252.00	3252.00	3252.00	3252.00	3252.00	3252.00	3252.00	3252.00	3252.00	3252.00	3252.00	3252.00	3252.00	3252.00	3252.00	3252.00	3253.00	3253.00	3253.00	3253.00	3253.00	3253.00	3253.00	3253.00	3253.00	3253.00	3254.00	3254.00	3254.00	3254.00	3254.00	3254.00	3254.00	3254.00	3255.00	3255.00	3255.00	3255.00	3255.00	3255.00	3255.00	3256.00	3256.00	3256.00	3256.00	3256.00	3256.00	3256.00	3256.00	3256.00	3256.00	3257.00	3257.00	3257.00	3257.00	3257.00	3257.00	3258.00	3258.00	3258.00	3258.00	3258.00	3259.00	3259.00	3259.00	3259.00	3259.00	3260.00	3260.00	3260.00	3260.00	3260.00	3260.00	3260.00	3260.00	3261.00	3261.00	3261.00	3261.00	3261.00	3261.00	3262.00	3262.00	3262.00	3262.00	3263.00	3263.00	3263.00	3263.00	3263.00	3263.00	3263.00	3264.00	3264.00	3264.00	3264.00	3264.00	3264.00	3264.00	3265.00	3265.00	3265.00	3265.00	3265.00	3265.00	3265.00	3265.00	3266.00	3266.00	3266.00	3266.00	3266.00	3266.00	3266.00	3267.00	3267.00	3267.00	3267.00	3267.00	3267.00	3267.00	3267.00	3267.00	3267.00	3268.00	3268.00	3268.00	3268.00	3268.00	3268.00	3268.00	3269.00	3269.00	3269.00	3269.00	3269.00	3269.00	3270.00	3270.00	3270.00	3270.00	3270.00	3270.00	3270.00	3270.00	3270.00	3271.00	3271.00	3271.00	3271.00	3271.00	3271.00	3271.00	3271.00	3271.00	3271.00	3272.00	3272.00	3272.00	3272.00	3272.00	3272.00	3272.00	3273.00	3273.00	3273.00	3273.00	3273.00	3273.00	3273.00	3274.00	3274.00	3274.00	3274.00	3274.00	3274.00	3274.00	3274.00	3274.00	3274.00	3274.00	3274.00	3274.00	3275.00	3275.00	3275.00	3275.00	3275.00	3275.00	3275.00	3276.00	3276.00	3276.00	3276.00	3276.00	3276.00	3276.00	3276.00	3276.00	3277.00	3277.00	3277.00	3277.00	3277.00	3277.00	3277.00	3277.00	3278.00
3250.00	3250.00	3250.00	3250.00	3250.00	3250.00	3250.00	3250.00	3250.00	3250.00	3250.00	3250.00	3250.00	3250.00	3250.00	3250.00	3250.00	3250.00	3250.00	3250.00	3250.00	3250.00	3250.00	3251.00	3251.00	3251.00	3251.00	3251.00	3251.00	3251.00	3251.00	3251.00	3251.00	3251.00	3251.00	3251.00	3251.00	3251.00	3251.00	3251.00	3251.00	3251.00	3251.00	3251.00	3251.00	3251.00	3252.00	3252.00	3252.00	3252.00	3252.00	3252.00	3252.00	3252.00	3252.00	3252.00	3252.00	3252.00	3252.00	3252.00	3252.00	3252.00	3252.00	3252.00	3253.00	3253.00	3253.00	3253.00	3253.00	3253.00	3253.00	3253.00	3253.00	3253.00	3254.00	3254.00	3254.00	3254.00	3254.00	3254.00	3254.00	3254.00	3255.00	3255.00	3255.00	3255.00	3255.00	3255.00	3255.00	3256.00	3256.00	3256.00	3256.00	3256.00	3256.00	3256.00	3256.00	3256.00	3256.00	3257.00	3257.00	3257.00	3257.00	3257.00	3257.00	3258.00	3258.00	3258.00	3258.00	3258.00	3259.00	3259.00	3259.00	3259.00	3259.00	3260.00	3260.00	3260.00	3260.00	3260.00	3260.00	3260.00	3260.00	3261.00	3261.00	3261.00	3261.00	3261.00	3261.00	3262.00	3262.00	3262.00	3262.00	3263.00	3263.00	3263.00	3263.00	3263.00	3263.00	3263.00	3264.00	3264.00	3264.00	3264.00	3264.00	3264.00	3264.00	3265.00	3265.00	3265.00	3265.00	3265.00	3265.00	3265.00	3265.00	3266.00	3266.00	3266.00	3266.00	3266.00	3266.00	3266.00	3267.00	3267.00	3267.00	3267.00	3267.00	3267.00	3267.00	3267.00	3267.00	3267.00	3268.00	3268.00	3268.00	3268.00	3268.00	3268.00	3268.00	3269.00	3269.00	3269.00	3269.00	3269.00	3269.00	3270.00	3270.00	3270.00	3270.00	3270.00	3270.00	3270.00	3270.00	3270.00	3271.00	3271.00	3271.00	3271.00	3271.00	3271.00	3271.00	3271.00	3271.00	3271.00	3272.00	3272.00	3272.00	3272.00	3272.00	3272.00	3272.00	3273.00	3273.00	3273.00	3273.00	3273.00	3273.00	3273.00	3274.00	3274.00	3274.00	3274.00	3274.00	3274.00	3274.00	3274.00	3274.00	3274.00	3274.00	3274.00	3274.00	3275.00	3275.00	3275.00	3275.00	3275.00	3275.00	3275.00	3276.00	3276.00	3276.00	3276.00	3276.00	3276.00	3276.00	3276.00	3276.00	3277.00	3277.00	3277.00	3277.00	3277.00	3277.00	3277.00	3277.00	3278.00
3250.00	3250.00	3250.00	3250.00	3250.00	3250.00	3250.00	3250.00	3250.00	3250.00	3250.00	3250.00	3250.00	3250.00	3250.00	3250.00	3250.00	3250.00	3250.00	3250.00	3250.00	3250.00	3250.00	3251.00	3251.00	3251.00	3251.00	3251.00	3251.00	3251.00	3251.00	3251.00	3251.00	3251.00	3251.00	3251.00	3251.00	3251.00	3251.00	3251.00	3251.00	3251.00	3251.00	3251.00	3251.00	3251.00	3252.00	3252.00	3252.00	3252.00	3252.00	3252.00	3252.00	3252.00	3252.00	3252.00	3252.00	3252.00	3252.00	3252.00	3252.00	3252.00	3252.00	3252.00	3253.00	3253.00	3253.00	3253.00	3253.00	3253.00	3253.00	3253.00	3253.00	3253.00	3254.00	3254.00	3254.00	3254.00	3254.00	3254.00	3254.00	3254.00	3255.00	3255.00	3255.00	3255.00	3255.00	3255.00	3255.00	3256.00	3256.00	3256.00	3256.00	3256.00	3256.00	3256.00	3256.00	3256.00	3256.00	3257.00	3257.00	3257.00	3257.00	3257.00	3257.00	3258.00	3258.00	3258.00	3258.00	3258.00	3259.00	3259.00	3259.00	3259.00	3259.00	3260.00	3260.00	3260.00	3260.00	3260.00	3260.00	3260.00	3260.00	3261.00	3261.00	3261.00	3261.00	3261.00	3261.00	3262.00	3262.00	3262.00	3262.00	3263.00	3263.00	3263.00	3263.00	3263.00	3263.00	3263.00	3264.00	3264.00	3264.00	3264.00	3264.00	3264.00	3264.00	3265.00	3265.00	3265.00	3265.00	3265.00	3265.00	3265.00	3265.00	3266.00	3266.00	3266.00	3266.00	3266.00	3266.00	3266.00	3267.00	3267.00	3267.00	3267.00	3267.00	3267.00	3267.00	3267.00	3267.00	3267.00	3268.00	3268.00	3268.00	3268.00	3268.00	3268.00	3268.00	3269.00	3269.00	3269.00	3269.00	3269.00	3269.00	3270.00	3270.00	3270.00	3270.00	3270.00	3270.00	3270.00	3270.00	3270.00	3271.00	3271.00	3271.00	3271.00	3271.00	3271.00	3271.00	3271.00	3271.00	3271.00	3272.00	3272.00	3272.00	3272.00	3272.00	3272.00	3272.00	3273.00	3273.00	3273.00	3273.00	3273.00	3273.00	3273.00	3274.00	3274.00	3274.00	3274.00	3274.00	3274.00	3274.00	3274.00	3274.00	3274.00	3274.00	3274.00	3274.00	3275.00	3275.00	3275.00	3275.00	3275.00	3275.00	3275.00	3276.00	3276.00	3276.00	3276.00	3276.00	3276.00	3276.00	3276.00	3276.00	3277.00	3277.00	3277.00	3277.00	3277.00	3277.00	3277.00	3277.00	3278.00
3250.00	3250.00	3250.00	3250.00	3250.00	3250.00	3250.00	3250.00	3250.00	3250.00	3250.00	3250.00	3250.00	3250.00	3250.00	3250.00	3250.00	3250.00	3250.00	3250.00	3250.00	3250.00	3250.00	3251.00	3251.00	3251.00	3251.00	3251.00	3251.00	3251.00	3251.00	3251.00	3251.00	3251.00	3251.00	3251.00	3251.00	3251.00	3251.00	3251.00	3251.00	3251.00	3251.00	3251.00	3251.00	3251.00	3252.00	3252.00	3252.00	3252.00	3252.00	3252.00	3252.00	3252.00	3252.00	3252.00	3252.00	3252.00	3252.00	3252.00	3252.00	3252.00	3252.00	3252.00	3253.00	3253.00	3253.00	3253.00	3253.00	3253.00	3253.00	3253.00	3253.00	3253.00	3254.00	3254.00	3254.00	3254.00	3254.00	3254.00	3254.00	3254.00	3255.00	3255.00	3255.00	3255.00	3255.00	3255.00	3255.00	3256.00	3256.00	3256.00	3256.00	3256.00	3256.00	3256.00	3256.00	3256.00	3256.00	3257.00	3257.00	3257.00	3257.00	3257.00	3257.00	3258.00	3258.00	3258.00	3258.00	3258.00	3259.00	3259.00	3259.00	3259.00	3259.00	3260.00	3260.00	3260.00	3260.00	3260.00	3260.00	3260.00	3260.00	3261.00	3261.00	3261.00	3261.00	3261.00	3261.00	3262.00	3262.00	3262.00	3262.00	3263.00	3263.00	3263.00	3263.00	3263.00	3263.00	3263.00	3264.00	3264.00	3264.00	3264.00	3264.00	3264.00	3264.00	3265.00	3265.00	3265.00	3265.00	3265.00	3265.00	3265.00	3265.00	3266.00	3266.00	3266.00	3266.00	3266.00	3266.00	3266.00	3267.00	3267.00	3267.00	3267.00	3267.00	3267.00	3267.00	3267.00	3267.00	3267.00	3268.00	3268.00	3268.00	3268.00	3268.00	3268.00	3268.00	3269.00	3269.00	3269.00	3269.00	3269.00	3269.00	3270.00	3270.00	3270.00	3270.00	3270.00	3270.00	3270.00	3270.00	3270.00	3271.00	3271.00	3271.00	3271.00	3271.00	3271.00	3271.00	3271.00	3271.00	3271.00	3272.00	3272.00	3272.00	3272.00	3272.00	3272.00	3272.00	3273.00	3273.00	3273.00	3273.00	3273.00	3273.00	3273.00	3274.00	3274.00	3274.00	3274.00	3274.00	3274.00	3274.00	3274.00	3274.00	3274.00	3274.00	3274.00	3274.00	3275.00	3275.00	3275.00	3275.00	3275.00	3275.00	3275.00	3276.00	3276.00	3276.00	3276.00	3276.00	3276.00	3276.00	3276.00	3276.00	3277.00	3277.00	3277.00	3277.00	3277.00	3277.00	3277.00	3277.00	3278.00
3250.00	3250.00	3250.00	3250.00	3250.00	3250.00	3250.00	3250.00	3250.00	3250.00	3250.00	3250.00	3250.00	3250.00	3250.00	3250.00	3250.00	3250.00	3250.00	3250.00	3250.00	3250.00	3250.00	3251.00	3251.00	3251.00	3251.00	3251.00	3251.00	3251.00	3251.00	3251.00	3251.00	3251.00	3251.00	3251.00	3251.00	3251.00	3251.00	3251.00	3251.00	3251.00	3251.00	3251.00	3251.00	3251.00	3252.00	3252.00	3252.00	3252.00	3252.00	3252.00	3252.00	3252.00	3252.00	3252.00	3252.00	3252.00	3252.00	3252.00	3252.00	3252.00	3252.00	3252.00	3253.00	3253.00	3253.00	3253.00	3253.00	3253.00	3253.00	3253.00	3253.00	3253.00	3254.00	3254.00	3254.00	3254.00	3254.00	3254.00	3254.00	3254.00	3255.00	3255.00	3255.00	3255.00	3255.00	3255.00	3255.00	3256.00	3256.00	3256.00	3256.00	3256.00	3256.00	3256.00	3256.00	3256.00	3256.00	3257.00	3257.00	3257.00	3257.00	3257.00	3257.00	3258.00	3258.00	3258.00	3258.00	3258.00	3259.00	3259.00	3259.00	3259.00	3259.00	3260.00	3260.00	3260.00	3260.00	3260.00	3260.00	3260.00	3260.00	3261.00	3261.00	3261.00	3261.00	3261.00	3261.00	3262.00	3262.00	3262.00	3262.00	3263.00	3263.00	3263.00	3263.00	3263.00	3263.00	3263.00	3264.00	3264.00	3264.00	3264.00	3264.00	3264.00	3264.00	3265.00	3265.00	3265.00	3265.00	3265.00	3265.00	3265.00	3265.00	3266.00	3266.00	3266.00	3266.00	3266.00	3266.00	3266.00	3267.00	3267.00	3267.00	3267.00	3267.00	3267.00	3267.00	3267.00	3267.00	3267.00	3268.00	3268.00	3268.00	3268.00	3268.00	3268.00	3268.00	3269.00	3269.00	3269.00	3269.00	3269.00	3269.00	3270.00	3270.00	3270.00	3270.00	3270.00	3270.00	3270.00	3270.00	3270.00	3271.00	3271.00	3271.00	3271.00	3271.00	3271.00	3271.00	3271.00	3271.00	3271.00	3272.00	3272.00	3272.00	3272.00	3272.00	3272.00	3272.00	3273.00	3273.00	3273.00	3273.00	3273.00	3273.00	3273.00	3274.00	3274.00	3274.00	3274.00	3274.00	3274.00	3274.00	3274.00	3274.00	3274.00	3274.00	3274.00	3274.00	3275.00	3275.00	3275.00	3275.00	3275.00	3275.00	3275.00	3276.00	3276.00	3276.00	3276.00	3276.00	3276.00	3276.00	3276.00	3276.00	3277.00	3277.00	3277.00	3277.00	3277.00	3277.00	3277.00	3277.00	3278.00
3250.00	3250.00	3250.00	3250.00	3250.00	3250.00	3250.00	3250.00	3250.00	3250.00	3250.00	3250.00	3250.00	3250.00	3250.00	3250.00	3250.00	3250.00	3250.00	3250.00	3250.00	3250.00	3250.00	3251.00	3251.00	3251.00	3251.00	3251.00	3251.00	3251.00	3251.00	3251.00	3251.00	3251.00	3251.00	3251.00	3251.00	3251.00	3251.00	3251.00	3251.00	3251.00	3251.00	3251.00	3251.00	3251.00	3252.00	3252.00	3252.00	3252.00	3252.00	3252.00	3252.00	3252.00	3252.00	3252.00	3252.00	3252.00	3252.00	3252.00	3252.00	3252.00	3252.00	3252.00	3253.00	3253.00	3253.00	3253.00	3253.00	3253.00	3253.00	3253.00	3253.00	3253.00	3254.00	3254.00	3254.00	3254.00	3254.00	3254.00	3254.00	3254.00	3255.00	3255.00	3255.00	3255.00	3255.00	3255.00	3255.00	3256.00	3256.00	3256.00	3256.00	3256.00	3256.00	3256.00	3256.00	3256.00	3256.00	3257.00	3257.00	3257.00	3257.00	3257.00	3257.00	3258.00	3258.00	3258.00	3258.00	3258.00	3259.00	3259.00	3259.00	3259.00	3259.00	3260.00	3260.00	3260.00	3260.00	3260.00	3260.00	3260.00	3260.00	3261.00	3261.00	3261.00	3261.00	3261.00	3261.00	3262.00	3262.00	3262.00	3262.00	3263.00	3263.00	3263.00	3263.00	3263.00	3263.00	3263.00	3264.00	3264.00	3264.00	3264.00	3264.00	3264.00	3264.00	3265.00	3265.00	3265.00	3265.00	3265.00	3265.00	3265.00	3265.00	3266.00	3266.00	3266.00	3266.00	3266.00	3266.00	3266.00	3267.00	3267.00	3267.00	3267.00	3267.00	3267.00	3267.00	3267.00	3267.00	3267.00	3268.00	3268.00	3268.00	3268.00	3268.00	3268.00	3268.00	3269.00	3269.00	3269.00	3269.00	3269.00	3269.00	3270.00	3270.00	3270.00	3270.00	3270.00	3270.00	3270.00	3270.00	3270.00	3271.00	3271.00	3271.00	3271.00	3271.00	3271.00	3271.00	3271.00	3271.00	3271.00	3272.00	3272.00	3272.00	3272.00	3272.00	3272.00	3272.00	3273.00	3273.00	3273.00	3273.00	3273.00	3273.00	3273.00	3274.00	3274.00	3274.00	3274.00	3274.00	3274.00	3274.00	3274.00	3274.00	3274.00	3274.00	3274.00	3274.00	3275.00	3275.00	3275.00	3275.00	3275.00	3275.00	3275.00	3276.00	3276.00	3276.00	3276.00	3276.00	3276.00	3276.00	3276.00	3276.00	3277.00	3277.00	3277.00	3277.00	3277.00	3277.00	3277.00	3277.00	3278.00
3250.00	3250.00	3250.00	3250.00	3250.00	3250.00	3250.00	3250.00	3250.00	3250.00	3250.00	3250.00	3250.00	3250.00	3250.00	3250.00	3250.00	3250.00	3250.00	3250.00	3250.00	3250.00	3250.00	3251.00	3251.00	3251.00	3251.00	3251.00	3251.00	3251.00	3251.00	3251.00	3251.00	3251.00	3251.00	3251.00	3251.00	3251.00	3251.00	3251.00	3251.00	3251.00	3251.00	3251.00	3251.00	3251.00	3252.00	3252.00	3252.00	3252.00	3252.00	3252.00	3252.00	3252.00	3252.00	3252.00	3252.00	3252.00	3252.00	3252.00	3252.00	3252.00	3252.00	3252.00	3253.00	3253.00	3253.00	3253.00	3253.00	3253.00	3253.00	3253.00	3253.00	3253.00	3254.00	3254.00	3254.00	3254.00	3254.00	3254.00	3254.00	3254.00	3255.00	3255.00	3255.00	3255.00	3255.00	3255.00	3255.00	3256.00	3256.00	3256.00	3256.00	3256.00	3256.00	3256.00	3256.00	3256.00	3256.00	3257.00	3257.00	3257.00	3257.00	3257.00	3257.00	3258.00	3258.00	3258.00	3258.00	3258.00	3259.00	3259.00	3259.00	3259.00	3259.00	3260.00	3260.00	3260.00	3260.00	3260.00	3260.00	3260.00	3260.00	3261.00	3261.00	3261.00	3261.00	3261.00	3261.00	3262.00	3262.00	3262.00	3262.00	3263.00	3263.00	3263.00	3263.00	3263.00	3263.00	3263.00	3264.00	3264.00	3264.00	3264.00	3264.00	3264.00	3264.00	3265.00	3265.00	3265.00	3265.00	3265.00	3265.00	3265.00	3265.00	3266.00	3266.00	3266.00	3266.00	3266.00	3266.00	3266.00	3267.00	3267.00	3267.00	3267.00	3267.00	3267.00	3267.00	3267.00	3267.00	3267.00	3268.00	3268.00	3268.00	3268.00	3268.00	3268.00	3268.00	3269.00	3269.00	3269.00	3269.00	3269.00	3269.00	3270.00	3270.00	3270.00	3270.00	3270.00	3270.00	3270.00	3270.00	3270.00	3271.00	3271.00	3271.00	3271.00	3271.00	3271.00	3271.00	3271.00	3271.00	3271.00	3272.00	3272.00	3272.00	3272.00	3272.00	3272.00	3272.00	3273.00	3273.00	3273.00	3273.00	3273.00	3273.00	3273.00	3274.00	3274.00	3274.00	3274.00	3274.00	3274.00	3274.00	3274.00	3274.00	3274.00	3274.00	3274.00	3274.00	3275.00	3275.00	3275.00	3275.00	3275.00	3275.00	3275.00	3276.00	3276.00	3276.00	3276.00	3276.00	3276.00	3276.00	3276.00	3276.00	3277.00	3277.00	3277.00	3277.00	3277.00	3277.00	3277.00	3277.00	3278.00
3250.00	3250.00	3250.00	3250.00	3250.00	3250.00	3250.00	3250.00	3250.00	3250.00	3250.00	3250.00	3250.00	3250.00	3250.00	3250.00	3250.00	3250.00	3250.00	3250.00	3250.00	3250.00	3250.00	3251.00	3251.00	3251.00	3251.00	3251.00	3251.00	3251.00	3251.00	3251.00	3251.00	3251.00	3251.00	3251.00	3251.00	3251.00	3251.00	3251.00	3251.00	3251.00	3251.00	3251.00	3251.00	3251.00	3252.00	3252.00	3252.00	3252.00	3252.00	3252.00	3252.00	3252.00	3252.00	3252.00	3252.00	3252.00	3252.00	3252.00	3252.00	3252.00	3252.00	3252.00	3253.00	3253.00	3253.00	3253.00	3253.00	3253.00	3253.00	3253.00	3253.00	3253.00	3254.00	3254.00	3254.00	3254.00	3254.00	3254.00	3254.00	3254.00	3255.00	3255.00	3255.00	3255.00	3255.00	3255.00	3255.00	3256.00	3256.00	3256.00	3256.00	3256.00	3256.00	3256.00	3256.00	3256.00	3256.00	3257.00	3257.00	3257.00	3257.00	3257.00	3257.00	3258.00	3258.00	3258.00	3258.00	3258.00	3259.00	3259.00	3259.00	3259.00	3259.00	3260.00	3260.00	3260.00	3260.00	3260.00	3260.00	3260.00	3260.00	3261.00	3261.00	3261.00	3261.00	3261.00	3261.00	3262.00	3262.00	3262.00	3262.00	3263.00	3263.00	3263.00	3263.00	3263.00	3263.00	3263.00	3264.00	3264.00	3264.00	3264.00	3264.00	3264.00	3264.00	3265.00	3265.00	3265.00	3265.00	3265.00	3265.00	3265.00	3265.00	3266.00	3266.00	3266.00	3266.00	3266.00	3266.00	3266.00	3267.00	3267.00	3267.00	3267.00	3267.00	3267.00	3267.00	3267.00	3267.00	3267.00	3268.00	3268.00	3268.00	3268.00	3268.00	3268.00	3268.00	3269.00	3269.00	3269.00	3269.00	3269.00	3269.00	3270.00	3270.00	3270.00	3270.00	3270.00	3270.00	3270.00	3270.00	3270.00	3271.00	3271.00	3271.00	3271.00	3271.00	3271.00	3271.00	3271.00	3271.00	3271.00	3272.00	3272.00	3272.00	3272.00	3272.00	3272.00	3272.00	3273.00	3273.00	3273.00	3273.00	3273.00	3273.00	3273.00	3274.00	3274.00	3274.00	3274.00	3274.00	3274.00	3274.00	3274.00	3274.00	3274.00	3274.00	3274.00	3274.00	3275.00	3275.00	3275.00	3275.00	3275.00	3275.00	3275.00	3276.00	3276.00	3276.00	3276.00	3276.00	3276.00	3276.00	3276.00	3276.00	3277.00	3277.00	3277.00	3277.00	3277.00	3277.00	3277.00	3277.00	3278.00
3250.00	3250.00	3250.00	3250.00	3250.00	3250.00	3250.00	3250.00	3250.00	3250.00	3250.00	3250.00	3250.00	3250.00	3250.00	3250.00	3250.00	3250.00	3250.00	3250.00	3250.00	3250.00	3250.00	3251.00	3251.00	3251.00	3251.00	3251.00	3251.00	3251.00	3251.00	3251.00	3251.00	3251.00	3251.00	3251.00	3251.00	3251.00	3251.00	3251.00	3251.00	3251.00	3251.00	3251.00	3251.00	3251.00	3252.00	3252.00	3252.00	3252.00	3252.00	3252.00	3252.00	3252.00	3252.00	3252.00	3252.00	3252.00	3252.00	3252.00	3252.00	3252.00	3252.00	3252.00	3253.00	3253.00	3253.00	3253.00	3253.00	3253.00	3253.00	3253.00	3253.00	3253.00	3254.00	3254.00	3254.00	3254.00	3254.00	3254.00	3254.00	3254.00	3255.00	3255.00	3255.00	3255.00	3255.00	3255.00	3255.00	3256.00	3256.00	3256.00	3256.00	3256.00	3256.00	3256.00	3256.00	3256.00	3256.00	3257.00	3257.00	3257.00	3257.00	3257.00	3257.00	3258.00	3258.00	3258.00	3258.00	3258.00	3259.00	3259.00	3259.00	3259.00	3259.00	3260.00	3260.00	3260.00	3260.00	3260.00	3260.00	3260.00	3260.00	3261.00	3261.00	3261.00	3261.00	3261.00	3261.00	3262.00	3262.00	3262.00	3262.00	3263.00	3263.00	3263.00	3263.00	3263.00	3263.00	3263.00	3264.00	3264.00	3264.00	3264.00	3264.00	3264.00	3264.00	3265.00	3265.00	3265.00	3265.00	3265.00	3265.00	3265.00	3265.00	3266.00	3266.00	3266.00	3266.00	3266.00	3266.00	3266.00	3267.00	3267.00	3267.00	3267.00	3267.00	3267.00	3267.00	3267.00	3267.00	3267.00	3268.00	3268.00	3268.00	3268.00	3268.00	3268.00	3268.00	3269.00	3269.00	3269.00	3269.00	3269.00	3269.00	3270.00	3270.00	3270.00	3270.00	3270.00	3270.00	3270.00	3270.00	3270.00	3271.00	3271.00	3271.00	3271.00	3271.00	3271.00	3271.00	3271.00	3271.00	3271.00	3272.00	3272.00	3272.00	3272.00	3272.00	3272.00	3272.00	3273.00	3273.00	3273.00	3273.00	3273.00	3273.00	3273.00	3274.00	3274.00	3274.00	3274.00	3274.00	3274.00	3274.00	3274.00	3274.00	3274.00	3274.00	3274.00	3274.00	3275.00	3275.00	3275.00	3275.00	3275.00	3275.00	3275.00	3276.00	3276.00	3276.00	3276.00	3276.00	3276.00	3276.00	3276.00	3276.00	3277.00	3277.00	3277.00	3277.00	3277.00	3277.00	3277.00	3277.00	3278.00
3250.00	3250.00	3250.00	3250.00	3250.00	3250.00	3250.00	3250.00	3250.00	3250.00	3250.00	3250.00	3250.00	3250.00	3250.00	3250.00	3250.00	3250.00	3250.00	3250.00	3250.00	3250.00	3250.00	3251.00	3251.00	3251.00	3251.00	3251.00	3251.00	3251.00	3251.00	3251.00	3251.00	3251.00	3251.00	3251.00	3251.00	3251.00	3251.00	3251.00	3251.00	3251.00	3251.00	3251.00	3251.00	3251.00	3252.00	3252.00	3252.00	3252.00	3252.00	3252.00	3252.00	3252.00	3252.00	3252.00	3252.00	3252.00	3252.00	3252.00	3252.00	3252.00	3252.00	3252.00	3253.00	3253.00	3253.00	3253.00	3253.00	3253.00	3253.00	3253.00	3253.00	3253.00	3254.00	3254.00	3254.00	3254.00	3254.00	3254.00	3254.00	3254.00	3255.00	3255.00	3255.00	3255.00	3255.00	3255.00	3255.00	3256.00	3256.00	3256.00	3256.00	3256.00	3256.00	3256.00	3256.00	3256.00	3256.00	3257.00	3257.00	3257.00	3257.00	3257.00	3257.00	3258.00	3258.00	3258.00	3258.00	3258.00	3259.00	3259.00	3259.00	3259.00	3259.00	3260.00	3260.00	3260.00	3260.00	3260.00	3260.00	3260.00	3260.00	3261.00	3261.00	3261.00	3261.00	3261.00	3261.00	3262.00	3262.00	3262.00	3262.00	3263.00	3263.00	3263.00	3263.00	3263.00	3263.00	3263.00	3264.00	3264.00	3264.00	3264.00	3264.00	3264.00	3264.00	3265.00	3265.00	3265.00	3265.00	3265.00	3265.00	3265.00	3265.00	3266.00	3266.00	3266.00	3266.00	3266.00	3266.00	3266.00	3267.00	3267.00	3267.00	3267.00	3267.00	3267.00	3267.00	3267.00	3267.00	3267.00	3268.00	3268.00	3268.00	3268.00	3268.00	3268.00	3268.00	3269.00	3269.00	3269.00	3269.00	3269.00	3269.00	3270.00	3270.00	3270.00	3270.00	3270.00	3270.00	3270.00	3270.00	3270.00	3271.00	3271.00	3271.00	3271.00	3271.00	3271.00	3271.00	3271.00	3271.00	3271.00	3272.00	3272.00	3272.00	3272.00	3272.00	3272.00	3272.00	3273.00	3273.00	3273.00	3273.00	3273.00	3273.00	3273.00	3274.00	3274.00	3274.00	3274.00	3274.00	3274.00	3274.00	3274.00	3274.00	3274.00	3274.00	3274.00	3274.00	3275.00	3275.00	3275.00	3275.00	3275.00	3275.00	3275.00	3276.00	3276.00	3276.00	3276.00	3276.00	3276.00	3276.00	3276.00	3276.00	3277.00	3277.00	3277.00	3277.00	3277.00	3277.00	3277.00	3277.00	3278.00
3250.00	3250.00	3250.00	3250.00	3250.00	3250.00	3250.00	3250.00	3250.00	3250.00	3250.00	3250.00	3250.00	3250.00	3250.00	3250.00	3250.00	3250.00	3250.00	3250.00	3250.00	3250.00	3250.00	3251.00	3251.00	3251.00	3251.00	3251.00	3251.00	3251.00	3251.00	3251.00	3251.00	3251.00	3251.00	3251.00	3251.00	3251.00	3251.00	3251.00	3251.00	3251.00	3251.00	3251.00	3251.00	3251.00	3252.00	3252.00	3252.00	3252.00	3252.00	3252.00	3252.00	3252.00	3252.00	3252.00	3252.00	3252.00	3252.00	3252.00	3252.00	3252.00	3252.00	3252.00	3253.00	3253.00	3253.00	3253.00	3253.00	3253.00	3253.00	3253.00	3253.00	3253.00	3254.00	3254.00	3254.00	3254.00	3254.00	3254.00	3254.00	3254.00	3255.00	3255.00	3255.00	3255.00	3255.00	3255.00	3255.00	3256.00	3256.00	3256.00	3256.00	3256.00	3256.00	3256.00	3256.00	3256.00	3256.00	3257.00	3257.00	3257.00	3257.00	3257.00	3257.00	3258.00	3258.00	3258.00	3258.00	3258.00	3259.00	3259.00	3259.00	3259.00	3259.00	3260.00	3260.00	3260.00	3260.00	3260.00	3260.00	3260.00	3260.00	3261.00	3261.00	3261.00	3261.00	3261.00	3261.00	3262.00	3262.00	3262.00	3262.00	3263.00	3263.00	3263.00	3263.00	3263.00	3263.00	3263.00	3264.00	3264.00	3264.00	3264.00	3264.00	3264.00	3264.00	3265.00	3265.00	3265.00	3265.00	3265.00	3265.00	3265.00	3265.00	3266.00	3266.00	3266.00	3266.00	3266.00	3266.00	3266.00	3267.00	3267.00	3267.00	3267.00	3267.00	3267.00	3267.00	3267.00	3267.00	3267.00	3268.00	3268.00	3268.00	3268.00	3268.00	3268.00	3268.00	3269.00	3269.00	3269.00	3269.00	3269.00	3269.00	3270.00	3270.00	3270.00	3270.00	3270.00	3270.00	3270.00	3270.00	3270.00	3271.00	3271.00	3271.00	3271.00	3271.00	3271.00	3271.00	3271.00	3271.00	3271.00	3272.00	3272.00	3272.00	3272.00	3272.00	3272.00	3272.00	3273.00	3273.00	3273.00	3273.00	3273.00	3273.00	3273.00	3274.00	3274.00	3274.00	3274.00	3274.00	3274.00	3274.00	3274.00	3274.00	3274.00	3274.00	3274.00	3274.00	3275.00	3275.00	3275.00	3275.00	3275.00	3275.00	3275.00	3276.00	3276.00	3276.00	3276.00	3276.00	3276.00	3276.00	3276.00	3276.00	3277.00	3277.00	3277.00	3277.00	3277.00	3277.00	3277.00	3277.00	3278.00
3250.00	3250.00	3250.00	3250.00	3250.00	3250.00	3250.00	3250.00	3250.00	3250.00	3250.00	3250.00	3250.00	3250.00	3250.00	3250.00	3250.00	3250.00	3250.00	3250.00	3250.00	3250.00	3250.00	3251.00	3251.00	3251.00	3251.00	3251.00	3251.00	3251.00	3251.00	3251.00	3251.00	3251.00	3251.00	3251.00	3251.00	3251.00	3251.00	3251.00	3251.00	3251.00	3251.00	3251.00	3251.00	3251.00	3252.00	3252.00	3252.00	3252.00	3252.00	3252.00	3252.00	3252.00	3252.00	3252.00	3252.00	3252.00	3252.00	3252.00	3252.00	3252.00	3252.00	3252.00	3253.00	3253.00	3253.00	3253.00	3253.00	3253.00	3253.00	3253.00	3253.00	3253.00	3254.00	3254.00	3254.00	3254.00	3254.00	3254.00	3254.00	3254.00	3255.00	3255.00	3255.00	3255.00	3255.00	3255.00	3255.00	3256.00	3256.00	3256.00	3256.00	3256.00	3256.00	3256.00	3256.00	3256.00	3256.00	3257.00	3257.00	3257.00	3257.00	3257.00	3257.00	3258.00	3258.00	3258.00	3258.00	3258.00	3259.00	3259.00	3259.00	3259.00	3259.00	3260.00	3260.00	3260.00	3260.00	3260.00	3260.00	3260.00	3260.00	3261.00	3261.00	3261.00	3261.00	3261.00	3261.00	3262.00	3262.00	3262.00	3262.00	3263.00	3263.00	3263.00	3263.00	3263.00	3263.00	3263.00	3264.00	3264.00	3264.00	3264.00	3264.00	3264.00	3264.00	3265.00	3265.00	3265.00	3265.00	3265.00	3265.00	3265.00	3265.00	3266.00	3266.00	3266.00	3266.00	3266.00	3266.00	3266.00	3267.00	3267.00	3267.00	3267.00	3267.00	3267.00	3267.00	3267.00	3267.00	3267.00	3268.00	3268.00	3268.00	3268.00	3268.00	3268.00	3268.00	3269.00	3269.00	3269.00	3269.00	3269.00	3269.00	3270.00	3270.00	3270.00	3270.00	3270.00	3270.00	3270.00	3270.00	3270.00	3271.00	3271.00	3271.00	3271.00	3271.00	3271.00	3271.00	3271.00	3271.00	3271.00	3272.00	3272.00	3272.00	3272.00	3272.00	3272.00	3272.00	3273.00	3273.00	3273.00	3273.00	3273.00	3273.00	3273.00	3274.00	3274.00	3274.00	3274.00	3274.00	3274.00	3274.00	3274.00	3274.00	3274.00	3274.00	3274.00	3274.00	3275.00	3275.00	3275.00	3275.00	3275.00	3275.00	3275.00	3276.00	3276.00	3276.00	3276.00	3276.00	3276.00	3276.00	3276.00	3276.00	3277.00	3277.00	3277.00	3277.00	3277.00	3277.00	3277.00	3277.00	3278.00
3250.00	3250.00	3250.00	3250.00	3250.00	3250.00	3250.00	3250.00	3250.00	3250.00	3250.00	3250.00	3250.00	3250.00	3250.00	3250.00	3250.00	3250.00	3250.00	3250.00	3250.00	3250.00	3250.00	3250.00	3250.00	3250.00	3250.00	3250.00	3250.00	3250.00	3250.00	3250.00	3250.00	3250.00	3250.00	3250.00	3250.00	3251.00	3251.00	3251.00	3251.00	3251.00	3251.00	3251.00	3251.00	3251.00	3251.00	3251.00	3251.00	3251.00	3251.00	3251.00	3251.00	3251.00	3251.00	3251.00	3251.00	3251.00	3251.00	3252.00	3252.00	3252.00	3252.00	3252.00	3252.00	3252.00	3252.00	3252.00	3252.00	3252.00	3253.00	3253.00	3253.00	3253.00	3253.00	3253.00	3253.00	3253.00	3253.00	3254.00	3254.00	3254.00	3254.00	3254.00	3254.00	3255.00	3255.00	3255.00	3255.00	3255.00	3255.00	3256.00	3256.00	3256.00	3256.00	3256.00	3256.00	3257.00	3257.00	3257.00	3257.00	3257.00	3257.00	3258.00	3258.00	3258.00	3258.00	3258.00	3258.00	3258.00	3259.00	3259.00	3259.00	3259.00	3259.00	3260.00	3260.00	3260.00	3260.00	3260.00	3260.00	3260.00	3260.00	3261.00	3261.00	3261.00	3261.00	3261.00	3261.00	3262.00	3262.00	3262.00	3262.00	3262.00	3262.00	3263.00	3263.00	3263.00	3263.00	3263.00	3263.00	3264.00	3264.00	3264.00	3264.00	3264.00	3264.00	3265.00	3265.00	3265.00	3265.00	3265.00	3265.00	3265.00	3265.00	3265.00	3266.00	3266.00	3266.00	3266.00	3266.00	3266.00	3266.00	3266.00	3266.00	3267.00	3267.00	3267.00	3267.00	3267.00	3267.00	3267.00	3268.00	3268.00	3268.00	3268.00	3268.00	3269.00	3269.00	3269.00	3269.00	3269.00	3269.00	3270.00	3270.00	3270.00	3270.00	3270.00	3270.00	3270.00	3270.00	3270.00	3270.00	3271.00	3271.00	3271.00	3271.00	3271.00	3271.00	3271.00	3271.00	3271.00	3272.00	3272.00	3272.00	3272.00	3272.00	3272.00	3273.00	3273.00	3273.00	3273.00	3273.00	3273.00	3273.00	3273.00	3273.00	3274.00	3274.00	3274.00	3274.00	3274.00	3274.00	3274.00	3274.00	3274.00	3275.00	3275.00	3275.00	3275.00	3275.00	3275.00	3275.00	3275.00	3276.00	3276.00	3276.00	3276.00	3276.00	3276.00	3276.00	3276.00	3276.00	3277.00	3277.00	3277.00	3277.00	3277.00	3277.00	3277.00	3277.00	3277.00	3277.00	3277.00	3277.00	3278.00
3250.00	3250.00	3250.00	3250.00	3250.00	3250.00	3250.00	3250.00	3250.00	3250.00	3250.00	3250.00	3250.00	3250.00	3250.00	3250.00	3250.00	3250.00	3250.00	3250.00	3250.00	3250.00	3250.00	3250.00	3250.00	3250.00	3250.00	3250.00	3250.00	3250.00	3250.00	3250.00	3250.00	3250.00	3250.00	3250.00	3250.00	3251.00	3251.00	3251.00	3251.00	3251.00	3251.00	3251.00	3251.00	3251.00	3251.00	3251.00	3251.00	3251.00	3251.00	3251.00	3251.00	3251.00	3251.00	3251.00	3251.00	3251.00	3251.00	3252.00	3252.00	3252.00	3252.00	3252.00	3252.00	3252.00	3252.00	3252.00	3252.00	3252.00	3253.00	3253.00	3253.00	3253.00	3253.00	3253.00	3253.00	3253.00	3253.00	3254.00	3254.00	3254.00	3254.00	3254.00	3254.00	3255.00	3255.00	3255.00	3255.00	3255.00	3255.00	3256.00	3256.00	3256.00	3256.00	3256.00	3256.00	3257.00	3257.00	3257.00	3257.00	3257.00	3257.00	3258.00	3258.00	3258.00	3258.00	3258.00	3258.00	3258.00	3259.00	3259.00	3259.00	3259.00	3259.00	3260.00	3260.00	3260.00	3260.00	3260.00	3260.00	3260.00	3260.00	3261.00	3261.00	3261.00	3261.00	3261.00	3261.00	3262.00	3262.00	3262.00	3262.00	3262.00	3262.00	3263.00	3263.00	3263.00	3263.00	3263.00	3263.00	3264.00	3264.00	3264.00	3264.00	3264.00	3264.00	3265.00	3265.00	3265.00	3265.00	3265.00	3265.00	3265.00	3265.00	3265.00	3266.00	3266.00	3266.00	3266.00	3266.00	3266.00	3266.00	3266.00	3266.00	3267.00	3267.00	3267.00	3267.00	3267.00	3267.00	3267.00	3268.00	3268.00	3268.00	3268.00	3268.00	3269.00	3269.00	3269.00	3269.00	3269.00	3269.00	3270.00	3270.00	3270.00	3270.00	3270.00	3270.00	3270.00	3270.00	3270.00	3270.00	3271.00	3271.00	3271.00	3271.00	3271.00	3271.00	3271.00	3271.00	3271.00	3272.00	3272.00	3272.00	3272.00	3272.00	3272.00	3273.00	3273.00	3273.00	3273.00	3273.00	3273.00	3273.00	3273.00	3273.00	3274.00	3274.00	3274.00	3274.00	3274.00	3274.00	3274.00	3274.00	3274.00	3275.00	3275.00	3275.00	3275.00	3275.00	3275.00	3275.00	3275.00	3276.00	3276.00	3276.00	3276.00	3276.00	3276.00	3276.00	3276.00	3276.00	3277.00	3277.00	3277.00	3277.00	3277.00	3277.00	3277.00	3277.00	3277.00	3277.00	3277.00	3277.00	3278.00
3250.00	3250.00	3250.00	3250.00	3250.00	3250.00	3250.00	3250.00	3250.00	3250.00	3250.00	3250.00	3250.00	3250.00	3250.00	3250.00	3250.00	3250.00	3250.00	3250.00	3250.00	3250.00	3250.00	3250.00	3250.00	3250.00	3250.00	3250.00	3250.00	3250.00	3250.00	3250.00	3250.00	3250.00	3250.00	3250.00	3250.00	3251.00	3251.00	3251.00	3251.00	3251.00	3251.00	3251.00	3251.00	3251.00	3251.00	3251.00	3251.00	3251.00	3251.00	3251.00	3251.00	3251.00	3251.00	3251.00	3251.00	3251.00	3251.00	3252.00	3252.00	3252.00	3252.00	3252.00	3252.00	3252.00	3252.00	3252.00	3252.00	3252.00	3253.00	3253.00	3253.00	3253.00	3253.00	3253.00	3253.00	3253.00	3253.00	3254.00	3254.00	3254.00	3254.00	3254.00	3254.00	3255.00	3255.00	3255.00	3255.00	3255.00	3255.00	3256.00	3256.00	3256.00	3256.00	3256.00	3256.00	3257.00	3257.00	3257.00	3257.00	3257.00	3257.00	3258.00	3258.00	3258.00	3258.00	3258.00	3258.00	3258.00	3259.00	3259.00	3259.00	3259.00	3259.00	3260.00	3260.00	3260.00	3260.00	3260.00	3260.00	3260.00	3260.00	3261.00	3261.00	3261.00	3261.00	3261.00	3261.00	3262.00	3262.00	3262.00	3262.00	3262.00	3262.00	3263.00	3263.00	3263.00	3263.00	3263.00	3263.00	3264.00	3264.00	3264.00	3264.00	3264.00	3264.00	3265.00	3265.00	3265.00	3265.00	3265.00	3265.00	3265.00	3265.00	3265.00	3266.00	3266.00	3266.00	3266.00	3266.00	3266.00	3266.00	3266.00	3266.00	3267.00	3267.00	3267.00	3267.00	3267.00	3267.00	3267.00	3268.00	3268.00	3268.00	3268.00	3268.00	3269.00	3269.00	3269.00	3269.00	3269.00	3269.00	3270.00	3270.00	3270.00	3270.00	3270.00	3270.00	3270.00	3270.00	3270.00	3270.00	3271.00	3271.00	3271.00	3271.00	3271.00	3271.00	3271.00	3271.00	3271.00	3272.00	3272.00	3272.00	3272.00	3272.00	3272.00	3273.00	3273.00	3273.00	3273.00	3273.00	3273.00	3273.00	3273.00	3273.00	3274.00	3274.00	3274.00	3274.00	3274.00	3274.00	3274.00	3274.00	3274.00	3275.00	3275.00	3275.00	3275.00	3275.00	3275.00	3275.00	3275.00	3276.00	3276.00	3276.00	3276.00	3276.00	3276.00	3276.00	3276.00	3276.00	3277.00	3277.00	3277.00	3277.00	3277.00	3277.00	3277.00	3277.00	3277.00	3277.00	3277.00	3277.00	3278.00
3250.00	3250.00	3250.00	3250.00	3250.00	3250.00	3250.00	3250.00	3250.00	3250.00	3250.00	3250.00	3250.00	3250.00	3250.00	3250.00	3250.00	3250.00	3250.00	3250.00	3250.00	3250.00	3250.00	3250.00	3250.00	3250.00	3250.00	3250.00	3250.00	3250.00	3250.00	3250.00	3250.00	3250.00	3250.00	3250.00	3250.00	3251.00	3251.00	3251.00	3251.00	3251.00	3251.00	3251.00	3251.00	3251.00	3251.00	3251.00	3251.00	3251.00	3251.00	3251.00	3251.00	3251.00	3251.00	3251.00	3251.00	3251.00	3251.00	3252.00	3252.00	3252.00	3252.00	3252.00	3252.00	3252.00	3252.00	3252.00	3252.00	3252.00	3253.00	3253.00	3253.00	3253.00	3253.00	3253.00	3253.00	3253.00	3253.00	3254.00	3254.00	3254.00	3254.00	3254.00	3254.00	3255.00	3255.00	3255.00	3255.00	3255.00	3255.00	3256.00	3256.00	3256.00	3256.00	3256.00	3256.00	3257.00	3257.00	3257.00	3257.00	3257.00	3257.00	3258.00	3258.00	3258.00	3258.00	3258.00	3258.00	3258.00	3259.00	3259.00	3259.00	3259.00	3259.00	3260.00	3260.00	3260.00	3260.00	3260.00	3260.00	3260.00	3260.00	3261.00	3261.00	3261.00	3261.00	3261.00	3261.00	3262.00	3262.00	3262.00	3262.00	3262.00	3262.00	3263.00	3263.00	3263.00	3263.00	3263.00	3263.00	3264.00	3264.00	3264.00	3264.00	3264.00	3264.00	3265.00	3265.00	3265.00	3265.00	3265.00	3265.00	3265.00	3265.00	3265.00	3266.00	3266.00	3266.00	3266.00	3266.00	3266.00	3266.00	3266.00	3266.00	3267.00	3267.00	3267.00	3267.00	3267.00	3267.00	3267.00	3268.00	3268.00	3268.00	3268.00	3268.00	3269.00	3269.00	3269.00	3269.00	3269.00	3269.00	3270.00	3270.00	3270.00	3270.00	3270.00	3270.00	3270.00	3270.00	3270.00	3270.00	3271.00	3271.00	3271.00	3271.00	3271.00	3271.00	3271.00	3271.00	3271.00	3272.00	3272.00	3272.00	3272.00	3272.00	3272.00	3273.00	3273.00	3273.00	3273.00	3273.00	3273.00	3273.00	3273.00	3273.00	3274.00	3274.00	3274.00	3274.00	3274.00	3274.00	3274.00	3274.00	3274.00	3275.00	3275.00	3275.00	3275.00	3275.00	3275.00	3275.00	3275.00	3276.00	3276.00	3276.00	3276.00	3276.00	3276.00	3276.00	3276.00	3276.00	3277.00	3277.00	3277.00	3277.00	3277.00	3277.00	3277.00	3277.00	3277.00	3277.00	3277.00	3277.00	3278.00
3250.00	3250.00	3250.00	3250.00	3250.00	3250.00	3250.00	3250.00	3250.00	3250.00	3250.00	3250.00	3250.00	3250.00	3250.00	3250.00	3250.00	3250.00	3250.00	3250.00	3250.00	3250.00	3250.00	3250.00	3250.00	3250.00	3250.00	3250.00	3250.00	3250.00	3250.00	3250.00	3250.00	3250.00	3250.00	3250.00	3250.00	3251.00	3251.00	3251.00	3251.00	3251.00	3251.00	3251.00	3251.00	3251.00	3251.00	3251.00	3251.00	3251.00	3251.00	3251.00	3251.00	3251.00	3251.00	3251.00	3251.00	3251.00	3251.00	3252.00	3252.00	3252.00	3252.00	3252.00	3252.00	3252.00	3252.00	3252.00	3252.00	3252.00	3253.00	3253.00	3253.00	3253.00	3253.00	3253.00	3253.00	3253.00	3253.00	3254.00	3254.00	3254.00	3254.00	3254.00	3254.00	3255.00	3255.00	3255.00	3255.00	3255.00	3255.00	3256.00	3256.00	3256.00	3256.00	3256.00	3256.00	3257.00	3257.00	3257.00	3257.00	3257.00	3257.00	3258.00	3258.00	3258.00	3258.00	3258.00	3258.00	3258.00	3259.00	3259.00	3259.00	3259.00	3259.00	3260.00	3260.00	3260.00	3260.00	3260.00	3260.00	3260.00	3260.00	3261.00	3261.00	3261.00	3261.00	3261.00	3261.00	3262.00	3262.00	3262.00	3262.00	3262.00	3262.00	3263.00	3263.00	3263.00	3263.00	3263.00	3263.00	3264.00	3264.00	3264.00	3264.00	3264.00	3264.00	3265.00	3265.00	3265.00	3265.00	3265.00	3265.00	3265.00	3265.00	3265.00	3266.00	3266.00	3266.00	3266.00	3266.00	3266.00	3266.00	3266.00	3266.00	3267.00	3267.00	3267.00	3267.00	3267.00	3267.00	3267.00	3268.00	3268.00	3268.00	3268.00	3268.00	3269.00	3269.00	3269.00	3269.00	3269.00	3269.00	3270.00	3270.00	3270.00	3270.00	3270.00	3270.00	3270.00	3270.00	3270.00	3270.00	3271.00	3271.00	3271.00	3271.00	3271.00	3271.00	3271.00	3271.00	3271.00	3272.00	3272.00	3272.00	3272.00	3272.00	3272.00	3273.00	3273.00	3273.00	3273.00	3273.00	3273.00	3273.00	3273.00	3273.00	3274.00	3274.00	3274.00	3274.00	3274.00	3274.00	3274.00	3274.00	3274.00	3275.00	3275.00	3275.00	3275.00	3275.00	3275.00	3275.00	3275.00	3276.00	3276.00	3276.00	3276.00	3276.00	3276.00	3276.00	3276.00	3276.00	3277.00	3277.00	3277.00	3277.00	3277.00	3277.00	3277.00	3277.00	3277.00	3277.00	3277.00	3277.00	3278.00
3250.00	3250.00	3250.00	3250.00	3250.00	3250.00	3250.00	3250.00	3250.00	3250.00	3250.00	3250.00	3250.00	3250.00	3250.00	3250.00	3250.00	3250.00	3250.00	3250.00	3250.00	3250.00	3250.00	3250.00	3250.00	3250.00	3250.00	3250.00	3250.00	3250.00	3250.00	3250.00	3250.00	3250.00	3250.00	3250.00	3250.00	3251.00	3251.00	3251.00	3251.00	3251.00	3251.00	3251.00	3251.00	3251.00	3251.00	3251.00	3251.00	3251.00	3251.00	3251.00	3251.00	3251.00	3251.00	3251.00	3251.00	3251.00	3251.00	3252.00	3252.00	3252.00	3252.00	3252.00	3252.00	3252.00	3252.00	3252.00	3252.00	3252.00	3253.00	3253.00	3253.00	3253.00	3253.00	3253.00	3253.00	3253.00	3253.00	3254.00	3254.00	3254.00	3254.00	3254.00	3254.00	3255.00	3255.00	3255.00	3255.00	3255.00	3255.00	3256.00	3256.00	3256.00	3256.00	3256.00	3256.00	3257.00	3257.00	3257.00	3257.00	3257.00	3257.00	3258.00	3258.00	3258.00	3258.00	3258.00	3258.00	3258.00	3259.00	3259.00	3259.00	3259.00	3259.00	3260.00	3260.00	3260.00	3260.00	3260.00	3260.00	3260.00	3260.00	3261.00	3261.00	3261.00	3261.00	3261.00	3261.00	3262.00	3262.00	3262.00	3262.00	3262.00	3262.00	3263.00	3263.00	3263.00	3263.00	3263.00	3263.00	3264.00	3264.00	3264.00	3264.00	3264.00	3264.00	3265.00	3265.00	3265.00	3265.00	3265.00	3265.00	3265.00	3265.00	3265.00	3266.00	3266.00	3266.00	3266.00	3266.00	3266.00	3266.00	3266.00	3266.00	3267.00	3267.00	3267.00	3267.00	3267.00	3267.00	3267.00	3268.00	3268.00	3268.00	3268.00	3268.00	3269.00	3269.00	3269.00	3269.00	3269.00	3269.00	3270.00	3270.00	3270.00	3270.00	3270.00	3270.00	3270.00	3270.00	3270.00	3270.00	3271.00	3271.00	3271.00	3271.00	3271.00	3271.00	3271.00	3271.00	3271.00	3272.00	3272.00	3272.00	3272.00	3272.00	3272.00	3273.00	3273.00	3273.00	3273.00	3273.00	3273.00	3273.00	3273.00	3273.00	3274.00	3274.00	3274.00	3274.00	3274.00	3274.00	3274.00	3274.00	3274.00	3275.00	3275.00	3275.00	3275.00	3275.00	3275.00	3275.00	3275.00	3276.00	3276.00	3276.00	3276.00	3276.00	3276.00	3276.00	3276.00	3276.00	3277.00	3277.00	3277.00	3277.00	3277.00	3277.00	3277.00	3277.00	3277.00	3277.00	3277.00	3277.00	3278.00
3250.00	3250.00	3250.00	3250.00	3250.00	3250.00	3250.00	3250.00	3250.00	3250.00	3250.00	3250.00	3250.00	3250.00	3250.00	3250.00	3250.00	3250.00	3250.00	3250.00	3250.00	3250.00	3250.00	3250.00	3250.00	3250.00	3250.00	3250.00	3250.00	3250.00	3250.00	3250.00	3250.00	3250.00	3250.00	3250.00	3250.00	3251.00	3251.00	3251.00	3251.00	3251.00	3251.00	3251.00	3251.00	3251.00	3251.00	3251.00	3251.00	3251.00	3251.00	3251.00	3251.00	3251.00	3251.00	3251.00	3251.00	3251.00	3251.00	3252.00	3252.00	3252.00	3252.00	3252.00	3252.00	3252.00	3252.00	3252.00	3252.00	3252.00	3253.00	3253.00	3253.00	3253.00	3253.00	3253.00	3253.00	3253.00	3253.00	3254.00	3254.00	3254.00	3254.00	3254.00	3254.00	3255.00	3255.00	3255.00	3255.00	3255.00	3255.00	3256.00	3256.00	3256.00	3256.00	3256.00	3256.00	3257.00	3257.00	3257.00	3257.00	3257.00	3257.00	3258.00	3258.00	3258.00	3258.00	3258.00	3258.00	3258.00	3259.00	3259.00	3259.00	3259.00	3259.00	3260.00	3260.00	3260.00	3260.00	3260.00	3260.00	3260.00	3260.00	3261.00	3261.00	3261.00	3261.00	3261.00	3261.00	3262.00	3262.00	3262.00	3262.00	3262.00	3262.00	3263.00	3263.00	3263.00	3263.00	3263.00	3263.00	3264.00	3264.00	3264.00	3264.00	3264.00	3264.00	3265.00	3265.00	3265.00	3265.00	3265.00	3265.00	3265.00	3265.00	3265.00	3266.00	3266.00	3266.00	3266.00	3266.00	3266.00	3266.00	3266.00	3266.00	3267.00	3267.00	3267.00	3267.00	3267.00	3267.00	3267.00	3268.00	3268.00	3268.00	3268.00	3268.00	3269.00	3269.00	3269.00	3269.00	3269.00	3269.00	3270.00	3270.00	3270.00	3270.00	3270.00	3270.00	3270.00	3270.00	3270.00	3270.00	3271.00	3271.00	3271.00	3271.00	3271.00	3271.00	3271.00	3271.00	3271.00	3272.00	3272.00	3272.00	3272.00	3272.00	3272.00	3273.00	3273.00	3273.00	3273.00	3273.00	3273.00	3273.00	3273.00	3273.00	3274.00	3274.00	3274.00	3274.00	3274.00	3274.00	3274.00	3274.00	3274.00	3275.00	3275.00	3275.00	3275.00	3275.00	3275.00	3275.00	3275.00	3276.00	3276.00	3276.00	3276.00	3276.00	3276.00	3276.00	3276.00	3276.00	3277.00	3277.00	3277.00	3277.00	3277.00	3277.00	3277.00	3277.00	3277.00	3277.00	3277.00	3277.00	3278.00
3250.00	3250.00	3250.00	3250.00	3250.00	3250.00	3250.00	3250.00	3250.00	3250.00	3250.00	3250.00	3250.00	3250.00	3250.00	3250.00	3250.00	3250.00	3250.00	3250.00	3250.00	3250.00	3250.00	3250.00	3250.00	3250.00	3250.00	3250.00	3250.00	3250.00	3250.00	3250.00	3250.00	3250.00	3250.00	3250.00	3250.00	3251.00	3251.00	3251.00	3251.00	3251.00	3251.00	3251.00	3251.00	3251.00	3251.00	3251.00	3251.00	3251.00	3251.00	3251.00	3251.00	3251.00	3251.00	3251.00	3251.00	3251.00	3251.00	3252.00	3252.00	3252.00	3252.00	3252.00	3252.00	3252.00	3252.00	3252.00	3252.00	3252.00	3253.00	3253.00	3253.00	3253.00	3253.00	3253.00	3253.00	3253.00	3253.00	3254.00	3254.00	3254.00	3254.00	3254.00	3254.00	3255.00	3255.00	3255.00	3255.00	3255.00	3255.00	3256.00	3256.00	3256.00	3256.00	3256.00	3256.00	3257.00	3257.00	3257.00	3257.00	3257.00	3257.00	3258.00	3258.00	3258.00	3258.00	3258.00	3258.00	3258.00	3259.00	3259.00	3259.00	3259.00	3259.00	3260.00	3260.00	3260.00	3260.00	3260.00	3260.00	3260.00	3260.00	3261.00	3261.00	3261.00	3261.00	3261.00	3261.00	3262.00	3262.00	3262.00	3262.00	3262.00	3262.00	3263.00	3263.00	3263.00	3263.00	3263.00	3263.00	3264.00	3264.00	3264.00	3264.00	3264.00	3264.00	3265.00	3265.00	3265.00	3265.00	3265.00	3265.00	3265.00	3265.00	3265.00	3266.00	3266.00	3266.00	3266.00	3266.00	3266.00	3266.00	3266.00	3266.00	3267.00	3267.00	3267.00	3267.00	3267.00	3267.00	3267.00	3268.00	3268.00	3268.00	3268.00	3268.00	3269.00	3269.00	3269.00	3269.00	3269.00	3269.00	3270.00	3270.00	3270.00	3270.00	3270.00	3270.00	3270.00	3270.00	3270.00	3270.00	3271.00	3271.00	3271.00	3271.00	3271.00	3271.00	3271.00	3271.00	3271.00	3272.00	3272.00	3272.00	3272.00	3272.00	3272.00	3273.00	3273.00	3273.00	3273.00	3273.00	3273.00	3273.00	3273.00	3273.00	3274.00	3274.00	3274.00	3274.00	3274.00	3274.00	3274.00	3274.00	3274.00	3275.00	3275.00	3275.00	3275.00	3275.00	3275.00	3275.00	3275.00	3276.00	3276.00	3276.00	3276.00	3276.00	3276.00	3276.00	3276.00	3276.00	3277.00	3277.00	3277.00	3277.00	3277.00	3277.00	3277.00	3277.00	3277.00	3277.00	3277.00	3277.00	3278.00
3250.00	3250.00	3250.00	3250.00	3250.00	3250.00	3250.00	3250.00	3250.00	3250.00	3250.00	3250.00	3250.00	3250.00	3250.00	3250.00	3250.00	3250.00	3250.00	3250.00	3250.00	3250.00	3250.00	3250.00	3250.00	3250.00	3250.00	3250.00	3250.00	3250.00	3250.00	3250.00	3250.00	3250.00	3250.00	3250.00	3250.00	3251.00	3251.00	3251.00	3251.00	3251.00	3251.00	3251.00	3251.00	3251.00	3251.00	3251.00	3251.00	3251.00	3251.00	3251.00	3251.00	3251.00	3251.00	3251.00	3251.00	3251.00	3251.00	3252.00	3252.00	3252.00	3252.00	3252.00	3252.00	3252.00	3252.00	3252.00	3252.00	3252.00	3253.00	3253.00	3253.00	3253.00	3253.00	3253.00	3253.00	3253.00	3253.00	3254.00	3254.00	3254.00	3254.00	3254.00	3254.00	3255.00	3255.00	3255.00	3255.00	3255.00	3255.00	3256.00	3256.00	3256.00	3256.00	3256.00	3256.00	3257.00	3257.00	3257.00	3257.00	3257.00	3257.00	3258.00	3258.00	3258.00	3258.00	3258.00	3258.00	3258.00	3259.00	3259.00	3259.00	3259.00	3259.00	3260.00	3260.00	3260.00	3260.00	3260.00	3260.00	3260.00	3260.00	3261.00	3261.00	3261.00	3261.00	3261.00	3261.00	3262.00	3262.00	3262.00	3262.00	3262.00	3262.00	3263.00	3263.00	3263.00	3263.00	3263.00	3263.00	3264.00	3264.00	3264.00	3264.00	3264.00	3264.00	3265.00	3265.00	3265.00	3265.00	3265.00	3265.00	3265.00	3265.00	3265.00	3266.00	3266.00	3266.00	3266.00	3266.00	3266.00	3266.00	3266.00	3266.00	3267.00	3267.00	3267.00	3267.00	3267.00	3267.00	3267.00	3268.00	3268.00	3268.00	3268.00	3268.00	3269.00	3269.00	3269.00	3269.00	3269.00	3269.00	3270.00	3270.00	3270.00	3270.00	3270.00	3270.00	3270.00	3270.00	3270.00	3270.00	3271.00	3271.00	3271.00	3271.00	3271.00	3271.00	3271.00	3271.00	3271.00	3272.00	3272.00	3272.00	3272.00	3272.00	3272.00	3273.00	3273.00	3273.00	3273.00	3273.00	3273.00	3273.00	3273.00	3273.00	3274.00	3274.00	3274.00	3274.00	3274.00	3274.00	3274.00	3274.00	3274.00	3275.00	3275.00	3275.00	3275.00	3275.00	3275.00	3275.00	3275.00	3276.00	3276.00	3276.00	3276.00	3276.00	3276.00	3276.00	3276.00	3276.00	3277.00	3277.00	3277.00	3277.00	3277.00	3277.00	3277.00	3277.00	3277.00	3277.00	3277.00	3277.00	3278.00
3250.00	3250.00	3250.00	3250.00	3250.00	3250.00	3250.00	3250.00	3250.00	3250.00	3250.00	3250.00	3250.00	3250.00	3250.00	3250.00	3250.00	3250.00	3250.00	3250.00	3250.00	3250.00	3250.00	3250.00	3250.00	3250.00	3250.00	3250.00	3250.00	3250.00	3250.00	3250.00	3250.00	3250.00	3250.00	3250.00	3250.00	3251.00	3251.00	3251.00	3251.00	3251.00	3251.00	3251.00	3251.00	3251.00	3251.00	3251.00	3251.00	3251.00	3251.00	3251.00	3251.00	3251.00	3251.00	3251.00	3251.00	3251.00	3251.00	3252.00	3252.00	3252.00	3252.00	3252.00	3252.00	3252.00	3252.00	3252.00	3252.00	3252.00	3253.00	3253.00	3253.00	3253.00	3253.00	3253.00	3253.00	3253.00	3253.00	3254.00	3254.00	3254.00	3254.00	3254.00	3254.00	3255.00	3255.00	3255.00	3255.00	3255.00	3255.00	3256.00	3256.00	3256.00	3256.00	3256.00	3256.00	3257.00	3257.00	3257.00	3257.00	3257.00	3257.00	3258.00	3258.00	3258.00	3258.00	3258.00	3258.00	3258.00	3259.00	3259.00	3259.00	3259.00	3259.00	3260.00	3260.00	3260.00	3260.00	3260.00	3260.00	3260.00	3260.00	3261.00	3261.00	3261.00	3261.00	3261.00	3261.00	3262.00	3262.00	3262.00	3262.00	3262.00	3262.00	3263.00	3263.00	3263.00	3263.00	3263.00	3263.00	3264.00	3264.00	3264.00	3264.00	3264.00	3264.00	3265.00	3265.00	3265.00	3265.00	3265.00	3265.00	3265.00	3265.00	3265.00	3266.00	3266.00	3266.00	3266.00	3266.00	3266.00	3266.00	3266.00	3266.00	3267.00	3267.00	3267.00	3267.00	3267.00	3267.00	3267.00	3268.00	3268.00	3268.00	3268.00	3268.00	3269.00	3269.00	3269.00	3269.00	3269.00	3269.00	3270.00	3270.00	3270.00	3270.00	3270.00	3270.00	3270.00	3270.00	3270.00	3270.00	3271.00	3271.00	3271.00	3271.00	3271.00	3271.00	3271.00	3271.00	3271.00	3272.00	3272.00	3272.00	3272.00	3272.00	3272.00	3273.00	3273.00	3273.00	3273.00	3273.00	3273.00	3273.00	3273.00	3273.00	3274.00	3274.00	3274.00	3274.00	3274.00	3274.00	3274.00	3274.00	3274.00	3275.00	3275.00	3275.00	3275.00	3275.00	3275.00	3275.00	3275.00	3276.00	3276.00	3276.00	3276.00	3276.00	3276.00	3276.00	3276.00	3276.00	3277.00	3277.00	3277.00	3277.00	3277.00	3277.00	3277.00	3277.00	3277.00	3277.00	3277.00	3277.00	3278.00
3250.00	3250.00	3250.00	3250.00	3250.00	3250.00	3250.00	3250.00	3250.00	3250.00	3250.00	3250.00	3250.00	3250.00	3250.00	3250.00	3250.00	3250.00	3250.00	3250.00	3250.00	3250.00	3250.00	3250.00	3250.00	3250.00	3250.00	3250.00	3250.00	3250.00	3250.00	3250.00	3250.00	3250.00	3250.00	3250.00	3250.00	3251.00	3251.00	3251.00	3251.00	3251.00	3251.00	3251.00	3251.00	3251.00	3251.00	3251.00	3251.00	3251.00	3251.00	3251.00	3251.00	3251.00	3251.00	3251.00	3251.00	3251.00	3251.00	3252.00	3252.00	3252.00	3252.00	3252.00	3252.00	3252.00	3252.00	3252.00	3252.00	3252.00	3253.00	3253.00	3253.00	3253.00	3253.00	3253.00	3253.00	3253.00	3253.00	3254.00	3254.00	3254.00	3254.00	3254.00	3254.00	3255.00	3255.00	3255.00	3255.00	3255.00	3255.00	3256.00	3256.00	3256.00	3256.00	3256.00	3256.00	3257.00	3257.00	3257.00	3257.00	3257.00	3257.00	3258.00	3258.00	3258.00	3258.00	3258.00	3258.00	3258.00	3259.00	3259.00	3259.00	3259.00	3259.00	3260.00	3260.00	3260.00	3260.00	3260.00	3260.00	3260.00	3260.00	3261.00	3261.00	3261.00	3261.00	3261.00	3261.00	3262.00	3262.00	3262.00	3262.00	3262.00	3262.00	3263.00	3263.00	3263.00	3263.00	3263.00	3263.00	3264.00	3264.00	3264.00	3264.00	3264.00	3264.00	3265.00	3265.00	3265.00	3265.00	3265.00	3265.00	3265.00	3265.00	3265.00	3266.00	3266.00	3266.00	3266.00	3266.00	3266.00	3266.00	3266.00	3266.00	3267.00	3267.00	3267.00	3267.00	3267.00	3267.00	3267.00	3268.00	3268.00	3268.00	3268.00	3268.00	3269.00	3269.00	3269.00	3269.00	3269.00	3269.00	3270.00	3270.00	3270.00	3270.00	3270.00	3270.00	3270.00	3270.00	3270.00	3270.00	3271.00	3271.00	3271.00	3271.00	3271.00	3271.00	3271.00	3271.00	3271.00	3272.00	3272.00	3272.00	3272.00	3272.00	3272.00	3273.00	3273.00	3273.00	3273.00	3273.00	3273.00	3273.00	3273.00	3273.00	3274.00	3274.00	3274.00	3274.00	3274.00	3274.00	3274.00	3274.00	3274.00	3275.00	3275.00	3275.00	3275.00	3275.00	3275.00	3275.00	3275.00	3276.00	3276.00	3276.00	3276.00	3276.00	3276.00	3276.00	3276.00	3276.00	3277.00	3277.00	3277.00	3277.00	3277.00	3277.00	3277.00	3277.00	3277.00	3277.00	3277.00	3277.00	3278.00
3250.00	3250.00	3250.00	3250.00	3250.00	3250.00	3250.00	3250.00	3250.00	3250.00	3250.00	3250.00	3250.00	3250.00	3250.00	3250.00	3250.00	3250.00	3250.00	3250.00	3250.00	3250.00	3250.00	3250.00	3250.00	3250.00	3250.00	3250.00	3250.00	3250.00	3250.00	3250.00	3250.00	3250.00	3250.00	3250.00	3250.00	3251.00	3251.00	3251.00	3251.00	3251.00	3251.00	3251.00	3251.00	3251.00	3251.00	3251.00	3251.00	3251.00	3251.00	3251.00	3251.00	3251.00	3251.00	3251.00	3251.00	3251.00	3251.00	3252.00	3252.00	3252.00	3252.00	3252.00	3252.00	3252.00	3252.00	3252.00	3252.00	3252.00	3253.00	3253.00	3253.00	3253.00	3253.00	3253.00	3253.00	3253.00	3253.00	3254.00	3254.00	3254.00	3254.00	3254.00	3254.00	3255.00	3255.00	3255.00	3255.00	3255.00	3255.00	3256.00	3256.00	3256.00	3256.00	3256.00	3256.00	3257.00	3257.00	3257.00	3257.00	3257.00	3257.00	3258.00	3258.00	3258.00	3258.00	3258.00	3258.00	3258.00	3259.00	3259.00	3259.00	3259.00	3259.00	3260.00	3260.00	3260.00	3260.00	3260.00	3260.00	3260.00	3260.00	3261.00	3261.00	3261.00	3261.00	3261.00	3261.00	3262.00	3262.00	3262.00	3262.00	3262.00	3262.00	3263.00	3263.00	3263.00	3263.00	3263.00	3263.00	3264.00	3264.00	3264.00	3264.00	3264.00	3264.00	3265.00	3265.00	3265.00	3265.00	3265.00	3265.00	3265.00	3265.00	3265.00	3266.00	3266.00	3266.00	3266.00	3266.00	3266.00	3266.00	3266.00	3266.00	3267.00	3267.00	3267.00	3267.00	3267.00	3267.00	3267.00	3268.00	3268.00	3268.00	3268.00	3268.00	3269.00	3269.00	3269.00	3269.00	3269.00	3269.00	3270.00	3270.00	3270.00	3270.00	3270.00	3270.00	3270.00	3270.00	3270.00	3270.00	3271.00	3271.00	3271.00	3271.00	3271.00	3271.00	3271.00	3271.00	3271.00	3272.00	3272.00	3272.00	3272.00	3272.00	3272.00	3273.00	3273.00	3273.00	3273.00	3273.00	3273.00	3273.00	3273.00	3273.00	3274.00	3274.00	3274.00	3274.00	3274.00	3274.00	3274.00	3274.00	3274.00	3275.00	3275.00	3275.00	3275.00	3275.00	3275.00	3275.00	3275.00	3276.00	3276.00	3276.00	3276.00	3276.00	3276.00	3276.00	3276.00	3276.00	3277.00	3277.00	3277.00	3277.00	3277.00	3277.00	3277.00	3277.00	3277.00	3277.00	3277.00	3277.00	3278.00
3250.00	3250.00	3250.00	3250.00	3250.00	3250.00	3250.00	3250.00	3250.00	3250.00	3250.00	3250.00	3250.00	3250.00	3250.00	3250.00	3250.00	3250.00	3250.00	3250.00	3250.00	3250.00	3250.00	3250.00	3250.00	3250.00	3250.00	3250.00	3250.00	3250.00	3250.00	3250.00	3250.00	3250.00	3250.00	3250.00	3250.00	3251.00	3251.00	3251.00	3251.00	3251.00	3251.00	3251.00	3251.00	3251.00	3251.00	3251.00	3251.00	3251.00	3251.00	3251.00	3251.00	3251.00	3251.00	3251.00	3251.00	3251.00	3251.00	3252.00	3252.00	3252.00	3252.00	3252.00	3252.00	3252.00	3252.00	3252.00	3252.00	3252.00	3253.00	3253.00	3253.00	3253.00	3253.00	3253.00	3253.00	3253.00	3253.00	3254.00	3254.00	3254.00	3254.00	3254.00	3254.00	3255.00	3255.00	3255.00	3255.00	3255.00	3255.00	3256.00	3256.00	3256.00	3256.00	3256.00	3256.00	3257.00	3257.00	3257.00	3257.00	3257.00	3257.00	3258.00	3258.00	3258.00	3258.00	3258.00	3258.00	3258.00	3259.00	3259.00	3259.00	3259.00	3259.00	3260.00	3260.00	3260.00	3260.00	3260.00	3260.00	3260.00	3260.00	3261.00	3261.00	3261.00	3261.00	3261.00	3261.00	3262.00	3262.00	3262.00	3262.00	3262.00	3262.00	3263.00	3263.00	3263.00	3263.00	3263.00	3263.00	3264.00	3264.00	3264.00	3264.00	3264.00	3264.00	3265.00	3265.00	3265.00	3265.00	3265.00	3265.00	3265.00	3265.00	3265.00	3266.00	3266.00	3266.00	3266.00	3266.00	3266.00	3266.00	3266.00	3266.00	3267.00	3267.00	3267.00	3267.00	3267.00	3267.00	3267.00	3268.00	3268.00	3268.00	3268.00	3268.00	3269.00	3269.00	3269.00	3269.00	3269.00	3269.00	3270.00	3270.00	3270.00	3270.00	3270.00	3270.00	3270.00	3270.00	3270.00	3270.00	3271.00	3271.00	3271.00	3271.00	3271.00	3271.00	3271.00	3271.00	3271.00	3272.00	3272.00	3272.00	3272.00	3272.00	3272.00	3273.00	3273.00	3273.00	3273.00	3273.00	3273.00	3273.00	3273.00	3273.00	3274.00	3274.00	3274.00	3274.00	3274.00	3274.00	3274.00	3274.00	3274.00	3275.00	3275.00	3275.00	3275.00	3275.00	3275.00	3275.00	3275.00	3276.00	3276.00	3276.00	3276.00	3276.00	3276.00	3276.00	3276.00	3276.00	3277.00	3277.00	3277.00	3277.00	3277.00	3277.00	3277.00	3277.00	3277.00	3277.00	3277.00	3277.00	3278.00
3250.00	3250.00	3250.00	3250.00	3250.00	3250.00	3250.00	3250.00	3250.00	3250.00	3250.00	3250.00	3250.00	3250.00	3250.00	3250.00	3250.00	3250.00	3250.00	3250.00	3250.00	3250.00	3250.00	3250.00	3250.00	3250.00	3250.00	3250.00	3250.00	3250.00	3250.00	3250.00	3250.00	3250.00	3250.00	3250.00	3250.00	3251.00	3251.00	3251.00	3251.00	3251.00	3251.00	3251.00	3251.00	3251.00	3251.00	3251.00	3251.00	3251.00	3251.00	3251.00	3251.00	3251.00	3251.00	3251.00	3251.00	3251.00	3251.00	3252.00	3252.00	3252.00	3252.00	3252.00	3252.00	3252.00	3252.00	3252.00	3252.00	3252.00	3253.00	3253.00	3253.00	3253.00	3253.00	3253.00	3253.00	3253.00	3253.00	3254.00	3254.00	3254.00	3254.00	3254.00	3254.00	3255.00	3255.00	3255.00	3255.00	3255.00	3255.00	3256.00	3256.00	3256.00	3256.00	3256.00	3256.00	3257.00	3257.00	3257.00	3257.00	3257.00	3257.00	3258.00	3258.00	3258.00	3258.00	3258.00	3258.00	3258.00	3259.00	3259.00	3259.00	3259.00	3259.00	3260.00	3260.00	3260.00	3260.00	3260.00	3260.00	3260.00	3260.00	3261.00	3261.00	3261.00	3261.00	3261.00	3261.00	3262.00	3262.00	3262.00	3262.00	3262.00	3262.00	3263.00	3263.00	3263.00	3263.00	3263.00	3263.00	3264.00	3264.00	3264.00	3264.00	3264.00	3264.00	3265.00	3265.00	3265.00	3265.00	3265.00	3265.00	3265.00	3265.00	3265.00	3266.00	3266.00	3266.00	3266.00	3266.00	3266.00	3266.00	3266.00	3266.00	3267.00	3267.00	3267.00	3267.00	3267.00	3267.00	3267.00	3268.00	3268.00	3268.00	3268.00	3268.00	3269.00	3269.00	3269.00	3269.00	3269.00	3269.00	3270.00	3270.00	3270.00	3270.00	3270.00	3270.00	3270.00	3270.00	3270.00	3270.00	3271.00	3271.00	3271.00	3271.00	3271.00	3271.00	3271.00	3271.00	3271.00	3272.00	3272.00	3272.00	3272.00	3272.00	3272.00	3273.00	3273.00	3273.00	3273.00	3273.00	3273.00	3273.00	3273.00	3273.00	3274.00	3274.00	3274.00	3274.00	3274.00	3274.00	3274.00	3274.00	3274.00	3275.00	3275.00	3275.00	3275.00	3275.00	3275.00	3275.00	3275.00	3276.00	3276.00	3276.00	3276.00	3276.00	3276.00	3276.00	3276.00	3276.00	3277.00	3277.00	3277.00	3277.00	3277.00	3277.00	3277.00	3277.00	3277.00	3277.00	3277.00	3277.00	3278.00
3250.00	3250.00	3250.00	3250.00	3250.00	3250.00	3250.00	3250.00	3250.00	3250.00	3250.00	3250.00	3250.00	3250.00	3250.00	3250.00	3250.00	3250.00	3250.00	3250.00	3250.00	3250.00	3250.00	3250.00	3250.00	3250.00	3250.00	3250.00	3250.00	3250.00	3250.00	3250.00	3250.00	3250.00	3250.00	3250.00	3250.00	3251.00	3251.00	3251.00	3251.00	3251.00	3251.00	3251.00	3251.00	3251.00	3251.00	3251.00	3251.00	3251.00	3251.00	3251.00	3251.00	3251.00	3251.00	3251.00	3251.00	3251.00	3251.00	3252.00	3252.00	3252.00	3252.00	3252.00	3252.00	3252.00	3252.00	3252.00	3252.00	3252.00	3253.00	3253.00	3253.00	3253.00	3253.00	3253.00	3253.00	3253.00	3253.00	3254.00	3254.00	3254.00	3254.00	3254.00	3254.00	3255.00	3255.00	3255.00	3255.00	3255.00	3255.00	3256.00	3256.00	3256.00	3256.00	3256.00	3256.00	3257.00	3257.00	3257.00	3257.00	3257.00	3257.00	3258.00	3258.00	3258.00	3258.00	3258.00	3258.00	3258.00	3259.00	3259.00	3259.00	3259.00	3259.00	3260.00	3260.00	3260.00	3260.00	3260.00	3260.00	3260.00	3260.00	3261.00	3261.00	3261.00	3261.00	3261.00	3261.00	3262.00	3262.00	3262.00	3262.00	3262.00	3262.00	3263.00	3263.00	3263.00	3263.00	3263.00	3263.00	3264.00	3264.00	3264.00	3264.00	3264.00	3264.00	3265.00	3265.00	3265.00	3265.00	3265.00	3265.00	3265.00	3265.00	3265.00	3266.00	3266.00	3266.00	3266.00	3266.00	3266.00	3266.00	3266.00	3266.00	3267.00	3267.00	3267.00	3267.00	3267.00	3267.00	3267.00	3268.00	3268.00	3268.00	3268.00	3268.00	3269.00	3269.00	3269.00	3269.00	3269.00	3269.00	3270.00	3270.00	3270.00	3270.00	3270.00	3270.00	3270.00	3270.00	3270.00	3270.00	3271.00	3271.00	3271.00	3271.00	3271.00	3271.00	3271.00	3271.00	3271.00	3272.00	3272.00	3272.00	3272.00	3272.00	3272.00	3273.00	3273.00	3273.00	3273.00	3273.00	3273.00	3273.00	3273.00	3273.00	3274.00	3274.00	3274.00	3274.00	3274.00	3274.00	3274.00	3274.00	3274.00	3275.00	3275.00	3275.00	3275.00	3275.00	3275.00	3275.00	3275.00	3276.00	3276.00	3276.00	3276.00	3276.00	3276.00	3276.00	3276.00	3276.00	3277.00	3277.00	3277.00	3277.00	3277.00	3277.00	3277.00	3277.00	3277.00	3277.00	3277.00	3277.00	3278.00
3250.00	3250.00	3250.00	3250.00	3250.00	3250.00	3250.00	3250.00	3250.00	3250.00	3250.00	3250.00	3250.00	3250.00	3250.00	3250.00	3250.00	3250.00	3250.00	3250.00	3250.00	3250.00	3250.00	3250.00	3250.00	3250.00	3250.00	3250.00	3250.00	3250.00	3250.00	3250.00	3250.00	3250.00	3250.00	3250.00	3250.00	3250.00	3250.00	3250.00	3250.00	3250.00	3250.00	3250.00	3250.00	3250.00	3250.00	3250.00	3250.00	3250.00	3251.00	3251.00	3251.00	3251.00	3251.00	3251.00	3251.00	3251.00	3251.00	3251.00	3251.00	3251.00	3251.00	3251.00	3251.00	3251.00	3251.00	3252.00	3252.00	3252.00	3252.00	3252.00	3252.00	3252.00	3253.00	3253.00	3253.00	3253.00	3253.00	3253.00	3253.00	3253.00	3254.00	3254.00	3254.00	3254.00	3254.00	3254.00	3254.00	3255.00	3255.00	3255.00	3255.00	3255.00	3256.00	3256.00	3256.00	3256.00	3256.00	3257.00	3257.00	3257.00	3257.00	3258.00	3258.00	3258.00	3258.00	3258.00	3258.00	3258.00	3259.00	3259.00	3259.00	3259.00	3259.00	3260.00	3260.00	3260.00	3260.00	3260.00	3261.00	3261.00	3261.00	3261.00	3261.00	3261.00	3261.00	3261.00	3262.00	3262.00	3262.00	3262.00	3262.00	3263.00	3263.00	3263.00	3263.00	3263.00	3263.00	3263.00	3264.00	3264.00	3264.00	3264.00	3264.00	3264.00	3264.00	3265.00	3265.00	3265.00	3265.00	3265.00	3265.00	3265.00	3265.00	3266.00	3266.00	3266.00	3266.00	3266.00	3266.00	3266.00	3266.00	3266.00	3267.00	3267.00	3267.00	3267.00	3267.00	3267.00	3267.00	3267.00	3268.00	3268.00	3268.00	3268.00	3268.00	3268.00	3268.00	3269.00	3269.00	3269.00	3269.00	3269.00	3269.00	3269.00	3269.00	3269.00	3270.00	3270.00	3270.00	3270.00	3270.00	3270.00	3270.00	3271.00	3271.00	3271.00	3271.00	3271.00	3271.00	3271.00	3271.00	3271.00	3272.00	3272.00	3272.00	3272.00	3272.00	3272.00	3272.00	3272.00	3272.00	3273.00	3273.00	3273.00	3273.00	3273.00	3273.00	3273.00	3274.00	3274.00	3274.00	3274.00	3274.00	3274.00	3275.00	3275.00	3275.00	3275.00	3275.00	3275.00	3275.00	3275.00	3276.00	3276.00	3276.00	3276.00	3276.00	3276.00	3276.00	3276.00	3276.00	3277.00	3277.00	3277.00	3277.00	3277.00	3277.00	3277.00	3277.00	3277.00	3277.00	3278.00	3278.00	3278.00
3250.00	3250.00	3250.00	3250.00	3250.00	3250.00	3250.00	3250.00	3250.00	3250.00	3250.00	3250.00	3250.00	3250.00	3250.00	3250.00	3250.00	3250.00	3250.00	3250.00	3250.00	3250.00	3250.00	3250.00	3250.00	3250.00	3250.00	3250.00	3250.00	3250.00	3250.00	3250.00	3250.00	3250.00	3250.00	3250.00	3250.00	3250.00	3250.00	3250.00	3250.00	3250.00	3250.00	3250.00	3250.00	3250.00	3250.00	3250.00	3250.00	3250.00	3251.00	3251.00	3251.00	3251.00	3251.00	3251.00	3251.00	3251.00	3251.00	3251.00	3251.00	3251.00	3251.00	3251.00	3251.00	3251.00	3251.00	3252.00	3252.00	3252.00	3252.00	3252.00	3252.00	3252.00	3253.00	3253.00	3253.00	3253.00	3253.00	3253.00	3253.00	3253.00	3254.00	3254.00	3254.00	3254.00	3254.00	3254.00	3254.00	3255.00	3255.00	3255.00	3255.00	3255.00	3256.00	3256.00	3256.00	3256.00	3256.00	3257.00	3257.00	3257.00	3257.00	3258.00	3258.00	3258.00	3258.00	3258.00	3258.00	3258.00	3259.00	3259.00	3259.00	3259.00	3259.00	3260.00	3260.00	3260.00	3260.00	3260.00	3261.00	3261.00	3261.00	3261.00	3261.00	3261.00	3261.00	3261.00	3262.00	3262.00	3262.00	3262.00	3262.00	3263.00	3263.00	3263.00	3263.00	3263.00	3263.00	3263.00	3264.00	3264.00	3264.00	3264.00	3264.00	3264.00	3264.00	3265.00	3265.00	3265.00	3265.00	3265.00	3265.00	3265.00	3265.00	3266.00	3266.00	3266.00	3266.00	3266.00	3266.00	3266.00	3266.00	3266.00	3267.00	3267.00	3267.00	3267.00	3267.00	3267.00	3267.00	3267.00	3268.00	3268.00	3268.00	3268.00	3268.00	3268.00	3268.00	3269.00	3269.00	3269.00	3269.00	3269.00	3269.00	3269.00	3269.00	3269.00	3270.00	3270.00	3270.00	3270.00	3270.00	3270.00	3270.00	3271.00	3271.00	3271.00	3271.00	3271.00	3271.00	3271.00	3271.00	3271.00	3272.00	3272.00	3272.00	3272.00	3272.00	3272.00	3272.00	3272.00	3272.00	3273.00	3273.00	3273.00	3273.00	3273.00	3273.00	3273.00	3274.00	3274.00	3274.00	3274.00	3274.00	3274.00	3275.00	3275.00	3275.00	3275.00	3275.00	3275.00	3275.00	3275.00	3276.00	3276.00	3276.00	3276.00	3276.00	3276.00	3276.00	3276.00	3276.00	3277.00	3277.00	3277.00	3277.00	3277.00	3277.00	3277.00	3277.00	3277.00	3277.00	3278.00	3278.00	3278.00
3250.00	3250.00	3250.00	3250.00	3250.00	3250.00	3250.00	3250.00	3250.00	3250.00	3250.00	3250.00	3250.00	3250.00	3250.00	3250.00	3250.00	3250.00	3250.00	3250.00	3250.00	3250.00	3250.00	3250.00	3250.00	3250.00	3250.00	3250.00	3250.00	3250.00	3250.00	3250.00	3250.00	3250.00	3250.00	3250.00	3250.00	3250.00	3250.00	3250.00	3250.00	3250.00	3250.00	3250.00	3250.00	3250.00	3250.00	3250.00	3250.00	3250.00	3251.00	3251.00	3251.00	3251.00	3251.00	3251.00	3251.00	3251.00	3251.00	3251.00	3251.00	3251.00	3251.00	3251.00	3251.00	3251.00	3251.00	3252.00	3252.00	3252.00	3252.00	3252.00	3252.00	3252.00	3253.00	3253.00	3253.00	3253.00	3253.00	3253.00	3253.00	3253.00	3254.00	3254.00	3254.00	3254.00	3254.00	3254.00	3254.00	3255.00	3255.00	3255.00	3255.00	3255.00	3256.00	3256.00	3256.00	3256.00	3256.00	3257.00	3257.00	3257.00	3257.00	3258.00	3258.00	3258.00	3258.00	3258.00	3258.00	3258.00	3259.00	3259.00	3259.00	3259.00	3259.00	3260.00	3260.00	3260.00	3260.00	3260.00	3261.00	3261.00	3261.00	3261.00	3261.00	3261.00	3261.00	3261.00	3262.00	3262.00	3262.00	3262.00	3262.00	3263.00	3263.00	3263.00	3263.00	3263.00	3263.00	3263.00	3264.00	3264.00	3264.00	3264.00	3264.00	3264.00	3264.00	3265.00	3265.00	3265.00	3265.00	3265.00	3265.00	3265.00	3265.00	3266.00	3266.00	3266.00	3266.00	3266.00	3266.00	3266.00	3266.00	3266.00	3267.00	3267.00	3267.00	3267.00	3267.00	3267.00	3267.00	3267.00	3268.00	3268.00	3268.00	3268.00	3268.00	3268.00	3268.00	3269.00	3269.00	3269.00	3269.00	3269.00	3269.00	3269.00	3269.00	3269.00	3270.00	3270.00	3270.00	3270.00	3270.00	3270.00	3270.00	3271.00	3271.00	3271.00	3271.00	3271.00	3271.00	3271.00	3271.00	3271.00	3272.00	3272.00	3272.00	3272.00	3272.00	3272.00	3272.00	3272.00	3272.00	3273.00	3273.00	3273.00	3273.00	3273.00	3273.00	3273.00	3274.00	3274.00	3274.00	3274.00	3274.00	3274.00	3275.00	3275.00	3275.00	3275.00	3275.00	3275.00	3275.00	3275.00	3276.00	3276.00	3276.00	3276.00	3276.00	3276.00	3276.00	3276.00	3276.00	3277.00	3277.00	3277.00	3277.00	3277.00	3277.00	3277.00	3277.00	3277.00	3277.00	3278.00	3278.00	3278.00
3250.00	3250.00	3250.00	3250.00	3250.00	3250.00	3250.00	3250.00	3250.00	3250.00	3250.00	3250.00	3250.00	3250.00	3250.00	3250.00	3250.00	3250.00	3250.00	3250.00	3250.00	3250.00	3250.00	3250.00	3250.00	3250.00	3250.00	3250.00	3250.00	3250.00	3250.00	3250.00	3250.00	3250.00	3250.00	3250.00	3250.00	3250.00	3250.00	3250.00	3250.00	3250.00	3250.00	3250.00	3250.00	3250.00	3250.00	3250.00	3250.00	3250.00	3251.00	3251.00	3251.00	3251.00	3251.00	3251.00	3251.00	3251.00	3251.00	3251.00	3251.00	3251.00	3251.00	3251.00	3251.00	3251.00	3251.00	3252.00	3252.00	3252.00	3252.00	3252.00	3252.00	3252.00	3253.00	3253.00	3253.00	3253.00	3253.00	3253.00	3253.00	3253.00	3254.00	3254.00	3254.00	3254.00	3254.00	3254.00	3254.00	3255.00	3255.00	3255.00	3255.00	3255.00	3256.00	3256.00	3256.00	3256.00	3256.00	3257.00	3257.00	3257.00	3257.00	3258.00	3258.00	3258.00	3258.00	3258.00	3258.00	3258.00	3259.00	3259.00	3259.00	3259.00	3259.00	3260.00	3260.00	3260.00	3260.00	3260.00	3261.00	3261.00	3261.00	3261.00	3261.00	3261.00	3261.00	3261.00	3262.00	3262.00	3262.00	3262.00	3262.00	3263.00	3263.00	3263.00	3263.00	3263.00	3263.00	3263.00	3264.00	3264.00	3264.00	3264.00	3264.00	3264.00	3264.00	3265.00	3265.00	3265.00	3265.00	3265.00	3265.00	3265.00	3265.00	3266.00	3266.00	3266.00	3266.00	3266.00	3266.00	3266.00	3266.00	3266.00	3267.00	3267.00	3267.00	3267.00	3267.00	3267.00	3267.00	3267.00	3268.00	3268.00	3268.00	3268.00	3268.00	3268.00	3268.00	3269.00	3269.00	3269.00	3269.00	3269.00	3269.00	3269.00	3269.00	3269.00	3270.00	3270.00	3270.00	3270.00	3270.00	3270.00	3270.00	3271.00	3271.00	3271.00	3271.00	3271.00	3271.00	3271.00	3271.00	3271.00	3272.00	3272.00	3272.00	3272.00	3272.00	3272.00	3272.00	3272.00	3272.00	3273.00	3273.00	3273.00	3273.00	3273.00	3273.00	3273.00	3274.00	3274.00	3274.00	3274.00	3274.00	3274.00	3275.00	3275.00	3275.00	3275.00	3275.00	3275.00	3275.00	3275.00	3276.00	3276.00	3276.00	3276.00	3276.00	3276.00	3276.00	3276.00	3276.00	3277.00	3277.00	3277.00	3277.00	3277.00	3277.00	3277.00	3277.00	3277.00	3277.00	3278.00	3278.00	3278.00
3250.00	3250.00	3250.00	3250.00	3250.00	3250.00	3250.00	3250.00	3250.00	3250.00	3250.00	3250.00	3250.00	3250.00	3250.00	3250.00	3250.00	3250.00	3250.00	3250.00	3250.00	3250.00	3250.00	3250.00	3250.00	3250.00	3250.00	3250.00	3250.00	3250.00	3250.00	3250.00	3250.00	3250.00	3250.00	3250.00	3250.00	3250.00	3250.00	3250.00	3250.00	3250.00	3250.00	3250.00	3250.00	3250.00	3250.00	3250.00	3250.00	3250.00	3251.00	3251.00	3251.00	3251.00	3251.00	3251.00	3251.00	3251.00	3251.00	3251.00	3251.00	3251.00	3251.00	3251.00	3251.00	3251.00	3251.00	3252.00	3252.00	3252.00	3252.00	3252.00	3252.00	3252.00	3253.00	3253.00	3253.00	3253.00	3253.00	3253.00	3253.00	3253.00	3254.00	3254.00	3254.00	3254.00	3254.00	3254.00	3254.00	3255.00	3255.00	3255.00	3255.00	3255.00	3256.00	3256.00	3256.00	3256.00	3256.00	3257.00	3257.00	3257.00	3257.00	3258.00	3258.00	3258.00	3258.00	3258.00	3258.00	3258.00	3259.00	3259.00	3259.00	3259.00	3259.00	3260.00	3260.00	3260.00	3260.00	3260.00	3261.00	3261.00	3261.00	3261.00	3261.00	3261.00	3261.00	3261.00	3262.00	3262.00	3262.00	3262.00	3262.00	3263.00	3263.00	3263.00	3263.00	3263.00	3263.00	3263.00	3264.00	3264.00	3264.00	3264.00	3264.00	3264.00	3264.00	3265.00	3265.00	3265.00	3265.00	3265.00	3265.00	3265.00	3265.00	3266.00	3266.00	3266.00	3266.00	3266.00	3266.00	3266.00	3266.00	3266.00	3267.00	3267.00	3267.00	3267.00	3267.00	3267.00	3267.00	3267.00	3268.00	3268.00	3268.00	3268.00	3268.00	3268.00	3268.00	3269.00	3269.00	3269.00	3269.00	3269.00	3269.00	3269.00	3269.00	3269.00	3270.00	3270.00	3270.00	3270.00	3270.00	3270.00	3270.00	3271.00	3271.00	3271.00	3271.00	3271.00	3271.00	3271.00	3271.00	3271.00	3272.00	3272.00	3272.00	3272.00	3272.00	3272.00	3272.00	3272.00	3272.00	3273.00	3273.00	3273.00	3273.00	3273.00	3273.00	3273.00	3274.00	3274.00	3274.00	3274.00	3274.00	3274.00	3275.00	3275.00	3275.00	3275.00	3275.00	3275.00	3275.00	3275.00	3276.00	3276.00	3276.00	3276.00	3276.00	3276.00	3276.00	3276.00	3276.00	3277.00	3277.00	3277.00	3277.00	3277.00	3277.00	3277.00	3277.00	3277.00	3277.00	3278.00	3278.00	3278.00
3250.00	3250.00	3250.00	3250.00	3250.00	3250.00	3250.00	3250.00	3250.00	3250.00	3250.00	3250.00	3250.00	3250.00	3250.00	3250.00	3250.00	3250.00	3250.00	3250.00	3250.00	3250.00	3250.00	3250.00	3250.00	3250.00	3250.00	3250.00	3250.00	3250.00	3250.00	3250.00	3250.00	3250.00	3250.00	3250.00	3250.00	3250.00	3250.00	3250.00	3250.00	3250.00	3250.00	3250.00	3250.00	3250.00	3250.00	3250.00	3250.00	3250.00	3251.00	3251.00	3251.00	3251.00	3251.00	3251.00	3251.00	3251.00	3251.00	3251.00	3251.00	3251.00	3251.00	3251.00	3251.00	3251.00	3251.00	3252.00	3252.00	3252.00	3252.00	3252.00	3252.00	3252.00	3253.00	3253.00	3253.00	3253.00	3253.00	3253.00	3253.00	3253.00	3254.00	3254.00	3254.00	3254.00	3254.00	3254.00	3254.00	3255.00	3255.00	3255.00	3255.00	3255.00	3256.00	3256.00	3256.00	3256.00	3256.00	3257.00	3257.00	3257.00	3257.00	3258.00	3258.00	3258.00	3258.00	3258.00	3258.00	3258.00	3259.00	3259.00	3259.00	3259.00	3259.00	3260.00	3260.00	3260.00	3260.00	3260.00	3261.00	3261.00	3261.00	3261.00	3261.00	3261.00	3261.00	3261.00	3262.00	3262.00	3262.00	3262.00	3262.00	3263.00	3263.00	3263.00	3263.00	3263.00	3263.00	3263.00	3264.00	3264.00	3264.00	3264.00	3264.00	3264.00	3264.00	3265.00	3265.00	3265.00	3265.00	3265.00	3265.00	3265.00	3265.00	3266.00	3266.00	3266.00	3266.00	3266.00	3266.00	3266.00	3266.00	3266.00	3267.00	3267.00	3267.00	3267.00	3267.00	3267.00	3267.00	3267.00	3268.00	3268.00	3268.00	3268.00	3268.00	3268.00	3268.00	3269.00	3269.00	3269.00	3269.00	3269.00	3269.00	3269.00	3269.00	3269.00	3270.00	3270.00	3270.00	3270.00	3270.00	3270.00	3270.00	3271.00	3271.00	3271.00	3271.00	3271.00	3271.00	3271.00	3271.00	3271.00	3272.00	3272.00	3272.00	3272.00	3272.00	3272.00	3272.00	3272.00	3272.00	3273.00	3273.00	3273.00	3273.00	3273.00	3273.00	3273.00	3274.00	3274.00	3274.00	3274.00	3274.00	3274.00	3275.00	3275.00	3275.00	3275.00	3275.00	3275.00	3275.00	3275.00	3276.00	3276.00	3276.00	3276.00	3276.00	3276.00	3276.00	3276.00	3276.00	3277.00	3277.00	3277.00	3277.00	3277.00	3277.00	3277.00	3277.00	3277.00	3277.00	3278.00	3278.00	3278.00
3250.00	3250.00	3250.00	3250.00	3250.00	3250.00	3250.00	3250.00	3250.00	3250.00	3250.00	3250.00	3250.00	3250.00	3250.00	3250.00	3250.00	3250.00	3250.00	3250.00	3250.00	3250.00	3250.00	3250.00	3250.00	3250.00	3250.00	3250.00	3250.00	3250.00	3250.00	3250.00	3250.00	3250.00	3250.00	3250.00	3250.00	3250.00	3250.00	3250.00	3250.00	3250.00	3250.00	3250.00	3250.00	3250.00	3250.00	3250.00	3250.00	3250.00	3251.00	3251.00	3251.00	3251.00	3251.00	3251.00	3251.00	3251.00	3251.00	3251.00	3251.00	3251.00	3251.00	3251.00	3251.00	3251.00	3251.00	3252.00	3252.00	3252.00	3252.00	3252.00	3252.00	3252.00	3253.00	3253.00	3253.00	3253.00	3253.00	3253.00	3253.00	3253.00	3254.00	3254.00	3254.00	3254.00	3254.00	3254.00	3254.00	3255.00	3255.00	3255.00	3255.00	3255.00	3256.00	3256.00	3256.00	3256.00	3256.00	3257.00	3257.00	3257.00	3257.00	3258.00	3258.00	3258.00	3258.00	3258.00	3258.00	3258.00	3259.00	3259.00	3259.00	3259.00	3259.00	3260.00	3260.00	3260.00	3260.00	3260.00	3261.00	3261.00	3261.00	3261.00	3261.00	3261.00	3261.00	3261.00	3262.00	3262.00	3262.00	3262.00	3262.00	3263.00	3263.00	3263.00	3263.00	3263.00	3263.00	3263.00	3264.00	3264.00	3264.00	3264.00	3264.00	3264.00	3264.00	3265.00	3265.00	3265.00	3265.00	3265.00	3265.00	3265.00	3265.00	3266.00	3266.00	3266.00	3266.00	3266.00	3266.00	3266.00	3266.00	3266.00	3267.00	3267.00	3267.00	3267.00	3267.00	3267.00	3267.00	3267.00	3268.00	3268.00	3268.00	3268.00	3268.00	3268.00	3268.00	3269.00	3269.00	3269.00	3269.00	3269.00	3269.00	3269.00	3269.00	3269.00	3270.00	3270.00	3270.00	3270.00	3270.00	3270.00	3270.00	3271.00	3271.00	3271.00	3271.00	3271.00	3271.00	3271.00	3271.00	3271.00	3272.00	3272.00	3272.00	3272.00	3272.00	3272.00	3272.00	3272.00	3272.00	3273.00	3273.00	3273.00	3273.00	3273.00	3273.00	3273.00	3274.00	3274.00	3274.00	3274.00	3274.00	3274.00	3275.00	3275.00	3275.00	3275.00	3275.00	3275.00	3275.00	3275.00	3276.00	3276.00	3276.00	3276.00	3276.00	3276.00	3276.00	3276.00	3276.00	3277.00	3277.00	3277.00	3277.00	3277.00	3277.00	3277.00	3277.00	3277.00	3277.00	3278.00	3278.00	3278.00
3250.00	3250.00	3250.00	3250.00	3250.00	3250.00	3250.00	3250.00	3250.00	3250.00	3250.00	3250.00	3250.00	3250.00	3250.00	3250.00	3250.00	3250.00	3250.00	3250.00	3250.00	3250.00	3250.00	3250.00	3250.00	3250.00	3250.00	3250.00	3250.00	3250.00	3250.00	3250.00	3250.00	3250.00	3250.00	3250.00	3250.00	3250.00	3250.00	3250.00	3250.00	3250.00	3250.00	3250.00	3250.00	3250.00	3250.00	3250.00	3250.00	3250.00	3251.00	3251.00	3251.00	3251.00	3251.00	3251.00	3251.00	3251.00	3251.00	3251.00	3251.00	3251.00	3251.00	3251.00	3251.00	3251.00	3251.00	3252.00	3252.00	3252.00	3252.00	3252.00	3252.00	3252.00	3253.00	3253.00	3253.00	3253.00	3253.00	3253.00	3253.00	3253.00	3254.00	3254.00	3254.00	3254.00	3254.00	3254.00	3254.00	3255.00	3255.00	3255.00	3255.00	3255.00	3256.00	3256.00	3256.00	3256.00	3256.00	3257.00	3257.00	3257.00	3257.00	3258.00	3258.00	3258.00	3258.00	3258.00	3258.00	3258.00	3259.00	3259.00	3259.00	3259.00	3259.00	3260.00	3260.00	3260.00	3260.00	3260.00	3261.00	3261.00	3261.00	3261.00	3261.00	3261.00	3261.00	3261.00	3262.00	3262.00	3262.00	3262.00	3262.00	3263.00	3263.00	3263.00	3263.00	3263.00	3263.00	3263.00	3264.00	3264.00	3264.00	3264.00	3264.00	3264.00	3264.00	3265.00	3265.00	3265.00	3265.00	3265.00	3265.00	3265.00	3265.00	3266.00	3266.00	3266.00	3266.00	3266.00	3266.00	3266.00	3266.00	3266.00	3267.00	3267.00	3267.00	3267.00	3267.00	3267.00	3267.00	3267.00	3268.00	3268.00	3268.00	3268.00	3268.00	3268.00	3268.00	3269.00	3269.00	3269.00	3269.00	3269.00	3269.00	3269.00	3269.00	3269.00	3270.00	3270.00	3270.00	3270.00	3270.00	3270.00	3270.00	3271.00	3271.00	3271.00	3271.00	3271.00	3271.00	3271.00	3271.00	3271.00	3272.00	3272.00	3272.00	3272.00	3272.00	3272.00	3272.00	3272.00	3272.00	3273.00	3273.00	3273.00	3273.00	3273.00	3273.00	3273.00	3274.00	3274.00	3274.00	3274.00	3274.00	3274.00	3275.00	3275.00	3275.00	3275.00	3275.00	3275.00	3275.00	3275.00	3276.00	3276.00	3276.00	3276.00	3276.00	3276.00	3276.00	3276.00	3276.00	3277.00	3277.00	3277.00	3277.00	3277.00	3277.00	3277.00	3277.00	3277.00	3277.00	3278.00	3278.00	3278.00
3250.00	3250.00	3250.00	3250.00	3250.00	3250.00	3250.00	3250.00	3250.00	3250.00	3250.00	3250.00	3250.00	3250.00	3250.00	3250.00	3250.00	3250.00	3250.00	3250.00	3250.00	3250.00	3250.00	3250.00	3250.00	3250.00	3250.00	3250.00	3250.00	3250.00	3250.00	3250.00	3250.00	3250.00	3250.00	3250.00	3250.00	3250.00	3250.00	3250.00	3250.00	3250.00	3250.00	3250.00	3250.00	3250.00	3250.00	3250.00	3250.00	3250.00	3251.00	3251.00	3251.00	3251.00	3251.00	3251.00	3251.00	3251.00	3251.00	3251.00	3251.00	3251.00	3251.00	3251.00	3251.00	3251.00	3251.00	3252.00	3252.00	3252.00	3252.00	3252.00	3252.00	3252.00	3253.00	3253.00	3253.00	3253.00	3253.00	3253.00	3253.00	3253.00	3254.00	3254.00	3254.00	3254.00	3254.00	3254.00	3254.00	3255.00	3255.00	3255.00	3255.00	3255.00	3256.00	3256.00	3256.00	3256.00	3256.00	3257.00	3257.00	3257.00	3257.00	3258.00	3258.00	3258.00	3258.00	3258.00	3258.00	3258.00	3259.00	3259.00	3259.00	3259.00	3259.00	3260.00	3260.00	3260.00	3260.00	3260.00	3261.00	3261.00	3261.00	3261.00	3261.00	3261.00	3261.00	3261.00	3262.00	3262.00	3262.00	3262.00	3262.00	3263.00	3263.00	3263.00	3263.00	3263.00	3263.00	3263.00	3264.00	3264.00	3264.00	3264.00	3264.00	3264.00	3264.00	3265.00	3265.00	3265.00	3265.00	3265.00	3265.00	3265.00	3265.00	3266.00	3266.00	3266.00	3266.00	3266.00	3266.00	3266.00	3266.00	3266.00	3267.00	3267.00	3267.00	3267.00	3267.00	3267.00	3267.00	3267.00	3268.00	3268.00	3268.00	3268.00	3268.00	3268.00	3268.00	3269.00	3269.00	3269.00	3269.00	3269.00	3269.00	3269.00	3269.00	3269.00	3270.00	3270.00	3270.00	3270.00	3270.00	3270.00	3270.00	3271.00	3271.00	3271.00	3271.00	3271.00	3271.00	3271.00	3271.00	3271.00	3272.00	3272.00	3272.00	3272.00	3272.00	3272.00	3272.00	3272.00	3272.00	3273.00	3273.00	3273.00	3273.00	3273.00	3273.00	3273.00	3274.00	3274.00	3274.00	3274.00	3274.00	3274.00	3275.00	3275.00	3275.00	3275.00	3275.00	3275.00	3275.00	3275.00	3276.00	3276.00	3276.00	3276.00	3276.00	3276.00	3276.00	3276.00	3276.00	3277.00	3277.00	3277.00	3277.00	3277.00	3277.00	3277.00	3277.00	3277.00	3277.00	3278.00	3278.00	3278.00
3248.00	3248.00	3248.00	3248.00	3248.00	3248.00	3248.00	3248.00	3248.00	3248.00	3248.00	3248.00	3248.00	3248.00	3248.00	3248.00	3248.00	3248.00	3248.00	3248.00	3249.00	3249.00	3249.00	3249.00	3249.00	3249.00	3249.00	3249.00	3249.00	3249.00	3249.00	3249.00	3249.00	3249.00	3249.00	3249.00	3249.00	3249.00	3249.00	3249.00	3249.00	3249.00	3249.00	3249.00	3249.00	3249.00	3249.00	3249.00	3250.00	3250.00	3250.00	3250.00	3250.00	3250.00	3250.00	3250.00	3250.00	3250.00	3250.00	3250.00	3250.00	3250.00	3250.00	3250.00	3251.00	3251.00	3251.00	3251.00	3251.00	3251.00	3251.00	3252.00	3252.00	3252.00	3252.00	3252.00	3252.00	3252.00	3252.00	3253.00	3253.00	3253.00	3253.00	3253.00	3253.00	3254.00	3254.00	3254.00	3254.00	3254.00	3254.00	3255.00	3255.00	3255.00	3255.00	3255.00	3256.00	3256.00	3256.00	3256.00	3257.00	3257.00	3257.00	3258.00	3258.00	3258.00	3258.00	3258.00	3259.00	3259.00	3259.00	3259.00	3260.00	3260.00	3260.00	3260.00	3260.00	3261.00	3261.00	3261.00	3261.00	3262.00	3262.00	3262.00	3262.00	3262.00	3262.00	3262.00	3263.00	3263.00	3263.00	3263.00	3263.00	3263.00	3263.00	3263.00	3263.00	3264.00	3264.00	3264.00	3264.00	3264.00	3264.00	3264.00	3265.00	3265.00	3265.00	3265.00	3265.00	3265.00	3265.00	3265.00	3265.00	3266.00	3266.00	3266.00	3266.00	3266.00	3266.00	3266.00	3266.00	3266.00	3267.00	3267.00	3267.00	3267.00	3267.00	3267.00	3267.00	3267.00	3268.00	3268.00	3268.00	3268.00	3268.00	3268.00	3268.00	3268.00	3268.00	3269.00	3269.00	3269.00	3269.00	3269.00	3269.00	3269.00	3269.00	3269.00	3269.00	3269.00	3269.00	3270.00	3270.00	3270.00	3270.00	3270.00	3270.00	3270.00	3270.00	3270.00	3271.00	3271.00	3271.00	3271.00	3271.00	3271.00	3271.00	3271.00	3272.00	3272.00	3272.00	3272.00	3272.00	3272.00	3273.00	3273.00	3273.00	3273.00	3273.00	3273.00	3274.00	3274.00	3274.00	3274.00	3274.00	3274.00	3275.00	3275.00	3275.00	3275.00	3275.00	3275.00	3276.00	3276.00	3276.00	3276.00	3276.00	3276.00	3276.00	3276.00	3276.00	3277.00	3277.00	3277.00	3277.00	3277.00	3277.00	3277.00	3277.00	3277.00	3277.00	3277.00	3277.00	3278.00	3278.00	3278.00
3248.00	3248.00	3248.00	3248.00	3248.00	3248.00	3248.00	3248.00	3248.00	3248.00	3248.00	3248.00	3248.00	3248.00	3248.00	3248.00	3248.00	3248.00	3248.00	3248.00	3249.00	3249.00	3249.00	3249.00	3249.00	3249.00	3249.00	3249.00	3249.00	3249.00	3249.00	3249.00	3249.00	3249.00	3249.00	3249.00	3249.00	3249.00	3249.00	3249.00	3249.00	3249.00	3249.00	3249.00	3249.00	3249.00	3249.00	3249.00	3250.00	3250.00	3250.00	3250.00	3250.00	3250.00	3250.00	3250.00	3250.00	3250.00	3250.00	3250.00	3250.00	3250.00	3250.00	3250.00	3251.00	3251.00	3251.00	3251.00	3251.00	3251.00	3251.00	3252.00	3252.00	3252.00	3252.00	3252.00	3252.00	3252.00	3252.00	3253.00	3253.00	3253.00	3253.00	3253.00	3253.00	3254.00	3254.00	3254.00	3254.00	3254.00	3254.00	3255.00	3255.00	3255.00	3255.00	3255.00	3256.00	3256.00	3256.00	3256.00	3257.00	3257.00	3257.00	3258.00	3258.00	3258.00	3258.00	3258.00	3259.00	3259.00	3259.00	3259.00	3260.00	3260.00	3260.00	3260.00	3260.00	3261.00	3261.00	3261.00	3261.00	3262.00	3262.00	3262.00	3262.00	3262.00	3262.00	3262.00	3263.00	3263.00	3263.00	3263.00	3263.00	3263.00	3263.00	3263.00	3263.00	3264.00	3264.00	3264.00	3264.00	3264.00	3264.00	3264.00	3265.00	3265.00	3265.00	3265.00	3265.00	3265.00	3265.00	3265.00	3265.00	3266.00	3266.00	3266.00	3266.00	3266.00	3266.00	3266.00	3266.00	3266.00	3267.00	3267.00	3267.00	3267.00	3267.00	3267.00	3267.00	3267.00	3268.00	3268.00	3268.00	3268.00	3268.00	3268.00	3268.00	3268.00	3268.00	3269.00	3269.00	3269.00	3269.00	3269.00	3269.00	3269.00	3269.00	3269.00	3269.00	3269.00	3269.00	3270.00	3270.00	3270.00	3270.00	3270.00	3270.00	3270.00	3270.00	3270.00	3271.00	3271.00	3271.00	3271.00	3271.00	3271.00	3271.00	3271.00	3272.00	3272.00	3272.00	3272.00	3272.00	3272.00	3273.00	3273.00	3273.00	3273.00	3273.00	3273.00	3274.00	3274.00	3274.00	3274.00	3274.00	3274.00	3275.00	3275.00	3275.00	3275.00	3275.00	3275.00	3276.00	3276.00	3276.00	3276.00	3276.00	3276.00	3276.00	3276.00	3276.00	3277.00	3277.00	3277.00	3277.00	3277.00	3277.00	3277.00	3277.00	3277.00	3277.00	3277.00	3277.00	3278.00	3278.00	3278.00
3248.00	3248.00	3248.00	3248.00	3248.00	3248.00	3248.00	3248.00	3248.00	3248.00	3248.00	3248.00	3248.00	3248.00	3248.00	3248.00	3248.00	3248.00	3248.00	3248.00	3249.00	3249.00	3249.00	3249.00	3249.00	3249.00	3249.00	3249.00	3249.00	3249.00	3249.00	3249.00	3249.00	3249.00	3249.00	3249.00	3249.00	3249.00	3249.00	3249.00	3249.00	3249.00	3249.00	3249.00	3249.00	3249.00	3249.00	3249.00	3250.00	3250.00	3250.00	3250.00	3250.00	3250.00	3250.00	3250.00	3250.00	3250.00	3250.00	3250.00	3250.00	3250.00	3250.00	3250.00	3251.00	3251.00	3251.00	3251.00	3251.00	3251.00	3251.00	3252.00	3252.00	3252.00	3252.00	3252.00	3252.00	3252.00	3252.00	3253.00	3253.00	3253.00	3253.00	3253.00	3253.00	3254.00	3254.00	3254.00	3254.00	3254.00	3254.00	3255.00	3255.00	3255.00	3255.00	3255.00	3256.00	3256.00	3256.00	3256.00	3257.00	3257.00	3257.00	3258.00	3258.00	3258.00	3258.00	3258.00	3259.00	3259.00	3259.00	3259.00	3260.00	3260.00	3260.00	3260.00	3260.00	3261.00	3261.00	3261.00	3261.00	3262.00	3262.00	3262.00	3262.00	3262.00	3262.00	3262.00	3263.00	3263.00	3263.00	3263.00	3263.00	3263.00	3263.00	3263.00	3263.00	3264.00	3264.00	3264.00	3264.00	3264.00	3264.00	3264.00	3265.00	3265.00	3265.00	3265.00	3265.00	3265.00	3265.00	3265.00	3265.00	3266.00	3266.00	3266.00	3266.00	3266.00	3266.00	3266.00	3266.00	3266.00	3267.00	3267.00	3267.00	3267.00	3267.00	3267.00	3267.00	3267.00	3268.00	3268.00	3268.00	3268.00	3268.00	3268.00	3268.00	3268.00	3268.00	3269.00	3269.00	3269.00	3269.00	3269.00	3269.00	3269.00	3269.00	3269.00	3269.00	3269.00	3269.00	3270.00	3270.00	3270.00	3270.00	3270.00	3270.00	3270.00	3270.00	3270.00	3271.00	3271.00	3271.00	3271.00	3271.00	3271.00	3271.00	3271.00	3272.00	3272.00	3272.00	3272.00	3272.00	3272.00	3273.00	3273.00	3273.00	3273.00	3273.00	3273.00	3274.00	3274.00	3274.00	3274.00	3274.00	3274.00	3275.00	3275.00	3275.00	3275.00	3275.00	3275.00	3276.00	3276.00	3276.00	3276.00	3276.00	3276.00	3276.00	3276.00	3276.00	3277.00	3277.00	3277.00	3277.00	3277.00	3277.00	3277.00	3277.00	3277.00	3277.00	3277.00	3277.00	3278.00	3278.00	3278.00
3248.00	3248.00	3248.00	3248.00	3248.00	3248.00	3248.00	3248.00	3248.00	3248.00	3248.00	3248.00	3248.00	3248.00	3248.00	3248.00	3248.00	3248.00	3248.00	3248.00	3249.00	3249.00	3249.00	3249.00	3249.00	3249.00	3249.00	3249.00	3249.00	3249.00	3249.00	3249.00	3249.00	3249.00	3249.00	3249.00	3249.00	3249.00	3249.00	3249.00	3249.00	3249.00	3249.00	3249.00	3249.00	3249.00	3249.00	3249.00	3250.00	3250.00	3250.00	3250.00	3250.00	3250.00	3250.00	3250.00	3250.00	3250.00	3250.00	3250.00	3250.00	3250.00	3250.00	3250.00	3251.00	3251.00	3251.00	3251.00	3251.00	3251.00	3251.00	3252.00	3252.00	3252.00	3252.00	3252.00	3252.00	3252.00	3252.00	3253.00	3253.00	3253.00	3253.00	3253.00	3253.00	3254.00	3254.00	3254.00	3254.00	3254.00	3254.00	3255.00	3255.00	3255.00	3255.00	3255.00	3256.00	3256.00	3256.00	3256.00	3257.00	3257.00	3257.00	3258.00	3258.00	3258.00	3258.00	3258.00	3259.00	3259.00	3259.00	3259.00	3260.00	3260.00	3260.00	3260.00	3260.00	3261.00	3261.00	3261.00	3261.00	3262.00	3262.00	3262.00	3262.00	3262.00	3262.00	3262.00	3263.00	3263.00	3263.00	3263.00	3263.00	3263.00	3263.00	3263.00	3263.00	3264.00	3264.00	3264.00	3264.00	3264.00	3264.00	3264.00	3265.00	3265.00	3265.00	3265.00	3265.00	3265.00	3265.00	3265.00	3265.00	3266.00	3266.00	3266.00	3266.00	3266.00	3266.00	3266.00	3266.00	3266.00	3267.00	3267.00	3267.00	3267.00	3267.00	3267.00	3267.00	3267.00	3268.00	3268.00	3268.00	3268.00	3268.00	3268.00	3268.00	3268.00	3268.00	3269.00	3269.00	3269.00	3269.00	3269.00	3269.00	3269.00	3269.00	3269.00	3269.00	3269.00	3269.00	3270.00	3270.00	3270.00	3270.00	3270.00	3270.00	3270.00	3270.00	3270.00	3271.00	3271.00	3271.00	3271.00	3271.00	3271.00	3271.00	3271.00	3272.00	3272.00	3272.00	3272.00	3272.00	3272.00	3273.00	3273.00	3273.00	3273.00	3273.00	3273.00	3274.00	3274.00	3274.00	3274.00	3274.00	3274.00	3275.00	3275.00	3275.00	3275.00	3275.00	3275.00	3276.00	3276.00	3276.00	3276.00	3276.00	3276.00	3276.00	3276.00	3276.00	3277.00	3277.00	3277.00	3277.00	3277.00	3277.00	3277.00	3277.00	3277.00	3277.00	3277.00	3277.00	3278.00	3278.00	3278.00
3248.00	3248.00	3248.00	3248.00	3248.00	3248.00	3248.00	3248.00	3248.00	3248.00	3248.00	3248.00	3248.00	3248.00	3248.00	3248.00	3248.00	3248.00	3248.00	3248.00	3249.00	3249.00	3249.00	3249.00	3249.00	3249.00	3249.00	3249.00	3249.00	3249.00	3249.00	3249.00	3249.00	3249.00	3249.00	3249.00	3249.00	3249.00	3249.00	3249.00	3249.00	3249.00	3249.00	3249.00	3249.00	3249.00	3249.00	3249.00	3250.00	3250.00	3250.00	3250.00	3250.00	3250.00	3250.00	3250.00	3250.00	3250.00	3250.00	3250.00	3250.00	3250.00	3250.00	3250.00	3251.00	3251.00	3251.00	3251.00	3251.00	3251.00	3251.00	3252.00	3252.00	3252.00	3252.00	3252.00	3252.00	3252.00	3252.00	3253.00	3253.00	3253.00	3253.00	3253.00	3253.00	3254.00	3254.00	3254.00	3254.00	3254.00	3254.00	3255.00	3255.00	3255.00	3255.00	3255.00	3256.00	3256.00	3256.00	3256.00	3257.00	3257.00	3257.00	3258.00	3258.00	3258.00	3258.00	3258.00	3259.00	3259.00	3259.00	3259.00	3260.00	3260.00	3260.00	3260.00	3260.00	3261.00	3261.00	3261.00	3261.00	3262.00	3262.00	3262.00	3262.00	3262.00	3262.00	3262.00	3263.00	3263.00	3263.00	3263.00	3263.00	3263.00	3263.00	3263.00	3263.00	3264.00	3264.00	3264.00	3264.00	3264.00	3264.00	3264.00	3265.00	3265.00	3265.00	3265.00	3265.00	3265.00	3265.00	3265.00	3265.00	3266.00	3266.00	3266.00	3266.00	3266.00	3266.00	3266.00	3266.00	3266.00	3267.00	3267.00	3267.00	3267.00	3267.00	3267.00	3267.00	3267.00	3268.00	3268.00	3268.00	3268.00	3268.00	3268.00	3268.00	3268.00	3268.00	3269.00	3269.00	3269.00	3269.00	3269.00	3269.00	3269.00	3269.00	3269.00	3269.00	3269.00	3269.00	3270.00	3270.00	3270.00	3270.00	3270.00	3270.00	3270.00	3270.00	3270.00	3271.00	3271.00	3271.00	3271.00	3271.00	3271.00	3271.00	3271.00	3272.00	3272.00	3272.00	3272.00	3272.00	3272.00	3273.00	3273.00	3273.00	3273.00	3273.00	3273.00	3274.00	3274.00	3274.00	3274.00	3274.00	3274.00	3275.00	3275.00	3275.00	3275.00	3275.00	3275.00	3276.00	3276.00	3276.00	3276.00	3276.00	3276.00	3276.00	3276.00	3276.00	3277.00	3277.00	3277.00	3277.00	3277.00	3277.00	3277.00	3277.00	3277.00	3277.00	3277.00	3277.00	3278.00	3278.00	3278.00
3248.00	3248.00	3248.00	3248.00	3248.00	3248.00	3248.00	3248.00	3248.00	3248.00	3248.00	3248.00	3248.00	3248.00	3248.00	3248.00	3248.00	3248.00	3248.00	3248.00	3249.00	3249.00	3249.00	3249.00	3249.00	3249.00	3249.00	3249.00	3249.00	3249.00	3249.00	3249.00	3249.00	3249.00	3249.00	3249.00	3249.00	3249.00	3249.00	3249.00	3249.00	3249.00	3249.00	3249.00	3249.00	3249.00	3249.00	3249.00	3250.00	3250.00	3250.00	3250.00	3250.00	3250.00	3250.00	3250.00	3250.00	3250.00	3250.00	3250.00	3250.00	3250.00	3250.00	3250.00	3251.00	3251.00	3251.00	3251.00	3251.00	3251.00	3251.00	3252.00	3252.00	3252.00	3252.00	3252.00	3252.00	3252.00	3252.00	3253.00	3253.00	3253.00	3253.00	3253.00	3253.00	3254.00	3254.00	3254.00	3254.00	3254.00	3254.00	3255.00	3255.00	3255.00	3255.00	3255.00	3256.00	3256.00	3256.00	3256.00	3257.00	3257.00	3257.00	3258.00	3258.00	3258.00	3258.00	3258.00	3259.00	3259.00	3259.00	3259.00	3260.00	3260.00	3260.00	3260.00	3260.00	3261.00	3261.00	3261.00	3261.00	3262.00	3262.00	3262.00	3262.00	3262.00	3262.00	3262.00	3263.00	3263.00	3263.00	3263.00	3263.00	3263.00	3263.00	3263.00	3263.00	3264.00	3264.00	3264.00	3264.00	3264.00	3264.00	3264.00	3265.00	3265.00	3265.00	3265.00	3265.00	3265.00	3265.00	3265.00	3265.00	3266.00	3266.00	3266.00	3266.00	3266.00	3266.00	3266.00	3266.00	3266.00	3267.00	3267.00	3267.00	3267.00	3267.00	3267.00	3267.00	3267.00	3268.00	3268.00	3268.00	3268.00	3268.00	3268.00	3268.00	3268.00	3268.00	3269.00	3269.00	3269.00	3269.00	3269.00	3269.00	3269.00	3269.00	3269.00	3269.00	3269.00	3269.00	3270.00	3270.00	3270.00	3270.00	3270.00	3270.00	3270.00	3270.00	3270.00	3271.00	3271.00	3271.00	3271.00	3271.00	3271.00	3271.00	3271.00	3272.00	3272.00	3272.00	3272.00	3272.00	3272.00	3273.00	3273.00	3273.00	3273.00	3273.00	3273.00	3274.00	3274.00	3274.00	3274.00	3274.00	3274.00	3275.00	3275.00	3275.00	3275.00	3275.00	3275.00	3276.00	3276.00	3276.00	3276.00	3276.00	3276.00	3276.00	3276.00	3276.00	3277.00	3277.00	3277.00	3277.00	3277.00	3277.00	3277.00	3277.00	3277.00	3277.00	3277.00	3277.00	3278.00	3278.00	3278.00
3248.00	3248.00	3248.00	3248.00	3248.00	3248.00	3248.00	3248.00	3248.00	3248.00	3248.00	3248.00	3248.00	3248.00	3248.00	3248.00	3248.00	3248.00	3248.00	3248.00	3249.00	3249.00	3249.00	3249.00	3249.00	3249.00	3249.00	3249.00	3249.00	3249.00	3249.00	3249.00	3249.00	3249.00	3249.00	3249.00	3249.00	3249.00	3249.00	3249.00	3249.00	3249.00	3249.00	3249.00	3249.00	3249.00	3249.00	3249.00	3250.00	3250.00	3250.00	3250.00	3250.00	3250.00	3250.00	3250.00	3250.00	3250.00	3250.00	3250.00	3250.00	3250.00	3250.00	3250.00	3251.00	3251.00	3251.00	3251.00	3251.00	3251.00	3251.00	3252.00	3252.00	3252.00	3252.00	3252.00	3252.00	3252.00	3252.00	3253.00	3253.00	3253.00	3253.00	3253.00	3253.00	3254.00	3254.00	3254.00	3254.00	3254.00	3254.00	3255.00	3255.00	3255.00	3255.00	3255.00	3256.00	3256.00	3256.00	3256.00	3257.00	3257.00	3257.00	3258.00	3258.00	3258.00	3258.00	3258.00	3259.00	3259.00	3259.00	3259.00	3260.00	3260.00	3260.00	3260.00	3260.00	3261.00	3261.00	3261.00	3261.00	3262.00	3262.00	3262.00	3262.00	3262.00	3262.00	3262.00	3263.00	3263.00	3263.00	3263.00	3263.00	3263.00	3263.00	3263.00	3263.00	3264.00	3264.00	3264.00	3264.00	3264.00	3264.00	3264.00	3265.00	3265.00	3265.00	3265.00	3265.00	3265.00	3265.00	3265.00	3265.00	3266.00	3266.00	3266.00	3266.00	3266.00	3266.00	3266.00	3266.00	3266.00	3267.00	3267.00	3267.00	3267.00	3267.00	3267.00	3267.00	3267.00	3268.00	3268.00	3268.00	3268.00	3268.00	3268.00	3268.00	3268.00	3268.00	3269.00	3269.00	3269.00	3269.00	3269.00	3269.00	3269.00	3269.00	3269.00	3269.00	3269.00	3269.00	3270.00	3270.00	3270.00	3270.00	3270.00	3270.00	3270.00	3270.00	3270.00	3271.00	3271.00	3271.00	3271.00	3271.00	3271.00	3271.00	3271.00	3272.00	3272.00	3272.00	3272.00	3272.00	3272.00	3273.00	3273.00	3273.00	3273.00	3273.00	3273.00	3274.00	3274.00	3274.00	3274.00	3274.00	3274.00	3275.00	3275.00	3275.00	3275.00	3275.00	3275.00	3276.00	3276.00	3276.00	3276.00	3276.00	3276.00	3276.00	3276.00	3276.00	3277.00	3277.00	3277.00	3277.00	3277.00	3277.00	3277.00	3277.00	3277.00	3277.00	3277.00	3277.00	3278.00	3278.00	3278.00
3248.00	3248.00	3248.00	3248.00	3248.00	3248.00	3248.00	3248.00	3248.00	3248.00	3248.00	3248.00	3248.00	3248.00	3248.00	3248.00	3248.00	3248.00	3248.00	3248.00	3249.00	3249.00	3249.00	3249.00	3249.00	3249.00	3249.00	3249.00	3249.00	3249.00	3249.00	3249.00	3249.00	3249.00	3249.00	3249.00	3249.00	3249.00	3249.00	3249.00	3249.00	3249.00	3249.00	3249.00	3249.00	3249.00	3249.00	3249.00	3250.00	3250.00	3250.00	3250.00	3250.00	3250.00	3250.00	3250.00	3250.00	3250.00	3250.00	3250.00	3250.00	3250.00	3250.00	3250.00	3251.00	3251.00	3251.00	3251.00	3251.00	3251.00	3251.00	3252.00	3252.00	3252.00	3252.00	3252.00	3252.00	3252.00	3252.00	3253.00	3253.00	3253.00	3253.00	3253.00	3253.00	3254.00	3254.00	3254.00	3254.00	3254.00	3254.00	3255.00	3255.00	3255.00	3255.00	3255.00	3256.00	3256.00	3256.00	3256.00	3257.00	3257.00	3257.00	3258.00	3258.00	3258.00	3258.00	3258.00	3259.00	3259.00	3259.00	3259.00	3260.00	3260.00	3260.00	3260.00	3260.00	3261.00	3261.00	3261.00	3261.00	3262.00	3262.00	3262.00	3262.00	3262.00	3262.00	3262.00	3263.00	3263.00	3263.00	3263.00	3263.00	3263.00	3263.00	3263.00	3263.00	3264.00	3264.00	3264.00	3264.00	3264.00	3264.00	3264.00	3265.00	3265.00	3265.00	3265.00	3265.00	3265.00	3265.00	3265.00	3265.00	3266.00	3266.00	3266.00	3266.00	3266.00	3266.00	3266.00	3266.00	3266.00	3267.00	3267.00	3267.00	3267.00	3267.00	3267.00	3267.00	3267.00	3268.00	3268.00	3268.00	3268.00	3268.00	3268.00	3268.00	3268.00	3268.00	3269.00	3269.00	3269.00	3269.00	3269.00	3269.00	3269.00	3269.00	3269.00	3269.00	3269.00	3269.00	3270.00	3270.00	3270.00	3270.00	3270.00	3270.00	3270.00	3270.00	3270.00	3271.00	3271.00	3271.00	3271.00	3271.00	3271.00	3271.00	3271.00	3272.00	3272.00	3272.00	3272.00	3272.00	3272.00	3273.00	3273.00	3273.00	3273.00	3273.00	3273.00	3274.00	3274.00	3274.00	3274.00	3274.00	3274.00	3275.00	3275.00	3275.00	3275.00	3275.00	3275.00	3276.00	3276.00	3276.00	3276.00	3276.00	3276.00	3276.00	3276.00	3276.00	3277.00	3277.00	3277.00	3277.00	3277.00	3277.00	3277.00	3277.00	3277.00	3277.00	3277.00	3277.00	3278.00	3278.00	3278.00
3248.00	3248.00	3248.00	3248.00	3248.00	3248.00	3248.00	3248.00	3248.00	3248.00	3248.00	3248.00	3248.00	3248.00	3248.00	3248.00	3248.00	3248.00	3248.00	3248.00	3249.00	3249.00	3249.00	3249.00	3249.00	3249.00	3249.00	3249.00	3249.00	3249.00	3249.00	3249.00	3249.00	3249.00	3249.00	3249.00	3249.00	3249.00	3249.00	3249.00	3249.00	3249.00	3249.00	3249.00	3249.00	3249.00	3249.00	3249.00	3250.00	3250.00	3250.00	3250.00	3250.00	3250.00	3250.00	3250.00	3250.00	3250.00	3250.00	3250.00	3250.00	3250.00	3250.00	3250.00	3251.00	3251.00	3251.00	3251.00	3251.00	3251.00	3251.00	3252.00	3252.00	3252.00	3252.00	3252.00	3252.00	3252.00	3252.00	3253.00	3253.00	3253.00	3253.00	3253.00	3253.00	3254.00	3254.00	3254.00	3254.00	3254.00	3254.00	3255.00	3255.00	3255.00	3255.00	3255.00	3256.00	3256.00	3256.00	3256.00	3257.00	3257.00	3257.00	3258.00	3258.00	3258.00	3258.00	3258.00	3259.00	3259.00	3259.00	3259.00	3260.00	3260.00	3260.00	3260.00	3260.00	3261.00	3261.00	3261.00	3261.00	3262.00	3262.00	3262.00	3262.00	3262.00	3262.00	3262.00	3263.00	3263.00	3263.00	3263.00	3263.00	3263.00	3263.00	3263.00	3263.00	3264.00	3264.00	3264.00	3264.00	3264.00	3264.00	3264.00	3265.00	3265.00	3265.00	3265.00	3265.00	3265.00	3265.00	3265.00	3265.00	3266.00	3266.00	3266.00	3266.00	3266.00	3266.00	3266.00	3266.00	3266.00	3267.00	3267.00	3267.00	3267.00	3267.00	3267.00	3267.00	3267.00	3268.00	3268.00	3268.00	3268.00	3268.00	3268.00	3268.00	3268.00	3268.00	3269.00	3269.00	3269.00	3269.00	3269.00	3269.00	3269.00	3269.00	3269.00	3269.00	3269.00	3269.00	3270.00	3270.00	3270.00	3270.00	3270.00	3270.00	3270.00	3270.00	3270.00	3271.00	3271.00	3271.00	3271.00	3271.00	3271.00	3271.00	3271.00	3272.00	3272.00	3272.00	3272.00	3272.00	3272.00	3273.00	3273.00	3273.00	3273.00	3273.00	3273.00	3274.00	3274.00	3274.00	3274.00	3274.00	3274.00	3275.00	3275.00	3275.00	3275.00	3275.00	3275.00	3276.00	3276.00	3276.00	3276.00	3276.00	3276.00	3276.00	3276.00	3276.00	3277.00	3277.00	3277.00	3277.00	3277.00	3277.00	3277.00	3277.00	3277.00	3277.00	3277.00	3277.00	3278.00	3278.00	3278.00
3248.00	3248.00	3248.00	3248.00	3248.00	3248.00	3248.00	3248.00	3248.00	3248.00	3248.00	3248.00	3248.00	3248.00	3248.00	3248.00	3248.00	3248.00	3248.00	3248.00	3249.00	3249.00	3249.00	3249.00	3249.00	3249.00	3249.00	3249.00	3249.00	3249.00	3249.00	3249.00	3249.00	3249.00	3249.00	3249.00	3249.00	3249.00	3249.00	3249.00	3249.00	3249.00	3249.00	3249.00	3249.00	3249.00	3249.00	3249.00	3250.00	3250.00	3250.00	3250.00	3250.00	3250.00	3250.00	3250.00	3250.00	3250.00	3250.00	3250.00	3250.00	3250.00	3250.00	3250.00	3251.00	3251.00	3251.00	3251.00	3251.00	3251.00	3251.00	3252.00	3252.00	3252.00	3252.00	3252.00	3252.00	3252.00	3252.00	3253.00	3253.00	3253.00	3253.00	3253.00	3253.00	3254.00	3254.00	3254.00	3254.00	3254.00	3254.00	3255.00	3255.00	3255.00	3255.00	3255.00	3256.00	3256.00	3256.00	3256.00	3257.00	3257.00	3257.00	3258.00	3258.00	3258.00	3258.00	3258.00	3259.00	3259.00	3259.00	3259.00	3260.00	3260.00	3260.00	3260.00	3260.00	3261.00	3261.00	3261.00	3261.00	3262.00	3262.00	3262.00	3262.00	3262.00	3262.00	3262.00	3263.00	3263.00	3263.00	3263.00	3263.00	3263.00	3263.00	3263.00	3263.00	3264.00	3264.00	3264.00	3264.00	3264.00	3264.00	3264.00	3265.00	3265.00	3265.00	3265.00	3265.00	3265.00	3265.00	3265.00	3265.00	3266.00	3266.00	3266.00	3266.00	3266.00	3266.00	3266.00	3266.00	3266.00	3267.00	3267.00	3267.00	3267.00	3267.00	3267.00	3267.00	3267.00	3268.00	3268.00	3268.00	3268.00	3268.00	3268.00	3268.00	3268.00	3268.00	3269.00	3269.00	3269.00	3269.00	3269.00	3269.00	3269.00	3269.00	3269.00	3269.00	3269.00	3269.00	3270.00	3270.00	3270.00	3270.00	3270.00	3270.00	3270.00	3270.00	3270.00	3271.00	3271.00	3271.00	3271.00	3271.00	3271.00	3271.00	3271.00	3272.00	3272.00	3272.00	3272.00	3272.00	3272.00	3273.00	3273.00	3273.00	3273.00	3273.00	3273.00	3274.00	3274.00	3274.00	3274.00	3274.00	3274.00	3275.00	3275.00	3275.00	3275.00	3275.00	3275.00	3276.00	3276.00	3276.00	3276.00	3276.00	3276.00	3276.00	3276.00	3276.00	3277.00	3277.00	3277.00	3277.00	3277.00	3277.00	3277.00	3277.00	3277.00	3277.00	3277.00	3277.00	3278.00	3278.00	3278.00
3248.00	3248.00	3248.00	3248.00	3248.00	3248.00	3248.00	3248.00	3248.00	3248.00	3248.00	3248.00	3248.00	3248.00	3248.00	3248.00	3248.00	3248.00	3248.00	3248.00	3249.00	3249.00	3249.00	3249.00	3249.00	3249.00	3249.00	3249.00	3249.00	3249.00	3249.00	3249.00	3249.00	3249.00	3249.00	3249.00	3249.00	3249.00	3249.00	3249.00	3249.00	3249.00	3249.00	3249.00	3249.00	3249.00	3249.00	3249.00	3250.00	3250.00	3250.00	3250.00	3250.00	3250.00	3250.00	3250.00	3250.00	3250.00	3250.00	3250.00	3250.00	3250.00	3250.00	3250.00	3251.00	3251.00	3251.00	3251.00	3251.00	3251.00	3251.00	3252.00	3252.00	3252.00	3252.00	3252.00	3252.00	3252.00	3252.00	3253.00	3253.00	3253.00	3253.00	3253.00	3253.00	3254.00	3254.00	3254.00	3254.00	3254.00	3254.00	3255.00	3255.00	3255.00	3255.00	3255.00	3256.00	3256.00	3256.00	3256.00	3257.00	3257.00	3257.00	3258.00	3258.00	3258.00	3258.00	3258.00	3259.00	3259.00	3259.00	3259.00	3260.00	3260.00	3260.00	3260.00	3260.00	3261.00	3261.00	3261.00	3261.00	3262.00	3262.00	3262.00	3262.00	3262.00	3262.00	3262.00	3263.00	3263.00	3263.00	3263.00	3263.00	3263.00	3263.00	3263.00	3263.00	3264.00	3264.00	3264.00	3264.00	3264.00	3264.00	3264.00	3265.00	3265.00	3265.00	3265.00	3265.00	3265.00	3265.00	3265.00	3265.00	3266.00	3266.00	3266.00	3266.00	3266.00	3266.00	3266.00	3266.00	3266.00	3267.00	3267.00	3267.00	3267.00	3267.00	3267.00	3267.00	3267.00	3268.00	3268.00	3268.00	3268.00	3268.00	3268.00	3268.00	3268.00	3268.00	3269.00	3269.00	3269.00	3269.00	3269.00	3269.00	3269.00	3269.00	3269.00	3269.00	3269.00	3269.00	3270.00	3270.00	3270.00	3270.00	3270.00	3270.00	3270.00	3270.00	3270.00	3271.00	3271.00	3271.00	3271.00	3271.00	3271.00	3271.00	3271.00	3272.00	3272.00	3272.00	3272.00	3272.00	3272.00	3273.00	3273.00	3273.00	3273.00	3273.00	3273.00	3274.00	3274.00	3274.00	3274.00	3274.00	3274.00	3275.00	3275.00	3275.00	3275.00	3275.00	3275.00	3276.00	3276.00	3276.00	3276.00	3276.00	3276.00	3276.00	3276.00	3276.00	3277.00	3277.00	3277.00	3277.00	3277.00	3277.00	3277.00	3277.00	3277.00	3277.00	3277.00	3277.00	3278.00	3278.00	3278.00
3248.00	3248.00	3248.00	3248.00	3248.00	3248.00	3248.00	3248.00	3248.00	3248.00	3248.00	3248.00	3248.00	3248.00	3248.00	3248.00	3248.00	3248.00	3248.00	3248.00	3249.00	3249.00	3249.00	3249.00	3249.00	3249.00	3249.00	3249.00	3249.00	3249.00	3249.00	3249.00	3249.00	3249.00	3249.00	3249.00	3249.00	3249.00	3249.00	3249.00	3249.00	3249.00	3249.00	3249.00	3249.00	3249.00	3249.00	3249.00	3250.00	3250.00	3250.00	3250.00	3250.00	3250.00	3250.00	3250.00	3250.00	3250.00	3250.00	3250.00	3250.00	3250.00	3250.00	3250.00	3251.00	3251.00	3251.00	3251.00	3251.00	3251.00	3251.00	3252.00	3252.00	3252.00	3252.00	3252.00	3252.00	3252.00	3252.00	3253.00	3253.00	3253.00	3253.00	3253.00	3253.00	3254.00	3254.00	3254.00	3254.00	3254.00	3254.00	3255.00	3255.00	3255.00	3255.00	3255.00	3256.00	3256.00	3256.00	3256.00	3257.00	3257.00	3257.00	3258.00	3258.00	3258.00	3258.00	3258.00	3259.00	3259.00	3259.00	3259.00	3260.00	3260.00	3260.00	3260.00	3260.00	3261.00	3261.00	3261.00	3261.00	3262.00	3262.00	3262.00	3262.00	3262.00	3262.00	3262.00	3263.00	3263.00	3263.00	3263.00	3263.00	3263.00	3263.00	3263.00	3263.00	3264.00	3264.00	3264.00	3264.00	3264.00	3264.00	3264.00	3265.00	3265.00	3265.00	3265.00	3265.00	3265.00	3265.00	3265.00	3265.00	3266.00	3266.00	3266.00	3266.00	3266.00	3266.00	3266.00	3266.00	3266.00	3267.00	3267.00	3267.00	3267.00	3267.00	3267.00	3267.00	3267.00	3268.00	3268.00	3268.00	3268.00	3268.00	3268.00	3268.00	3268.00	3268.00	3269.00	3269.00	3269.00	3269.00	3269.00	3269.00	3269.00	3269.00	3269.00	3269.00	3269.00	3269.00	3270.00	3270.00	3270.00	3270.00	3270.00	3270.00	3270.00	3270.00	3270.00	3271.00	3271.00	3271.00	3271.00	3271.00	3271.00	3271.00	3271.00	3272.00	3272.00	3272.00	3272.00	3272.00	3272.00	3273.00	3273.00	3273.00	3273.00	3273.00	3273.00	3274.00	3274.00	3274.00	3274.00	3274.00	3274.00	3275.00	3275.00	3275.00	3275.00	3275.00	3275.00	3276.00	3276.00	3276.00	3276.00	3276.00	3276.00	3276.00	3276.00	3276.00	3277.00	3277.00	3277.00	3277.00	3277.00	3277.00	3277.00	3277.00	3277.00	3277.00	3277.00	3277.00	3278.00	3278.00	3278.00
3248.00	3248.00	3248.00	3248.00	3248.00	3248.00	3248.00	3248.00	3248.00	3248.00	3248.00	3248.00	3248.00	3248.00	3248.00	3248.00	3248.00	3248.00	3248.00	3248.00	3249.00	3249.00	3249.00	3249.00	3249.00	3249.00	3249.00	3249.00	3249.00	3249.00	3249.00	3249.00	3249.00	3249.00	3249.00	3249.00	3249.00	3249.00	3249.00	3249.00	3249.00	3249.00	3249.00	3249.00	3249.00	3249.00	3249.00	3249.00	3250.00	3250.00	3250.00	3250.00	3250.00	3250.00	3250.00	3250.00	3250.00	3250.00	3250.00	3250.00	3250.00	3250.00	3250.00	3250.00	3251.00	3251.00	3251.00	3251.00	3251.00	3251.00	3251.00	3252.00	3252.00	3252.00	3252.00	3252.00	3252.00	3252.00	3252.00	3253.00	3253.00	3253.00	3253.00	3253.00	3253.00	3254.00	3254.00	3254.00	3254.00	3254.00	3254.00	3255.00	3255.00	3255.00	3255.00	3255.00	3256.00	3256.00	3256.00	3256.00	3257.00	3257.00	3257.00	3258.00	3258.00	3258.00	3258.00	3258.00	3259.00	3259.00	3259.00	3259.00	3260.00	3260.00	3260.00	3260.00	3260.00	3261.00	3261.00	3261.00	3261.00	3262.00	3262.00	3262.00	3262.00	3262.00	3262.00	3262.00	3263.00	3263.00	3263.00	3263.00	3263.00	3263.00	3263.00	3263.00	3263.00	3264.00	3264.00	3264.00	3264.00	3264.00	3264.00	3264.00	3265.00	3265.00	3265.00	3265.00	3265.00	3265.00	3265.00	3265.00	3265.00	3266.00	3266.00	3266.00	3266.00	3266.00	3266.00	3266.00	3266.00	3266.00	3267.00	3267.00	3267.00	3267.00	3267.00	3267.00	3267.00	3267.00	3268.00	3268.00	3268.00	3268.00	3268.00	3268.00	3268.00	3268.00	3268.00	3269.00	3269.00	3269.00	3269.00	3269.00	3269.00	3269.00	3269.00	3269.00	3269.00	3269.00	3269.00	3270.00	3270.00	3270.00	3270.00	3270.00	3270.00	3270.00	3270.00	3270.00	3271.00	3271.00	3271.00	3271.00	3271.00	3271.00	3271.00	3271.00	3272.00	3272.00	3272.00	3272.00	3272.00	3272.00	3273.00	3273.00	3273.00	3273.00	3273.00	3273.00	3274.00	3274.00	3274.00	3274.00	3274.00	3274.00	3275.00	3275.00	3275.00	3275.00	3275.00	3275.00	3276.00	3276.00	3276.00	3276.00	3276.00	3276.00	3276.00	3276.00	3276.00	3277.00	3277.00	3277.00	3277.00	3277.00	3277.00	3277.00	3277.00	3277.00	3277.00	3277.00	3277.00	3278.00	3278.00	3278.00
3248.00	3248.00	3248.00	3248.00	3248.00	3248.00	3248.00	3248.00	3248.00	3248.00	3248.00	3248.00	3248.00	3248.00	3248.00	3248.00	3248.00	3248.00	3248.00	3248.00	3249.00	3249.00	3249.00	3249.00	3249.00	3249.00	3249.00	3249.00	3249.00	3249.00	3249.00	3249.00	3249.00	3249.00	3249.00	3249.00	3249.00	3249.00	3249.00	3249.00	3249.00	3249.00	3249.00	3249.00	3249.00	3249.00	3249.00	3249.00	3250.00	3250.00	3250.00	3250.00	3250.00	3250.00	3250.00	3250.00	3250.00	3250.00	3250.00	3250.00	3250.00	3250.00	3250.00	3250.00	3251.00	3251.00	3251.00	3251.00	3251.00	3251.00	3251.00	3252.00	3252.00	3252.00	3252.00	3252.00	3252.00	3252.00	3252.00	3253.00	3253.00	3253.00	3253.00	3253.00	3253.00	3254.00	3254.00	3254.00	3254.00	3254.00	3254.00	3255.00	3255.00	3255.00	3255.00	3255.00	3256.00	3256.00	3256.00	3256.00	3257.00	3257.00	3257.00	3258.00	3258.00	3258.00	3258.00	3258.00	3259.00	3259.00	3259.00	3259.00	3260.00	3260.00	3260.00	3260.00	3260.00	3261.00	3261.00	3261.00	3261.00	3262.00	3262.00	3262.00	3262.00	3262.00	3262.00	3262.00	3263.00	3263.00	3263.00	3263.00	3263.00	3263.00	3263.00	3263.00	3263.00	3264.00	3264.00	3264.00	3264.00	3264.00	3264.00	3264.00	3265.00	3265.00	3265.00	3265.00	3265.00	3265.00	3265.00	3265.00	3265.00	3266.00	3266.00	3266.00	3266.00	3266.00	3266.00	3266.00	3266.00	3266.00	3267.00	3267.00	3267.00	3267.00	3267.00	3267.00	3267.00	3267.00	3268.00	3268.00	3268.00	3268.00	3268.00	3268.00	3268.00	3268.00	3268.00	3269.00	3269.00	3269.00	3269.00	3269.00	3269.00	3269.00	3269.00	3269.00	3269.00	3269.00	3269.00	3270.00	3270.00	3270.00	3270.00	3270.00	3270.00	3270.00	3270.00	3270.00	3271.00	3271.00	3271.00	3271.00	3271.00	3271.00	3271.00	3271.00	3272.00	3272.00	3272.00	3272.00	3272.00	3272.00	3273.00	3273.00	3273.00	3273.00	3273.00	3273.00	3274.00	3274.00	3274.00	3274.00	3274.00	3274.00	3275.00	3275.00	3275.00	3275.00	3275.00	3275.00	3276.00	3276.00	3276.00	3276.00	3276.00	3276.00	3276.00	3276.00	3276.00	3277.00	3277.00	3277.00	3277.00	3277.00	3277.00	3277.00	3277.00	3277.00	3277.00	3277.00	3277.00	3278.00	3278.00	3278.00
3248.00	3248.00	3248.00	3248.00	3248.00	3248.00	3248.00	3248.00	3248.00	3248.00	3248.00	3248.00	3248.00	3248.00	3248.00	3248.00	3248.00	3248.00	3248.00	3248.00	3249.00	3249.00	3249.00	3249.00	3249.00	3249.00	3249.00	3249.00	3249.00	3249.00	3249.00	3249.00	3249.00	3249.00	3249.00	3249.00	3249.00	3249.00	3249.00	3249.00	3249.00	3249.00	3249.00	3249.00	3249.00	3249.00	3249.00	3249.00	3250.00	3250.00	3250.00	3250.00	3250.00	3250.00	3250.00	3250.00	3250.00	3250.00	3250.00	3250.00	3250.00	3250.00	3250.00	3250.00	3251.00	3251.00	3251.00	3251.00	3251.00	3251.00	3251.00	3252.00	3252.00	3252.00	3252.00	3252.00	3252.00	3252.00	3252.00	3253.00	3253.00	3253.00	3253.00	3253.00	3253.00	3254.00	3254.00	3254.00	3254.00	3254.00	3254.00	3255.00	3255.00	3255.00	3255.00	3255.00	3256.00	3256.00	3256.00	3256.00	3257.00	3257.00	3257.00	3258.00	3258.00	3258.00	3258.00	3258.00	3259.00	3259.00	3259.00	3259.00	3260.00	3260.00	3260.00	3260.00	3260.00	3261.00	3261.00	3261.00	3261.00	3262.00	3262.00	3262.00	3262.00	3262.00	3262.00	3262.00	3263.00	3263.00	3263.00	3263.00	3263.00	3263.00	3263.00	3263.00	3263.00	3264.00	3264.00	3264.00	3264.00	3264.00	3264.00	3264.00	3265.00	3265.00	3265.00	3265.00	3265.00	3265.00	3265.00	3265.00	3265.00	3266.00	3266.00	3266.00	3266.00	3266.00	3266.00	3266.00	3266.00	3266.00	3267.00	3267.00	3267.00	3267.00	3267.00	3267.00	3267.00	3267.00	3268.00	3268.00	3268.00	3268.00	3268.00	3268.00	3268.00	3268.00	3268.00	3269.00	3269.00	3269.00	3269.00	3269.00	3269.00	3269.00	3269.00	3269.00	3269.00	3269.00	3269.00	3270.00	3270.00	3270.00	3270.00	3270.00	3270.00	3270.00	3270.00	3270.00	3271.00	3271.00	3271.00	3271.00	3271.00	3271.00	3271.00	3271.00	3272.00	3272.00	3272.00	3272.00	3272.00	3272.00	3273.00	3273.00	3273.00	3273.00	3273.00	3273.00	3274.00	3274.00	3274.00	3274.00	3274.00	3274.00	3275.00	3275.00	3275.00	3275.00	3275.00	3275.00	3276.00	3276.00	3276.00	3276.00	3276.00	3276.00	3276.00	3276.00	3276.00	3277.00	3277.00	3277.00	3277.00	3277.00	3277.00	3277.00	3277.00	3277.00	3277.00	3277.00	3277.00	3278.00	3278.00	3278.00
3246.00	3246.00	3246.00	3246.00	3246.00	3246.00	3247.00	3247.00	3247.00	3247.00	3247.00	3247.00	3247.00	3247.00	3247.00	3247.00	3247.00	3247.00	3247.00	3247.00	3247.00	3247.00	3247.00	3247.00	3247.00	3247.00	3247.00	3247.00	3247.00	3247.00	3247.00	3247.00	3247.00	3247.00	3247.00	3247.00	3247.00	3247.00	3247.00	3247.00	3247.00	3247.00	3247.00	3247.00	3247.00	3247.00	3247.00	3248.00	3248.00	3248.00	3248.00	3248.00	3248.00	3248.00	3248.00	3248.00	3248.00	3248.00	3248.00	3249.00	3249.00	3249.00	3249.00	3249.00	3249.00	3249.00	3249.00	3250.00	3250.00	3250.00	3250.00	3250.00	3250.00	3251.00	3251.00	3251.00	3251.00	3251.00	3251.00	3252.00	3252.00	3252.00	3253.00	3253.00	3253.00	3253.00	3253.00	3254.00	3254.00	3255.00	3255.00	3255.00	3256.00	3256.00	3256.00	3256.00	3256.00	3257.00	3257.00	3257.00	3258.00	3258.00	3258.00	3258.00	3258.00	3259.00	3259.00	3259.00	3260.00	3260.00	3260.00	3260.00	3261.00	3261.00	3261.00	3261.00	3261.00	3262.00	3262.00	3262.00	3262.00	3262.00	3262.00	3263.00	3263.00	3263.00	3263.00	3263.00	3263.00	3263.00	3263.00	3264.00	3264.00	3264.00	3264.00	3264.00	3264.00	3264.00	3265.00	3265.00	3265.00	3265.00	3265.00	3265.00	3265.00	3265.00	3265.00	3265.00	3265.00	3265.00	3266.00	3266.00	3266.00	3266.00	3266.00	3266.00	3266.00	3266.00	3266.00	3266.00	3266.00	3266.00	3266.00	3266.00	3267.00	3267.00	3267.00	3267.00	3267.00	3267.00	3267.00	3267.00	3268.00	3268.00	3268.00	3268.00	3268.00	3268.00	3268.00	3268.00	3268.00	3269.00	3269.00	3269.00	3269.00	3269.00	3269.00	3269.00	3269.00	3269.00	3269.00	3269.00	3269.00	3270.00	3270.00	3270.00	3270.00	3270.00	3270.00	3270.00	3270.00	3270.00	3270.00	3270.00	3271.00	3271.00	3271.00	3271.00	3271.00	3271.00	3271.00	3272.00	3272.00	3272.00	3272.00	3272.00	3272.00	3273.00	3273.00	3273.00	3273.00	3273.00	3273.00	3274.00	3274.00	3274.00	3274.00	3274.00	3274.00	3275.00	3275.00	3275.00	3275.00	3275.00	3275.00	3275.00	3276.00	3276.00	3276.00	3276.00	3276.00	3276.00	3276.00	3276.00	3276.00	3277.00	3277.00	3277.00	3277.00	3277.00	3277.00	3277.00	3277.00	3278.00	3278.00	3278.00
3246.00	3246.00	3246.00	3246.00	3246.00	3246.00	3247.00	3247.00	3247.00	3247.00	3247.00	3247.00	3247.00	3247.00	3247.00	3247.00	3247.00	3247.00	3247.00	3247.00	3247.00	3247.00	3247.00	3247.00	3247.00	3247.00	3247.00	3247.00	3247.00	3247.00	3247.00	3247.00	3247.00	3247.00	3247.00	3247.00	3247.00	3247.00	3247.00	3247.00	3247.00	3247.00	3247.00	3247.00	3247.00	3247.00	3247.00	3248.00	3248.00	3248.00	3248.00	3248.00	3248.00	3248.00	3248.00	3248.00	3248.00	3248.00	3248.00	3249.00	3249.00	3249.00	3249.00	3249.00	3249.00	3249.00	3249.00	3250.00	3250.00	3250.00	3250.00	3250.00	3250.00	3251.00	3251.00	3251.00	3251.00	3251.00	3251.00	3252.00	3252.00	3252.00	3253.00	3253.00	3253.00	3253.00	3253.00	3254.00	3254.00	3255.00	3255.00	3255.00	3256.00	3256.00	3256.00	3256.00	3256.00	3257.00	3257.00	3257.00	3258.00	3258.00	3258.00	3258.00	3258.00	3259.00	3259.00	3259.00	3260.00	3260.00	3260.00	3260.00	3261.00	3261.00	3261.00	3261.00	3261.00	3262.00	3262.00	3262.00	3262.00	3262.00	3262.00	3263.00	3263.00	3263.00	3263.00	3263.00	3263.00	3263.00	3263.00	3264.00	3264.00	3264.00	3264.00	3264.00	3264.00	3264.00	3265.00	3265.00	3265.00	3265.00	3265.00	3265.00	3265.00	3265.00	3265.00	3265.00	3265.00	3265.00	3266.00	3266.00	3266.00	3266.00	3266.00	3266.00	3266.00	3266.00	3266.00	3266.00	3266.00	3266.00	3266.00	3266.00	3267.00	3267.00	3267.00	3267.00	3267.00	3267.00	3267.00	3267.00	3268.00	3268.00	3268.00	3268.00	3268.00	3268.00	3268.00	3268.00	3268.00	3269.00	3269.00	3269.00	3269.00	3269.00	3269.00	3269.00	3269.00	3269.00	3269.00	3269.00	3269.00	3270.00	3270.00	3270.00	3270.00	3270.00	3270.00	3270.00	3270.00	3270.00	3270.00	3270.00	3271.00	3271.00	3271.00	3271.00	3271.00	3271.00	3271.00	3272.00	3272.00	3272.00	3272.00	3272.00	3272.00	3273.00	3273.00	3273.00	3273.00	3273.00	3273.00	3274.00	3274.00	3274.00	3274.00	3274.00	3274.00	3275.00	3275.00	3275.00	3275.00	3275.00	3275.00	3275.00	3276.00	3276.00	3276.00	3276.00	3276.00	3276.00	3276.00	3276.00	3276.00	3277.00	3277.00	3277.00	3277.00	3277.00	3277.00	3277.00	3277.00	3278.00	3278.00	3278.00
3246.00	3246.00	3246.00	3246.00	3246.00	3246.00	3247.00	3247.00	3247.00	3247.00	3247.00	3247.00	3247.00	3247.00	3247.00	3247.00	3247.00	3247.00	3247.00	3247.00	3247.00	3247.00	3247.00	3247.00	3247.00	3247.00	3247.00	3247.00	3247.00	3247.00	3247.00	3247.00	3247.00	3247.00	3247.00	3247.00	3247.00	3247.00	3247.00	3247.00	3247.00	3247.00	3247.00	3247.00	3247.00	3247.00	3247.00	3248.00	3248.00	3248.00	3248.00	3248.00	3248.00	3248.00	3248.00	3248.00	3248.00	3248.00	3248.00	3249.00	3249.00	3249.00	3249.00	3249.00	3249.00	3249.00	3249.00	3250.00	3250.00	3250.00	3250.00	3250.00	3250.00	3251.00	3251.00	3251.00	3251.00	3251.00	3251.00	3252.00	3252.00	3252.00	3253.00	3253.00	3253.00	3253.00	3253.00	3254.00	3254.00	3255.00	3255.00	3255.00	3256.00	3256.00	3256.00	3256.00	3256.00	3257.00	3257.00	3257.00	3258.00	3258.00	3258.00	3258.00	3258.00	3259.00	3259.00	3259.00	3260.00	3260.00	3260.00	3260.00	3261.00	3261.00	3261.00	3261.00	3261.00	3262.00	3262.00	3262.00	3262.00	3262.00	3262.00	3263.00	3263.00	3263.00	3263.00	3263.00	3263.00	3263.00	3263.00	3264.00	3264.00	3264.00	3264.00	3264.00	3264.00	3264.00	3265.00	3265.00	3265.00	3265.00	3265.00	3265.00	3265.00	3265.00	3265.00	3265.00	3265.00	3265.00	3266.00	3266.00	3266.00	3266.00	3266.00	3266.00	3266.00	3266.00	3266.00	3266.00	3266.00	3266.00	3266.00	3266.00	3267.00	3267.00	3267.00	3267.00	3267.00	3267.00	3267.00	3267.00	3268.00	3268.00	3268.00	3268.00	3268.00	3268.00	3268.00	3268.00	3268.00	3269.00	3269.00	3269.00	3269.00	3269.00	3269.00	3269.00	3269.00	3269.00	3269.00	3269.00	3269.00	3270.00	3270.00	3270.00	3270.00	3270.00	3270.00	3270.00	3270.00	3270.00	3270.00	3270.00	3271.00	3271.00	3271.00	3271.00	3271.00	3271.00	3271.00	3272.00	3272.00	3272.00	3272.00	3272.00	3272.00	3273.00	3273.00	3273.00	3273.00	3273.00	3273.00	3274.00	3274.00	3274.00	3274.00	3274.00	3274.00	3275.00	3275.00	3275.00	3275.00	3275.00	3275.00	3275.00	3276.00	3276.00	3276.00	3276.00	3276.00	3276.00	3276.00	3276.00	3276.00	3277.00	3277.00	3277.00	3277.00	3277.00	3277.00	3277.00	3277.00	3278.00	3278.00	3278.00
3246.00	3246.00	3246.00	3246.00	3246.00	3246.00	3247.00	3247.00	3247.00	3247.00	3247.00	3247.00	3247.00	3247.00	3247.00	3247.00	3247.00	3247.00	3247.00	3247.00	3247.00	3247.00	3247.00	3247.00	3247.00	3247.00	3247.00	3247.00	3247.00	3247.00	3247.00	3247.00	3247.00	3247.00	3247.00	3247.00	3247.00	3247.00	3247.00	3247.00	3247.00	3247.00	3247.00	3247.00	3247.00	3247.00	3247.00	3248.00	3248.00	3248.00	3248.00	3248.00	3248.00	3248.00	3248.00	3248.00	3248.00	3248.00	3248.00	3249.00	3249.00	3249.00	3249.00	3249.00	3249.00	3249.00	3249.00	3250.00	3250.00	3250.00	3250.00	3250.00	3250.00	3251.00	3251.00	3251.00	3251.00	3251.00	3251.00	3252.00	3252.00	3252.00	3253.00	3253.00	3253.00	3253.00	3253.00	3254.00	3254.00	3255.00	3255.00	3255.00	3256.00	3256.00	3256.00	3256.00	3256.00	3257.00	3257.00	3257.00	3258.00	3258.00	3258.00	3258.00	3258.00	3259.00	3259.00	3259.00	3260.00	3260.00	3260.00	3260.00	3261.00	3261.00	3261.00	3261.00	3261.00	3262.00	3262.00	3262.00	3262.00	3262.00	3262.00	3263.00	3263.00	3263.00	3263.00	3263.00	3263.00	3263.00	3263.00	3264.00	3264.00	3264.00	3264.00	3264.00	3264.00	3264.00	3265.00	3265.00	3265.00	3265.00	3265.00	3265.00	3265.00	3265.00	3265.00	3265.00	3265.00	3265.00	3266.00	3266.00	3266.00	3266.00	3266.00	3266.00	3266.00	3266.00	3266.00	3266.00	3266.00	3266.00	3266.00	3266.00	3267.00	3267.00	3267.00	3267.00	3267.00	3267.00	3267.00	3267.00	3268.00	3268.00	3268.00	3268.00	3268.00	3268.00	3268.00	3268.00	3268.00	3269.00	3269.00	3269.00	3269.00	3269.00	3269.00	3269.00	3269.00	3269.00	3269.00	3269.00	3269.00	3270.00	3270.00	3270.00	3270.00	3270.00	3270.00	3270.00	3270.00	3270.00	3270.00	3270.00	3271.00	3271.00	3271.00	3271.00	3271.00	3271.00	3271.00	3272.00	3272.00	3272.00	3272.00	3272.00	3272.00	3273.00	3273.00	3273.00	3273.00	3273.00	3273.00	3274.00	3274.00	3274.00	3274.00	3274.00	3274.00	3275.00	3275.00	3275.00	3275.00	3275.00	3275.00	3275.00	3276.00	3276.00	3276.00	3276.00	3276.00	3276.00	3276.00	3276.00	3276.00	3277.00	3277.00	3277.00	3277.00	3277.00	3277.00	3277.00	3277.00	3278.00	3278.00	3278.00
3246.00	3246.00	3246.00	3246.00	3246.00	3246.00	3247.00	3247.00	3247.00	3247.00	3247.00	3247.00	3247.00	3247.00	3247.00	3247.00	3247.00	3247.00	3247.00	3247.00	3247.00	3247.00	3247.00	3247.00	3247.00	3247.00	3247.00	3247.00	3247.00	3247.00	3247.00	3247.00	3247.00	3247.00	3247.00	3247.00	3247.00	3247.00	3247.00	3247.00	3247.00	3247.00	3247.00	3247.00	3247.00	3247.00	3247.00	3248.00	3248.00	3248.00	3248.00	3248.00	3248.00	3248.00	3248.00	3248.00	3248.00	3248.00	3248.00	3249.00	3249.00	3249.00	3249.00	3249.00	3249.00	3249.00	3249.00	3250.00	3250.00	3250.00	3250.00	3250.00	3250.00	3251.00	3251.00	3251.00	3251.00	3251.00	3251.00	3252.00	3252.00	3252.00	3253.00	3253.00	3253.00	3253.00	3253.00	3254.00	3254.00	3255.00	3255.00	3255.00	3256.00	3256.00	3256.00	3256.00	3256.00	3257.00	3257.00	3257.00	3258.00	3258.00	3258.00	3258.00	3258.00	3259.00	3259.00	3259.00	3260.00	3260.00	3260.00	3260.00	3261.00	3261.00	3261.00	3261.00	3261.00	3262.00	3262.00	3262.00	3262.00	3262.00	3262.00	3263.00	3263.00	3263.00	3263.00	3263.00	3263.00	3263.00	3263.00	3264.00	3264.00	3264.00	3264.00	3264.00	3264.00	3264.00	3265.00	3265.00	3265.00	3265.00	3265.00	3265.00	3265.00	3265.00	3265.00	3265.00	3265.00	3265.00	3266.00	3266.00	3266.00	3266.00	3266.00	3266.00	3266.00	3266.00	3266.00	3266.00	3266.00	3266.00	3266.00	3266.00	3267.00	3267.00	3267.00	3267.00	3267.00	3267.00	3267.00	3267.00	3268.00	3268.00	3268.00	3268.00	3268.00	3268.00	3268.00	3268.00	3268.00	3269.00	3269.00	3269.00	3269.00	3269.00	3269.00	3269.00	3269.00	3269.00	3269.00	3269.00	3269.00	3270.00	3270.00	3270.00	3270.00	3270.00	3270.00	3270.00	3270.00	3270.00	3270.00	3270.00	3271.00	3271.00	3271.00	3271.00	3271.00	3271.00	3271.00	3272.00	3272.00	3272.00	3272.00	3272.00	3272.00	3273.00	3273.00	3273.00	3273.00	3273.00	3273.00	3274.00	3274.00	3274.00	3274.00	3274.00	3274.00	3275.00	3275.00	3275.00	3275.00	3275.00	3275.00	3275.00	3276.00	3276.00	3276.00	3276.00	3276.00	3276.00	3276.00	3276.00	3276.00	3277.00	3277.00	3277.00	3277.00	3277.00	3277.00	3277.00	3277.00	3278.00	3278.00	3278.00
3246.00	3246.00	3246.00	3246.00	3246.00	3246.00	3247.00	3247.00	3247.00	3247.00	3247.00	3247.00	3247.00	3247.00	3247.00	3247.00	3247.00	3247.00	3247.00	3247.00	3247.00	3247.00	3247.00	3247.00	3247.00	3247.00	3247.00	3247.00	3247.00	3247.00	3247.00	3247.00	3247.00	3247.00	3247.00	3247.00	3247.00	3247.00	3247.00	3247.00	3247.00	3247.00	3247.00	3247.00	3247.00	3247.00	3247.00	3248.00	3248.00	3248.00	3248.00	3248.00	3248.00	3248.00	3248.00	3248.00	3248.00	3248.00	3248.00	3249.00	3249.00	3249.00	3249.00	3249.00	3249.00	3249.00	3249.00	3250.00	3250.00	3250.00	3250.00	3250.00	3250.00	3251.00	3251.00	3251.00	3251.00	3251.00	3251.00	3252.00	3252.00	3252.00	3253.00	3253.00	3253.00	3253.00	3253.00	3254.00	3254.00	3255.00	3255.00	3255.00	3256.00	3256.00	3256.00	3256.00	3256.00	3257.00	3257.00	3257.00	3258.00	3258.00	3258.00	3258.00	3258.00	3259.00	3259.00	3259.00	3260.00	3260.00	3260.00	3260.00	3261.00	3261.00	3261.00	3261.00	3261.00	3262.00	3262.00	3262.00	3262.00	3262.00	3262.00	3263.00	3263.00	3263.00	3263.00	3263.00	3263.00	3263.00	3263.00	3264.00	3264.00	3264.00	3264.00	3264.00	3264.00	3264.00	3265.00	3265.00	3265.00	3265.00	3265.00	3265.00	3265.00	3265.00	3265.00	3265.00	3265.00	3265.00	3266.00	3266.00	3266.00	3266.00	3266.00	3266.00	3266.00	3266.00	3266.00	3266.00	3266.00	3266.00	3266.00	3266.00	3267.00	3267.00	3267.00	3267.00	3267.00	3267.00	3267.00	3267.00	3268.00	3268.00	3268.00	3268.00	3268.00	3268.00	3268.00	3268.00	3268.00	3269.00	3269.00	3269.00	3269.00	3269.00	3269.00	3269.00	3269.00	3269.00	3269.00	3269.00	3269.00	3270.00	3270.00	3270.00	3270.00	3270.00	3270.00	3270.00	3270.00	3270.00	3270.00	3270.00	3271.00	3271.00	3271.00	3271.00	3271.00	3271.00	3271.00	3272.00	3272.00	3272.00	3272.00	3272.00	3272.00	3273.00	3273.00	3273.00	3273.00	3273.00	3273.00	3274.00	3274.00	3274.00	3274.00	3274.00	3274.00	3275.00	3275.00	3275.00	3275.00	3275.00	3275.00	3275.00	3276.00	3276.00	3276.00	3276.00	3276.00	3276.00	3276.00	3276.00	3276.00	3277.00	3277.00	3277.00	3277.00	3277.00	3277.00	3277.00	3277.00	3278.00	3278.00	3278.00
3246.00	3246.00	3246.00	3246.00	3246.00	3246.00	3247.00	3247.00	3247.00	3247.00	3247.00	3247.00	3247.00	3247.00	3247.00	3247.00	3247.00	3247.00	3247.00	3247.00	3247.00	3247.00	3247.00	3247.00	3247.00	3247.00	3247.00	3247.00	3247.00	3247.00	3247.00	3247.00	3247.00	3247.00	3247.00	3247.00	3247.00	3247.00	3247.00	3247.00	3247.00	3247.00	3247.00	3247.00	3247.00	3247.00	3247.00	3248.00	3248.00	3248.00	3248.00	3248.00	3248.00	3248.00	3248.00	3248.00	3248.00	3248.00	3248.00	3249.00	3249.00	3249.00	3249.00	3249.00	3249.00	3249.00	3249.00	3250.00	3250.00	3250.00	3250.00	3250.00	3250.00	3251.00	3251.00	3251.00	3251.00	3251.00	3251.00	3252.00	3252.00	3252.00	3253.00	3253.00	3253.00	3253.00	3253.00	3254.00	3254.00	3255.00	3255.00	3255.00	3256.00	3256.00	3256.00	3256.00	3256.00	3257.00	3257.00	3257.00	3258.00	3258.00	3258.00	3258.00	3258.00	3259.00	3259.00	3259.00	3260.00	3260.00	3260.00	3260.00	3261.00	3261.00	3261.00	3261.00	3261.00	3262.00	3262.00	3262.00	3262.00	3262.00	3262.00	3263.00	3263.00	3263.00	3263.00	3263.00	3263.00	3263.00	3263.00	3264.00	3264.00	3264.00	3264.00	3264.00	3264.00	3264.00	3265.00	3265.00	3265.00	3265.00	3265.00	3265.00	3265.00	3265.00	3265.00	3265.00	3265.00	3265.00	3266.00	3266.00	3266.00	3266.00	3266.00	3266.00	3266.00	3266.00	3266.00	3266.00	3266.00	3266.00	3266.00	3266.00	3267.00	3267.00	3267.00	3267.00	3267.00	3267.00	3267.00	3267.00	3268.00	3268.00	3268.00	3268.00	3268.00	3268.00	3268.00	3268.00	3268.00	3269.00	3269.00	3269.00	3269.00	3269.00	3269.00	3269.00	3269.00	3269.00	3269.00	3269.00	3269.00	3270.00	3270.00	3270.00	3270.00	3270.00	3270.00	3270.00	3270.00	3270.00	3270.00	3270.00	3271.00	3271.00	3271.00	3271.00	3271.00	3271.00	3271.00	3272.00	3272.00	3272.00	3272.00	3272.00	3272.00	3273.00	3273.00	3273.00	3273.00	3273.00	3273.00	3274.00	3274.00	3274.00	3274.00	3274.00	3274.00	3275.00	3275.00	3275.00	3275.00	3275.00	3275.00	3275.00	3276.00	3276.00	3276.00	3276.00	3276.00	3276.00	3276.00	3276.00	3276.00	3277.00	3277.00	3277.00	3277.00	3277.00	3277.00	3277.00	3277.00	3278.00	3278.00	3278.00
3246.00	3246.00	3246.00	3246.00	3246.00	3246.00	3247.00	3247.00	3247.00	3247.00	3247.00	3247.00	3247.00	3247.00	3247.00	3247.00	3247.00	3247.00	3247.00	3247.00	3247.00	3247.00	3247.00	3247.00	3247.00	3247.00	3247.00	3247.00	3247.00	3247.00	3247.00	3247.00	3247.00	3247.00	3247.00	3247.00	3247.00	3247.00	3247.00	3247.00	3247.00	3247.00	3247.00	3247.00	3247.00	3247.00	3247.00	3248.00	3248.00	3248.00	3248.00	3248.00	3248.00	3248.00	3248.00	3248.00	3248.00	3248.00	3248.00	3249.00	3249.00	3249.00	3249.00	3249.00	3249.00	3249.00	3249.00	3250.00	3250.00	3250.00	3250.00	3250.00	3250.00	3251.00	3251.00	3251.00	3251.00	3251.00	3251.00	3252.00	3252.00	3252.00	3253.00	3253.00	3253.00	3253.00	3253.00	3254.00	3254.00	3255.00	3255.00	3255.00	3256.00	3256.00	3256.00	3256.00	3256.00	3257.00	3257.00	3257.00	3258.00	3258.00	3258.00	3258.00	3258.00	3259.00	3259.00	3259.00	3260.00	3260.00	3260.00	3260.00	3261.00	3261.00	3261.00	3261.00	3261.00	3262.00	3262.00	3262.00	3262.00	3262.00	3262.00	3263.00	3263.00	3263.00	3263.00	3263.00	3263.00	3263.00	3263.00	3264.00	3264.00	3264.00	3264.00	3264.00	3264.00	3264.00	3265.00	3265.00	3265.00	3265.00	3265.00	3265.00	3265.00	3265.00	3265.00	3265.00	3265.00	3265.00	3266.00	3266.00	3266.00	3266.00	3266.00	3266.00	3266.00	3266.00	3266.00	3266.00	3266.00	3266.00	3266.00	3266.00	3267.00	3267.00	3267.00	3267.00	3267.00	3267.00	3267.00	3267.00	3268.00	3268.00	3268.00	3268.00	3268.00	3268.00	3268.00	3268.00	3268.00	3269.00	3269.00	3269.00	3269.00	3269.00	3269.00	3269.00	3269.00	3269.00	3269.00	3269.00	3269.00	3270.00	3270.00	3270.00	3270.00	3270.00	3270.00	3270.00	3270.00	3270.00	3270.00	3270.00	3271.00	3271.00	3271.00	3271.00	3271.00	3271.00	3271.00	3272.00	3272.00	3272.00	3272.00	3272.00	3272.00	3273.00	3273.00	3273.00	3273.00	3273.00	3273.00	3274.00	3274.00	3274.00	3274.00	3274.00	3274.00	3275.00	3275.00	3275.00	3275.00	3275.00	3275.00	3275.00	3276.00	3276.00	3276.00	3276.00	3276.00	3276.00	3276.00	3276.00	3276.00	3277.00	3277.00	3277.00	3277.00	3277.00	3277.00	3277.00	3277.00	3278.00	3278.00	3278.00
3246.00	3246.00	3246.00	3246.00	3246.00	3246.00	3247.00	3247.00	3247.00	3247.00	3247.00	3247.00	3247.00	3247.00	3247.00	3247.00	3247.00	3247.00	3247.00	3247.00	3247.00	3247.00	3247.00	3247.00	3247.00	3247.00	3247.00	3247.00	3247.00	3247.00	3247.00	3247.00	3247.00	3247.00	3247.00	3247.00	3247.00	3247.00	3247.00	3247.00	3247.00	3247.00	3247.00	3247.00	3247.00	3247.00	3247.00	3248.00	3248.00	3248.00	3248.00	3248.00	3248.00	3248.00	3248.00	3248.00	3248.00	3248.00	3248.00	3249.00	3249.00	3249.00	3249.00	3249.00	3249.00	3249.00	3249.00	3250.00	3250.00	3250.00	3250.00	3250.00	3250.00	3251.00	3251.00	3251.00	3251.00	3251.00	3251.00	3252.00	3252.00	3252.00	3253.00	3253.00	3253.00	3253.00	3253.00	3254.00	3254.00	3255.00	3255.00	3255.00	3256.00	3256.00	3256.00	3256.00	3256.00	3257.00	3257.00	3257.00	3258.00	3258.00	3258.00	3258.00	3258.00	3259.00	3259.00	3259.00	3260.00	3260.00	3260.00	3260.00	3261.00	3261.00	3261.00	3261.00	3261.00	3262.00	3262.00	3262.00	3262.00	3262.00	3262.00	3263.00	3263.00	3263.00	3263.00	3263.00	3263.00	3263.00	3263.00	3264.00	3264.00	3264.00	3264.00	3264.00	3264.00	3264.00	3265.00	3265.00	3265.00	3265.00	3265.00	3265.00	3265.00	3265.00	3265.00	3265.00	3265.00	3265.00	3266.00	3266.00	3266.00	3266.00	3266.00	3266.00	3266.00	3266.00	3266.00	3266.00	3266.00	3266.00	3266.00	3266.00	3267.00	3267.00	3267.00	3267.00	3267.00	3267.00	3267.00	3267.00	3268.00	3268.00	3268.00	3268.00	3268.00	3268.00	3268.00	3268.00	3268.00	3269.00	3269.00	3269.00	3269.00	3269.00	3269.00	3269.00	3269.00	3269.00	3269.00	3269.00	3269.00	3270.00	3270.00	3270.00	3270.00	3270.00	3270.00	3270.00	3270.00	3270.00	3270.00	3270.00	3271.00	3271.00	3271.00	3271.00	3271.00	3271.00	3271.00	3272.00	3272.00	3272.00	3272.00	3272.00	3272.00	3273.00	3273.00	3273.00	3273.00	3273.00	3273.00	3274.00	3274.00	3274.00	3274.00	3274.00	3274.00	3275.00	3275.00	3275.00	3275.00	3275.00	3275.00	3275.00	3276.00	3276.00	3276.00	3276.00	3276.00	3276.00	3276.00	3276.00	3276.00	3277.00	3277.00	3277.00	3277.00	3277.00	3277.00	3277.00	3277.00	3278.00	3278.00	3278.00
3246.00	3246.00	3246.00	3246.00	3246.00	3246.00	3247.00	3247.00	3247.00	3247.00	3247.00	3247.00	3247.00	3247.00	3247.00	3247.00	3247.00	3247.00	3247.00	3247.00	3247.00	3247.00	3247.00	3247.00	3247.00	3247.00	3247.00	3247.00	3247.00	3247.00	3247.00	3247.00	3247.00	3247.00	3247.00	3247.00	3247.00	3247.00	3247.00	3247.00	3247.00	3247.00	3247.00	3247.00	3247.00	3247.00	3247.00	3248.00	3248.00	3248.00	3248.00	3248.00	3248.00	3248.00	3248.00	3248.00	3248.00	3248.00	3248.00	3249.00	3249.00	3249.00	3249.00	3249.00	3249.00	3249.00	3249.00	3250.00	3250.00	3250.00	3250.00	3250.00	3250.00	3251.00	3251.00	3251.00	3251.00	3251.00	3251.00	3252.00	3252.00	3252.00	3253.00	3253.00	3253.00	3253.00	3253.00	3254.00	3254.00	3255.00	3255.00	3255.00	3256.00	3256.00	3256.00	3256.00	3256.00	3257.00	3257.00	3257.00	3258.00	3258.00	3258.00	3258.00	3258.00	3259.00	3259.00	3259.00	3260.00	3260.00	3260.00	3260.00	3261.00	3261.00	3261.00	3261.00	3261.00	3262.00	3262.00	3262.00	3262.00	3262.00	3262.00	3263.00	3263.00	3263.00	3263.00	3263.00	3263.00	3263.00	3263.00	3264.00	3264.00	3264.00	3264.00	3264.00	3264.00	3264.00	3265.00	3265.00	3265.00	3265.00	3265.00	3265.00	3265.00	3265.00	3265.00	3265.00	3265.00	3265.00	3266.00	3266.00	3266.00	3266.00	3266.00	3266.00	3266.00	3266.00	3266.00	3266.00	3266.00	3266.00	3266.00	3266.00	3267.00	3267.00	3267.00	3267.00	3267.00	3267.00	3267.00	3267.00	3268.00	3268.00	3268.00	3268.00	3268.00	3268.00	3268.00	3268.00	3268.00	3269.00	3269.00	3269.00	3269.00	3269.00	3269.00	3269.00	3269.00	3269.00	3269.00	3269.00	3269.00	3270.00	3270.00	3270.00	3270.00	3270.00	3270.00	3270.00	3270.00	3270.00	3270.00	3270.00	3271.00	3271.00	3271.00	3271.00	3271.00	3271.00	3271.00	3272.00	3272.00	3272.00	3272.00	3272.00	3272.00	3273.00	3273.00	3273.00	3273.00	3273.00	3273.00	3274.00	3274.00	3274.00	3274.00	3274.00	3274.00	3275.00	3275.00	3275.00	3275.00	3275.00	3275.00	3275.00	3276.00	3276.00	3276.00	3276.00	3276.00	3276.00	3276.00	3276.00	3276.00	3277.00	3277.00	3277.00	3277.00	3277.00	3277.00	3277.00	3277.00	3278.00	3278.00	3278.00
3246.00	3246.00	3246.00	3246.00	3246.00	3246.00	3247.00	3247.00	3247.00	3247.00	3247.00	3247.00	3247.00	3247.00	3247.00	3247.00	3247.00	3247.00	3247.00	3247.00	3247.00	3247.00	3247.00	3247.00	3247.00	3247.00	3247.00	3247.00	3247.00	3247.00	3247.00	3247.00	3247.00	3247.00	3247.00	3247.00	3247.00	3247.00	3247.00	3247.00	3247.00	3247.00	3247.00	3247.00	3247.00	3247.00	3247.00	3248.00	3248.00	3248.00	3248.00	3248.00	3248.00	3248.00	3248.00	3248.00	3248.00	3248.00	3248.00	3249.00	3249.00	3249.00	3249.00	3249.00	3249.00	3249.00	3249.00	3250.00	3250.00	3250.00	3250.00	3250.00	3250.00	3251.00	3251.00	3251.00	3251.00	3251.00	3251.00	3252.00	3252.00	3252.00	3253.00	3253.00	3253.00	3253.00	3253.00	3254.00	3254.00	3255.00	3255.00	3255.00	3256.00	3256.00	3256.00	3256.00	3256.00	3257.00	3257.00	3257.00	3258.00	3258.00	3258.00	3258.00	3258.00	3259.00	3259.00	3259.00	3260.00	3260.00	3260.00	3260.00	3261.00	3261.00	3261.00	3261.00	3261.00	3262.00	3262.00	3262.00	3262.00	3262.00	3262.00	3263.00	3263.00	3263.00	3263.00	3263.00	3263.00	3263.00	3263.00	3264.00	3264.00	3264.00	3264.00	3264.00	3264.00	3264.00	3265.00	3265.00	3265.00	3265.00	3265.00	3265.00	3265.00	3265.00	3265.00	3265.00	3265.00	3265.00	3266.00	3266.00	3266.00	3266.00	3266.00	3266.00	3266.00	3266.00	3266.00	3266.00	3266.00	3266.00	3266.00	3266.00	3267.00	3267.00	3267.00	3267.00	3267.00	3267.00	3267.00	3267.00	3268.00	3268.00	3268.00	3268.00	3268.00	3268.00	3268.00	3268.00	3268.00	3269.00	3269.00	3269.00	3269.00	3269.00	3269.00	3269.00	3269.00	3269.00	3269.00	3269.00	3269.00	3270.00	3270.00	3270.00	3270.00	3270.00	3270.00	3270.00	3270.00	3270.00	3270.00	3270.00	3271.00	3271.00	3271.00	3271.00	3271.00	3271.00	3271.00	3272.00	3272.00	3272.00	3272.00	3272.00	3272.00	3273.00	3273.00	3273.00	3273.00	3273.00	3273.00	3274.00	3274.00	3274.00	3274.00	3274.00	3274.00	3275.00	3275.00	3275.00	3275.00	3275.00	3275.00	3275.00	3276.00	3276.00	3276.00	3276.00	3276.00	3276.00	3276.00	3276.00	3276.00	3277.00	3277.00	3277.00	3277.00	3277.00	3277.00	3277.00	3277.00	3278.00	3278.00	3278.00
3246.00	3246.00	3246.00	3246.00	3246.00	3246.00	3247.00	3247.00	3247.00	3247.00	3247.00	3247.00	3247.00	3247.00	3247.00	3247.00	3247.00	3247.00	3247.00	3247.00	3247.00	3247.00	3247.00	3247.00	3247.00	3247.00	3247.00	3247.00	3247.00	3247.00	3247.00	3247.00	3247.00	3247.00	3247.00	3247.00	3247.00	3247.00	3247.00	3247.00	3247.00	3247.00	3247.00	3247.00	3247.00	3247.00	3247.00	3248.00	3248.00	3248.00	3248.00	3248.00	3248.00	3248.00	3248.00	3248.00	3248.00	3248.00	3248.00	3249.00	3249.00	3249.00	3249.00	3249.00	3249.00	3249.00	3249.00	3250.00	3250.00	3250.00	3250.00	3250.00	3250.00	3251.00	3251.00	3251.00	3251.00	3251.00	3251.00	3252.00	3252.00	3252.00	3253.00	3253.00	3253.00	3253.00	3253.00	3254.00	3254.00	3255.00	3255.00	3255.00	3256.00	3256.00	3256.00	3256.00	3256.00	3257.00	3257.00	3257.00	3258.00	3258.00	3258.00	3258.00	3258.00	3259.00	3259.00	3259.00	3260.00	3260.00	3260.00	3260.00	3261.00	3261.00	3261.00	3261.00	3261.00	3262.00	3262.00	3262.00	3262.00	3262.00	3262.00	3263.00	3263.00	3263.00	3263.00	3263.00	3263.00	3263.00	3263.00	3264.00	3264.00	3264.00	3264.00	3264.00	3264.00	3264.00	3265.00	3265.00	3265.00	3265.00	3265.00	3265.00	3265.00	3265.00	3265.00	3265.00	3265.00	3265.00	3266.00	3266.00	3266.00	3266.00	3266.00	3266.00	3266.00	3266.00	3266.00	3266.00	3266.00	3266.00	3266.00	3266.00	3267.00	3267.00	3267.00	3267.00	3267.00	3267.00	3267.00	3267.00	3268.00	3268.00	3268.00	3268.00	3268.00	3268.00	3268.00	3268.00	3268.00	3269.00	3269.00	3269.00	3269.00	3269.00	3269.00	3269.00	3269.00	3269.00	3269.00	3269.00	3269.00	3270.00	3270.00	3270.00	3270.00	3270.00	3270.00	3270.00	3270.00	3270.00	3270.00	3270.00	3271.00	3271.00	3271.00	3271.00	3271.00	3271.00	3271.00	3272.00	3272.00	3272.00	3272.00	3272.00	3272.00	3273.00	3273.00	3273.00	3273.00	3273.00	3273.00	3274.00	3274.00	3274.00	3274.00	3274.00	3274.00	3275.00	3275.00	3275.00	3275.00	3275.00	3275.00	3275.00	3276.00	3276.00	3276.00	3276.00	3276.00	3276.00	3276.00	3276.00	3276.00	3277.00	3277.00	3277.00	3277.00	3277.00	3277.00	3277.00	3277.00	3278.00	3278.00	3278.00
3246.00	3246.00	3246.00	3246.00	3246.00	3246.00	3247.00	3247.00	3247.00	3247.00	3247.00	3247.00	3247.00	3247.00	3247.00	3247.00	3247.00	3247.00	3247.00	3247.00	3247.00	3247.00	3247.00	3247.00	3247.00	3247.00	3247.00	3247.00	3247.00	3247.00	3247.00	3247.00	3247.00	3247.00	3247.00	3247.00	3247.00	3247.00	3247.00	3247.00	3247.00	3247.00	3247.00	3247.00	3247.00	3247.00	3247.00	3248.00	3248.00	3248.00	3248.00	3248.00	3248.00	3248.00	3248.00	3248.00	3248.00	3248.00	3248.00	3249.00	3249.00	3249.00	3249.00	3249.00	3249.00	3249.00	3249.00	3250.00	3250.00	3250.00	3250.00	3250.00	3250.00	3251.00	3251.00	3251.00	3251.00	3251.00	3251.00	3252.00	3252.00	3252.00	3253.00	3253.00	3253.00	3253.00	3253.00	3254.00	3254.00	3255.00	3255.00	3255.00	3256.00	3256.00	3256.00	3256.00	3256.00	3257.00	3257.00	3257.00	3258.00	3258.00	3258.00	3258.00	3258.00	3259.00	3259.00	3259.00	3260.00	3260.00	3260.00	3260.00	3261.00	3261.00	3261.00	3261.00	3261.00	3262.00	3262.00	3262.00	3262.00	3262.00	3262.00	3263.00	3263.00	3263.00	3263.00	3263.00	3263.00	3263.00	3263.00	3264.00	3264.00	3264.00	3264.00	3264.00	3264.00	3264.00	3265.00	3265.00	3265.00	3265.00	3265.00	3265.00	3265.00	3265.00	3265.00	3265.00	3265.00	3265.00	3266.00	3266.00	3266.00	3266.00	3266.00	3266.00	3266.00	3266.00	3266.00	3266.00	3266.00	3266.00	3266.00	3266.00	3267.00	3267.00	3267.00	3267.00	3267.00	3267.00	3267.00	3267.00	3268.00	3268.00	3268.00	3268.00	3268.00	3268.00	3268.00	3268.00	3268.00	3269.00	3269.00	3269.00	3269.00	3269.00	3269.00	3269.00	3269.00	3269.00	3269.00	3269.00	3269.00	3270.00	3270.00	3270.00	3270.00	3270.00	3270.00	3270.00	3270.00	3270.00	3270.00	3270.00	3271.00	3271.00	3271.00	3271.00	3271.00	3271.00	3271.00	3272.00	3272.00	3272.00	3272.00	3272.00	3272.00	3273.00	3273.00	3273.00	3273.00	3273.00	3273.00	3274.00	3274.00	3274.00	3274.00	3274.00	3274.00	3275.00	3275.00	3275.00	3275.00	3275.00	3275.00	3275.00	3276.00	3276.00	3276.00	3276.00	3276.00	3276.00	3276.00	3276.00	3276.00	3277.00	3277.00	3277.00	3277.00	3277.00	3277.00	3277.00	3277.00	3278.00	3278.00	3278.00
3246.00	3246.00	3246.00	3246.00	3246.00	3246.00	3247.00	3247.00	3247.00	3247.00	3247.00	3247.00	3247.00	3247.00	3247.00	3247.00	3247.00	3247.00	3247.00	3247.00	3247.00	3247.00	3247.00	3247.00	3247.00	3247.00	3247.00	3247.00	3247.00	3247.00	3247.00	3247.00	3247.00	3247.00	3247.00	3247.00	3247.00	3247.00	3247.00	3247.00	3247.00	3247.00	3247.00	3247.00	3247.00	3247.00	3247.00	3248.00	3248.00	3248.00	3248.00	3248.00	3248.00	3248.00	3248.00	3248.00	3248.00	3248.00	3248.00	3249.00	3249.00	3249.00	3249.00	3249.00	3249.00	3249.00	3249.00	3250.00	3250.00	3250.00	3250.00	3250.00	3250.00	3251.00	3251.00	3251.00	3251.00	3251.00	3251.00	3252.00	3252.00	3252.00	3253.00	3253.00	3253.00	3253.00	3253.00	3254.00	3254.00	3255.00	3255.00	3255.00	3256.00	3256.00	3256.00	3256.00	3256.00	3257.00	3257.00	3257.00	3258.00	3258.00	3258.00	3258.00	3258.00	3259.00	3259.00	3259.00	3260.00	3260.00	3260.00	3260.00	3261.00	3261.00	3261.00	3261.00	3261.00	3262.00	3262.00	3262.00	3262.00	3262.00	3262.00	3263.00	3263.00	3263.00	3263.00	3263.00	3263.00	3263.00	3263.00	3264.00	3264.00	3264.00	3264.00	3264.00	3264.00	3264.00	3265.00	3265.00	3265.00	3265.00	3265.00	3265.00	3265.00	3265.00	3265.00	3265.00	3265.00	3265.00	3266.00	3266.00	3266.00	3266.00	3266.00	3266.00	3266.00	3266.00	3266.00	3266.00	3266.00	3266.00	3266.00	3266.00	3267.00	3267.00	3267.00	3267.00	3267.00	3267.00	3267.00	3267.00	3268.00	3268.00	3268.00	3268.00	3268.00	3268.00	3268.00	3268.00	3268.00	3269.00	3269.00	3269.00	3269.00	3269.00	3269.00	3269.00	3269.00	3269.00	3269.00	3269.00	3269.00	3270.00	3270.00	3270.00	3270.00	3270.00	3270.00	3270.00	3270.00	3270.00	3270.00	3270.00	3271.00	3271.00	3271.00	3271.00	3271.00	3271.00	3271.00	3272.00	3272.00	3272.00	3272.00	3272.00	3272.00	3273.00	3273.00	3273.00	3273.00	3273.00	3273.00	3274.00	3274.00	3274.00	3274.00	3274.00	3274.00	3275.00	3275.00	3275.00	3275.00	3275.00	3275.00	3275.00	3276.00	3276.00	3276.00	3276.00	3276.00	3276.00	3276.00	3276.00	3276.00	3277.00	3277.00	3277.00	3277.00	3277.00	3277.00	3277.00	3277.00	3278.00	3278.00	3278.00
3246.00	3246.00	3246.00	3246.00	3246.00	3246.00	3247.00	3247.00	3247.00	3247.00	3247.00	3247.00	3247.00	3247.00	3247.00	3247.00	3247.00	3247.00	3247.00	3247.00	3247.00	3247.00	3247.00	3247.00	3247.00	3247.00	3247.00	3247.00	3247.00	3247.00	3247.00	3247.00	3247.00	3247.00	3247.00	3247.00	3247.00	3247.00	3247.00	3247.00	3247.00	3247.00	3247.00	3247.00	3247.00	3247.00	3247.00	3248.00	3248.00	3248.00	3248.00	3248.00	3248.00	3248.00	3248.00	3248.00	3248.00	3248.00	3248.00	3249.00	3249.00	3249.00	3249.00	3249.00	3249.00	3249.00	3249.00	3250.00	3250.00	3250.00	3250.00	3250.00	3250.00	3251.00	3251.00	3251.00	3251.00	3251.00	3251.00	3252.00	3252.00	3252.00	3253.00	3253.00	3253.00	3253.00	3253.00	3254.00	3254.00	3255.00	3255.00	3255.00	3256.00	3256.00	3256.00	3256.00	3256.00	3257.00	3257.00	3257.00	3258.00	3258.00	3258.00	3258.00	3258.00	3259.00	3259.00	3259.00	3260.00	3260.00	3260.00	3260.00	3261.00	3261.00	3261.00	3261.00	3261.00	3262.00	3262.00	3262.00	3262.00	3262.00	3262.00	3263.00	3263.00	3263.00	3263.00	3263.00	3263.00	3263.00	3263.00	3264.00	3264.00	3264.00	3264.00	3264.00	3264.00	3264.00	3265.00	3265.00	3265.00	3265.00	3265.00	3265.00	3265.00	3265.00	3265.00	3265.00	3265.00	3265.00	3266.00	3266.00	3266.00	3266.00	3266.00	3266.00	3266.00	3266.00	3266.00	3266.00	3266.00	3266.00	3266.00	3266.00	3267.00	3267.00	3267.00	3267.00	3267.00	3267.00	3267.00	3267.00	3268.00	3268.00	3268.00	3268.00	3268.00	3268.00	3268.00	3268.00	3268.00	3269.00	3269.00	3269.00	3269.00	3269.00	3269.00	3269.00	3269.00	3269.00	3269.00	3269.00	3269.00	3270.00	3270.00	3270.00	3270.00	3270.00	3270.00	3270.00	3270.00	3270.00	3270.00	3270.00	3271.00	3271.00	3271.00	3271.00	3271.00	3271.00	3271.00	3272.00	3272.00	3272.00	3272.00	3272.00	3272.00	3273.00	3273.00	3273.00	3273.00	3273.00	3273.00	3274.00	3274.00	3274.00	3274.00	3274.00	3274.00	3275.00	3275.00	3275.00	3275.00	3275.00	3275.00	3275.00	3276.00	3276.00	3276.00	3276.00	3276.00	3276.00	3276.00	3276.00	3276.00	3277.00	3277.00	3277.00	3277.00	3277.00	3277.00	3277.00	3277.00	3278.00	3278.00	3278.00
3244.00	3244.00	3244.00	3245.00	3245.00	3245.00	3245.00	3245.00	3245.00	3245.00	3245.00	3245.00	3245.00	3245.00	3245.00	3245.00	3245.00	3245.00	3245.00	3245.00	3245.00	3245.00	3245.00	3245.00	3245.00	3245.00	3245.00	3245.00	3245.00	3245.00	3245.00	3245.00	3245.00	3245.00	3245.00	3245.00	3245.00	3245.00	3245.00	3245.00	3245.00	3245.00	3245.00	3246.00	3246.00	3246.00	3246.00	3246.00	3246.00	3246.00	3246.00	3246.00	3246.00	3247.00	3247.00	3247.00	3247.00	3247.00	3247.00	3247.00	3247.00	3248.00	3248.00	3248.00	3248.00	3248.00	3248.00	3249.00	3249.00	3249.00	3249.00	3250.00	3250.00	3250.00	3251.00	3251.00	3251.00	3251.00	3251.00	3252.00	3252.00	3252.00	3253.00	3253.00	3253.00	3254.00	3254.00	3254.00	3254.00	3255.00	3255.00	3255.00	3256.00	3256.00	3256.00	3256.00	3257.00	3257.00	3257.00	3258.00	3258.00	3258.00	3258.00	3259.00	3259.00	3259.00	3260.00	3260.00	3260.00	3260.00	3261.00	3261.00	3261.00	3261.00	3261.00	3262.00	3262.00	3262.00	3262.00	3262.00	3263.00	3263.00	3263.00	3263.00	3264.00	3264.00	3264.00	3264.00	3264.00	3264.00	3264.00	3264.00	3265.00	3265.00	3265.00	3265.00	3265.00	3265.00	3265.00	3265.00	3266.00	3266.00	3266.00	3266.00	3266.00	3266.00	3266.00	3266.00	3266.00	3266.00	3266.00	3266.00	3266.00	3266.00	3266.00	3267.00	3267.00	3267.00	3267.00	3267.00	3267.00	3267.00	3267.00	3267.00	3267.00	3267.00	3267.00	3267.00	3267.00	3267.00	3267.00	3267.00	3267.00	3267.00	3267.00	3267.00	3268.00	3268.00	3268.00	3268.00	3268.00	3268.00	3268.00	3268.00	3268.00	3268.00	3268.00	3268.00	3269.00	3269.00	3269.00	3269.00	3269.00	3269.00	3269.00	3269.00	3269.00	3269.00	3269.00	3269.00	3270.00	3270.00	3270.00	3270.00	3270.00	3270.00	3270.00	3270.00	3270.00	3271.00	3271.00	3271.00	3271.00	3271.00	3271.00	3271.00	3271.00	3272.00	3272.00	3272.00	3272.00	3272.00	3272.00	3272.00	3272.00	3273.00	3273.00	3273.00	3273.00	3273.00	3273.00	3274.00	3274.00	3274.00	3274.00	3274.00	3275.00	3275.00	3275.00	3275.00	3275.00	3275.00	3275.00	3276.00	3276.00	3276.00	3276.00	3276.00	3276.00	3276.00	3277.00	3277.00	3277.00	3277.00	3277.00	3277.00
3244.00	3244.00	3244.00	3245.00	3245.00	3245.00	3245.00	3245.00	3245.00	3245.00	3245.00	3245.00	3245.00	3245.00	3245.00	3245.00	3245.00	3245.00	3245.00	3245.00	3245.00	3245.00	3245.00	3245.00	3245.00	3245.00	3245.00	3245.00	3245.00	3245.00	3245.00	3245.00	3245.00	3245.00	3245.00	3245.00	3245.00	3245.00	3245.00	3245.00	3245.00	3245.00	3245.00	3246.00	3246.00	3246.00	3246.00	3246.00	3246.00	3246.00	3246.00	3246.00	3246.00	3247.00	3247.00	3247.00	3247.00	3247.00	3247.00	3247.00	3247.00	3248.00	3248.00	3248.00	3248.00	3248.00	3248.00	3249.00	3249.00	3249.00	3249.00	3250.00	3250.00	3250.00	3251.00	3251.00	3251.00	3251.00	3251.00	3252.00	3252.00	3252.00	3253.00	3253.00	3253.00	3254.00	3254.00	3254.00	3254.00	3255.00	3255.00	3255.00	3256.00	3256.00	3256.00	3256.00	3257.00	3257.00	3257.00	3258.00	3258.00	3258.00	3258.00	3259.00	3259.00	3259.00	3260.00	3260.00	3260.00	3260.00	3261.00	3261.00	3261.00	3261.00	3261.00	3262.00	3262.00	3262.00	3262.00	3262.00	3263.00	3263.00	3263.00	3263.00	3264.00	3264.00	3264.00	3264.00	3264.00	3264.00	3264.00	3264.00	3265.00	3265.00	3265.00	3265.00	3265.00	3265.00	3265.00	3265.00	3266.00	3266.00	3266.00	3266.00	3266.00	3266.00	3266.00	3266.00	3266.00	3266.00	3266.00	3266.00	3266.00	3266.00	3266.00	3267.00	3267.00	3267.00	3267.00	3267.00	3267.00	3267.00	3267.00	3267.00	3267.00	3267.00	3267.00	3267.00	3267.00	3267.00	3267.00	3267.00	3267.00	3267.00	3267.00	3267.00	3268.00	3268.00	3268.00	3268.00	3268.00	3268.00	3268.00	3268.00	3268.00	3268.00	3268.00	3268.00	3269.00	3269.00	3269.00	3269.00	3269.00	3269.00	3269.00	3269.00	3269.00	3269.00	3269.00	3269.00	3270.00	3270.00	3270.00	3270.00	3270.00	3270.00	3270.00	3270.00	3270.00	3271.00	3271.00	3271.00	3271.00	3271.00	3271.00	3271.00	3271.00	3272.00	3272.00	3272.00	3272.00	3272.00	3272.00	3272.00	3272.00	3273.00	3273.00	3273.00	3273.00	3273.00	3273.00	3274.00	3274.00	3274.00	3274.00	3274.00	3275.00	3275.00	3275.00	3275.00	3275.00	3275.00	3275.00	3276.00	3276.00	3276.00	3276.00	3276.00	3276.00	3276.00	3277.00	3277.00	3277.00	3277.00	3277.00	3277.00
3244.00	3244.00	3244.00	3245.00	3245.00	3245.00	3245.00	3245.00	3245.00	3245.00	3245.00	3245.00	3245.00	3245.00	3245.00	3245.00	3245.00	3245.00	3245.00	3245.00	3245.00	3245.00	3245.00	3245.00	3245.00	3245.00	3245.00	3245.00	3245.00	3245.00	3245.00	3245.00	3245.00	3245.00	3245.00	3245.00	3245.00	3245.00	3245.00	3245.00	3245.00	3245.00	3245.00	3246.00	3246.00	3246.00	3246.00	3246.00	3246.00	3246.00	3246.00	3246.00	3246.00	3247.00	3247.00	3247.00	3247.00	3247.00	3247.00	3247.00	3247.00	3248.00	3248.00	3248.00	3248.00	3248.00	3248.00	3249.00	3249.00	3249.00	3249.00	3250.00	3250.00	3250.00	3251.00	3251.00	3251.00	3251.00	3251.00	3252.00	3252.00	3252.00	3253.00	3253.00	3253.00	3254.00	3254.00	3254.00	3254.00	3255.00	3255.00	3255.00	3256.00	3256.00	3256.00	3256.00	3257.00	3257.00	3257.00	3258.00	3258.00	3258.00	3258.00	3259.00	3259.00	3259.00	3260.00	3260.00	3260.00	3260.00	3261.00	3261.00	3261.00	3261.00	3261.00	3262.00	3262.00	3262.00	3262.00	3262.00	3263.00	3263.00	3263.00	3263.00	3264.00	3264.00	3264.00	3264.00	3264.00	3264.00	3264.00	3264.00	3265.00	3265.00	3265.00	3265.00	3265.00	3265.00	3265.00	3265.00	3266.00	3266.00	3266.00	3266.00	3266.00	3266.00	3266.00	3266.00	3266.00	3266.00	3266.00	3266.00	3266.00	3266.00	3266.00	3267.00	3267.00	3267.00	3267.00	3267.00	3267.00	3267.00	3267.00	3267.00	3267.00	3267.00	3267.00	3267.00	3267.00	3267.00	3267.00	3267.00	3267.00	3267.00	3267.00	3267.00	3268.00	3268.00	3268.00	3268.00	3268.00	3268.00	3268.00	3268.00	3268.00	3268.00	3268.00	3268.00	3269.00	3269.00	3269.00	3269.00	3269.00	3269.00	3269.00	3269.00	3269.00	3269.00	3269.00	3269.00	3270.00	3270.00	3270.00	3270.00	3270.00	3270.00	3270.00	3270.00	3270.00	3271.00	3271.00	3271.00	3271.00	3271.00	3271.00	3271.00	3271.00	3272.00	3272.00	3272.00	3272.00	3272.00	3272.00	3272.00	3272.00	3273.00	3273.00	3273.00	3273.00	3273.00	3273.00	3274.00	3274.00	3274.00	3274.00	3274.00	3275.00	3275.00	3275.00	3275.00	3275.00	3275.00	3275.00	3276.00	3276.00	3276.00	3276.00	3276.00	3276.00	3276.00	3277.00	3277.00	3277.00	3277.00	3277.00	3277.00
3244.00	3244.00	3244.00	3245.00	3245.00	3245.00	3245.00	3245.00	3245.00	3245.00	3245.00	3245.00	3245.00	3245.00	3245.00	3245.00	3245.00	3245.00	3245.00	3245.00	3245.00	3245.00	3245.00	3245.00	3245.00	3245.00	3245.00	3245.00	3245.00	3245.00	3245.00	3245.00	3245.00	3245.00	3245.00	3245.00	3245.00	3245.00	3245.00	3245.00	3245.00	3245.00	3245.00	3246.00	3246.00	3246.00	3246.00	3246.00	3246.00	3246.00	3246.00	3246.00	3246.00	3247.00	3247.00	3247.00	3247.00	3247.00	3247.00	3247.00	3247.00	3248.00	3248.00	3248.00	3248.00	3248.00	3248.00	3249.00	3249.00	3249.00	3249.00	3250.00	3250.00	3250.00	3251.00	3251.00	3251.00	3251.00	3251.00	3252.00	3252.00	3252.00	3253.00	3253.00	3253.00	3254.00	3254.00	3254.00	3254.00	3255.00	3255.00	3255.00	3256.00	3256.00	3256.00	3256.00	3257.00	3257.00	3257.00	3258.00	3258.00	3258.00	3258.00	3259.00	3259.00	3259.00	3260.00	3260.00	3260.00	3260.00	3261.00	3261.00	3261.00	3261.00	3261.00	3262.00	3262.00	3262.00	3262.00	3262.00	3263.00	3263.00	3263.00	3263.00	3264.00	3264.00	3264.00	3264.00	3264.00	3264.00	3264.00	3264.00	3265.00	3265.00	3265.00	3265.00	3265.00	3265.00	3265.00	3265.00	3266.00	3266.00	3266.00	3266.00	3266.00	3266.00	3266.00	3266.00	3266.00	3266.00	3266.00	3266.00	3266.00	3266.00	3266.00	3267.00	3267.00	3267.00	3267.00	3267.00	3267.00	3267.00	3267.00	3267.00	3267.00	3267.00	3267.00	3267.00	3267.00	3267.00	3267.00	3267.00	3267.00	3267.00	3267.00	3267.00	3268.00	3268.00	3268.00	3268.00	3268.00	3268.00	3268.00	3268.00	3268.00	3268.00	3268.00	3268.00	3269.00	3269.00	3269.00	3269.00	3269.00	3269.00	3269.00	3269.00	3269.00	3269.00	3269.00	3269.00	3270.00	3270.00	3270.00	3270.00	3270.00	3270.00	3270.00	3270.00	3270.00	3271.00	3271.00	3271.00	3271.00	3271.00	3271.00	3271.00	3271.00	3272.00	3272.00	3272.00	3272.00	3272.00	3272.00	3272.00	3272.00	3273.00	3273.00	3273.00	3273.00	3273.00	3273.00	3274.00	3274.00	3274.00	3274.00	3274.00	3275.00	3275.00	3275.00	3275.00	3275.00	3275.00	3275.00	3276.00	3276.00	3276.00	3276.00	3276.00	3276.00	3276.00	3277.00	3277.00	3277.00	3277.00	3277.00	3277.00
3244.00	3244.00	3244.00	3245.00	3245.00	3245.00	3245.00	3245.00	3245.00	3245.00	3245.00	3245.00	3245.00	3245.00	3245.00	3245.00	3245.00	3245.00	3245.00	3245.00	3245.00	3245.00	3245.00	3245.00	3245.00	3245.00	3245.00	3245.00	3245.00	3245.00	3245.00	3245.00	3245.00	3245.00	3245.00	3245.00	3245.00	3245.00	3245.00	3245.00	3245.00	3245.00	3245.00	3246.00	3246.00	3246.00	3246.00	3246.00	3246.00	3246.00	3246.00	3246.00	3246.00	3247.00	3247.00	3247.00	3247.00	3247.00	3247.00	3247.00	3247.00	3248.00	3248.00	3248.00	3248.00	3248.00	3248.00	3249.00	3249.00	3249.00	3249.00	3250.00	3250.00	3250.00	3251.00	3251.00	3251.00	3251.00	3251.00	3252.00	3252.00	3252.00	3253.00	3253.00	3253.00	3254.00	3254.00	3254.00	3254.00	3255.00	3255.00	3255.00	3256.00	3256.00	3256.00	3256.00	3257.00	3257.00	3257.00	3258.00	3258.00	3258.00	3258.00	3259.00	3259.00	3259.00	3260.00	3260.00	3260.00	3260.00	3261.00	3261.00	3261.00	3261.00	3261.00	3262.00	3262.00	3262.00	3262.00	3262.00	3263.00	3263.00	3263.00	3263.00	3264.00	3264.00	3264.00	3264.00	3264.00	3264.00	3264.00	3264.00	3265.00	3265.00	3265.00	3265.00	3265.00	3265.00	3265.00	3265.00	3266.00	3266.00	3266.00	3266.00	3266.00	3266.00	3266.00	3266.00	3266.00	3266.00	3266.00	3266.00	3266.00	3266.00	3266.00	3267.00	3267.00	3267.00	3267.00	3267.00	3267.00	3267.00	3267.00	3267.00	3267.00	3267.00	3267.00	3267.00	3267.00	3267.00	3267.00	3267.00	3267.00	3267.00	3267.00	3267.00	3268.00	3268.00	3268.00	3268.00	3268.00	3268.00	3268.00	3268.00	3268.00	3268.00	3268.00	3268.00	3269.00	3269.00	3269.00	3269.00	3269.00	3269.00	3269.00	3269.00	3269.00	3269.00	3269.00	3269.00	3270.00	3270.00	3270.00	3270.00	3270.00	3270.00	3270.00	3270.00	3270.00	3271.00	3271.00	3271.00	3271.00	3271.00	3271.00	3271.00	3271.00	3272.00	3272.00	3272.00	3272.00	3272.00	3272.00	3272.00	3272.00	3273.00	3273.00	3273.00	3273.00	3273.00	3273.00	3274.00	3274.00	3274.00	3274.00	3274.00	3275.00	3275.00	3275.00	3275.00	3275.00	3275.00	3275.00	3276.00	3276.00	3276.00	3276.00	3276.00	3276.00	3276.00	3277.00	3277.00	3277.00	3277.00	3277.00	3277.00
3244.00	3244.00	3244.00	3245.00	3245.00	3245.00	3245.00	3245.00	3245.00	3245.00	3245.00	3245.00	3245.00	3245.00	3245.00	3245.00	3245.00	3245.00	3245.00	3245.00	3245.00	3245.00	3245.00	3245.00	3245.00	3245.00	3245.00	3245.00	3245.00	3245.00	3245.00	3245.00	3245.00	3245.00	3245.00	3245.00	3245.00	3245.00	3245.00	3245.00	3245.00	3245.00	3245.00	3246.00	3246.00	3246.00	3246.00	3246.00	3246.00	3246.00	3246.00	3246.00	3246.00	3247.00	3247.00	3247.00	3247.00	3247.00	3247.00	3247.00	3247.00	3248.00	3248.00	3248.00	3248.00	3248.00	3248.00	3249.00	3249.00	3249.00	3249.00	3250.00	3250.00	3250.00	3251.00	3251.00	3251.00	3251.00	3251.00	3252.00	3252.00	3252.00	3253.00	3253.00	3253.00	3254.00	3254.00	3254.00	3254.00	3255.00	3255.00	3255.00	3256.00	3256.00	3256.00	3256.00	3257.00	3257.00	3257.00	3258.00	3258.00	3258.00	3258.00	3259.00	3259.00	3259.00	3260.00	3260.00	3260.00	3260.00	3261.00	3261.00	3261.00	3261.00	3261.00	3262.00	3262.00	3262.00	3262.00	3262.00	3263.00	3263.00	3263.00	3263.00	3264.00	3264.00	3264.00	3264.00	3264.00	3264.00	3264.00	3264.00	3265.00	3265.00	3265.00	3265.00	3265.00	3265.00	3265.00	3265.00	3266.00	3266.00	3266.00	3266.00	3266.00	3266.00	3266.00	3266.00	3266.00	3266.00	3266.00	3266.00	3266.00	3266.00	3266.00	3267.00	3267.00	3267.00	3267.00	3267.00	3267.00	3267.00	3267.00	3267.00	3267.00	3267.00	3267.00	3267.00	3267.00	3267.00	3267.00	3267.00	3267.00	3267.00	3267.00	3267.00	3268.00	3268.00	3268.00	3268.00	3268.00	3268.00	3268.00	3268.00	3268.00	3268.00	3268.00	3268.00	3269.00	3269.00	3269.00	3269.00	3269.00	3269.00	3269.00	3269.00	3269.00	3269.00	3269.00	3269.00	3270.00	3270.00	3270.00	3270.00	3270.00	3270.00	3270.00	3270.00	3270.00	3271.00	3271.00	3271.00	3271.00	3271.00	3271.00	3271.00	3271.00	3272.00	3272.00	3272.00	3272.00	3272.00	3272.00	3272.00	3272.00	3273.00	3273.00	3273.00	3273.00	3273.00	3273.00	3274.00	3274.00	3274.00	3274.00	3274.00	3275.00	3275.00	3275.00	3275.00	3275.00	3275.00	3275.00	3276.00	3276.00	3276.00	3276.00	3276.00	3276.00	3276.00	3277.00	3277.00	3277.00	3277.00	3277.00	3277.00
3244.00	3244.00	3244.00	3245.00	3245.00	3245.00	3245.00	3245.00	3245.00	3245.00	3245.00	3245.00	3245.00	3245.00	3245.00	3245.00	3245.00	3245.00	3245.00	3245.00	3245.00	3245.00	3245.00	3245.00	3245.00	3245.00	3245.00	3245.00	3245.00	3245.00	3245.00	3245.00	3245.00	3245.00	3245.00	3245.00	3245.00	3245.00	3245.00	3245.00	3245.00	3245.00	3245.00	3246.00	3246.00	3246.00	3246.00	3246.00	3246.00	3246.00	3246.00	3246.00	3246.00	3247.00	3247.00	3247.00	3247.00	3247.00	3247.00	3247.00	3247.00	3248.00	3248.00	3248.00	3248.00	3248.00	3248.00	3249.00	3249.00	3249.00	3249.00	3250.00	3250.00	3250.00	3251.00	3251.00	3251.00	3251.00	3251.00	3252.00	3252.00	3252.00	3253.00	3253.00	3253.00	3254.00	3254.00	3254.00	3254.00	3255.00	3255.00	3255.00	3256.00	3256.00	3256.00	3256.00	3257.00	3257.00	3257.00	3258.00	3258.00	3258.00	3258.00	3259.00	3259.00	3259.00	3260.00	3260.00	3260.00	3260.00	3261.00	3261.00	3261.00	3261.00	3261.00	3262.00	3262.00	3262.00	3262.00	3262.00	3263.00	3263.00	3263.00	3263.00	3264.00	3264.00	3264.00	3264.00	3264.00	3264.00	3264.00	3264.00	3265.00	3265.00	3265.00	3265.00	3265.00	3265.00	3265.00	3265.00	3266.00	3266.00	3266.00	3266.00	3266.00	3266.00	3266.00	3266.00	3266.00	3266.00	3266.00	3266.00	3266.00	3266.00	3266.00	3267.00	3267.00	3267.00	3267.00	3267.00	3267.00	3267.00	3267.00	3267.00	3267.00	3267.00	3267.00	3267.00	3267.00	3267.00	3267.00	3267.00	3267.00	3267.00	3267.00	3267.00	3268.00	3268.00	3268.00	3268.00	3268.00	3268.00	3268.00	3268.00	3268.00	3268.00	3268.00	3268.00	3269.00	3269.00	3269.00	3269.00	3269.00	3269.00	3269.00	3269.00	3269.00	3269.00	3269.00	3269.00	3270.00	3270.00	3270.00	3270.00	3270.00	3270.00	3270.00	3270.00	3270.00	3271.00	3271.00	3271.00	3271.00	3271.00	3271.00	3271.00	3271.00	3272.00	3272.00	3272.00	3272.00	3272.00	3272.00	3272.00	3272.00	3273.00	3273.00	3273.00	3273.00	3273.00	3273.00	3274.00	3274.00	3274.00	3274.00	3274.00	3275.00	3275.00	3275.00	3275.00	3275.00	3275.00	3275.00	3276.00	3276.00	3276.00	3276.00	3276.00	3276.00	3276.00	3277.00	3277.00	3277.00	3277.00	3277.00	3277.00
3244.00	3244.00	3244.00	3245.00	3245.00	3245.00	3245.00	3245.00	3245.00	3245.00	3245.00	3245.00	3245.00	3245.00	3245.00	3245.00	3245.00	3245.00	3245.00	3245.00	3245.00	3245.00	3245.00	3245.00	3245.00	3245.00	3245.00	3245.00	3245.00	3245.00	3245.00	3245.00	3245.00	3245.00	3245.00	3245.00	3245.00	3245.00	3245.00	3245.00	3245.00	3245.00	3245.00	3246.00	3246.00	3246.00	3246.00	3246.00	3246.00	3246.00	3246.00	3246.00	3246.00	3247.00	3247.00	3247.00	3247.00	3247.00	3247.00	3247.00	3247.00	3248.00	3248.00	3248.00	3248.00	3248.00	3248.00	3249.00	3249.00	3249.00	3249.00	3250.00	3250.00	3250.00	3251.00	3251.00	3251.00	3251.00	3251.00	3252.00	3252.00	3252.00	3253.00	3253.00	3253.00	3254.00	3254.00	3254.00	3254.00	3255.00	3255.00	3255.00	3256.00	3256.00	3256.00	3256.00	3257.00	3257.00	3257.00	3258.00	3258.00	3258.00	3258.00	3259.00	3259.00	3259.00	3260.00	3260.00	3260.00	3260.00	3261.00	3261.00	3261.00	3261.00	3261.00	3262.00	3262.00	3262.00	3262.00	3262.00	3263.00	3263.00	3263.00	3263.00	3264.00	3264.00	3264.00	3264.00	3264.00	3264.00	3264.00	3264.00	3265.00	3265.00	3265.00	3265.00	3265.00	3265.00	3265.00	3265.00	3266.00	3266.00	3266.00	3266.00	3266.00	3266.00	3266.00	3266.00	3266.00	3266.00	3266.00	3266.00	3266.00	3266.00	3266.00	3267.00	3267.00	3267.00	3267.00	3267.00	3267.00	3267.00	3267.00	3267.00	3267.00	3267.00	3267.00	3267.00	3267.00	3267.00	3267.00	3267.00	3267.00	3267.00	3267.00	3267.00	3268.00	3268.00	3268.00	3268.00	3268.00	3268.00	3268.00	3268.00	3268.00	3268.00	3268.00	3268.00	3269.00	3269.00	3269.00	3269.00	3269.00	3269.00	3269.00	3269.00	3269.00	3269.00	3269.00	3269.00	3270.00	3270.00	3270.00	3270.00	3270.00	3270.00	3270.00	3270.00	3270.00	3271.00	3271.00	3271.00	3271.00	3271.00	3271.00	3271.00	3271.00	3272.00	3272.00	3272.00	3272.00	3272.00	3272.00	3272.00	3272.00	3273.00	3273.00	3273.00	3273.00	3273.00	3273.00	3274.00	3274.00	3274.00	3274.00	3274.00	3275.00	3275.00	3275.00	3275.00	3275.00	3275.00	3275.00	3276.00	3276.00	3276.00	3276.00	3276.00	3276.00	3276.00	3277.00	3277.00	3277.00	3277.00	3277.00	3277.00
3244.00	3244.00	3244.00	3245.00	3245.00	3245.00	3245.00	3245.00	3245.00	3245.00	3245.00	3245.00	3245.00	3245.00	3245.00	3245.00	3245.00	3245.00	3245.00	3245.00	3245.00	3245.00	3245.00	3245.00	3245.00	3245.00	3245.00	3245.00	3245.00	3245.00	3245.00	3245.00	3245.00	3245.00	3245.00	3245.00	3245.00	3245.00	3245.00	3245.00	3245.00	3245.00	3245.00	3246.00	3246.00	3246.00	3246.00	3246.00	3246.00	3246.00	3246.00	3246.00	3246.00	3247.00	3247.00	3247.00	3247.00	3247.00	3247.00	3247.00	3247.00	3248.00	3248.00	3248.00	3248.00	3248.00	3248.00	3249.00	3249.00	3249.00	3249.00	3250.00	3250.00	3250.00	3251.00	3251.00	3251.00	3251.00	3251.00	3252.00	3252.00	3252.00	3253.00	3253.00	3253.00	3254.00	3254.00	3254.00	3254.00	3255.00	3255.00	3255.00	3256.00	3256.00	3256.00	3256.00	3257.00	3257.00	3257.00	3258.00	3258.00	3258.00	3258.00	3259.00	3259.00	3259.00	3260.00	3260.00	3260.00	3260.00	3261.00	3261.00	3261.00	3261.00	3261.00	3262.00	3262.00	3262.00	3262.00	3262.00	3263.00	3263.00	3263.00	3263.00	3264.00	3264.00	3264.00	3264.00	3264.00	3264.00	3264.00	3264.00	3265.00	3265.00	3265.00	3265.00	3265.00	3265.00	3265.00	3265.00	3266.00	3266.00	3266.00	3266.00	3266.00	3266.00	3266.00	3266.00	3266.00	3266.00	3266.00	3266.00	3266.00	3266.00	3266.00	3267.00	3267.00	3267.00	3267.00	3267.00	3267.00	3267.00	3267.00	3267.00	3267.00	3267.00	3267.00	3267.00	3267.00	3267.00	3267.00	3267.00	3267.00	3267.00	3267.00	3267.00	3268.00	3268.00	3268.00	3268.00	3268.00	3268.00	3268.00	3268.00	3268.00	3268.00	3268.00	3268.00	3269.00	3269.00	3269.00	3269.00	3269.00	3269.00	3269.00	3269.00	3269.00	3269.00	3269.00	3269.00	3270.00	3270.00	3270.00	3270.00	3270.00	3270.00	3270.00	3270.00	3270.00	3271.00	3271.00	3271.00	3271.00	3271.00	3271.00	3271.00	3271.00	3272.00	3272.00	3272.00	3272.00	3272.00	3272.00	3272.00	3272.00	3273.00	3273.00	3273.00	3273.00	3273.00	3273.00	3274.00	3274.00	3274.00	3274.00	3274.00	3275.00	3275.00	3275.00	3275.00	3275.00	3275.00	3275.00	3276.00	3276.00	3276.00	3276.00	3276.00	3276.00	3276.00	3277.00	3277.00	3277.00	3277.00	3277.00	3277.00
3244.00	3244.00	3244.00	3245.00	3245.00	3245.00	3245.00	3245.00	3245.00	3245.00	3245.00	3245.00	3245.00	3245.00	3245.00	3245.00	3245.00	3245.00	3245.00	3245.00	3245.00	3245.00	3245.00	3245.00	3245.00	3245.00	3245.00	3245.00	3245.00	3245.00	3245.00	3245.00	3245.00	3245.00	3245.00	3245.00	3245.00	3245.00	3245.00	3245.00	3245.00	3245.00	3245.00	3246.00	3246.00	3246.00	3246.00	3246.00	3246.00	3246.00	3246.00	3246.00	3246.00	3247.00	3247.00	3247.00	3247.00	3247.00	3247.00	3247.00	3247.00	3248.00	3248.00	3248.00	3248.00	3248.00	3248.00	3249.00	3249.00	3249.00	3249.00	3250.00	3250.00	3250.00	3251.00	3251.00	3251.00	3251.00	3251.00	3252.00	3252.00	3252.00	3253.00	3253.00	3253.00	3254.00	3254.00	3254.00	3254.00	3255.00	3255.00	3255.00	3256.00	3256.00	3256.00	3256.00	3257.00	3257.00	3257.00	3258.00	3258.00	3258.00	3258.00	3259.00	3259.00	3259.00	3260.00	3260.00	3260.00	3260.00	3261.00	3261.00	3261.00	3261.00	3261.00	3262.00	3262.00	3262.00	3262.00	3262.00	3263.00	3263.00	3263.00	3263.00	3264.00	3264.00	3264.00	3264.00	3264.00	3264.00	3264.00	3264.00	3265.00	3265.00	3265.00	3265.00	3265.00	3265.00	3265.00	3265.00	3266.00	3266.00	3266.00	3266.00	3266.00	3266.00	3266.00	3266.00	3266.00	3266.00	3266.00	3266.00	3266.00	3266.00	3266.00	3267.00	3267.00	3267.00	3267.00	3267.00	3267.00	3267.00	3267.00	3267.00	3267.00	3267.00	3267.00	3267.00	3267.00	3267.00	3267.00	3267.00	3267.00	3267.00	3267.00	3267.00	3268.00	3268.00	3268.00	3268.00	3268.00	3268.00	3268.00	3268.00	3268.00	3268.00	3268.00	3268.00	3269.00	3269.00	3269.00	3269.00	3269.00	3269.00	3269.00	3269.00	3269.00	3269.00	3269.00	3269.00	3270.00	3270.00	3270.00	3270.00	3270.00	3270.00	3270.00	3270.00	3270.00	3271.00	3271.00	3271.00	3271.00	3271.00	3271.00	3271.00	3271.00	3272.00	3272.00	3272.00	3272.00	3272.00	3272.00	3272.00	3272.00	3273.00	3273.00	3273.00	3273.00	3273.00	3273.00	3274.00	3274.00	3274.00	3274.00	3274.00	3275.00	3275.00	3275.00	3275.00	3275.00	3275.00	3275.00	3276.00	3276.00	3276.00	3276.00	3276.00	3276.00	3276.00	3277.00	3277.00	3277.00	3277.00	3277.00	3277.00
3244.00	3244.00	3244.00	3245.00	3245.00	3245.00	3245.00	3245.00	3245.00	3245.00	3245.00	3245.00	3245.00	3245.00	3245.00	3245.00	3245.00	3245.00	3245.00	3245.00	3245.00	3245.00	3245.00	3245.00	3245.00	3245.00	3245.00	3245.00	3245.00	3245.00	3245.00	3245.00	3245.00	3245.00	3245.00	3245.00	3245.00	3245.00	3245.00	3245.00	3245.00	3245.00	3245.00	3246.00	3246.00	3246.00	3246.00	3246.00	3246.00	3246.00	3246.00	3246.00	3246.00	3247.00	3247.00	3247.00	3247.00	3247.00	3247.00	3247.00	3247.00	3248.00	3248.00	3248.00	3248.00	3248.00	3248.00	3249.00	3249.00	3249.00	3249.00	3250.00	3250.00	3250.00	3251.00	3251.00	3251.00	3251.00	3251.00	3252.00	3252.00	3252.00	3253.00	3253.00	3253.00	3254.00	3254.00	3254.00	3254.00	3255.00	3255.00	3255.00	3256.00	3256.00	3256.00	3256.00	3257.00	3257.00	3257.00	3258.00	3258.00	3258.00	3258.00	3259.00	3259.00	3259.00	3260.00	3260.00	3260.00	3260.00	3261.00	3261.00	3261.00	3261.00	3261.00	3262.00	3262.00	3262.00	3262.00	3262.00	3263.00	3263.00	3263.00	3263.00	3264.00	3264.00	3264.00	3264.00	3264.00	3264.00	3264.00	3264.00	3265.00	3265.00	3265.00	3265.00	3265.00	3265.00	3265.00	3265.00	3266.00	3266.00	3266.00	3266.00	3266.00	3266.00	3266.00	3266.00	3266.00	3266.00	3266.00	3266.00	3266.00	3266.00	3266.00	3267.00	3267.00	3267.00	3267.00	3267.00	3267.00	3267.00	3267.00	3267.00	3267.00	3267.00	3267.00	3267.00	3267.00	3267.00	3267.00	3267.00	3267.00	3267.00	3267.00	3267.00	3268.00	3268.00	3268.00	3268.00	3268.00	3268.00	3268.00	3268.00	3268.00	3268.00	3268.00	3268.00	3269.00	3269.00	3269.00	3269.00	3269.00	3269.00	3269.00	3269.00	3269.00	3269.00	3269.00	3269.00	3270.00	3270.00	3270.00	3270.00	3270.00	3270.00	3270.00	3270.00	3270.00	3271.00	3271.00	3271.00	3271.00	3271.00	3271.00	3271.00	3271.00	3272.00	3272.00	3272.00	3272.00	3272.00	3272.00	3272.00	3272.00	3273.00	3273.00	3273.00	3273.00	3273.00	3273.00	3274.00	3274.00	3274.00	3274.00	3274.00	3275.00	3275.00	3275.00	3275.00	3275.00	3275.00	3275.00	3276.00	3276.00	3276.00	3276.00	3276.00	3276.00	3276.00	3277.00	3277.00	3277.00	3277.00	3277.00	3277.00
3244.00	3244.00	3244.00	3245.00	3245.00	3245.00	3245.00	3245.00	3245.00	3245.00	3245.00	3245.00	3245.00	3245.00	3245.00	3245.00	3245.00	3245.00	3245.00	3245.00	3245.00	3245.00	3245.00	3245.00	3245.00	3245.00	3245.00	3245.00	3245.00	3245.00	3245.00	3245.00	3245.00	3245.00	3245.00	3245.00	3245.00	3245.00	3245.00	3245.00	3245.00	3245.00	3245.00	3246.00	3246.00	3246.00	3246.00	3246.00	3246.00	3246.00	3246.00	3246.00	3246.00	3247.00	3247.00	3247.00	3247.00	3247.00	3247.00	3247.00	3247.00	3248.00	3248.00	3248.00	3248.00	3248.00	3248.00	3249.00	3249.00	3249.00	3249.00	3250.00	3250.00	3250.00	3251.00	3251.00	3251.00	3251.00	3251.00	3252.00	3252.00	3252.00	3253.00	3253.00	3253.00	3254.00	3254.00	3254.00	3254.00	3255.00	3255.00	3255.00	3256.00	3256.00	3256.00	3256.00	3257.00	3257.00	3257.00	3258.00	3258.00	3258.00	3258.00	3259.00	3259.00	3259.00	3260.00	3260.00	3260.00	3260.00	3261.00	3261.00	3261.00	3261.00	3261.00	3262.00	3262.00	3262.00	3262.00	3262.00	3263.00	3263.00	3263.00	3263.00	3264.00	3264.00	3264.00	3264.00	3264.00	3264.00	3264.00	3264.00	3265.00	3265.00	3265.00	3265.00	3265.00	3265.00	3265.00	3265.00	3266.00	3266.00	3266.00	3266.00	3266.00	3266.00	3266.00	3266.00	3266.00	3266.00	3266.00	3266.00	3266.00	3266.00	3266.00	3267.00	3267.00	3267.00	3267.00	3267.00	3267.00	3267.00	3267.00	3267.00	3267.00	3267.00	3267.00	3267.00	3267.00	3267.00	3267.00	3267.00	3267.00	3267.00	3267.00	3267.00	3268.00	3268.00	3268.00	3268.00	3268.00	3268.00	3268.00	3268.00	3268.00	3268.00	3268.00	3268.00	3269.00	3269.00	3269.00	3269.00	3269.00	3269.00	3269.00	3269.00	3269.00	3269.00	3269.00	3269.00	3270.00	3270.00	3270.00	3270.00	3270.00	3270.00	3270.00	3270.00	3270.00	3271.00	3271.00	3271.00	3271.00	3271.00	3271.00	3271.00	3271.00	3272.00	3272.00	3272.00	3272.00	3272.00	3272.00	3272.00	3272.00	3273.00	3273.00	3273.00	3273.00	3273.00	3273.00	3274.00	3274.00	3274.00	3274.00	3274.00	3275.00	3275.00	3275.00	3275.00	3275.00	3275.00	3275.00	3276.00	3276.00	3276.00	3276.00	3276.00	3276.00	3276.00	3277.00	3277.00	3277.00	3277.00	3277.00	3277.00
3244.00	3244.00	3244.00	3245.00	3245.00	3245.00	3245.00	3245.00	3245.00	3245.00	3245.00	3245.00	3245.00	3245.00	3245.00	3245.00	3245.00	3245.00	3245.00	3245.00	3245.00	3245.00	3245.00	3245.00	3245.00	3245.00	3245.00	3245.00	3245.00	3245.00	3245.00	3245.00	3245.00	3245.00	3245.00	3245.00	3245.00	3245.00	3245.00	3245.00	3245.00	3245.00	3245.00	3246.00	3246.00	3246.00	3246.00	3246.00	3246.00	3246.00	3246.00	3246.00	3246.00	3247.00	3247.00	3247.00	3247.00	3247.00	3247.00	3247.00	3247.00	3248.00	3248.00	3248.00	3248.00	3248.00	3248.00	3249.00	3249.00	3249.00	3249.00	3250.00	3250.00	3250.00	3251.00	3251.00	3251.00	3251.00	3251.00	3252.00	3252.00	3252.00	3253.00	3253.00	3253.00	3254.00	3254.00	3254.00	3254.00	3255.00	3255.00	3255.00	3256.00	3256.00	3256.00	3256.00	3257.00	3257.00	3257.00	3258.00	3258.00	3258.00	3258.00	3259.00	3259.00	3259.00	3260.00	3260.00	3260.00	3260.00	3261.00	3261.00	3261.00	3261.00	3261.00	3262.00	3262.00	3262.00	3262.00	3262.00	3263.00	3263.00	3263.00	3263.00	3264.00	3264.00	3264.00	3264.00	3264.00	3264.00	3264.00	3264.00	3265.00	3265.00	3265.00	3265.00	3265.00	3265.00	3265.00	3265.00	3266.00	3266.00	3266.00	3266.00	3266.00	3266.00	3266.00	3266.00	3266.00	3266.00	3266.00	3266.00	3266.00	3266.00	3266.00	3267.00	3267.00	3267.00	3267.00	3267.00	3267.00	3267.00	3267.00	3267.00	3267.00	3267.00	3267.00	3267.00	3267.00	3267.00	3267.00	3267.00	3267.00	3267.00	3267.00	3267.00	3268.00	3268.00	3268.00	3268.00	3268.00	3268.00	3268.00	3268.00	3268.00	3268.00	3268.00	3268.00	3269.00	3269.00	3269.00	3269.00	3269.00	3269.00	3269.00	3269.00	3269.00	3269.00	3269.00	3269.00	3270.00	3270.00	3270.00	3270.00	3270.00	3270.00	3270.00	3270.00	3270.00	3271.00	3271.00	3271.00	3271.00	3271.00	3271.00	3271.00	3271.00	3272.00	3272.00	3272.00	3272.00	3272.00	3272.00	3272.00	3272.00	3273.00	3273.00	3273.00	3273.00	3273.00	3273.00	3274.00	3274.00	3274.00	3274.00	3274.00	3275.00	3275.00	3275.00	3275.00	3275.00	3275.00	3275.00	3276.00	3276.00	3276.00	3276.00	3276.00	3276.00	3276.00	3277.00	3277.00	3277.00	3277.00	3277.00	3277.00
3244.00	3244.00	3244.00	3245.00	3245.00	3245.00	3245.00	3245.00	3245.00	3245.00	3245.00	3245.00	3245.00	3245.00	3245.00	3245.00	3245.00	3245.00	3245.00	3245.00	3245.00	3245.00	3245.00	3245.00	3245.00	3245.00	3245.00	3245.00	3245.00	3245.00	3245.00	3245.00	3245.00	3245.00	3245.00	3245.00	3245.00	3245.00	3245.00	3245.00	3245.00	3245.00	3245.00	3246.00	3246.00	3246.00	3246.00	3246.00	3246.00	3246.00	3246.00	3246.00	3246.00	3247.00	3247.00	3247.00	3247.00	3247.00	3247.00	3247.00	3247.00	3248.00	3248.00	3248.00	3248.00	3248.00	3248.00	3249.00	3249.00	3249.00	3249.00	3250.00	3250.00	3250.00	3251.00	3251.00	3251.00	3251.00	3251.00	3252.00	3252.00	3252.00	3253.00	3253.00	3253.00	3254.00	3254.00	3254.00	3254.00	3255.00	3255.00	3255.00	3256.00	3256.00	3256.00	3256.00	3257.00	3257.00	3257.00	3258.00	3258.00	3258.00	3258.00	3259.00	3259.00	3259.00	3260.00	3260.00	3260.00	3260.00	3261.00	3261.00	3261.00	3261.00	3261.00	3262.00	3262.00	3262.00	3262.00	3262.00	3263.00	3263.00	3263.00	3263.00	3264.00	3264.00	3264.00	3264.00	3264.00	3264.00	3264.00	3264.00	3265.00	3265.00	3265.00	3265.00	3265.00	3265.00	3265.00	3265.00	3266.00	3266.00	3266.00	3266.00	3266.00	3266.00	3266.00	3266.00	3266.00	3266.00	3266.00	3266.00	3266.00	3266.00	3266.00	3267.00	3267.00	3267.00	3267.00	3267.00	3267.00	3267.00	3267.00	3267.00	3267.00	3267.00	3267.00	3267.00	3267.00	3267.00	3267.00	3267.00	3267.00	3267.00	3267.00	3267.00	3268.00	3268.00	3268.00	3268.00	3268.00	3268.00	3268.00	3268.00	3268.00	3268.00	3268.00	3268.00	3269.00	3269.00	3269.00	3269.00	3269.00	3269.00	3269.00	3269.00	3269.00	3269.00	3269.00	3269.00	3270.00	3270.00	3270.00	3270.00	3270.00	3270.00	3270.00	3270.00	3270.00	3271.00	3271.00	3271.00	3271.00	3271.00	3271.00	3271.00	3271.00	3272.00	3272.00	3272.00	3272.00	3272.00	3272.00	3272.00	3272.00	3273.00	3273.00	3273.00	3273.00	3273.00	3273.00	3274.00	3274.00	3274.00	3274.00	3274.00	3275.00	3275.00	3275.00	3275.00	3275.00	3275.00	3275.00	3276.00	3276.00	3276.00	3276.00	3276.00	3276.00	3276.00	3277.00	3277.00	3277.00	3277.00	3277.00	3277.00
3244.00	3244.00	3244.00	3245.00	3245.00	3245.00	3245.00	3245.00	3245.00	3245.00	3245.00	3245.00	3245.00	3245.00	3245.00	3245.00	3245.00	3245.00	3245.00	3245.00	3245.00	3245.00	3245.00	3245.00	3245.00	3245.00	3245.00	3245.00	3245.00	3245.00	3245.00	3245.00	3245.00	3245.00	3245.00	3245.00	3245.00	3245.00	3245.00	3245.00	3245.00	3245.00	3245.00	3246.00	3246.00	3246.00	3246.00	3246.00	3246.00	3246.00	3246.00	3246.00	3246.00	3247.00	3247.00	3247.00	3247.00	3247.00	3247.00	3247.00	3247.00	3248.00	3248.00	3248.00	3248.00	3248.00	3248.00	3249.00	3249.00	3249.00	3249.00	3250.00	3250.00	3250.00	3251.00	3251.00	3251.00	3251.00	3251.00	3252.00	3252.00	3252.00	3253.00	3253.00	3253.00	3254.00	3254.00	3254.00	3254.00	3255.00	3255.00	3255.00	3256.00	3256.00	3256.00	3256.00	3257.00	3257.00	3257.00	3258.00	3258.00	3258.00	3258.00	3259.00	3259.00	3259.00	3260.00	3260.00	3260.00	3260.00	3261.00	3261.00	3261.00	3261.00	3261.00	3262.00	3262.00	3262.00	3262.00	3262.00	3263.00	3263.00	3263.00	3263.00	3264.00	3264.00	3264.00	3264.00	3264.00	3264.00	3264.00	3264.00	3265.00	3265.00	3265.00	3265.00	3265.00	3265.00	3265.00	3265.00	3266.00	3266.00	3266.00	3266.00	3266.00	3266.00	3266.00	3266.00	3266.00	3266.00	3266.00	3266.00	3266.00	3266.00	3266.00	3267.00	3267.00	3267.00	3267.00	3267.00	3267.00	3267.00	3267.00	3267.00	3267.00	3267.00	3267.00	3267.00	3267.00	3267.00	3267.00	3267.00	3267.00	3267.00	3267.00	3267.00	3268.00	3268.00	3268.00	3268.00	3268.00	3268.00	3268.00	3268.00	3268.00	3268.00	3268.00	3268.00	3269.00	3269.00	3269.00	3269.00	3269.00	3269.00	3269.00	3269.00	3269.00	3269.00	3269.00	3269.00	3270.00	3270.00	3270.00	3270.00	3270.00	3270.00	3270.00	3270.00	3270.00	3271.00	3271.00	3271.00	3271.00	3271.00	3271.00	3271.00	3271.00	3272.00	3272.00	3272.00	3272.00	3272.00	3272.00	3272.00	3272.00	3273.00	3273.00	3273.00	3273.00	3273.00	3273.00	3274.00	3274.00	3274.00	3274.00	3274.00	3275.00	3275.00	3275.00	3275.00	3275.00	3275.00	3275.00	3276.00	3276.00	3276.00	3276.00	3276.00	3276.00	3276.00	3277.00	3277.00	3277.00	3277.00	3277.00	3277.00
3244.00	3244.00	3244.00	3245.00	3245.00	3245.00	3245.00	3245.00	3245.00	3245.00	3245.00	3245.00	3245.00	3245.00	3245.00	3245.00	3245.00	3245.00	3245.00	3245.00	3245.00	3245.00	3245.00	3245.00	3245.00	3245.00	3245.00	3245.00	3245.00	3245.00	3245.00	3245.00	3245.00	3245.00	3245.00	3245.00	3245.00	3245.00	3245.00	3245.00	3245.00	3245.00	3245.00	3246.00	3246.00	3246.00	3246.00	3246.00	3246.00	3246.00	3246.00	3246.00	3246.00	3247.00	3247.00	3247.00	3247.00	3247.00	3247.00	3247.00	3247.00	3248.00	3248.00	3248.00	3248.00	3248.00	3248.00	3249.00	3249.00	3249.00	3249.00	3250.00	3250.00	3250.00	3251.00	3251.00	3251.00	3251.00	3251.00	3252.00	3252.00	3252.00	3253.00	3253.00	3253.00	3254.00	3254.00	3254.00	3254.00	3255.00	3255.00	3255.00	3256.00	3256.00	3256.00	3256.00	3257.00	3257.00	3257.00	3258.00	3258.00	3258.00	3258.00	3259.00	3259.00	3259.00	3260.00	3260.00	3260.00	3260.00	3261.00	3261.00	3261.00	3261.00	3261.00	3262.00	3262.00	3262.00	3262.00	3262.00	3263.00	3263.00	3263.00	3263.00	3264.00	3264.00	3264.00	3264.00	3264.00	3264.00	3264.00	3264.00	3265.00	3265.00	3265.00	3265.00	3265.00	3265.00	3265.00	3265.00	3266.00	3266.00	3266.00	3266.00	3266.00	3266.00	3266.00	3266.00	3266.00	3266.00	3266.00	3266.00	3266.00	3266.00	3266.00	3267.00	3267.00	3267.00	3267.00	3267.00	3267.00	3267.00	3267.00	3267.00	3267.00	3267.00	3267.00	3267.00	3267.00	3267.00	3267.00	3267.00	3267.00	3267.00	3267.00	3267.00	3268.00	3268.00	3268.00	3268.00	3268.00	3268.00	3268.00	3268.00	3268.00	3268.00	3268.00	3268.00	3269.00	3269.00	3269.00	3269.00	3269.00	3269.00	3269.00	3269.00	3269.00	3269.00	3269.00	3269.00	3270.00	3270.00	3270.00	3270.00	3270.00	3270.00	3270.00	3270.00	3270.00	3271.00	3271.00	3271.00	3271.00	3271.00	3271.00	3271.00	3271.00	3272.00	3272.00	3272.00	3272.00	3272.00	3272.00	3272.00	3272.00	3273.00	3273.00	3273.00	3273.00	3273.00	3273.00	3274.00	3274.00	3274.00	3274.00	3274.00	3275.00	3275.00	3275.00	3275.00	3275.00	3275.00	3275.00	3276.00	3276.00	3276.00	3276.00	3276.00	3276.00	3276.00	3277.00	3277.00	3277.00	3277.00	3277.00	3277.00
3244.00	3244.00	3244.00	3245.00	3245.00	3245.00	3245.00	3245.00	3245.00	3245.00	3245.00	3245.00	3245.00	3245.00	3245.00	3245.00	3245.00	3245.00	3245.00	3245.00	3245.00	3245.00	3245.00	3245.00	3245.00	3245.00	3245.00	3245.00	3245.00	3245.00	3245.00	3245.00	3245.00	3245.00	3245.00	3245.00	3245.00	3245.00	3245.00	3245.00	3245.00	3245.00	3245.00	3246.00	3246.00	3246.00	3246.00	3246.00	3246.00	3246.00	3246.00	3246.00	3246.00	3247.00	3247.00	3247.00	3247.00	3247.00	3247.00	3247.00	3247.00	3248.00	3248.00	3248.00	3248.00	3248.00	3248.00	3249.00	3249.00	3249.00	3249.00	3250.00	3250.00	3250.00	3251.00	3251.00	3251.00	3251.00	3251.00	3252.00	3252.00	3252.00	3253.00	3253.00	3253.00	3254.00	3254.00	3254.00	3254.00	3255.00	3255.00	3255.00	3256.00	3256.00	3256.00	3256.00	3257.00	3257.00	3257.00	3258.00	3258.00	3258.00	3258.00	3259.00	3259.00	3259.00	3260.00	3260.00	3260.00	3260.00	3261.00	3261.00	3261.00	3261.00	3261.00	3262.00	3262.00	3262.00	3262.00	3262.00	3263.00	3263.00	3263.00	3263.00	3264.00	3264.00	3264.00	3264.00	3264.00	3264.00	3264.00	3264.00	3265.00	3265.00	3265.00	3265.00	3265.00	3265.00	3265.00	3265.00	3266.00	3266.00	3266.00	3266.00	3266.00	3266.00	3266.00	3266.00	3266.00	3266.00	3266.00	3266.00	3266.00	3266.00	3266.00	3267.00	3267.00	3267.00	3267.00	3267.00	3267.00	3267.00	3267.00	3267.00	3267.00	3267.00	3267.00	3267.00	3267.00	3267.00	3267.00	3267.00	3267.00	3267.00	3267.00	3267.00	3268.00	3268.00	3268.00	3268.00	3268.00	3268.00	3268.00	3268.00	3268.00	3268.00	3268.00	3268.00	3269.00	3269.00	3269.00	3269.00	3269.00	3269.00	3269.00	3269.00	3269.00	3269.00	3269.00	3269.00	3270.00	3270.00	3270.00	3270.00	3270.00	3270.00	3270.00	3270.00	3270.00	3271.00	3271.00	3271.00	3271.00	3271.00	3271.00	3271.00	3271.00	3272.00	3272.00	3272.00	3272.00	3272.00	3272.00	3272.00	3272.00	3273.00	3273.00	3273.00	3273.00	3273.00	3273.00	3274.00	3274.00	3274.00	3274.00	3274.00	3275.00	3275.00	3275.00	3275.00	3275.00	3275.00	3275.00	3276.00	3276.00	3276.00	3276.00	3276.00	3276.00	3276.00	3277.00	3277.00	3277.00	3277.00	3277.00	3277.00
3243.00	3243.00	3243.00	3243.00	3243.00	3243.00	3243.00	3243.00	3243.00	3243.00	3243.00	3243.00	3243.00	3243.00	3243.00	3243.00	3243.00	3243.00	3243.00	3243.00	3243.00	3244.00	3244.00	3244.00	3244.00	3244.00	3244.00	3244.00	3244.00	3244.00	3244.00	3244.00	3244.00	3244.00	3244.00	3244.00	3244.00	3244.00	3244.00	3244.00	3244.00	3244.00	3244.00	3244.00	3244.00	3244.00	3244.00	3244.00	3244.00	3244.00	3245.00	3245.00	3245.00	3245.00	3245.00	3245.00	3246.00	3246.00	3246.00	3246.00	3246.00	3246.00	3247.00	3247.00	3247.00	3247.00	3247.00	3247.00	3248.00	3248.00	3248.00	3248.00	3248.00	3249.00	3249.00	3249.00	3250.00	3250.00	3250.00	3251.00	3251.00	3251.00	3252.00	3252.00	3252.00	3253.00	3253.00	3253.00	3254.00	3254.00	3254.00	3255.00	3255.00	3255.00	3256.00	3256.00	3256.00	3257.00	3257.00	3257.00	3258.00	3258.00	3258.00	3258.00	3258.00	3259.00	3259.00	3259.00	3260.00	3260.00	3261.00	3261.00	3261.00	3261.00	3261.00	3262.00	3262.00	3262.00	3262.00	3263.00	3263.00	3263.00	3263.00	3264.00	3264.00	3264.00	3264.00	3264.00	3264.00	3264.00	3264.00	3264.00	3265.00	3265.00	3265.00	3265.00	3265.00	3265.00	3265.00	3265.00	3266.00	3266.00	3266.00	3266.00	3266.00	3266.00	3266.00	3266.00	3266.00	3266.00	3266.00	3266.00	3266.00	3267.00	3267.00	3267.00	3267.00	3267.00	3267.00	3267.00	3267.00	3267.00	3267.00	3267.00	3267.00	3267.00	3267.00	3267.00	3267.00	3267.00	3267.00	3267.00	3267.00	3267.00	3267.00	3267.00	3268.00	3268.00	3268.00	3268.00	3268.00	3268.00	3268.00	3268.00	3268.00	3268.00	3268.00	3268.00	3268.00	3268.00	3268.00	3268.00	3268.00	3268.00	3268.00	3269.00	3269.00	3269.00	3269.00	3269.00	3269.00	3269.00	3269.00	3269.00	3270.00	3270.00	3270.00	3270.00	3270.00	3270.00	3270.00	3270.00	3270.00	3271.00	3271.00	3271.00	3271.00	3271.00	3271.00	3271.00	3271.00	3271.00	3272.00	3272.00	3272.00	3272.00	3272.00	3272.00	3272.00	3273.00	3273.00	3273.00	3273.00	3273.00	3273.00	3273.00	3274.00	3274.00	3274.00	3274.00	3274.00	3274.00	3274.00	3274.00	3274.00	3275.00	3275.00	3275.00	3275.00	3275.00	3275.00	3275.00	3275.00	3276.00	3276.00	3276.00
3243.00	3243.00	3243.00	3243.00	3243.00	3243.00	3243.00	3243.00	3243.00	3243.00	3243.00	3243.00	3243.00	3243.00	3243.00	3243.00	3243.00	3243.00	3243.00	3243.00	3243.00	3244.00	3244.00	3244.00	3244.00	3244.00	3244.00	3244.00	3244.00	3244.00	3244.00	3244.00	3244.00	3244.00	3244.00	3244.00	3244.00	3244.00	3244.00	3244.00	3244.00	3244.00	3244.00	3244.00	3244.00	3244.00	3244.00	3244.00	3244.00	3244.00	3245.00	3245.00	3245.00	3245.00	3245.00	3245.00	3246.00	3246.00	3246.00	3246.00	3246.00	3246.00	3247.00	3247.00	3247.00	3247.00	3247.00	3247.00	3248.00	3248.00	3248.00	3248.00	3248.00	3249.00	3249.00	3249.00	3250.00	3250.00	3250.00	3251.00	3251.00	3251.00	3252.00	3252.00	3252.00	3253.00	3253.00	3253.00	3254.00	3254.00	3254.00	3255.00	3255.00	3255.00	3256.00	3256.00	3256.00	3257.00	3257.00	3257.00	3258.00	3258.00	3258.00	3258.00	3258.00	3259.00	3259.00	3259.00	3260.00	3260.00	3261.00	3261.00	3261.00	3261.00	3261.00	3262.00	3262.00	3262.00	3262.00	3263.00	3263.00	3263.00	3263.00	3264.00	3264.00	3264.00	3264.00	3264.00	3264.00	3264.00	3264.00	3264.00	3265.00	3265.00	3265.00	3265.00	3265.00	3265.00	3265.00	3265.00	3266.00	3266.00	3266.00	3266.00	3266.00	3266.00	3266.00	3266.00	3266.00	3266.00	3266.00	3266.00	3266.00	3267.00	3267.00	3267.00	3267.00	3267.00	3267.00	3267.00	3267.00	3267.00	3267.00	3267.00	3267.00	3267.00	3267.00	3267.00	3267.00	3267.00	3267.00	3267.00	3267.00	3267.00	3267.00	3267.00	3268.00	3268.00	3268.00	3268.00	3268.00	3268.00	3268.00	3268.00	3268.00	3268.00	3268.00	3268.00	3268.00	3268.00	3268.00	3268.00	3268.00	3268.00	3268.00	3269.00	3269.00	3269.00	3269.00	3269.00	3269.00	3269.00	3269.00	3269.00	3270.00	3270.00	3270.00	3270.00	3270.00	3270.00	3270.00	3270.00	3270.00	3271.00	3271.00	3271.00	3271.00	3271.00	3271.00	3271.00	3271.00	3271.00	3272.00	3272.00	3272.00	3272.00	3272.00	3272.00	3272.00	3273.00	3273.00	3273.00	3273.00	3273.00	3273.00	3273.00	3274.00	3274.00	3274.00	3274.00	3274.00	3274.00	3274.00	3274.00	3274.00	3275.00	3275.00	3275.00	3275.00	3275.00	3275.00	3275.00	3275.00	3276.00	3276.00	3276.00
3243.00	3243.00	3243.00	3243.00	3243.00	3243.00	3243.00	3243.00	3243.00	3243.00	3243.00	3243.00	3243.00	3243.00	3243.00	3243.00	3243.00	3243.00	3243.00	3243.00	3243.00	3244.00	3244.00	3244.00	3244.00	3244.00	3244.00	3244.00	3244.00	3244.00	3244.00	3244.00	3244.00	3244.00	3244.00	3244.00	3244.00	3244.00	3244.00	3244.00	3244.00	3244.00	3244.00	3244.00	3244.00	3244.00	3244.00	3244.00	3244.00	3244.00	3245.00	3245.00	3245.00	3245.00	3245.00	3245.00	3246.00	3246.00	3246.00	3246.00	3246.00	3246.00	3247.00	3247.00	3247.00	3247.00	3247.00	3247.00	3248.00	3248.00	3248.00	3248.00	3248.00	3249.00	3249.00	3249.00	3250.00	3250.00	3250.00	3251.00	3251.00	3251.00	3252.00	3252.00	3252.00	3253.00	3253.00	3253.00	3254.00	3254.00	3254.00	3255.00	3255.00	3255.00	3256.00	3256.00	3256.00	3257.00	3257.00	3257.00	3258.00	3258.00	3258.00	3258.00	3258.00	3259.00	3259.00	3259.00	3260.00	3260.00	3261.00	3261.00	3261.00	3261.00	3261.00	3262.00	3262.00	3262.00	3262.00	3263.00	3263.00	3263.00	3263.00	3264.00	3264.00	3264.00	3264.00	3264.00	3264.00	3264.00	3264.00	3264.00	3265.00	3265.00	3265.00	3265.00	3265.00	3265.00	3265.00	3265.00	3266.00	3266.00	3266.00	3266.00	3266.00	3266.00	3266.00	3266.00	3266.00	3266.00	3266.00	3266.00	3266.00	3267.00	3267.00	3267.00	3267.00	3267.00	3267.00	3267.00	3267.00	3267.00	3267.00	3267.00	3267.00	3267.00	3267.00	3267.00	3267.00	3267.00	3267.00	3267.00	3267.00	3267.00	3267.00	3267.00	3268.00	3268.00	3268.00	3268.00	3268.00	3268.00	3268.00	3268.00	3268.00	3268.00	3268.00	3268.00	3268.00	3268.00	3268.00	3268.00	3268.00	3268.00	3268.00	3269.00	3269.00	3269.00	3269.00	3269.00	3269.00	3269.00	3269.00	3269.00	3270.00	3270.00	3270.00	3270.00	3270.00	3270.00	3270.00	3270.00	3270.00	3271.00	3271.00	3271.00	3271.00	3271.00	3271.00	3271.00	3271.00	3271.00	3272.00	3272.00	3272.00	3272.00	3272.00	3272.00	3272.00	3273.00	3273.00	3273.00	3273.00	3273.00	3273.00	3273.00	3274.00	3274.00	3274.00	3274.00	3274.00	3274.00	3274.00	3274.00	3274.00	3275.00	3275.00	3275.00	3275.00	3275.00	3275.00	3275.00	3275.00	3276.00	3276.00	3276.00
3243.00	3243.00	3243.00	3243.00	3243.00	3243.00	3243.00	3243.00	3243.00	3243.00	3243.00	3243.00	3243.00	3243.00	3243.00	3243.00	3243.00	3243.00	3243.00	3243.00	3243.00	3244.00	3244.00	3244.00	3244.00	3244.00	3244.00	3244.00	3244.00	3244.00	3244.00	3244.00	3244.00	3244.00	3244.00	3244.00	3244.00	3244.00	3244.00	3244.00	3244.00	3244.00	3244.00	3244.00	3244.00	3244.00	3244.00	3244.00	3244.00	3244.00	3245.00	3245.00	3245.00	3245.00	3245.00	3245.00	3246.00	3246.00	3246.00	3246.00	3246.00	3246.00	3247.00	3247.00	3247.00	3247.00	3247.00	3247.00	3248.00	3248.00	3248.00	3248.00	3248.00	3249.00	3249.00	3249.00	3250.00	3250.00	3250.00	3251.00	3251.00	3251.00	3252.00	3252.00	3252.00	3253.00	3253.00	3253.00	3254.00	3254.00	3254.00	3255.00	3255.00	3255.00	3256.00	3256.00	3256.00	3257.00	3257.00	3257.00	3258.00	3258.00	3258.00	3258.00	3258.00	3259.00	3259.00	3259.00	3260.00	3260.00	3261.00	3261.00	3261.00	3261.00	3261.00	3262.00	3262.00	3262.00	3262.00	3263.00	3263.00	3263.00	3263.00	3264.00	3264.00	3264.00	3264.00	3264.00	3264.00	3264.00	3264.00	3264.00	3265.00	3265.00	3265.00	3265.00	3265.00	3265.00	3265.00	3265.00	3266.00	3266.00	3266.00	3266.00	3266.00	3266.00	3266.00	3266.00	3266.00	3266.00	3266.00	3266.00	3266.00	3267.00	3267.00	3267.00	3267.00	3267.00	3267.00	3267.00	3267.00	3267.00	3267.00	3267.00	3267.00	3267.00	3267.00	3267.00	3267.00	3267.00	3267.00	3267.00	3267.00	3267.00	3267.00	3267.00	3268.00	3268.00	3268.00	3268.00	3268.00	3268.00	3268.00	3268.00	3268.00	3268.00	3268.00	3268.00	3268.00	3268.00	3268.00	3268.00	3268.00	3268.00	3268.00	3269.00	3269.00	3269.00	3269.00	3269.00	3269.00	3269.00	3269.00	3269.00	3270.00	3270.00	3270.00	3270.00	3270.00	3270.00	3270.00	3270.00	3270.00	3271.00	3271.00	3271.00	3271.00	3271.00	3271.00	3271.00	3271.00	3271.00	3272.00	3272.00	3272.00	3272.00	3272.00	3272.00	3272.00	3273.00	3273.00	3273.00	3273.00	3273.00	3273.00	3273.00	3274.00	3274.00	3274.00	3274.00	3274.00	3274.00	3274.00	3274.00	3274.00	3275.00	3275.00	3275.00	3275.00	3275.00	3275.00	3275.00	3275.00	3276.00	3276.00	3276.00
3243.00	3243.00	3243.00	3243.00	3243.00	3243.00	3243.00	3243.00	3243.00	3243.00	3243.00	3243.00	3243.00	3243.00	3243.00	3243.00	3243.00	3243.00	3243.00	3243.00	3243.00	3244.00	3244.00	3244.00	3244.00	3244.00	3244.00	3244.00	3244.00	3244.00	3244.00	3244.00	3244.00	3244.00	3244.00	3244.00	3244.00	3244.00	3244.00	3244.00	3244.00	3244.00	3244.00	3244.00	3244.00	3244.00	3244.00	3244.00	3244.00	3244.00	3245.00	3245.00	3245.00	3245.00	3245.00	3245.00	3246.00	3246.00	3246.00	3246.00	3246.00	3246.00	3247.00	3247.00	3247.00	3247.00	3247.00	3247.00	3248.00	3248.00	3248.00	3248.00	3248.00	3249.00	3249.00	3249.00	3250.00	3250.00	3250.00	3251.00	3251.00	3251.00	3252.00	3252.00	3252.00	3253.00	3253.00	3253.00	3254.00	3254.00	3254.00	3255.00	3255.00	3255.00	3256.00	3256.00	3256.00	3257.00	3257.00	3257.00	3258.00	3258.00	3258.00	3258.00	3258.00	3259.00	3259.00	3259.00	3260.00	3260.00	3261.00	3261.00	3261.00	3261.00	3261.00	3262.00	3262.00	3262.00	3262.00	3263.00	3263.00	3263.00	3263.00	3264.00	3264.00	3264.00	3264.00	3264.00	3264.00	3264.00	3264.00	3264.00	3265.00	3265.00	3265.00	3265.00	3265.00	3265.00	3265.00	3265.00	3266.00	3266.00	3266.00	3266.00	3266.00	3266.00	3266.00	3266.00	3266.00	3266.00	3266.00	3266.00	3266.00	3267.00	3267.00	3267.00	3267.00	3267.00	3267.00	3267.00	3267.00	3267.00	3267.00	3267.00	3267.00	3267.00	3267.00	3267.00	3267.00	3267.00	3267.00	3267.00	3267.00	3267.00	3267.00	3267.00	3268.00	3268.00	3268.00	3268.00	3268.00	3268.00	3268.00	3268.00	3268.00	3268.00	3268.00	3268.00	3268.00	3268.00	3268.00	3268.00	3268.00	3268.00	3268.00	3269.00	3269.00	3269.00	3269.00	3269.00	3269.00	3269.00	3269.00	3269.00	3270.00	3270.00	3270.00	3270.00	3270.00	3270.00	3270.00	3270.00	3270.00	3271.00	3271.00	3271.00	3271.00	3271.00	3271.00	3271.00	3271.00	3271.00	3272.00	3272.00	3272.00	3272.00	3272.00	3272.00	3272.00	3273.00	3273.00	3273.00	3273.00	3273.00	3273.00	3273.00	3274.00	3274.00	3274.00	3274.00	3274.00	3274.00	3274.00	3274.00	3274.00	3275.00	3275.00	3275.00	3275.00	3275.00	3275.00	3275.00	3275.00	3276.00	3276.00	3276.00
3243.00	3243.00	3243.00	3243.00	3243.00	3243.00	3243.00	3243.00	3243.00	3243.00	3243.00	3243.00	3243.00	3243.00	3243.00	3243.00	3243.00	3243.00	3243.00	3243.00	3243.00	3244.00	3244.00	3244.00	3244.00	3244.00	3244.00	3244.00	3244.00	3244.00	3244.00	3244.00	3244.00	3244.00	3244.00	3244.00	3244.00	3244.00	3244.00	3244.00	3244.00	3244.00	3244.00	3244.00	3244.00	3244.00	3244.00	3244.00	3244.00	3244.00	3245.00	3245.00	3245.00	3245.00	3245.00	3245.00	3246.00	3246.00	3246.00	3246.00	3246.00	3246.00	3247.00	3247.00	3247.00	3247.00	3247.00	3247.00	3248.00	3248.00	3248.00	3248.00	3248.00	3249.00	3249.00	3249.00	3250.00	3250.00	3250.00	3251.00	3251.00	3251.00	3252.00	3252.00	3252.00	3253.00	3253.00	3253.00	3254.00	3254.00	3254.00	3255.00	3255.00	3255.00	3256.00	3256.00	3256.00	3257.00	3257.00	3257.00	3258.00	3258.00	3258.00	3258.00	3258.00	3259.00	3259.00	3259.00	3260.00	3260.00	3261.00	3261.00	3261.00	3261.00	3261.00	3262.00	3262.00	3262.00	3262.00	3263.00	3263.00	3263.00	3263.00	3264.00	3264.00	3264.00	3264.00	3264.00	3264.00	3264.00	3264.00	3264.00	3265.00	3265.00	3265.00	3265.00	3265.00	3265.00	3265.00	3265.00	3266.00	3266.00	3266.00	3266.00	3266.00	3266.00	3266.00	3266.00	3266.00	3266.00	3266.00	3266.00	3266.00	3267.00	3267.00	3267.00	3267.00	3267.00	3267.00	3267.00	3267.00	3267.00	3267.00	3267.00	3267.00	3267.00	3267.00	3267.00	3267.00	3267.00	3267.00	3267.00	3267.00	3267.00	3267.00	3267.00	3268.00	3268.00	3268.00	3268.00	3268.00	3268.00	3268.00	3268.00	3268.00	3268.00	3268.00	3268.00	3268.00	3268.00	3268.00	3268.00	3268.00	3268.00	3268.00	3269.00	3269.00	3269.00	3269.00	3269.00	3269.00	3269.00	3269.00	3269.00	3270.00	3270.00	3270.00	3270.00	3270.00	3270.00	3270.00	3270.00	3270.00	3271.00	3271.00	3271.00	3271.00	3271.00	3271.00	3271.00	3271.00	3271.00	3272.00	3272.00	3272.00	3272.00	3272.00	3272.00	3272.00	3273.00	3273.00	3273.00	3273.00	3273.00	3273.00	3273.00	3274.00	3274.00	3274.00	3274.00	3274.00	3274.00	3274.00	3274.00	3274.00	3275.00	3275.00	3275.00	3275.00	3275.00	3275.00	3275.00	3275.00	3276.00	3276.00	3276.00
3243.00	3243.00	3243.00	3243.00	3243.00	3243.00	3243.00	3243.00	3243.00	3243.00	3243.00	3243.00	3243.00	3243.00	3243.00	3243.00	3243.00	3243.00	3243.00	3243.00	3243.00	3244.00	3244.00	3244.00	3244.00	3244.00	3244.00	3244.00	3244.00	3244.00	3244.00	3244.00	3244.00	3244.00	3244.00	3244.00	3244.00	3244.00	3244.00	3244.00	3244.00	3244.00	3244.00	3244.00	3244.00	3244.00	3244.00	3244.00	3244.00	3244.00	3245.00	3245.00	3245.00	3245.00	3245.00	3245.00	3246.00	3246.00	3246.00	3246.00	3246.00	3246.00	3247.00	3247.00	3247.00	3247.00	3247.00	3247.00	3248.00	3248.00	3248.00	3248.00	3248.00	3249.00	3249.00	3249.00	3250.00	3250.00	3250.00	3251.00	3251.00	3251.00	3252.00	3252.00	3252.00	3253.00	3253.00	3253.00	3254.00	3254.00	3254.00	3255.00	3255.00	3255.00	3256.00	3256.00	3256.00	3257.00	3257.00	3257.00	3258.00	3258.00	3258.00	3258.00	3258.00	3259.00	3259.00	3259.00	3260.00	3260.00	3261.00	3261.00	3261.00	3261.00	3261.00	3262.00	3262.00	3262.00	3262.00	3263.00	3263.00	3263.00	3263.00	3264.00	3264.00	3264.00	3264.00	3264.00	3264.00	3264.00	3264.00	3264.00	3265.00	3265.00	3265.00	3265.00	3265.00	3265.00	3265.00	3265.00	3266.00	3266.00	3266.00	3266.00	3266.00	3266.00	3266.00	3266.00	3266.00	3266.00	3266.00	3266.00	3266.00	3267.00	3267.00	3267.00	3267.00	3267.00	3267.00	3267.00	3267.00	3267.00	3267.00	3267.00	3267.00	3267.00	3267.00	3267.00	3267.00	3267.00	3267.00	3267.00	3267.00	3267.00	3267.00	3267.00	3268.00	3268.00	3268.00	3268.00	3268.00	3268.00	3268.00	3268.00	3268.00	3268.00	3268.00	3268.00	3268.00	3268.00	3268.00	3268.00	3268.00	3268.00	3268.00	3269.00	3269.00	3269.00	3269.00	3269.00	3269.00	3269.00	3269.00	3269.00	3270.00	3270.00	3270.00	3270.00	3270.00	3270.00	3270.00	3270.00	3270.00	3271.00	3271.00	3271.00	3271.00	3271.00	3271.00	3271.00	3271.00	3271.00	3272.00	3272.00	3272.00	3272.00	3272.00	3272.00	3272.00	3273.00	3273.00	3273.00	3273.00	3273.00	3273.00	3273.00	3274.00	3274.00	3274.00	3274.00	3274.00	3274.00	3274.00	3274.00	3274.00	3275.00	3275.00	3275.00	3275.00	3275.00	3275.00	3275.00	3275.00	3276.00	3276.00	3276.00
3243.00	3243.00	3243.00	3243.00	3243.00	3243.00	3243.00	3243.00	3243.00	3243.00	3243.00	3243.00	3243.00	3243.00	3243.00	3243.00	3243.00	3243.00	3243.00	3243.00	3243.00	3244.00	3244.00	3244.00	3244.00	3244.00	3244.00	3244.00	3244.00	3244.00	3244.00	3244.00	3244.00	3244.00	3244.00	3244.00	3244.00	3244.00	3244.00	3244.00	3244.00	3244.00	3244.00	3244.00	3244.00	3244.00	3244.00	3244.00	3244.00	3244.00	3245.00	3245.00	3245.00	3245.00	3245.00	3245.00	3246.00	3246.00	3246.00	3246.00	3246.00	3246.00	3247.00	3247.00	3247.00	3247.00	3247.00	3247.00	3248.00	3248.00	3248.00	3248.00	3248.00	3249.00	3249.00	3249.00	3250.00	3250.00	3250.00	3251.00	3251.00	3251.00	3252.00	3252.00	3252.00	3253.00	3253.00	3253.00	3254.00	3254.00	3254.00	3255.00	3255.00	3255.00	3256.00	3256.00	3256.00	3257.00	3257.00	3257.00	3258.00	3258.00	3258.00	3258.00	3258.00	3259.00	3259.00	3259.00	3260.00	3260.00	3261.00	3261.00	3261.00	3261.00	3261.00	3262.00	3262.00	3262.00	3262.00	3263.00	3263.00	3263.00	3263.00	3264.00	3264.00	3264.00	3264.00	3264.00	3264.00	3264.00	3264.00	3264.00	3265.00	3265.00	3265.00	3265.00	3265.00	3265.00	3265.00	3265.00	3266.00	3266.00	3266.00	3266.00	3266.00	3266.00	3266.00	3266.00	3266.00	3266.00	3266.00	3266.00	3266.00	3267.00	3267.00	3267.00	3267.00	3267.00	3267.00	3267.00	3267.00	3267.00	3267.00	3267.00	3267.00	3267.00	3267.00	3267.00	3267.00	3267.00	3267.00	3267.00	3267.00	3267.00	3267.00	3267.00	3268.00	3268.00	3268.00	3268.00	3268.00	3268.00	3268.00	3268.00	3268.00	3268.00	3268.00	3268.00	3268.00	3268.00	3268.00	3268.00	3268.00	3268.00	3268.00	3269.00	3269.00	3269.00	3269.00	3269.00	3269.00	3269.00	3269.00	3269.00	3270.00	3270.00	3270.00	3270.00	3270.00	3270.00	3270.00	3270.00	3270.00	3271.00	3271.00	3271.00	3271.00	3271.00	3271.00	3271.00	3271.00	3271.00	3272.00	3272.00	3272.00	3272.00	3272.00	3272.00	3272.00	3273.00	3273.00	3273.00	3273.00	3273.00	3273.00	3273.00	3274.00	3274.00	3274.00	3274.00	3274.00	3274.00	3274.00	3274.00	3274.00	3275.00	3275.00	3275.00	3275.00	3275.00	3275.00	3275.00	3275.00	3276.00	3276.00	3276.00
3243.00	3243.00	3243.00	3243.00	3243.00	3243.00	3243.00	3243.00	3243.00	3243.00	3243.00	3243.00	3243.00	3243.00	3243.00	3243.00	3243.00	3243.00	3243.00	3243.00	3243.00	3244.00	3244.00	3244.00	3244.00	3244.00	3244.00	3244.00	3244.00	3244.00	3244.00	3244.00	3244.00	3244.00	3244.00	3244.00	3244.00	3244.00	3244.00	3244.00	3244.00	3244.00	3244.00	3244.00	3244.00	3244.00	3244.00	3244.00	3244.00	3244.00	3245.00	3245.00	3245.00	3245.00	3245.00	3245.00	3246.00	3246.00	3246.00	3246.00	3246.00	3246.00	3247.00	3247.00	3247.00	3247.00	3247.00	3247.00	3248.00	3248.00	3248.00	3248.00	3248.00	3249.00	3249.00	3249.00	3250.00	3250.00	3250.00	3251.00	3251.00	3251.00	3252.00	3252.00	3252.00	3253.00	3253.00	3253.00	3254.00	3254.00	3254.00	3255.00	3255.00	3255.00	3256.00	3256.00	3256.00	3257.00	3257.00	3257.00	3258.00	3258.00	3258.00	3258.00	3258.00	3259.00	3259.00	3259.00	3260.00	3260.00	3261.00	3261.00	3261.00	3261.00	3261.00	3262.00	3262.00	3262.00	3262.00	3263.00	3263.00	3263.00	3263.00	3264.00	3264.00	3264.00	3264.00	3264.00	3264.00	3264.00	3264.00	3264.00	3265.00	3265.00	3265.00	3265.00	3265.00	3265.00	3265.00	3265.00	3266.00	3266.00	3266.00	3266.00	3266.00	3266.00	3266.00	3266.00	3266.00	3266.00	3266.00	3266.00	3266.00	3267.00	3267.00	3267.00	3267.00	3267.00	3267.00	3267.00	3267.00	3267.00	3267.00	3267.00	3267.00	3267.00	3267.00	3267.00	3267.00	3267.00	3267.00	3267.00	3267.00	3267.00	3267.00	3267.00	3268.00	3268.00	3268.00	3268.00	3268.00	3268.00	3268.00	3268.00	3268.00	3268.00	3268.00	3268.00	3268.00	3268.00	3268.00	3268.00	3268.00	3268.00	3268.00	3269.00	3269.00	3269.00	3269.00	3269.00	3269.00	3269.00	3269.00	3269.00	3270.00	3270.00	3270.00	3270.00	3270.00	3270.00	3270.00	3270.00	3270.00	3271.00	3271.00	3271.00	3271.00	3271.00	3271.00	3271.00	3271.00	3271.00	3272.00	3272.00	3272.00	3272.00	3272.00	3272.00	3272.00	3273.00	3273.00	3273.00	3273.00	3273.00	3273.00	3273.00	3274.00	3274.00	3274.00	3274.00	3274.00	3274.00	3274.00	3274.00	3274.00	3275.00	3275.00	3275.00	3275.00	3275.00	3275.00	3275.00	3275.00	3276.00	3276.00	3276.00
3243.00	3243.00	3243.00	3243.00	3243.00	3243.00	3243.00	3243.00	3243.00	3243.00	3243.00	3243.00	3243.00	3243.00	3243.00	3243.00	3243.00	3243.00	3243.00	3243.00	3243.00	3244.00	3244.00	3244.00	3244.00	3244.00	3244.00	3244.00	3244.00	3244.00	3244.00	3244.00	3244.00	3244.00	3244.00	3244.00	3244.00	3244.00	3244.00	3244.00	3244.00	3244.00	3244.00	3244.00	3244.00	3244.00	3244.00	3244.00	3244.00	3244.00	3245.00	3245.00	3245.00	3245.00	3245.00	3245.00	3246.00	3246.00	3246.00	3246.00	3246.00	3246.00	3247.00	3247.00	3247.00	3247.00	3247.00	3247.00	3248.00	3248.00	3248.00	3248.00	3248.00	3249.00	3249.00	3249.00	3250.00	3250.00	3250.00	3251.00	3251.00	3251.00	3252.00	3252.00	3252.00	3253.00	3253.00	3253.00	3254.00	3254.00	3254.00	3255.00	3255.00	3255.00	3256.00	3256.00	3256.00	3257.00	3257.00	3257.00	3258.00	3258.00	3258.00	3258.00	3258.00	3259.00	3259.00	3259.00	3260.00	3260.00	3261.00	3261.00	3261.00	3261.00	3261.00	3262.00	3262.00	3262.00	3262.00	3263.00	3263.00	3263.00	3263.00	3264.00	3264.00	3264.00	3264.00	3264.00	3264.00	3264.00	3264.00	3264.00	3265.00	3265.00	3265.00	3265.00	3265.00	3265.00	3265.00	3265.00	3266.00	3266.00	3266.00	3266.00	3266.00	3266.00	3266.00	3266.00	3266.00	3266.00	3266.00	3266.00	3266.00	3267.00	3267.00	3267.00	3267.00	3267.00	3267.00	3267.00	3267.00	3267.00	3267.00	3267.00	3267.00	3267.00	3267.00	3267.00	3267.00	3267.00	3267.00	3267.00	3267.00	3267.00	3267.00	3267.00	3268.00	3268.00	3268.00	3268.00	3268.00	3268.00	3268.00	3268.00	3268.00	3268.00	3268.00	3268.00	3268.00	3268.00	3268.00	3268.00	3268.00	3268.00	3268.00	3269.00	3269.00	3269.00	3269.00	3269.00	3269.00	3269.00	3269.00	3269.00	3270.00	3270.00	3270.00	3270.00	3270.00	3270.00	3270.00	3270.00	3270.00	3271.00	3271.00	3271.00	3271.00	3271.00	3271.00	3271.00	3271.00	3271.00	3272.00	3272.00	3272.00	3272.00	3272.00	3272.00	3272.00	3273.00	3273.00	3273.00	3273.00	3273.00	3273.00	3273.00	3274.00	3274.00	3274.00	3274.00	3274.00	3274.00	3274.00	3274.00	3274.00	3275.00	3275.00	3275.00	3275.00	3275.00	3275.00	3275.00	3275.00	3276.00	3276.00	3276.00
3243.00	3243.00	3243.00	3243.00	3243.00	3243.00	3243.00	3243.00	3243.00	3243.00	3243.00	3243.00	3243.00	3243.00	3243.00	3243.00	3243.00	3243.00	3243.00	3243.00	3243.00	3244.00	3244.00	3244.00	3244.00	3244.00	3244.00	3244.00	3244.00	3244.00	3244.00	3244.00	3244.00	3244.00	3244.00	3244.00	3244.00	3244.00	3244.00	3244.00	3244.00	3244.00	3244.00	3244.00	3244.00	3244.00	3244.00	3244.00	3244.00	3244.00	3245.00	3245.00	3245.00	3245.00	3245.00	3245.00	3246.00	3246.00	3246.00	3246.00	3246.00	3246.00	3247.00	3247.00	3247.00	3247.00	3247.00	3247.00	3248.00	3248.00	3248.00	3248.00	3248.00	3249.00	3249.00	3249.00	3250.00	3250.00	3250.00	3251.00	3251.00	3251.00	3252.00	3252.00	3252.00	3253.00	3253.00	3253.00	3254.00	3254.00	3254.00	3255.00	3255.00	3255.00	3256.00	3256.00	3256.00	3257.00	3257.00	3257.00	3258.00	3258.00	3258.00	3258.00	3258.00	3259.00	3259.00	3259.00	3260.00	3260.00	3261.00	3261.00	3261.00	3261.00	3261.00	3262.00	3262.00	3262.00	3262.00	3263.00	3263.00	3263.00	3263.00	3264.00	3264.00	3264.00	3264.00	3264.00	3264.00	3264.00	3264.00	3264.00	3265.00	3265.00	3265.00	3265.00	3265.00	3265.00	3265.00	3265.00	3266.00	3266.00	3266.00	3266.00	3266.00	3266.00	3266.00	3266.00	3266.00	3266.00	3266.00	3266.00	3266.00	3267.00	3267.00	3267.00	3267.00	3267.00	3267.00	3267.00	3267.00	3267.00	3267.00	3267.00	3267.00	3267.00	3267.00	3267.00	3267.00	3267.00	3267.00	3267.00	3267.00	3267.00	3267.00	3267.00	3268.00	3268.00	3268.00	3268.00	3268.00	3268.00	3268.00	3268.00	3268.00	3268.00	3268.00	3268.00	3268.00	3268.00	3268.00	3268.00	3268.00	3268.00	3268.00	3269.00	3269.00	3269.00	3269.00	3269.00	3269.00	3269.00	3269.00	3269.00	3270.00	3270.00	3270.00	3270.00	3270.00	3270.00	3270.00	3270.00	3270.00	3271.00	3271.00	3271.00	3271.00	3271.00	3271.00	3271.00	3271.00	3271.00	3272.00	3272.00	3272.00	3272.00	3272.00	3272.00	3272.00	3273.00	3273.00	3273.00	3273.00	3273.00	3273.00	3273.00	3274.00	3274.00	3274.00	3274.00	3274.00	3274.00	3274.00	3274.00	3274.00	3275.00	3275.00	3275.00	3275.00	3275.00	3275.00	3275.00	3275.00	3276.00	3276.00	3276.00
3243.00	3243.00	3243.00	3243.00	3243.00	3243.00	3243.00	3243.00	3243.00	3243.00	3243.00	3243.00	3243.00	3243.00	3243.00	3243.00	3243.00	3243.00	3243.00	3243.00	3243.00	3244.00	3244.00	3244.00	3244.00	3244.00	3244.00	3244.00	3244.00	3244.00	3244.00	3244.00	3244.00	3244.00	3244.00	3244.00	3244.00	3244.00	3244.00	3244.00	3244.00	3244.00	3244.00	3244.00	3244.00	3244.00	3244.00	3244.00	3244.00	3244.00	3245.00	3245.00	3245.00	3245.00	3245.00	3245.00	3246.00	3246.00	3246.00	3246.00	3246.00	3246.00	3247.00	3247.00	3247.00	3247.00	3247.00	3247.00	3248.00	3248.00	3248.00	3248.00	3248.00	3249.00	3249.00	3249.00	3250.00	3250.00	3250.00	3251.00	3251.00	3251.00	3252.00	3252.00	3252.00	3253.00	3253.00	3253.00	3254.00	3254.00	3254.00	3255.00	3255.00	3255.00	3256.00	3256.00	3256.00	3257.00	3257.00	3257.00	3258.00	3258.00	3258.00	3258.00	3258.00	3259.00	3259.00	3259.00	3260.00	3260.00	3261.00	3261.00	3261.00	3261.00	3261.00	3262.00	3262.00	3262.00	3262.00	3263.00	3263.00	3263.00	3263.00	3264.00	3264.00	3264.00	3264.00	3264.00	3264.00	3264.00	3264.00	3264.00	3265.00	3265.00	3265.00	3265.00	3265.00	3265.00	3265.00	3265.00	3266.00	3266.00	3266.00	3266.00	3266.00	3266.00	3266.00	3266.00	3266.00	3266.00	3266.00	3266.00	3266.00	3267.00	3267.00	3267.00	3267.00	3267.00	3267.00	3267.00	3267.00	3267.00	3267.00	3267.00	3267.00	3267.00	3267.00	3267.00	3267.00	3267.00	3267.00	3267.00	3267.00	3267.00	3267.00	3267.00	3268.00	3268.00	3268.00	3268.00	3268.00	3268.00	3268.00	3268.00	3268.00	3268.00	3268.00	3268.00	3268.00	3268.00	3268.00	3268.00	3268.00	3268.00	3268.00	3269.00	3269.00	3269.00	3269.00	3269.00	3269.00	3269.00	3269.00	3269.00	3270.00	3270.00	3270.00	3270.00	3270.00	3270.00	3270.00	3270.00	3270.00	3271.00	3271.00	3271.00	3271.00	3271.00	3271.00	3271.00	3271.00	3271.00	3272.00	3272.00	3272.00	3272.00	3272.00	3272.00	3272.00	3273.00	3273.00	3273.00	3273.00	3273.00	3273.00	3273.00	3274.00	3274.00	3274.00	3274.00	3274.00	3274.00	3274.00	3274.00	3274.00	3275.00	3275.00	3275.00	3275.00	3275.00	3275.00	3275.00	3275.00	3276.00	3276.00	3276.00
3243.00	3243.00	3243.00	3243.00	3243.00	3243.00	3243.00	3243.00	3243.00	3243.00	3243.00	3243.00	3243.00	3243.00	3243.00	3243.00	3243.00	3243.00	3243.00	3243.00	3243.00	3244.00	3244.00	3244.00	3244.00	3244.00	3244.00	3244.00	3244.00	3244.00	3244.00	3244.00	3244.00	3244.00	3244.00	3244.00	3244.00	3244.00	3244.00	3244.00	3244.00	3244.00	3244.00	3244.00	3244.00	3244.00	3244.00	3244.00	3244.00	3244.00	3245.00	3245.00	3245.00	3245.00	3245.00	3245.00	3246.00	3246.00	3246.00	3246.00	3246.00	3246.00	3247.00	3247.00	3247.00	3247.00	3247.00	3247.00	3248.00	3248.00	3248.00	3248.00	3248.00	3249.00	3249.00	3249.00	3250.00	3250.00	3250.00	3251.00	3251.00	3251.00	3252.00	3252.00	3252.00	3253.00	3253.00	3253.00	3254.00	3254.00	3254.00	3255.00	3255.00	3255.00	3256.00	3256.00	3256.00	3257.00	3257.00	3257.00	3258.00	3258.00	3258.00	3258.00	3258.00	3259.00	3259.00	3259.00	3260.00	3260.00	3261.00	3261.00	3261.00	3261.00	3261.00	3262.00	3262.00	3262.00	3262.00	3263.00	3263.00	3263.00	3263.00	3264.00	3264.00	3264.00	3264.00	3264.00	3264.00	3264.00	3264.00	3264.00	3265.00	3265.00	3265.00	3265.00	3265.00	3265.00	3265.00	3265.00	3266.00	3266.00	3266.00	3266.00	3266.00	3266.00	3266.00	3266.00	3266.00	3266.00	3266.00	3266.00	3266.00	3267.00	3267.00	3267.00	3267.00	3267.00	3267.00	3267.00	3267.00	3267.00	3267.00	3267.00	3267.00	3267.00	3267.00	3267.00	3267.00	3267.00	3267.00	3267.00	3267.00	3267.00	3267.00	3267.00	3268.00	3268.00	3268.00	3268.00	3268.00	3268.00	3268.00	3268.00	3268.00	3268.00	3268.00	3268.00	3268.00	3268.00	3268.00	3268.00	3268.00	3268.00	3268.00	3269.00	3269.00	3269.00	3269.00	3269.00	3269.00	3269.00	3269.00	3269.00	3270.00	3270.00	3270.00	3270.00	3270.00	3270.00	3270.00	3270.00	3270.00	3271.00	3271.00	3271.00	3271.00	3271.00	3271.00	3271.00	3271.00	3271.00	3272.00	3272.00	3272.00	3272.00	3272.00	3272.00	3272.00	3273.00	3273.00	3273.00	3273.00	3273.00	3273.00	3273.00	3274.00	3274.00	3274.00	3274.00	3274.00	3274.00	3274.00	3274.00	3274.00	3275.00	3275.00	3275.00	3275.00	3275.00	3275.00	3275.00	3275.00	3276.00	3276.00	3276.00
3243.00	3243.00	3243.00	3243.00	3243.00	3243.00	3243.00	3243.00	3243.00	3243.00	3243.00	3243.00	3243.00	3243.00	3243.00	3243.00	3243.00	3243.00	3243.00	3243.00	3243.00	3244.00	3244.00	3244.00	3244.00	3244.00	3244.00	3244.00	3244.00	3244.00	3244.00	3244.00	3244.00	3244.00	3244.00	3244.00	3244.00	3244.00	3244.00	3244.00	3244.00	3244.00	3244.00	3244.00	3244.00	3244.00	3244.00	3244.00	3244.00	3244.00	3245.00	3245.00	3245.00	3245.00	3245.00	3245.00	3246.00	3246.00	3246.00	3246.00	3246.00	3246.00	3247.00	3247.00	3247.00	3247.00	3247.00	3247.00	3248.00	3248.00	3248.00	3248.00	3248.00	3249.00	3249.00	3249.00	3250.00	3250.00	3250.00	3251.00	3251.00	3251.00	3252.00	3252.00	3252.00	3253.00	3253.00	3253.00	3254.00	3254.00	3254.00	3255.00	3255.00	3255.00	3256.00	3256.00	3256.00	3257.00	3257.00	3257.00	3258.00	3258.00	3258.00	3258.00	3258.00	3259.00	3259.00	3259.00	3260.00	3260.00	3261.00	3261.00	3261.00	3261.00	3261.00	3262.00	3262.00	3262.00	3262.00	3263.00	3263.00	3263.00	3263.00	3264.00	3264.00	3264.00	3264.00	3264.00	3264.00	3264.00	3264.00	3264.00	3265.00	3265.00	3265.00	3265.00	3265.00	3265.00	3265.00	3265.00	3266.00	3266.00	3266.00	3266.00	3266.00	3266.00	3266.00	3266.00	3266.00	3266.00	3266.00	3266.00	3266.00	3267.00	3267.00	3267.00	3267.00	3267.00	3267.00	3267.00	3267.00	3267.00	3267.00	3267.00	3267.00	3267.00	3267.00	3267.00	3267.00	3267.00	3267.00	3267.00	3267.00	3267.00	3267.00	3267.00	3268.00	3268.00	3268.00	3268.00	3268.00	3268.00	3268.00	3268.00	3268.00	3268.00	3268.00	3268.00	3268.00	3268.00	3268.00	3268.00	3268.00	3268.00	3268.00	3269.00	3269.00	3269.00	3269.00	3269.00	3269.00	3269.00	3269.00	3269.00	3270.00	3270.00	3270.00	3270.00	3270.00	3270.00	3270.00	3270.00	3270.00	3271.00	3271.00	3271.00	3271.00	3271.00	3271.00	3271.00	3271.00	3271.00	3272.00	3272.00	3272.00	3272.00	3272.00	3272.00	3272.00	3273.00	3273.00	3273.00	3273.00	3273.00	3273.00	3273.00	3274.00	3274.00	3274.00	3274.00	3274.00	3274.00	3274.00	3274.00	3274.00	3275.00	3275.00	3275.00	3275.00	3275.00	3275.00	3275.00	3275.00	3276.00	3276.00	3276.00
3243.00	3243.00	3243.00	3243.00	3243.00	3243.00	3243.00	3243.00	3243.00	3243.00	3243.00	3243.00	3243.00	3243.00	3243.00	3243.00	3243.00	3243.00	3243.00	3243.00	3243.00	3244.00	3244.00	3244.00	3244.00	3244.00	3244.00	3244.00	3244.00	3244.00	3244.00	3244.00	3244.00	3244.00	3244.00	3244.00	3244.00	3244.00	3244.00	3244.00	3244.00	3244.00	3244.00	3244.00	3244.00	3244.00	3244.00	3244.00	3244.00	3244.00	3245.00	3245.00	3245.00	3245.00	3245.00	3245.00	3246.00	3246.00	3246.00	3246.00	3246.00	3246.00	3247.00	3247.00	3247.00	3247.00	3247.00	3247.00	3248.00	3248.00	3248.00	3248.00	3248.00	3249.00	3249.00	3249.00	3250.00	3250.00	3250.00	3251.00	3251.00	3251.00	3252.00	3252.00	3252.00	3253.00	3253.00	3253.00	3254.00	3254.00	3254.00	3255.00	3255.00	3255.00	3256.00	3256.00	3256.00	3257.00	3257.00	3257.00	3258.00	3258.00	3258.00	3258.00	3258.00	3259.00	3259.00	3259.00	3260.00	3260.00	3261.00	3261.00	3261.00	3261.00	3261.00	3262.00	3262.00	3262.00	3262.00	3263.00	3263.00	3263.00	3263.00	3264.00	3264.00	3264.00	3264.00	3264.00	3264.00	3264.00	3264.00	3264.00	3265.00	3265.00	3265.00	3265.00	3265.00	3265.00	3265.00	3265.00	3266.00	3266.00	3266.00	3266.00	3266.00	3266.00	3266.00	3266.00	3266.00	3266.00	3266.00	3266.00	3266.00	3267.00	3267.00	3267.00	3267.00	3267.00	3267.00	3267.00	3267.00	3267.00	3267.00	3267.00	3267.00	3267.00	3267.00	3267.00	3267.00	3267.00	3267.00	3267.00	3267.00	3267.00	3267.00	3267.00	3268.00	3268.00	3268.00	3268.00	3268.00	3268.00	3268.00	3268.00	3268.00	3268.00	3268.00	3268.00	3268.00	3268.00	3268.00	3268.00	3268.00	3268.00	3268.00	3269.00	3269.00	3269.00	3269.00	3269.00	3269.00	3269.00	3269.00	3269.00	3270.00	3270.00	3270.00	3270.00	3270.00	3270.00	3270.00	3270.00	3270.00	3271.00	3271.00	3271.00	3271.00	3271.00	3271.00	3271.00	3271.00	3271.00	3272.00	3272.00	3272.00	3272.00	3272.00	3272.00	3272.00	3273.00	3273.00	3273.00	3273.00	3273.00	3273.00	3273.00	3274.00	3274.00	3274.00	3274.00	3274.00	3274.00	3274.00	3274.00	3274.00	3275.00	3275.00	3275.00	3275.00	3275.00	3275.00	3275.00	3275.00	3276.00	3276.00	3276.00
3241.00	3241.00	3241.00	3241.00	3241.00	3241.00	3241.00	3241.00	3241.00	3241.00	3241.00	3241.00	3241.00	3241.00	3241.00	3241.00	3241.00	3241.00	3242.00	3242.00	3242.00	3242.00	3242.00	3242.00	3242.00	3242.00	3242.00	3242.00	3242.00	3242.00	3242.00	3242.00	3242.00	3242.00	3242.00	3242.00	3242.00	3242.00	3242.00	3243.00	3243.00	3243.00	3243.00	3243.00	3243.00	3243.00	3243.00	3243.00	3243.00	3243.00	3244.00	3244.00	3244.00	3244.00	3244.00	3244.00	3245.00	3245.00	3245.00	3245.00	3245.00	3245.00	3246.00	3246.00	3246.00	3246.00	3246.00	3247.00	3247.00	3247.00	3247.00	3248.00	3248.00	3248.00	3249.00	3249.00	3249.00	3249.00	3249.00	3250.00	3250.00	3250.00	3251.00	3251.00	3251.00	3252.00	3252.00	3252.00	3253.00	3253.00	3253.00	3254.00	3254.00	3254.00	3255.00	3255.00	3255.00	3256.00	3256.00	3256.00	3257.00	3257.00	3257.00	3258.00	3258.00	3258.00	3259.00	3259.00	3259.00	3259.00	3260.00	3260.00	3260.00	3260.00	3261.00	3261.00	3261.00	3261.00	3261.00	3262.00	3262.00	3262.00	3262.00	3263.00	3263.00	3263.00	3263.00	3263.00	3263.00	3264.00	3264.00	3264.00	3264.00	3264.00	3264.00	3264.00	3264.00	3264.00	3265.00	3265.00	3265.00	3265.00	3265.00	3265.00	3265.00	3265.00	3265.00	3265.00	3265.00	3265.00	3266.00	3266.00	3266.00	3266.00	3266.00	3266.00	3266.00	3266.00	3266.00	3266.00	3266.00	3266.00	3266.00	3266.00	3266.00	3266.00	3266.00	3266.00	3266.00	3266.00	3266.00	3266.00	3267.00	3267.00	3267.00	3267.00	3267.00	3267.00	3267.00	3267.00	3267.00	3267.00	3267.00	3267.00	3267.00	3267.00	3267.00	3267.00	3267.00	3267.00	3268.00	3268.00	3268.00	3268.00	3268.00	3268.00	3268.00	3268.00	3268.00	3268.00	3269.00	3269.00	3269.00	3269.00	3269.00	3269.00	3269.00	3269.00	3269.00	3270.00	3270.00	3270.00	3270.00	3270.00	3270.00	3270.00	3270.00	3271.00	3271.00	3271.00	3271.00	3271.00	3271.00	3271.00	3271.00	3271.00	3272.00	3272.00	3272.00	3272.00	3272.00	3272.00	3272.00	3272.00	3273.00	3273.00	3273.00	3273.00	3273.00	3273.00	3273.00	3273.00	3273.00	3274.00	3274.00	3274.00	3274.00	3274.00	3274.00	3274.00	3275.00	3275.00	3275.00	3275.00	3275.00	3275.00