3584.00	3585.00	3585.00	3585.00	3586.00	3586.00	3586.00	3586.00	3586.00	3586.00	3586.00	3586.00	3586.00	3586.00	3586.00	3586.00	3586.00	3586.00	3586.00	3586.00	3586.00	3586.00	3586.00	3586.00	3586.00	3586.00	3586.00	3586.00	3586.00	3586.00	3586.00	3586.00	3586.00	3586.00	3585.00	3585.00	3585.00	3585.00	3585.00	3585.00	3585.00	3585.00	3584.00	3584.00	3584.00	3584.00	3584.00	3584.00	3584.00	3584.00	3584.00	3584.00	3584.00	3584.00	3585.00	3585.00	3585.00	3585.00	3585.00	3585.00	3586.00	3586.00	3586.00	3587.00	3587.00	3587.00	3588.00	3588.00	3589.00	3589.00	3589.00	3590.00	3590.00	3592.00	3592.00	3592.00	3592.00	3593.00	3594.00	3594.00	3595.00	3595.00	3596.00	3597.00	3597.00	3597.00	3598.00	3599.00	3599.00	3599.00	3599.00	3600.00	3601.00	3601.00	3602.00	3602.00	3603.00	3603.00	3603.00	3603.00	3604.00	3604.00	3604.00	3605.00	3605.00	3606.00	3606.00	3606.00	3606.00	3607.00	3607.00	3607.00	3607.00	3607.00	3608.00	3608.00	3608.00	3608.00	3608.00	3609.00	3609.00	3609.00	3609.00	3610.00	3610.00	3610.00	3611.00	3611.00	3612.00	3612.00	3612.00	3612.00	3613.00	3614.00	3614.00	3614.00	3615.00	3615.00	3615.00	3616.00	3616.00	3616.00	3617.00	3617.00	3617.00	3618.00	3618.00	3618.00	3619.00	3619.00	3619.00	3619.00	3619.00	3620.00	3620.00	3620.00	3621.00	3621.00	3621.00	3622.00	3622.00	3622.00	3623.00	3623.00	3623.00	3624.00	3624.00	3624.00	3625.00	3625.00	3625.00	3626.00	3626.00	3626.00	3626.00	3626.00	3627.00	3627.00	3627.00	3627.00	3628.00	3628.00	3628.00	3628.00	3628.00	3628.00	3629.00	3629.00	3629.00	3629.00	3629.00	3629.00	3629.00	3629.00	3630.00	3630.00	3630.00	3630.00	3630.00	3630.00	3630.00	3631.00	3631.00	3631.00	3631.00	3631.00	3631.00	3631.00	3631.00	3631.00	3631.00	3631.00	3631.00	3631.00	3631.00	3631.00	3631.00	3631.00	3631.00	3631.00	3631.00	3632.00	3632.00	3632.00	3632.00	3632.00	3632.00	3632.00	3632.00	3632.00	3633.00	3633.00	3633.00	3633.00	3633.00	3633.00	3634.00	3634.00	3634.00	3635.00	3635.00	3635.00	3636.00	3636.00	3636.00	3636.00	3636.00	3637.00	3637.00	3637.00	3637.00	3637.00	3638.00	3639.00	3639.00	3639.00
3584.00	3585.00	3585.00	3585.00	3586.00	3586.00	3586.00	3586.00	3586.00	3586.00	3586.00	3586.00	3586.00	3586.00	3586.00	3586.00	3586.00	3586.00	3586.00	3586.00	3586.00	3586.00	3586.00	3586.00	3586.00	3586.00	3586.00	3586.00	3586.00	3586.00	3586.00	3586.00	3586.00	3586.00	3585.00	3585.00	3585.00	3585.00	3585.00	3585.00	3585.00	3585.00	3584.00	3584.00	3584.00	3584.00	3584.00	3584.00	3584.00	3584.00	3584.00	3584.00	3584.00	3584.00	3585.00	3585.00	3585.00	3585.00	3585.00	3585.00	3586.00	3586.00	3586.00	3587.00	3587.00	3587.00	3588.00	3588.00	3589.00	3589.00	3589.00	3590.00	3590.00	3592.00	3592.00	3592.00	3592.00	3593.00	3594.00	3594.00	3595.00	3595.00	3596.00	3597.00	3597.00	3597.00	3598.00	3599.00	3599.00	3599.00	3599.00	3600.00	3601.00	3601.00	3602.00	3602.00	3603.00	3603.00	3603.00	3603.00	3604.00	3604.00	3604.00	3605.00	3605.00	3606.00	3606.00	3606.00	3606.00	3607.00	3607.00	3607.00	3607.00	3607.00	3608.00	3608.00	3608.00	3608.00	3608.00	3609.00	3609.00	3609.00	3609.00	3610.00	3610.00	3610.00	3611.00	3611.00	3612.00	3612.00	3612.00	3612.00	3613.00	3614.00	3614.00	3614.00	3615.00	3615.00	3615.00	3616.00	3616.00	3616.00	3617.00	3617.00	3617.00	3618.00	3618.00	3618.00	3619.00	3619.00	3619.00	3619.00	3619.00	3620.00	3620.00	3620.00	3621.00	3621.00	3621.00	3622.00	3622.00	3622.00	3623.00	3623.00	3623.00	3624.00	3624.00	3624.00	3625.00	3625.00	3625.00	3626.00	3626.00	3626.00	3626.00	3626.00	3627.00	3627.00	3627.00	3627.00	3628.00	3628.00	3628.00	3628.00	3628.00	3628.00	3629.00	3629.00	3629.00	3629.00	3629.00	3629.00	3629.00	3629.00	3630.00	3630.00	3630.00	3630.00	3630.00	3630.00	3630.00	3631.00	3631.00	3631.00	3631.00	3631.00	3631.00	3631.00	3631.00	3631.00	3631.00	3631.00	3631.00	3631.00	3631.00	3631.00	3631.00	3631.00	3631.00	3631.00	3631.00	3632.00	3632.00	3632.00	3632.00	3632.00	3632.00	3632.00	3632.00	3632.00	3633.00	3633.00	3633.00	3633.00	3633.00	3633.00	3634.00	3634.00	3634.00	3635.00	3635.00	3635.00	3636.00	3636.00	3636.00	3636.00	3636.00	3637.00	3637.00	3637.00	3637.00	3637.00	3638.00	3639.00	3639.00	3639.00
3584.00	3584.00	3585.00	3585.00	3585.00	3585.00	3585.00	3585.00	3585.00	3585.00	3585.00	3585.00	3585.00	3585.00	3585.00	3586.00	3586.00	3586.00	3586.00	3586.00	3586.00	3586.00	3586.00	3586.00	3586.00	3586.00	3586.00	3586.00	3586.00	3585.00	3585.00	3585.00	3585.00	3585.00	3585.00	3585.00	3585.00	3585.00	3585.00	3585.00	3585.00	3585.00	3585.00	3585.00	3585.00	3585.00	3585.00	3585.00	3585.00	3585.00	3586.00	3586.00	3586.00	3586.00	3586.00	3586.00	3587.00	3587.00	3587.00	3587.00	3588.00	3588.00	3588.00	3589.00	3589.00	3589.00	3590.00	3590.00	3590.00	3591.00	3591.00	3591.00	3591.00	3593.00	3593.00	3594.00	3594.00	3595.00	3595.00	3595.00	3596.00	3596.00	3597.00	3598.00	3598.00	3598.00	3599.00	3600.00	3600.00	3600.00	3600.00	3601.00	3602.00	3602.00	3602.00	3603.00	3604.00	3604.00	3604.00	3604.00	3605.00	3605.00	3605.00	3606.00	3606.00	3607.00	3607.00	3607.00	3607.00	3608.00	3608.00	3608.00	3608.00	3608.00	3608.00	3609.00	3609.00	3609.00	3609.00	3610.00	3610.00	3610.00	3610.00	3611.00	3611.00	3611.00	3612.00	3612.00	3613.00	3613.00	3613.00	3613.00	3614.00	3614.00	3614.00	3614.00	3615.00	3616.00	3616.00	3616.00	3616.00	3617.00	3618.00	3618.00	3618.00	3618.00	3619.00	3619.00	3619.00	3619.00	3619.00	3619.00	3619.00	3620.00	3620.00	3620.00	3621.00	3621.00	3621.00	3622.00	3622.00	3622.00	3623.00	3623.00	3623.00	3624.00	3624.00	3625.00	3625.00	3626.00	3626.00	3626.00	3626.00	3626.00	3627.00	3627.00	3627.00	3627.00	3628.00	3628.00	3628.00	3629.00	3629.00	3629.00	3629.00	3629.00	3629.00	3629.00	3629.00	3629.00	3629.00	3629.00	3629.00	3629.00	3630.00	3630.00	3630.00	3630.00	3630.00	3630.00	3630.00	3630.00	3630.00	3630.00	3630.00	3630.00	3630.00	3630.00	3631.00	3631.00	3631.00	3631.00	3631.00	3631.00	3631.00	3631.00	3631.00	3631.00	3631.00	3631.00	3631.00	3631.00	3631.00	3631.00	3632.00	3632.00	3632.00	3633.00	3633.00	3633.00	3633.00	3634.00	3634.00	3634.00	3634.00	3634.00	3635.00	3635.00	3635.00	3636.00	3636.00	3636.00	3636.00	3636.00	3637.00	3637.00	3637.00	3638.00	3638.00	3638.00	3639.00	3639.00	3639.00	3639.00	3640.00	3640.00
3584.00	3584.00	3585.00	3585.00	3585.00	3585.00	3585.00	3585.00	3585.00	3585.00	3585.00	3585.00	3585.00	3585.00	3585.00	3586.00	3586.00	3586.00	3586.00	3586.00	3586.00	3586.00	3586.00	3586.00	3586.00	3586.00	3586.00	3586.00	3586.00	3585.00	3585.00	3585.00	3585.00	3585.00	3585.00	3585.00	3585.00	3585.00	3585.00	3585.00	3585.00	3585.00	3585.00	3585.00	3585.00	3585.00	3585.00	3585.00	3585.00	3585.00	3586.00	3586.00	3586.00	3586.00	3586.00	3586.00	3587.00	3587.00	3587.00	3587.00	3588.00	3588.00	3588.00	3589.00	3589.00	3589.00	3590.00	3590.00	3590.00	3591.00	3591.00	3591.00	3591.00	3593.00	3593.00	3594.00	3594.00	3595.00	3595.00	3595.00	3596.00	3596.00	3597.00	3598.00	3598.00	3598.00	3599.00	3600.00	3600.00	3600.00	3600.00	3601.00	3602.00	3602.00	3602.00	3603.00	3604.00	3604.00	3604.00	3604.00	3605.00	3605.00	3605.00	3606.00	3606.00	3607.00	3607.00	3607.00	3607.00	3608.00	3608.00	3608.00	3608.00	3608.00	3608.00	3609.00	3609.00	3609.00	3609.00	3610.00	3610.00	3610.00	3610.00	3611.00	3611.00	3611.00	3612.00	3612.00	3613.00	3613.00	3613.00	3613.00	3614.00	3614.00	3614.00	3614.00	3615.00	3616.00	3616.00	3616.00	3616.00	3617.00	3618.00	3618.00	3618.00	3618.00	3619.00	3619.00	3619.00	3619.00	3619.00	3619.00	3619.00	3620.00	3620.00	3620.00	3621.00	3621.00	3621.00	3622.00	3622.00	3622.00	3623.00	3623.00	3623.00	3624.00	3624.00	3625.00	3625.00	3626.00	3626.00	3626.00	3626.00	3626.00	3627.00	3627.00	3627.00	3627.00	3628.00	3628.00	3628.00	3629.00	3629.00	3629.00	3629.00	3629.00	3629.00	3629.00	3629.00	3629.00	3629.00	3629.00	3629.00	3629.00	3630.00	3630.00	3630.00	3630.00	3630.00	3630.00	3630.00	3630.00	3630.00	3630.00	3630.00	3630.00	3630.00	3630.00	3631.00	3631.00	3631.00	3631.00	3631.00	3631.00	3631.00	3631.00	3631.00	3631.00	3631.00	3631.00	3631.00	3631.00	3631.00	3631.00	3632.00	3632.00	3632.00	3633.00	3633.00	3633.00	3633.00	3634.00	3634.00	3634.00	3634.00	3634.00	3635.00	3635.00	3635.00	3636.00	3636.00	3636.00	3636.00	3636.00	3637.00	3637.00	3637.00	3638.00	3638.00	3638.00	3639.00	3639.00	3639.00	3639.00	3640.00	3640.00
3584.00	3584.00	3585.00	3585.00	3585.00	3585.00	3585.00	3585.00	3585.00	3585.00	3585.00	3585.00	3585.00	3585.00	3585.00	3586.00	3586.00	3586.00	3586.00	3586.00	3586.00	3586.00	3586.00	3586.00	3586.00	3586.00	3586.00	3586.00	3586.00	3585.00	3585.00	3585.00	3585.00	3585.00	3585.00	3585.00	3585.00	3585.00	3585.00	3585.00	3585.00	3585.00	3585.00	3585.00	3585.00	3585.00	3585.00	3585.00	3585.00	3585.00	3586.00	3586.00	3586.00	3586.00	3586.00	3586.00	3587.00	3587.00	3587.00	3587.00	3588.00	3588.00	3588.00	3589.00	3589.00	3589.00	3590.00	3590.00	3590.00	3591.00	3591.00	3591.00	3591.00	3593.00	3593.00	3594.00	3594.00	3595.00	3595.00	3595.00	3596.00	3596.00	3597.00	3598.00	3598.00	3598.00	3599.00	3600.00	3600.00	3600.00	3600.00	3601.00	3602.00	3602.00	3602.00	3603.00	3604.00	3604.00	3604.00	3604.00	3605.00	3605.00	3605.00	3606.00	3606.00	3607.00	3607.00	3607.00	3607.00	3608.00	3608.00	3608.00	3608.00	3608.00	3608.00	3609.00	3609.00	3609.00	3609.00	3610.00	3610.00	3610.00	3610.00	3611.00	3611.00	3611.00	3612.00	3612.00	3613.00	3613.00	3613.00	3613.00	3614.00	3614.00	3614.00	3614.00	3615.00	3616.00	3616.00	3616.00	3616.00	3617.00	3618.00	3618.00	3618.00	3618.00	3619.00	3619.00	3619.00	3619.00	3619.00	3619.00	3619.00	3620.00	3620.00	3620.00	3621.00	3621.00	3621.00	3622.00	3622.00	3622.00	3623.00	3623.00	3623.00	3624.00	3624.00	3625.00	3625.00	3626.00	3626.00	3626.00	3626.00	3626.00	3627.00	3627.00	3627.00	3627.00	3628.00	3628.00	3628.00	3629.00	3629.00	3629.00	3629.00	3629.00	3629.00	3629.00	3629.00	3629.00	3629.00	3629.00	3629.00	3629.00	3630.00	3630.00	3630.00	3630.00	3630.00	3630.00	3630.00	3630.00	3630.00	3630.00	3630.00	3630.00	3630.00	3630.00	3631.00	3631.00	3631.00	3631.00	3631.00	3631.00	3631.00	3631.00	3631.00	3631.00	3631.00	3631.00	3631.00	3631.00	3631.00	3631.00	3632.00	3632.00	3632.00	3633.00	3633.00	3633.00	3633.00	3634.00	3634.00	3634.00	3634.00	3634.00	3635.00	3635.00	3635.00	3636.00	3636.00	3636.00	3636.00	3636.00	3637.00	3637.00	3637.00	3638.00	3638.00	3638.00	3639.00	3639.00	3639.00	3639.00	3640.00	3640.00
3584.00	3584.00	3585.00	3585.00	3585.00	3585.00	3585.00	3585.00	3585.00	3585.00	3585.00	3585.00	3585.00	3585.00	3585.00	3586.00	3586.00	3586.00	3586.00	3586.00	3586.00	3586.00	3586.00	3586.00	3586.00	3586.00	3586.00	3586.00	3586.00	3585.00	3585.00	3585.00	3585.00	3585.00	3585.00	3585.00	3585.00	3585.00	3585.00	3585.00	3585.00	3585.00	3585.00	3585.00	3585.00	3585.00	3585.00	3585.00	3585.00	3585.00	3586.00	3586.00	3586.00	3586.00	3586.00	3586.00	3587.00	3587.00	3587.00	3587.00	3588.00	3588.00	3588.00	3589.00	3589.00	3589.00	3590.00	3590.00	3590.00	3591.00	3591.00	3591.00	3591.00	3593.00	3593.00	3594.00	3594.00	3595.00	3595.00	3595.00	3596.00	3596.00	3597.00	3598.00	3598.00	3598.00	3599.00	3600.00	3600.00	3600.00	3600.00	3601.00	3602.00	3602.00	3602.00	3603.00	3604.00	3604.00	3604.00	3604.00	3605.00	3605.00	3605.00	3606.00	3606.00	3607.00	3607.00	3607.00	3607.00	3608.00	3608.00	3608.00	3608.00	3608.00	3608.00	3609.00	3609.00	3609.00	3609.00	3610.00	3610.00	3610.00	3610.00	3611.00	3611.00	3611.00	3612.00	3612.00	3613.00	3613.00	3613.00	3613.00	3614.00	3614.00	3614.00	3614.00	3615.00	3616.00	3616.00	3616.00	3616.00	3617.00	3618.00	3618.00	3618.00	3618.00	3619.00	3619.00	3619.00	3619.00	3619.00	3619.00	3619.00	3620.00	3620.00	3620.00	3621.00	3621.00	3621.00	3622.00	3622.00	3622.00	3623.00	3623.00	3623.00	3624.00	3624.00	3625.00	3625.00	3626.00	3626.00	3626.00	3626.00	3626.00	3627.00	3627.00	3627.00	3627.00	3628.00	3628.00	3628.00	3629.00	3629.00	3629.00	3629.00	3629.00	3629.00	3629.00	3629.00	3629.00	3629.00	3629.00	3629.00	3629.00	3630.00	3630.00	3630.00	3630.00	3630.00	3630.00	3630.00	3630.00	3630.00	3630.00	3630.00	3630.00	3630.00	3630.00	3631.00	3631.00	3631.00	3631.00	3631.00	3631.00	3631.00	3631.00	3631.00	3631.00	3631.00	3631.00	3631.00	3631.00	3631.00	3631.00	3632.00	3632.00	3632.00	3633.00	3633.00	3633.00	3633.00	3634.00	3634.00	3634.00	3634.00	3634.00	3635.00	3635.00	3635.00	3636.00	3636.00	3636.00	3636.00	3636.00	3637.00	3637.00	3637.00	3638.00	3638.00	3638.00	3639.00	3639.00	3639.00	3639.00	3640.00	3640.00
3584.00	3584.00	3585.00	3585.00	3585.00	3585.00	3585.00	3585.00	3585.00	3585.00	3585.00	3585.00	3585.00	3585.00	3585.00	3586.00	3586.00	3586.00	3586.00	3586.00	3586.00	3586.00	3586.00	3586.00	3586.00	3586.00	3586.00	3586.00	3586.00	3585.00	3585.00	3585.00	3585.00	3585.00	3585.00	3585.00	3585.00	3585.00	3585.00	3585.00	3585.00	3585.00	3585.00	3585.00	3585.00	3585.00	3585.00	3585.00	3585.00	3585.00	3586.00	3586.00	3586.00	3586.00	3586.00	3586.00	3587.00	3587.00	3587.00	3587.00	3588.00	3588.00	3588.00	3589.00	3589.00	3589.00	3590.00	3590.00	3590.00	3591.00	3591.00	3591.00	3591.00	3593.00	3593.00	3594.00	3594.00	3595.00	3595.00	3595.00	3596.00	3596.00	3597.00	3598.00	3598.00	3598.00	3599.00	3600.00	3600.00	3600.00	3600.00	3601.00	3602.00	3602.00	3602.00	3603.00	3604.00	3604.00	3604.00	3604.00	3605.00	3605.00	3605.00	3606.00	3606.00	3607.00	3607.00	3607.00	3607.00	3608.00	3608.00	3608.00	3608.00	3608.00	3608.00	3609.00	3609.00	3609.00	3609.00	3610.00	3610.00	3610.00	3610.00	3611.00	3611.00	3611.00	3612.00	3612.00	3613.00	3613.00	3613.00	3613.00	3614.00	3614.00	3614.00	3614.00	3615.00	3616.00	3616.00	3616.00	3616.00	3617.00	3618.00	3618.00	3618.00	3618.00	3619.00	3619.00	3619.00	3619.00	3619.00	3619.00	3619.00	3620.00	3620.00	3620.00	3621.00	3621.00	3621.00	3622.00	3622.00	3622.00	3623.00	3623.00	3623.00	3624.00	3624.00	3625.00	3625.00	3626.00	3626.00	3626.00	3626.00	3626.00	3627.00	3627.00	3627.00	3627.00	3628.00	3628.00	3628.00	3629.00	3629.00	3629.00	3629.00	3629.00	3629.00	3629.00	3629.00	3629.00	3629.00	3629.00	3629.00	3629.00	3630.00	3630.00	3630.00	3630.00	3630.00	3630.00	3630.00	3630.00	3630.00	3630.00	3630.00	3630.00	3630.00	3630.00	3631.00	3631.00	3631.00	3631.00	3631.00	3631.00	3631.00	3631.00	3631.00	3631.00	3631.00	3631.00	3631.00	3631.00	3631.00	3631.00	3632.00	3632.00	3632.00	3633.00	3633.00	3633.00	3633.00	3634.00	3634.00	3634.00	3634.00	3634.00	3635.00	3635.00	3635.00	3636.00	3636.00	3636.00	3636.00	3636.00	3637.00	3637.00	3637.00	3638.00	3638.00	3638.00	3639.00	3639.00	3639.00	3639.00	3640.00	3640.00
3583.00	3583.00	3583.00	3583.00	3583.00	3583.00	3583.00	3584.00	3584.00	3584.00	3584.00	3584.00	3584.00	3584.00	3584.00	3585.00	3585.00	3585.00	3585.00	3585.00	3585.00	3585.00	3585.00	3585.00	3585.00	3585.00	3585.00	3585.00	3585.00	3586.00	3586.00	3586.00	3586.00	3586.00	3586.00	3586.00	3586.00	3586.00	3586.00	3586.00	3586.00	3586.00	3586.00	3586.00	3586.00	3586.00	3586.00	3586.00	3586.00	3586.00	3587.00	3587.00	3587.00	3587.00	3588.00	3588.00	3588.00	3589.00	3589.00	3589.00	3589.00	3589.00	3589.00	3590.00	3590.00	3590.00	3591.00	3591.00	3591.00	3592.00	3592.00	3593.00	3593.00	3594.00	3594.00	3595.00	3595.00	3596.00	3596.00	3596.00	3597.00	3597.00	3598.00	3598.00	3599.00	3599.00	3600.00	3601.00	3601.00	3601.00	3601.00	3602.00	3602.00	3602.00	3603.00	3603.00	3604.00	3604.00	3604.00	3604.00	3605.00	3606.00	3606.00	3606.00	3606.00	3607.00	3607.00	3608.00	3608.00	3608.00	3608.00	3608.00	3608.00	3608.00	3609.00	3609.00	3610.00	3610.00	3610.00	3611.00	3611.00	3611.00	3611.00	3612.00	3612.00	3612.00	3613.00	3613.00	3613.00	3613.00	3614.00	3614.00	3614.00	3615.00	3615.00	3615.00	3616.00	3616.00	3616.00	3617.00	3617.00	3617.00	3618.00	3618.00	3618.00	3618.00	3619.00	3619.00	3619.00	3619.00	3619.00	3619.00	3619.00	3620.00	3620.00	3620.00	3621.00	3621.00	3621.00	3622.00	3623.00	3623.00	3623.00	3624.00	3624.00	3625.00	3625.00	3625.00	3625.00	3626.00	3626.00	3626.00	3626.00	3626.00	3627.00	3627.00	3627.00	3627.00	3627.00	3627.00	3628.00	3628.00	3628.00	3628.00	3628.00	3628.00	3628.00	3628.00	3629.00	3629.00	3629.00	3629.00	3629.00	3629.00	3629.00	3629.00	3629.00	3629.00	3629.00	3630.00	3630.00	3630.00	3630.00	3630.00	3630.00	3630.00	3630.00	3630.00	3630.00	3630.00	3630.00	3630.00	3630.00	3631.00	3631.00	3631.00	3631.00	3631.00	3631.00	3631.00	3632.00	3632.00	3632.00	3632.00	3632.00	3632.00	3633.00	3633.00	3633.00	3633.00	3634.00	3634.00	3634.00	3635.00	3635.00	3635.00	3635.00	3635.00	3636.00	3636.00	3636.00	3637.00	3637.00	3637.00	3638.00	3638.00	3638.00	3638.00	3639.00	3639.00	3639.00	3639.00	3640.00	3640.00	3640.00	3640.00
3583.00	3583.00	3583.00	3583.00	3583.00	3583.00	3583.00	3584.00	3584.00	3584.00	3584.00	3584.00	3584.00	3584.00	3584.00	3585.00	3585.00	3585.00	3585.00	3585.00	3585.00	3585.00	3585.00	3585.00	3585.00	3585.00	3585.00	3585.00	3585.00	3586.00	3586.00	3586.00	3586.00	3586.00	3586.00	3586.00	3586.00	3586.00	3586.00	3586.00	3586.00	3586.00	3586.00	3586.00	3586.00	3586.00	3586.00	3586.00	3586.00	3586.00	3587.00	3587.00	3587.00	3587.00	3588.00	3588.00	3588.00	3589.00	3589.00	3589.00	3589.00	3589.00	3589.00	3590.00	3590.00	3590.00	3591.00	3591.00	3591.00	3592.00	3592.00	3593.00	3593.00	3594.00	3594.00	3595.00	3595.00	3596.00	3596.00	3596.00	3597.00	3597.00	3598.00	3598.00	3599.00	3599.00	3600.00	3601.00	3601.00	3601.00	3601.00	3602.00	3602.00	3602.00	3603.00	3603.00	3604.00	3604.00	3604.00	3604.00	3605.00	3606.00	3606.00	3606.00	3606.00	3607.00	3607.00	3608.00	3608.00	3608.00	3608.00	3608.00	3608.00	3608.00	3609.00	3609.00	3610.00	3610.00	3610.00	3611.00	3611.00	3611.00	3611.00	3612.00	3612.00	3612.00	3613.00	3613.00	3613.00	3613.00	3614.00	3614.00	3614.00	3615.00	3615.00	3615.00	3616.00	3616.00	3616.00	3617.00	3617.00	3617.00	3618.00	3618.00	3618.00	3618.00	3619.00	3619.00	3619.00	3619.00	3619.00	3619.00	3619.00	3620.00	3620.00	3620.00	3621.00	3621.00	3621.00	3622.00	3623.00	3623.00	3623.00	3624.00	3624.00	3625.00	3625.00	3625.00	3625.00	3626.00	3626.00	3626.00	3626.00	3626.00	3627.00	3627.00	3627.00	3627.00	3627.00	3627.00	3628.00	3628.00	3628.00	3628.00	3628.00	3628.00	3628.00	3628.00	3629.00	3629.00	3629.00	3629.00	3629.00	3629.00	3629.00	3629.00	3629.00	3629.00	3629.00	3630.00	3630.00	3630.00	3630.00	3630.00	3630.00	3630.00	3630.00	3630.00	3630.00	3630.00	3630.00	3630.00	3630.00	3631.00	3631.00	3631.00	3631.00	3631.00	3631.00	3631.00	3632.00	3632.00	3632.00	3632.00	3632.00	3632.00	3633.00	3633.00	3633.00	3633.00	3634.00	3634.00	3634.00	3635.00	3635.00	3635.00	3635.00	3635.00	3636.00	3636.00	3636.00	3637.00	3637.00	3637.00	3638.00	3638.00	3638.00	3638.00	3639.00	3639.00	3639.00	3639.00	3640.00	3640.00	3640.00	3640.00
3583.00	3583.00	3583.00	3583.00	3583.00	3583.00	3583.00	3584.00	3584.00	3584.00	3584.00	3584.00	3584.00	3584.00	3584.00	3585.00	3585.00	3585.00	3585.00	3585.00	3585.00	3585.00	3585.00	3585.00	3585.00	3585.00	3585.00	3585.00	3585.00	3586.00	3586.00	3586.00	3586.00	3586.00	3586.00	3586.00	3586.00	3586.00	3586.00	3586.00	3586.00	3586.00	3586.00	3586.00	3586.00	3586.00	3586.00	3586.00	3586.00	3586.00	3587.00	3587.00	3587.00	3587.00	3588.00	3588.00	3588.00	3589.00	3589.00	3589.00	3589.00	3589.00	3589.00	3590.00	3590.00	3590.00	3591.00	3591.00	3591.00	3592.00	3592.00	3593.00	3593.00	3594.00	3594.00	3595.00	3595.00	3596.00	3596.00	3596.00	3597.00	3597.00	3598.00	3598.00	3599.00	3599.00	3600.00	3601.00	3601.00	3601.00	3601.00	3602.00	3602.00	3602.00	3603.00	3603.00	3604.00	3604.00	3604.00	3604.00	3605.00	3606.00	3606.00	3606.00	3606.00	3607.00	3607.00	3608.00	3608.00	3608.00	3608.00	3608.00	3608.00	3608.00	3609.00	3609.00	3610.00	3610.00	3610.00	3611.00	3611.00	3611.00	3611.00	3612.00	3612.00	3612.00	3613.00	3613.00	3613.00	3613.00	3614.00	3614.00	3614.00	3615.00	3615.00	3615.00	3616.00	3616.00	3616.00	3617.00	3617.00	3617.00	3618.00	3618.00	3618.00	3618.00	3619.00	3619.00	3619.00	3619.00	3619.00	3619.00	3619.00	3620.00	3620.00	3620.00	3621.00	3621.00	3621.00	3622.00	3623.00	3623.00	3623.00	3624.00	3624.00	3625.00	3625.00	3625.00	3625.00	3626.00	3626.00	3626.00	3626.00	3626.00	3627.00	3627.00	3627.00	3627.00	3627.00	3627.00	3628.00	3628.00	3628.00	3628.00	3628.00	3628.00	3628.00	3628.00	3629.00	3629.00	3629.00	3629.00	3629.00	3629.00	3629.00	3629.00	3629.00	3629.00	3629.00	3630.00	3630.00	3630.00	3630.00	3630.00	3630.00	3630.00	3630.00	3630.00	3630.00	3630.00	3630.00	3630.00	3630.00	3631.00	3631.00	3631.00	3631.00	3631.00	3631.00	3631.00	3632.00	3632.00	3632.00	3632.00	3632.00	3632.00	3633.00	3633.00	3633.00	3633.00	3634.00	3634.00	3634.00	3635.00	3635.00	3635.00	3635.00	3635.00	3636.00	3636.00	3636.00	3637.00	3637.00	3637.00	3638.00	3638.00	3638.00	3638.00	3639.00	3639.00	3639.00	3639.00	3640.00	3640.00	3640.00	3640.00
3583.00	3583.00	3583.00	3583.00	3583.00	3583.00	3583.00	3584.00	3584.00	3584.00	3584.00	3584.00	3584.00	3584.00	3584.00	3585.00	3585.00	3585.00	3585.00	3585.00	3585.00	3585.00	3585.00	3585.00	3585.00	3585.00	3585.00	3585.00	3585.00	3586.00	3586.00	3586.00	3586.00	3586.00	3586.00	3586.00	3586.00	3586.00	3586.00	3586.00	3586.00	3586.00	3586.00	3586.00	3586.00	3586.00	3586.00	3586.00	3586.00	3586.00	3587.00	3587.00	3587.00	3587.00	3588.00	3588.00	3588.00	3589.00	3589.00	3589.00	3589.00	3589.00	3589.00	3590.00	3590.00	3590.00	3591.00	3591.00	3591.00	3592.00	3592.00	3593.00	3593.00	3594.00	3594.00	3595.00	3595.00	3596.00	3596.00	3596.00	3597.00	3597.00	3598.00	3598.00	3599.00	3599.00	3600.00	3601.00	3601.00	3601.00	3601.00	3602.00	3602.00	3602.00	3603.00	3603.00	3604.00	3604.00	3604.00	3604.00	3605.00	3606.00	3606.00	3606.00	3606.00	3607.00	3607.00	3608.00	3608.00	3608.00	3608.00	3608.00	3608.00	3608.00	3609.00	3609.00	3610.00	3610.00	3610.00	3611.00	3611.00	3611.00	3611.00	3612.00	3612.00	3612.00	3613.00	3613.00	3613.00	3613.00	3614.00	3614.00	3614.00	3615.00	3615.00	3615.00	3616.00	3616.00	3616.00	3617.00	3617.00	3617.00	3618.00	3618.00	3618.00	3618.00	3619.00	3619.00	3619.00	3619.00	3619.00	3619.00	3619.00	3620.00	3620.00	3620.00	3621.00	3621.00	3621.00	3622.00	3623.00	3623.00	3623.00	3624.00	3624.00	3625.00	3625.00	3625.00	3625.00	3626.00	3626.00	3626.00	3626.00	3626.00	3627.00	3627.00	3627.00	3627.00	3627.00	3627.00	3628.00	3628.00	3628.00	3628.00	3628.00	3628.00	3628.00	3628.00	3629.00	3629.00	3629.00	3629.00	3629.00	3629.00	3629.00	3629.00	3629.00	3629.00	3629.00	3630.00	3630.00	3630.00	3630.00	3630.00	3630.00	3630.00	3630.00	3630.00	3630.00	3630.00	3630.00	3630.00	3630.00	3631.00	3631.00	3631.00	3631.00	3631.00	3631.00	3631.00	3632.00	3632.00	3632.00	3632.00	3632.00	3632.00	3633.00	3633.00	3633.00	3633.00	3634.00	3634.00	3634.00	3635.00	3635.00	3635.00	3635.00	3635.00	3636.00	3636.00	3636.00	3637.00	3637.00	3637.00	3638.00	3638.00	3638.00	3638.00	3639.00	3639.00	3639.00	3639.00	3640.00	3640.00	3640.00	3640.00
3583.00	3583.00	3583.00	3583.00	3583.00	3583.00	3583.00	3584.00	3584.00	3584.00	3584.00	3584.00	3584.00	3584.00	3584.00	3585.00	3585.00	3585.00	3585.00	3585.00	3585.00	3585.00	3585.00	3585.00	3585.00	3585.00	3585.00	3585.00	3585.00	3586.00	3586.00	3586.00	3586.00	3586.00	3586.00	3586.00	3586.00	3586.00	3586.00	3586.00	3586.00	3586.00	3586.00	3586.00	3586.00	3586.00	3586.00	3586.00	3586.00	3586.00	3587.00	3587.00	3587.00	3587.00	3588.00	3588.00	3588.00	3589.00	3589.00	3589.00	3589.00	3589.00	3589.00	3590.00	3590.00	3590.00	3591.00	3591.00	3591.00	3592.00	3592.00	3593.00	3593.00	3594.00	3594.00	3595.00	3595.00	3596.00	3596.00	3596.00	3597.00	3597.00	3598.00	3598.00	3599.00	3599.00	3600.00	3601.00	3601.00	3601.00	3601.00	3602.00	3602.00	3602.00	3603.00	3603.00	3604.00	3604.00	3604.00	3604.00	3605.00	3606.00	3606.00	3606.00	3606.00	3607.00	3607.00	3608.00	3608.00	3608.00	3608.00	3608.00	3608.00	3608.00	3609.00	3609.00	3610.00	3610.00	3610.00	3611.00	3611.00	3611.00	3611.00	3612.00	3612.00	3612.00	3613.00	3613.00	3613.00	3613.00	3614.00	3614.00	3614.00	3615.00	3615.00	3615.00	3616.00	3616.00	3616.00	3617.00	3617.00	3617.00	3618.00	3618.00	3618.00	3618.00	3619.00	3619.00	3619.00	3619.00	3619.00	3619.00	3619.00	3620.00	3620.00	3620.00	3621.00	3621.00	3621.00	3622.00	3623.00	3623.00	3623.00	3624.00	3624.00	3625.00	3625.00	3625.00	3625.00	3626.00	3626.00	3626.00	3626.00	3626.00	3627.00	3627.00	3627.00	3627.00	3627.00	3627.00	3628.00	3628.00	3628.00	3628.00	3628.00	3628.00	3628.00	3628.00	3629.00	3629.00	3629.00	3629.00	3629.00	3629.00	3629.00	3629.00	3629.00	3629.00	3629.00	3630.00	3630.00	3630.00	3630.00	3630.00	3630.00	3630.00	3630.00	3630.00	3630.00	3630.00	3630.00	3630.00	3630.00	3631.00	3631.00	3631.00	3631.00	3631.00	3631.00	3631.00	3632.00	3632.00	3632.00	3632.00	3632.00	3632.00	3633.00	3633.00	3633.00	3633.00	3634.00	3634.00	3634.00	3635.00	3635.00	3635.00	3635.00	3635.00	3636.00	3636.00	3636.00	3637.00	3637.00	3637.00	3638.00	3638.00	3638.00	3638.00	3639.00	3639.00	3639.00	3639.00	3640.00	3640.00	3640.00	3640.00
3583.00	3583.00	3583.00	3583.00	3583.00	3583.00	3583.00	3584.00	3584.00	3584.00	3584.00	3584.00	3584.00	3584.00	3584.00	3585.00	3585.00	3585.00	3585.00	3585.00	3585.00	3585.00	3585.00	3585.00	3585.00	3585.00	3585.00	3585.00	3585.00	3586.00	3586.00	3586.00	3586.00	3586.00	3586.00	3586.00	3586.00	3586.00	3586.00	3586.00	3586.00	3586.00	3586.00	3586.00	3586.00	3586.00	3586.00	3586.00	3586.00	3586.00	3587.00	3587.00	3587.00	3587.00	3588.00	3588.00	3588.00	3589.00	3589.00	3589.00	3589.00	3589.00	3589.00	3590.00	3590.00	3590.00	3591.00	3591.00	3591.00	3592.00	3592.00	3593.00	3593.00	3594.00	3594.00	3595.00	3595.00	3596.00	3596.00	3596.00	3597.00	3597.00	3598.00	3598.00	3599.00	3599.00	3600.00	3601.00	3601.00	3601.00	3601.00	3602.00	3602.00	3602.00	3603.00	3603.00	3604.00	3604.00	3604.00	3604.00	3605.00	3606.00	3606.00	3606.00	3606.00	3607.00	3607.00	3608.00	3608.00	3608.00	3608.00	3608.00	3608.00	3608.00	3609.00	3609.00	3610.00	3610.00	3610.00	3611.00	3611.00	3611.00	3611.00	3612.00	3612.00	3612.00	3613.00	3613.00	3613.00	3613.00	3614.00	3614.00	3614.00	3615.00	3615.00	3615.00	3616.00	3616.00	3616.00	3617.00	3617.00	3617.00	3618.00	3618.00	3618.00	3618.00	3619.00	3619.00	3619.00	3619.00	3619.00	3619.00	3619.00	3620.00	3620.00	3620.00	3621.00	3621.00	3621.00	3622.00	3623.00	3623.00	3623.00	3624.00	3624.00	3625.00	3625.00	3625.00	3625.00	3626.00	3626.00	3626.00	3626.00	3626.00	3627.00	3627.00	3627.00	3627.00	3627.00	3627.00	3628.00	3628.00	3628.00	3628.00	3628.00	3628.00	3628.00	3628.00	3629.00	3629.00	3629.00	3629.00	3629.00	3629.00	3629.00	3629.00	3629.00	3629.00	3629.00	3630.00	3630.00	3630.00	3630.00	3630.00	3630.00	3630.00	3630.00	3630.00	3630.00	3630.00	3630.00	3630.00	3630.00	3631.00	3631.00	3631.00	3631.00	3631.00	3631.00	3631.00	3632.00	3632.00	3632.00	3632.00	3632.00	3632.00	3633.00	3633.00	3633.00	3633.00	3634.00	3634.00	3634.00	3635.00	3635.00	3635.00	3635.00	3635.00	3636.00	3636.00	3636.00	3637.00	3637.00	3637.00	3638.00	3638.00	3638.00	3638.00	3639.00	3639.00	3639.00	3639.00	3640.00	3640.00	3640.00	3640.00
3583.00	3583.00	3583.00	3583.00	3583.00	3583.00	3583.00	3584.00	3584.00	3584.00	3584.00	3584.00	3584.00	3584.00	3584.00	3585.00	3585.00	3585.00	3585.00	3585.00	3585.00	3585.00	3585.00	3585.00	3585.00	3585.00	3585.00	3585.00	3585.00	3586.00	3586.00	3586.00	3586.00	3586.00	3586.00	3586.00	3586.00	3586.00	3586.00	3586.00	3586.00	3586.00	3586.00	3586.00	3586.00	3586.00	3586.00	3586.00	3586.00	3586.00	3587.00	3587.00	3587.00	3587.00	3588.00	3588.00	3588.00	3589.00	3589.00	3589.00	3589.00	3589.00	3589.00	3590.00	3590.00	3590.00	3591.00	3591.00	3591.00	3592.00	3592.00	3593.00	3593.00	3594.00	3594.00	3595.00	3595.00	3596.00	3596.00	3596.00	3597.00	3597.00	3598.00	3598.00	3599.00	3599.00	3600.00	3601.00	3601.00	3601.00	3601.00	3602.00	3602.00	3602.00	3603.00	3603.00	3604.00	3604.00	3604.00	3604.00	3605.00	3606.00	3606.00	3606.00	3606.00	3607.00	3607.00	3608.00	3608.00	3608.00	3608.00	3608.00	3608.00	3608.00	3609.00	3609.00	3610.00	3610.00	3610.00	3611.00	3611.00	3611.00	3611.00	3612.00	3612.00	3612.00	3613.00	3613.00	3613.00	3613.00	3614.00	3614.00	3614.00	3615.00	3615.00	3615.00	3616.00	3616.00	3616.00	3617.00	3617.00	3617.00	3618.00	3618.00	3618.00	3618.00	3619.00	3619.00	3619.00	3619.00	3619.00	3619.00	3619.00	3620.00	3620.00	3620.00	3621.00	3621.00	3621.00	3622.00	3623.00	3623.00	3623.00	3624.00	3624.00	3625.00	3625.00	3625.00	3625.00	3626.00	3626.00	3626.00	3626.00	3626.00	3627.00	3627.00	3627.00	3627.00	3627.00	3627.00	3628.00	3628.00	3628.00	3628.00	3628.00	3628.00	3628.00	3628.00	3629.00	3629.00	3629.00	3629.00	3629.00	3629.00	3629.00	3629.00	3629.00	3629.00	3629.00	3630.00	3630.00	3630.00	3630.00	3630.00	3630.00	3630.00	3630.00	3630.00	3630.00	3630.00	3630.00	3630.00	3630.00	3631.00	3631.00	3631.00	3631.00	3631.00	3631.00	3631.00	3632.00	3632.00	3632.00	3632.00	3632.00	3632.00	3633.00	3633.00	3633.00	3633.00	3634.00	3634.00	3634.00	3635.00	3635.00	3635.00	3635.00	3635.00	3636.00	3636.00	3636.00	3637.00	3637.00	3637.00	3638.00	3638.00	3638.00	3638.00	3639.00	3639.00	3639.00	3639.00	3640.00	3640.00	3640.00	3640.00
3582.00	3582.00	3582.00	3582.00	3582.00	3582.00	3582.00	3583.00	3583.00	3583.00	3583.00	3583.00	3583.00	3584.00	3584.00	3584.00	3584.00	3584.00	3584.00	3584.00	3585.00	3585.00	3585.00	3585.00	3585.00	3585.00	3585.00	3585.00	3585.00	3586.00	3586.00	3586.00	3586.00	3586.00	3586.00	3586.00	3587.00	3587.00	3587.00	3587.00	3587.00	3587.00	3587.00	3587.00	3587.00	3588.00	3588.00	3588.00	3588.00	3588.00	3588.00	3589.00	3589.00	3589.00	3590.00	3590.00	3590.00	3590.00	3590.00	3591.00	3591.00	3591.00	3591.00	3591.00	3591.00	3592.00	3592.00	3592.00	3593.00	3593.00	3593.00	3594.00	3594.00	3595.00	3595.00	3596.00	3596.00	3597.00	3597.00	3597.00	3598.00	3598.00	3598.00	3599.00	3599.00	3599.00	3600.00	3601.00	3601.00	3601.00	3601.00	3602.00	3603.00	3603.00	3603.00	3604.00	3605.00	3605.00	3605.00	3605.00	3606.00	3606.00	3606.00	3607.00	3607.00	3608.00	3608.00	3608.00	3608.00	3608.00	3609.00	3609.00	3609.00	3609.00	3610.00	3610.00	3611.00	3611.00	3611.00	3612.00	3612.00	3612.00	3612.00	3613.00	3613.00	3613.00	3613.00	3614.00	3614.00	3614.00	3615.00	3615.00	3615.00	3615.00	3615.00	3616.00	3616.00	3616.00	3616.00	3617.00	3617.00	3617.00	3618.00	3618.00	3618.00	3619.00	3619.00	3619.00	3619.00	3619.00	3620.00	3620.00	3620.00	3620.00	3621.00	3621.00	3621.00	3621.00	3621.00	3622.00	3623.00	3623.00	3623.00	3624.00	3624.00	3625.00	3625.00	3625.00	3625.00	3626.00	3626.00	3626.00	3626.00	3626.00	3627.00	3627.00	3627.00	3627.00	3627.00	3627.00	3627.00	3627.00	3627.00	3627.00	3627.00	3627.00	3627.00	3627.00	3628.00	3628.00	3628.00	3628.00	3628.00	3628.00	3629.00	3629.00	3629.00	3629.00	3629.00	3629.00	3629.00	3629.00	3629.00	3629.00	3629.00	3629.00	3629.00	3629.00	3630.00	3630.00	3630.00	3630.00	3630.00	3631.00	3631.00	3631.00	3631.00	3631.00	3631.00	3631.00	3632.00	3632.00	3632.00	3632.00	3633.00	3633.00	3633.00	3634.00	3634.00	3634.00	3634.00	3635.00	3635.00	3635.00	3635.00	3636.00	3636.00	3636.00	3636.00	3637.00	3637.00	3637.00	3637.00	3637.00	3638.00	3638.00	3638.00	3638.00	3639.00	3639.00	3639.00	3639.00	3640.00	3640.00	3640.00	3640.00
3582.00	3582.00	3582.00	3582.00	3582.00	3582.00	3582.00	3583.00	3583.00	3583.00	3583.00	3583.00	3583.00	3584.00	3584.00	3584.00	3584.00	3584.00	3584.00	3584.00	3585.00	3585.00	3585.00	3585.00	3585.00	3585.00	3585.00	3585.00	3585.00	3586.00	3586.00	3586.00	3586.00	3586.00	3586.00	3586.00	3587.00	3587.00	3587.00	3587.00	3587.00	3587.00	3587.00	3587.00	3587.00	3588.00	3588.00	3588.00	3588.00	3588.00	3588.00	3589.00	3589.00	3589.00	3590.00	3590.00	3590.00	3590.00	3590.00	3591.00	3591.00	3591.00	3591.00	3591.00	3591.00	3592.00	3592.00	3592.00	3593.00	3593.00	3593.00	3594.00	3594.00	3595.00	3595.00	3596.00	3596.00	3597.00	3597.00	3597.00	3598.00	3598.00	3598.00	3599.00	3599.00	3599.00	3600.00	3601.00	3601.00	3601.00	3601.00	3602.00	3603.00	3603.00	3603.00	3604.00	3605.00	3605.00	3605.00	3605.00	3606.00	3606.00	3606.00	3607.00	3607.00	3608.00	3608.00	3608.00	3608.00	3608.00	3609.00	3609.00	3609.00	3609.00	3610.00	3610.00	3611.00	3611.00	3611.00	3612.00	3612.00	3612.00	3612.00	3613.00	3613.00	3613.00	3613.00	3614.00	3614.00	3614.00	3615.00	3615.00	3615.00	3615.00	3615.00	3616.00	3616.00	3616.00	3616.00	3617.00	3617.00	3617.00	3618.00	3618.00	3618.00	3619.00	3619.00	3619.00	3619.00	3619.00	3620.00	3620.00	3620.00	3620.00	3621.00	3621.00	3621.00	3621.00	3621.00	3622.00	3623.00	3623.00	3623.00	3624.00	3624.00	3625.00	3625.00	3625.00	3625.00	3626.00	3626.00	3626.00	3626.00	3626.00	3627.00	3627.00	3627.00	3627.00	3627.00	3627.00	3627.00	3627.00	3627.00	3627.00	3627.00	3627.00	3627.00	3627.00	3628.00	3628.00	3628.00	3628.00	3628.00	3628.00	3629.00	3629.00	3629.00	3629.00	3629.00	3629.00	3629.00	3629.00	3629.00	3629.00	3629.00	3629.00	3629.00	3629.00	3630.00	3630.00	3630.00	3630.00	3630.00	3631.00	3631.00	3631.00	3631.00	3631.00	3631.00	3631.00	3632.00	3632.00	3632.00	3632.00	3633.00	3633.00	3633.00	3634.00	3634.00	3634.00	3634.00	3635.00	3635.00	3635.00	3635.00	3636.00	3636.00	3636.00	3636.00	3637.00	3637.00	3637.00	3637.00	3637.00	3638.00	3638.00	3638.00	3638.00	3639.00	3639.00	3639.00	3639.00	3640.00	3640.00	3640.00	3640.00
3582.00	3582.00	3582.00	3582.00	3582.00	3582.00	3582.00	3583.00	3583.00	3583.00	3583.00	3583.00	3583.00	3584.00	3584.00	3584.00	3584.00	3584.00	3584.00	3584.00	3585.00	3585.00	3585.00	3585.00	3585.00	3585.00	3585.00	3585.00	3585.00	3586.00	3586.00	3586.00	3586.00	3586.00	3586.00	3586.00	3587.00	3587.00	3587.00	3587.00	3587.00	3587.00	3587.00	3587.00	3587.00	3588.00	3588.00	3588.00	3588.00	3588.00	3588.00	3589.00	3589.00	3589.00	3590.00	3590.00	3590.00	3590.00	3590.00	3591.00	3591.00	3591.00	3591.00	3591.00	3591.00	3592.00	3592.00	3592.00	3593.00	3593.00	3593.00	3594.00	3594.00	3595.00	3595.00	3596.00	3596.00	3597.00	3597.00	3597.00	3598.00	3598.00	3598.00	3599.00	3599.00	3599.00	3600.00	3601.00	3601.00	3601.00	3601.00	3602.00	3603.00	3603.00	3603.00	3604.00	3605.00	3605.00	3605.00	3605.00	3606.00	3606.00	3606.00	3607.00	3607.00	3608.00	3608.00	3608.00	3608.00	3608.00	3609.00	3609.00	3609.00	3609.00	3610.00	3610.00	3611.00	3611.00	3611.00	3612.00	3612.00	3612.00	3612.00	3613.00	3613.00	3613.00	3613.00	3614.00	3614.00	3614.00	3615.00	3615.00	3615.00	3615.00	3615.00	3616.00	3616.00	3616.00	3616.00	3617.00	3617.00	3617.00	3618.00	3618.00	3618.00	3619.00	3619.00	3619.00	3619.00	3619.00	3620.00	3620.00	3620.00	3620.00	3621.00	3621.00	3621.00	3621.00	3621.00	3622.00	3623.00	3623.00	3623.00	3624.00	3624.00	3625.00	3625.00	3625.00	3625.00	3626.00	3626.00	3626.00	3626.00	3626.00	3627.00	3627.00	3627.00	3627.00	3627.00	3627.00	3627.00	3627.00	3627.00	3627.00	3627.00	3627.00	3627.00	3627.00	3628.00	3628.00	3628.00	3628.00	3628.00	3628.00	3629.00	3629.00	3629.00	3629.00	3629.00	3629.00	3629.00	3629.00	3629.00	3629.00	3629.00	3629.00	3629.00	3629.00	3630.00	3630.00	3630.00	3630.00	3630.00	3631.00	3631.00	3631.00	3631.00	3631.00	3631.00	3631.00	3632.00	3632.00	3632.00	3632.00	3633.00	3633.00	3633.00	3634.00	3634.00	3634.00	3634.00	3635.00	3635.00	3635.00	3635.00	3636.00	3636.00	3636.00	3636.00	3637.00	3637.00	3637.00	3637.00	3637.00	3638.00	3638.00	3638.00	3638.00	3639.00	3639.00	3639.00	3639.00	3640.00	3640.00	3640.00	3640.00
3582.00	3582.00	3582.00	3582.00	3582.00	3582.00	3582.00	3583.00	3583.00	3583.00	3583.00	3583.00	3583.00	3584.00	3584.00	3584.00	3584.00	3584.00	3584.00	3584.00	3585.00	3585.00	3585.00	3585.00	3585.00	3585.00	3585.00	3585.00	3585.00	3586.00	3586.00	3586.00	3586.00	3586.00	3586.00	3586.00	3587.00	3587.00	3587.00	3587.00	3587.00	3587.00	3587.00	3587.00	3587.00	3588.00	3588.00	3588.00	3588.00	3588.00	3588.00	3589.00	3589.00	3589.00	3590.00	3590.00	3590.00	3590.00	3590.00	3591.00	3591.00	3591.00	3591.00	3591.00	3591.00	3592.00	3592.00	3592.00	3593.00	3593.00	3593.00	3594.00	3594.00	3595.00	3595.00	3596.00	3596.00	3597.00	3597.00	3597.00	3598.00	3598.00	3598.00	3599.00	3599.00	3599.00	3600.00	3601.00	3601.00	3601.00	3601.00	3602.00	3603.00	3603.00	3603.00	3604.00	3605.00	3605.00	3605.00	3605.00	3606.00	3606.00	3606.00	3607.00	3607.00	3608.00	3608.00	3608.00	3608.00	3608.00	3609.00	3609.00	3609.00	3609.00	3610.00	3610.00	3611.00	3611.00	3611.00	3612.00	3612.00	3612.00	3612.00	3613.00	3613.00	3613.00	3613.00	3614.00	3614.00	3614.00	3615.00	3615.00	3615.00	3615.00	3615.00	3616.00	3616.00	3616.00	3616.00	3617.00	3617.00	3617.00	3618.00	3618.00	3618.00	3619.00	3619.00	3619.00	3619.00	3619.00	3620.00	3620.00	3620.00	3620.00	3621.00	3621.00	3621.00	3621.00	3621.00	3622.00	3623.00	3623.00	3623.00	3624.00	3624.00	3625.00	3625.00	3625.00	3625.00	3626.00	3626.00	3626.00	3626.00	3626.00	3627.00	3627.00	3627.00	3627.00	3627.00	3627.00	3627.00	3627.00	3627.00	3627.00	3627.00	3627.00	3627.00	3627.00	3628.00	3628.00	3628.00	3628.00	3628.00	3628.00	3629.00	3629.00	3629.00	3629.00	3629.00	3629.00	3629.00	3629.00	3629.00	3629.00	3629.00	3629.00	3629.00	3629.00	3630.00	3630.00	3630.00	3630.00	3630.00	3631.00	3631.00	3631.00	3631.00	3631.00	3631.00	3631.00	3632.00	3632.00	3632.00	3632.00	3633.00	3633.00	3633.00	3634.00	3634.00	3634.00	3634.00	3635.00	3635.00	3635.00	3635.00	3636.00	3636.00	3636.00	3636.00	3637.00	3637.00	3637.00	3637.00	3637.00	3638.00	3638.00	3638.00	3638.00	3639.00	3639.00	3639.00	3639.00	3640.00	3640.00	3640.00	3640.00
3582.00	3582.00	3582.00	3582.00	3582.00	3582.00	3582.00	3583.00	3583.00	3583.00	3583.00	3583.00	3583.00	3584.00	3584.00	3584.00	3584.00	3584.00	3584.00	3584.00	3585.00	3585.00	3585.00	3585.00	3585.00	3585.00	3585.00	3585.00	3585.00	3586.00	3586.00	3586.00	3586.00	3586.00	3586.00	3586.00	3587.00	3587.00	3587.00	3587.00	3587.00	3587.00	3587.00	3587.00	3587.00	3588.00	3588.00	3588.00	3588.00	3588.00	3588.00	3589.00	3589.00	3589.00	3590.00	3590.00	3590.00	3590.00	3590.00	3591.00	3591.00	3591.00	3591.00	3591.00	3591.00	3592.00	3592.00	3592.00	3593.00	3593.00	3593.00	3594.00	3594.00	3595.00	3595.00	3596.00	3596.00	3597.00	3597.00	3597.00	3598.00	3598.00	3598.00	3599.00	3599.00	3599.00	3600.00	3601.00	3601.00	3601.00	3601.00	3602.00	3603.00	3603.00	3603.00	3604.00	3605.00	3605.00	3605.00	3605.00	3606.00	3606.00	3606.00	3607.00	3607.00	3608.00	3608.00	3608.00	3608.00	3608.00	3609.00	3609.00	3609.00	3609.00	3610.00	3610.00	3611.00	3611.00	3611.00	3612.00	3612.00	3612.00	3612.00	3613.00	3613.00	3613.00	3613.00	3614.00	3614.00	3614.00	3615.00	3615.00	3615.00	3615.00	3615.00	3616.00	3616.00	3616.00	3616.00	3617.00	3617.00	3617.00	3618.00	3618.00	3618.00	3619.00	3619.00	3619.00	3619.00	3619.00	3620.00	3620.00	3620.00	3620.00	3621.00	3621.00	3621.00	3621.00	3621.00	3622.00	3623.00	3623.00	3623.00	3624.00	3624.00	3625.00	3625.00	3625.00	3625.00	3626.00	3626.00	3626.00	3626.00	3626.00	3627.00	3627.00	3627.00	3627.00	3627.00	3627.00	3627.00	3627.00	3627.00	3627.00	3627.00	3627.00	3627.00	3627.00	3628.00	3628.00	3628.00	3628.00	3628.00	3628.00	3629.00	3629.00	3629.00	3629.00	3629.00	3629.00	3629.00	3629.00	3629.00	3629.00	3629.00	3629.00	3629.00	3629.00	3630.00	3630.00	3630.00	3630.00	3630.00	3631.00	3631.00	3631.00	3631.00	3631.00	3631.00	3631.00	3632.00	3632.00	3632.00	3632.00	3633.00	3633.00	3633.00	3634.00	3634.00	3634.00	3634.00	3635.00	3635.00	3635.00	3635.00	3636.00	3636.00	3636.00	3636.00	3637.00	3637.00	3637.00	3637.00	3637.00	3638.00	3638.00	3638.00	3638.00	3639.00	3639.00	3639.00	3639.00	3640.00	3640.00	3640.00	3640.00
3581.00	3581.00	3581.00	3581.00	3581.00	3581.00	3582.00	3582.00	3582.00	3582.00	3582.00	3583.00	3583.00	3583.00	3583.00	3584.00	3584.00	3584.00	3584.00	3584.00	3585.00	3585.00	3585.00	3585.00	3585.00	3586.00	3586.00	3586.00	3586.00	3587.00	3587.00	3587.00	3587.00	3588.00	3588.00	3588.00	3588.00	3588.00	3588.00	3589.00	3589.00	3589.00	3589.00	3589.00	3589.00	3589.00	3589.00	3590.00	3590.00	3590.00	3590.00	3590.00	3591.00	3591.00	3591.00	3591.00	3592.00	3592.00	3592.00	3593.00	3593.00	3593.00	3593.00	3593.00	3593.00	3594.00	3594.00	3594.00	3594.00	3594.00	3594.00	3595.00	3595.00	3596.00	3596.00	3596.00	3596.00	3597.00	3597.00	3597.00	3598.00	3598.00	3599.00	3599.00	3600.00	3600.00	3600.00	3601.00	3601.00	3601.00	3601.00	3602.00	3603.00	3603.00	3603.00	3604.00	3605.00	3605.00	3605.00	3605.00	3606.00	3606.00	3606.00	3607.00	3607.00	3608.00	3608.00	3608.00	3608.00	3609.00	3609.00	3609.00	3609.00	3609.00	3610.00	3610.00	3611.00	3611.00	3611.00	3612.00	3612.00	3612.00	3612.00	3613.00	3613.00	3613.00	3614.00	3614.00	3614.00	3614.00	3615.00	3615.00	3615.00	3615.00	3615.00	3616.00	3616.00	3616.00	3616.00	3617.00	3617.00	3617.00	3618.00	3618.00	3618.00	3618.00	3619.00	3619.00	3619.00	3619.00	3619.00	3620.00	3620.00	3620.00	3620.00	3620.00	3621.00	3621.00	3621.00	3622.00	3622.00	3622.00	3623.00	3623.00	3623.00	3624.00	3624.00	3624.00	3625.00	3625.00	3625.00	3625.00	3625.00	3625.00	3625.00	3625.00	3625.00	3625.00	3625.00	3625.00	3626.00	3626.00	3626.00	3626.00	3626.00	3626.00	3627.00	3627.00	3627.00	3627.00	3627.00	3627.00	3627.00	3627.00	3628.00	3628.00	3628.00	3628.00	3628.00	3629.00	3629.00	3629.00	3629.00	3629.00	3629.00	3629.00	3629.00	3629.00	3630.00	3630.00	3630.00	3630.00	3630.00	3631.00	3631.00	3631.00	3631.00	3631.00	3632.00	3632.00	3632.00	3633.00	3633.00	3633.00	3633.00	3633.00	3634.00	3634.00	3634.00	3635.00	3635.00	3635.00	3635.00	3636.00	3636.00	3636.00	3636.00	3636.00	3637.00	3637.00	3637.00	3638.00	3638.00	3638.00	3638.00	3638.00	3638.00	3639.00	3639.00	3639.00	3639.00	3639.00	3639.00	3640.00	3640.00	3640.00
3581.00	3581.00	3581.00	3581.00	3581.00	3581.00	3582.00	3582.00	3582.00	3582.00	3582.00	3583.00	3583.00	3583.00	3583.00	3584.00	3584.00	3584.00	3584.00	3584.00	3585.00	3585.00	3585.00	3585.00	3585.00	3586.00	3586.00	3586.00	3586.00	3587.00	3587.00	3587.00	3587.00	3588.00	3588.00	3588.00	3588.00	3588.00	3588.00	3589.00	3589.00	3589.00	3589.00	3589.00	3589.00	3589.00	3589.00	3590.00	3590.00	3590.00	3590.00	3590.00	3591.00	3591.00	3591.00	3591.00	3592.00	3592.00	3592.00	3593.00	3593.00	3593.00	3593.00	3593.00	3593.00	3594.00	3594.00	3594.00	3594.00	3594.00	3594.00	3595.00	3595.00	3596.00	3596.00	3596.00	3596.00	3597.00	3597.00	3597.00	3598.00	3598.00	3599.00	3599.00	3600.00	3600.00	3600.00	3601.00	3601.00	3601.00	3601.00	3602.00	3603.00	3603.00	3603.00	3604.00	3605.00	3605.00	3605.00	3605.00	3606.00	3606.00	3606.00	3607.00	3607.00	3608.00	3608.00	3608.00	3608.00	3609.00	3609.00	3609.00	3609.00	3609.00	3610.00	3610.00	3611.00	3611.00	3611.00	3612.00	3612.00	3612.00	3612.00	3613.00	3613.00	3613.00	3614.00	3614.00	3614.00	3614.00	3615.00	3615.00	3615.00	3615.00	3615.00	3616.00	3616.00	3616.00	3616.00	3617.00	3617.00	3617.00	3618.00	3618.00	3618.00	3618.00	3619.00	3619.00	3619.00	3619.00	3619.00	3620.00	3620.00	3620.00	3620.00	3620.00	3621.00	3621.00	3621.00	3622.00	3622.00	3622.00	3623.00	3623.00	3623.00	3624.00	3624.00	3624.00	3625.00	3625.00	3625.00	3625.00	3625.00	3625.00	3625.00	3625.00	3625.00	3625.00	3625.00	3625.00	3626.00	3626.00	3626.00	3626.00	3626.00	3626.00	3627.00	3627.00	3627.00	3627.00	3627.00	3627.00	3627.00	3627.00	3628.00	3628.00	3628.00	3628.00	3628.00	3629.00	3629.00	3629.00	3629.00	3629.00	3629.00	3629.00	3629.00	3629.00	3630.00	3630.00	3630.00	3630.00	3630.00	3631.00	3631.00	3631.00	3631.00	3631.00	3632.00	3632.00	3632.00	3633.00	3633.00	3633.00	3633.00	3633.00	3634.00	3634.00	3634.00	3635.00	3635.00	3635.00	3635.00	3636.00	3636.00	3636.00	3636.00	3636.00	3637.00	3637.00	3637.00	3638.00	3638.00	3638.00	3638.00	3638.00	3638.00	3639.00	3639.00	3639.00	3639.00	3639.00	3639.00	3640.00	3640.00	3640.00
3581.00	3581.00	3581.00	3581.00	3581.00	3581.00	3582.00	3582.00	3582.00	3582.00	3582.00	3583.00	3583.00	3583.00	3583.00	3584.00	3584.00	3584.00	3584.00	3584.00	3585.00	3585.00	3585.00	3585.00	3585.00	3586.00	3586.00	3586.00	3586.00	3587.00	3587.00	3587.00	3587.00	3588.00	3588.00	3588.00	3588.00	3588.00	3588.00	3589.00	3589.00	3589.00	3589.00	3589.00	3589.00	3589.00	3589.00	3590.00	3590.00	3590.00	3590.00	3590.00	3591.00	3591.00	3591.00	3591.00	3592.00	3592.00	3592.00	3593.00	3593.00	3593.00	3593.00	3593.00	3593.00	3594.00	3594.00	3594.00	3594.00	3594.00	3594.00	3595.00	3595.00	3596.00	3596.00	3596.00	3596.00	3597.00	3597.00	3597.00	3598.00	3598.00	3599.00	3599.00	3600.00	3600.00	3600.00	3601.00	3601.00	3601.00	3601.00	3602.00	3603.00	3603.00	3603.00	3604.00	3605.00	3605.00	3605.00	3605.00	3606.00	3606.00	3606.00	3607.00	3607.00	3608.00	3608.00	3608.00	3608.00	3609.00	3609.00	3609.00	3609.00	3609.00	3610.00	3610.00	3611.00	3611.00	3611.00	3612.00	3612.00	3612.00	3612.00	3613.00	3613.00	3613.00	3614.00	3614.00	3614.00	3614.00	3615.00	3615.00	3615.00	3615.00	3615.00	3616.00	3616.00	3616.00	3616.00	3617.00	3617.00	3617.00	3618.00	3618.00	3618.00	3618.00	3619.00	3619.00	3619.00	3619.00	3619.00	3620.00	3620.00	3620.00	3620.00	3620.00	3621.00	3621.00	3621.00	3622.00	3622.00	3622.00	3623.00	3623.00	3623.00	3624.00	3624.00	3624.00	3625.00	3625.00	3625.00	3625.00	3625.00	3625.00	3625.00	3625.00	3625.00	3625.00	3625.00	3625.00	3626.00	3626.00	3626.00	3626.00	3626.00	3626.00	3627.00	3627.00	3627.00	3627.00	3627.00	3627.00	3627.00	3627.00	3628.00	3628.00	3628.00	3628.00	3628.00	3629.00	3629.00	3629.00	3629.00	3629.00	3629.00	3629.00	3629.00	3629.00	3630.00	3630.00	3630.00	3630.00	3630.00	3631.00	3631.00	3631.00	3631.00	3631.00	3632.00	3632.00	3632.00	3633.00	3633.00	3633.00	3633.00	3633.00	3634.00	3634.00	3634.00	3635.00	3635.00	3635.00	3635.00	3636.00	3636.00	3636.00	3636.00	3636.00	3637.00	3637.00	3637.00	3638.00	3638.00	3638.00	3638.00	3638.00	3638.00	3639.00	3639.00	3639.00	3639.00	3639.00	3639.00	3640.00	3640.00	3640.00
3581.00	3581.00	3581.00	3581.00	3581.00	3581.00	3582.00	3582.00	3582.00	3582.00	3582.00	3583.00	3583.00	3583.00	3583.00	3584.00	3584.00	3584.00	3584.00	3584.00	3585.00	3585.00	3585.00	3585.00	3585.00	3586.00	3586.00	3586.00	3586.00	3587.00	3587.00	3587.00	3587.00	3588.00	3588.00	3588.00	3588.00	3588.00	3588.00	3589.00	3589.00	3589.00	3589.00	3589.00	3589.00	3589.00	3589.00	3590.00	3590.00	3590.00	3590.00	3590.00	3591.00	3591.00	3591.00	3591.00	3592.00	3592.00	3592.00	3593.00	3593.00	3593.00	3593.00	3593.00	3593.00	3594.00	3594.00	3594.00	3594.00	3594.00	3594.00	3595.00	3595.00	3596.00	3596.00	3596.00	3596.00	3597.00	3597.00	3597.00	3598.00	3598.00	3599.00	3599.00	3600.00	3600.00	3600.00	3601.00	3601.00	3601.00	3601.00	3602.00	3603.00	3603.00	3603.00	3604.00	3605.00	3605.00	3605.00	3605.00	3606.00	3606.00	3606.00	3607.00	3607.00	3608.00	3608.00	3608.00	3608.00	3609.00	3609.00	3609.00	3609.00	3609.00	3610.00	3610.00	3611.00	3611.00	3611.00	3612.00	3612.00	3612.00	3612.00	3613.00	3613.00	3613.00	3614.00	3614.00	3614.00	3614.00	3615.00	3615.00	3615.00	3615.00	3615.00	3616.00	3616.00	3616.00	3616.00	3617.00	3617.00	3617.00	3618.00	3618.00	3618.00	3618.00	3619.00	3619.00	3619.00	3619.00	3619.00	3620.00	3620.00	3620.00	3620.00	3620.00	3621.00	3621.00	3621.00	3622.00	3622.00	3622.00	3623.00	3623.00	3623.00	3624.00	3624.00	3624.00	3625.00	3625.00	3625.00	3625.00	3625.00	3625.00	3625.00	3625.00	3625.00	3625.00	3625.00	3625.00	3626.00	3626.00	3626.00	3626.00	3626.00	3626.00	3627.00	3627.00	3627.00	3627.00	3627.00	3627.00	3627.00	3627.00	3628.00	3628.00	3628.00	3628.00	3628.00	3629.00	3629.00	3629.00	3629.00	3629.00	3629.00	3629.00	3629.00	3629.00	3630.00	3630.00	3630.00	3630.00	3630.00	3631.00	3631.00	3631.00	3631.00	3631.00	3632.00	3632.00	3632.00	3633.00	3633.00	3633.00	3633.00	3633.00	3634.00	3634.00	3634.00	3635.00	3635.00	3635.00	3635.00	3636.00	3636.00	3636.00	3636.00	3636.00	3637.00	3637.00	3637.00	3638.00	3638.00	3638.00	3638.00	3638.00	3638.00	3639.00	3639.00	3639.00	3639.00	3639.00	3639.00	3640.00	3640.00	3640.00
3581.00	3581.00	3581.00	3581.00	3581.00	3581.00	3582.00	3582.00	3582.00	3582.00	3582.00	3583.00	3583.00	3583.00	3583.00	3584.00	3584.00	3584.00	3584.00	3584.00	3585.00	3585.00	3585.00	3585.00	3585.00	3586.00	3586.00	3586.00	3586.00	3587.00	3587.00	3587.00	3587.00	3588.00	3588.00	3588.00	3588.00	3588.00	3588.00	3589.00	3589.00	3589.00	3589.00	3589.00	3589.00	3589.00	3589.00	3590.00	3590.00	3590.00	3590.00	3590.00	3591.00	3591.00	3591.00	3591.00	3592.00	3592.00	3592.00	3593.00	3593.00	3593.00	3593.00	3593.00	3593.00	3594.00	3594.00	3594.00	3594.00	3594.00	3594.00	3595.00	3595.00	3596.00	3596.00	3596.00	3596.00	3597.00	3597.00	3597.00	3598.00	3598.00	3599.00	3599.00	3600.00	3600.00	3600.00	3601.00	3601.00	3601.00	3601.00	3602.00	3603.00	3603.00	3603.00	3604.00	3605.00	3605.00	3605.00	3605.00	3606.00	3606.00	3606.00	3607.00	3607.00	3608.00	3608.00	3608.00	3608.00	3609.00	3609.00	3609.00	3609.00	3609.00	3610.00	3610.00	3611.00	3611.00	3611.00	3612.00	3612.00	3612.00	3612.00	3613.00	3613.00	3613.00	3614.00	3614.00	3614.00	3614.00	3615.00	3615.00	3615.00	3615.00	3615.00	3616.00	3616.00	3616.00	3616.00	3617.00	3617.00	3617.00	3618.00	3618.00	3618.00	3618.00	3619.00	3619.00	3619.00	3619.00	3619.00	3620.00	3620.00	3620.00	3620.00	3620.00	3621.00	3621.00	3621.00	3622.00	3622.00	3622.00	3623.00	3623.00	3623.00	3624.00	3624.00	3624.00	3625.00	3625.00	3625.00	3625.00	3625.00	3625.00	3625.00	3625.00	3625.00	3625.00	3625.00	3625.00	3626.00	3626.00	3626.00	3626.00	3626.00	3626.00	3627.00	3627.00	3627.00	3627.00	3627.00	3627.00	3627.00	3627.00	3628.00	3628.00	3628.00	3628.00	3628.00	3629.00	3629.00	3629.00	3629.00	3629.00	3629.00	3629.00	3629.00	3629.00	3630.00	3630.00	3630.00	3630.00	3630.00	3631.00	3631.00	3631.00	3631.00	3631.00	3632.00	3632.00	3632.00	3633.00	3633.00	3633.00	3633.00	3633.00	3634.00	3634.00	3634.00	3635.00	3635.00	3635.00	3635.00	3636.00	3636.00	3636.00	3636.00	3636.00	3637.00	3637.00	3637.00	3638.00	3638.00	3638.00	3638.00	3638.00	3638.00	3639.00	3639.00	3639.00	3639.00	3639.00	3639.00	3640.00	3640.00	3640.00
3581.00	3581.00	3581.00	3581.00	3581.00	3581.00	3582.00	3582.00	3582.00	3582.00	3582.00	3583.00	3583.00	3583.00	3583.00	3584.00	3584.00	3584.00	3584.00	3584.00	3585.00	3585.00	3585.00	3585.00	3585.00	3586.00	3586.00	3586.00	3586.00	3587.00	3587.00	3587.00	3587.00	3588.00	3588.00	3588.00	3588.00	3588.00	3588.00	3589.00	3589.00	3589.00	3589.00	3589.00	3589.00	3589.00	3589.00	3590.00	3590.00	3590.00	3590.00	3590.00	3591.00	3591.00	3591.00	3591.00	3592.00	3592.00	3592.00	3593.00	3593.00	3593.00	3593.00	3593.00	3593.00	3594.00	3594.00	3594.00	3594.00	3594.00	3594.00	3595.00	3595.00	3596.00	3596.00	3596.00	3596.00	3597.00	3597.00	3597.00	3598.00	3598.00	3599.00	3599.00	3600.00	3600.00	3600.00	3601.00	3601.00	3601.00	3601.00	3602.00	3603.00	3603.00	3603.00	3604.00	3605.00	3605.00	3605.00	3605.00	3606.00	3606.00	3606.00	3607.00	3607.00	3608.00	3608.00	3608.00	3608.00	3609.00	3609.00	3609.00	3609.00	3609.00	3610.00	3610.00	3611.00	3611.00	3611.00	3612.00	3612.00	3612.00	3612.00	3613.00	3613.00	3613.00	3614.00	3614.00	3614.00	3614.00	3615.00	3615.00	3615.00	3615.00	3615.00	3616.00	3616.00	3616.00	3616.00	3617.00	3617.00	3617.00	3618.00	3618.00	3618.00	3618.00	3619.00	3619.00	3619.00	3619.00	3619.00	3620.00	3620.00	3620.00	3620.00	3620.00	3621.00	3621.00	3621.00	3622.00	3622.00	3622.00	3623.00	3623.00	3623.00	3624.00	3624.00	3624.00	3625.00	3625.00	3625.00	3625.00	3625.00	3625.00	3625.00	3625.00	3625.00	3625.00	3625.00	3625.00	3626.00	3626.00	3626.00	3626.00	3626.00	3626.00	3627.00	3627.00	3627.00	3627.00	3627.00	3627.00	3627.00	3627.00	3628.00	3628.00	3628.00	3628.00	3628.00	3629.00	3629.00	3629.00	3629.00	3629.00	3629.00	3629.00	3629.00	3629.00	3630.00	3630.00	3630.00	3630.00	3630.00	3631.00	3631.00	3631.00	3631.00	3631.00	3632.00	3632.00	3632.00	3633.00	3633.00	3633.00	3633.00	3633.00	3634.00	3634.00	3634.00	3635.00	3635.00	3635.00	3635.00	3636.00	3636.00	3636.00	3636.00	3636.00	3637.00	3637.00	3637.00	3638.00	3638.00	3638.00	3638.00	3638.00	3638.00	3639.00	3639.00	3639.00	3639.00	3639.00	3639.00	3640.00	3640.00	3640.00
3581.00	3581.00	3581.00	3581.00	3581.00	3581.00	3582.00	3582.00	3582.00	3582.00	3582.00	3583.00	3583.00	3583.00	3583.00	3584.00	3584.00	3584.00	3584.00	3584.00	3585.00	3585.00	3585.00	3585.00	3585.00	3586.00	3586.00	3586.00	3586.00	3587.00	3587.00	3587.00	3587.00	3588.00	3588.00	3588.00	3588.00	3588.00	3588.00	3589.00	3589.00	3589.00	3589.00	3589.00	3589.00	3589.00	3589.00	3590.00	3590.00	3590.00	3590.00	3590.00	3591.00	3591.00	3591.00	3591.00	3592.00	3592.00	3592.00	3593.00	3593.00	3593.00	3593.00	3593.00	3593.00	3594.00	3594.00	3594.00	3594.00	3594.00	3594.00	3595.00	3595.00	3596.00	3596.00	3596.00	3596.00	3597.00	3597.00	3597.00	3598.00	3598.00	3599.00	3599.00	3600.00	3600.00	3600.00	3601.00	3601.00	3601.00	3601.00	3602.00	3603.00	3603.00	3603.00	3604.00	3605.00	3605.00	3605.00	3605.00	3606.00	3606.00	3606.00	3607.00	3607.00	3608.00	3608.00	3608.00	3608.00	3609.00	3609.00	3609.00	3609.00	3609.00	3610.00	3610.00	3611.00	3611.00	3611.00	3612.00	3612.00	3612.00	3612.00	3613.00	3613.00	3613.00	3614.00	3614.00	3614.00	3614.00	3615.00	3615.00	3615.00	3615.00	3615.00	3616.00	3616.00	3616.00	3616.00	3617.00	3617.00	3617.00	3618.00	3618.00	3618.00	3618.00	3619.00	3619.00	3619.00	3619.00	3619.00	3620.00	3620.00	3620.00	3620.00	3620.00	3621.00	3621.00	3621.00	3622.00	3622.00	3622.00	3623.00	3623.00	3623.00	3624.00	3624.00	3624.00	3625.00	3625.00	3625.00	3625.00	3625.00	3625.00	3625.00	3625.00	3625.00	3625.00	3625.00	3625.00	3626.00	3626.00	3626.00	3626.00	3626.00	3626.00	3627.00	3627.00	3627.00	3627.00	3627.00	3627.00	3627.00	3627.00	3628.00	3628.00	3628.00	3628.00	3628.00	3629.00	3629.00	3629.00	3629.00	3629.00	3629.00	3629.00	3629.00	3629.00	3630.00	3630.00	3630.00	3630.00	3630.00	3631.00	3631.00	3631.00	3631.00	3631.00	3632.00	3632.00	3632.00	3633.00	3633.00	3633.00	3633.00	3633.00	3634.00	3634.00	3634.00	3635.00	3635.00	3635.00	3635.00	3636.00	3636.00	3636.00	3636.00	3636.00	3637.00	3637.00	3637.00	3638.00	3638.00	3638.00	3638.00	3638.00	3638.00	3639.00	3639.00	3639.00	3639.00	3639.00	3639.00	3640.00	3640.00	3640.00
3580.00	3580.00	3580.00	3580.00	3581.00	3581.00	3581.00	3582.00	3582.00	3582.00	3582.00	3583.00	3583.00	3583.00	3583.00	3584.00	3584.00	3584.00	3585.00	3585.00	3585.00	3585.00	3586.00	3586.00	3586.00	3587.00	3587.00	3587.00	3587.00	3588.00	3588.00	3589.00	3589.00	3589.00	3589.00	3589.00	3590.00	3590.00	3590.00	3590.00	3590.00	3591.00	3591.00	3591.00	3591.00	3591.00	3591.00	3592.00	3592.00	3592.00	3593.00	3593.00	3593.00	3593.00	3594.00	3594.00	3594.00	3594.00	3594.00	3594.00	3594.00	3594.00	3594.00	3595.00	3595.00	3595.00	3595.00	3595.00	3595.00	3595.00	3595.00	3596.00	3596.00	3597.00	3597.00	3597.00	3597.00	3597.00	3598.00	3598.00	3599.00	3599.00	3599.00	3600.00	3600.00	3600.00	3601.00	3601.00	3601.00	3602.00	3602.00	3602.00	3603.00	3603.00	3603.00	3604.00	3605.00	3605.00	3605.00	3605.00	3606.00	3606.00	3606.00	3607.00	3607.00	3608.00	3608.00	3608.00	3608.00	3608.00	3609.00	3609.00	3609.00	3609.00	3610.00	3610.00	3611.00	3611.00	3611.00	3612.00	3612.00	3612.00	3612.00	3613.00	3613.00	3613.00	3614.00	3614.00	3614.00	3614.00	3615.00	3615.00	3615.00	3615.00	3615.00	3616.00	3616.00	3616.00	3616.00	3616.00	3616.00	3617.00	3617.00	3617.00	3617.00	3618.00	3618.00	3618.00	3619.00	3619.00	3619.00	3619.00	3619.00	3620.00	3620.00	3620.00	3621.00	3621.00	3621.00	3622.00	3622.00	3622.00	3623.00	3623.00	3623.00	3623.00	3623.00	3623.00	3623.00	3623.00	3623.00	3624.00	3624.00	3624.00	3624.00	3624.00	3624.00	3624.00	3624.00	3624.00	3624.00	3624.00	3624.00	3624.00	3624.00	3625.00	3625.00	3625.00	3625.00	3625.00	3626.00	3626.00	3626.00	3626.00	3626.00	3627.00	3627.00	3627.00	3627.00	3628.00	3628.00	3629.00	3629.00	3629.00	3629.00	3629.00	3629.00	3629.00	3630.00	3630.00	3630.00	3630.00	3631.00	3631.00	3631.00	3632.00	3632.00	3632.00	3633.00	3633.00	3633.00	3633.00	3634.00	3634.00	3634.00	3634.00	3634.00	3635.00	3635.00	3635.00	3635.00	3636.00	3636.00	3636.00	3636.00	3637.00	3637.00	3637.00	3637.00	3637.00	3637.00	3638.00	3638.00	3638.00	3638.00	3638.00	3638.00	3639.00	3639.00	3639.00	3639.00	3639.00	3639.00	3640.00	3640.00	3640.00
3580.00	3580.00	3580.00	3580.00	3581.00	3581.00	3581.00	3582.00	3582.00	3582.00	3582.00	3583.00	3583.00	3583.00	3583.00	3584.00	3584.00	3584.00	3585.00	3585.00	3585.00	3585.00	3586.00	3586.00	3586.00	3587.00	3587.00	3587.00	3587.00	3588.00	3588.00	3589.00	3589.00	3589.00	3589.00	3589.00	3590.00	3590.00	3590.00	3590.00	3590.00	3591.00	3591.00	3591.00	3591.00	3591.00	3591.00	3592.00	3592.00	3592.00	3593.00	3593.00	3593.00	3593.00	3594.00	3594.00	3594.00	3594.00	3594.00	3594.00	3594.00	3594.00	3594.00	3595.00	3595.00	3595.00	3595.00	3595.00	3595.00	3595.00	3595.00	3596.00	3596.00	3597.00	3597.00	3597.00	3597.00	3597.00	3598.00	3598.00	3599.00	3599.00	3599.00	3600.00	3600.00	3600.00	3601.00	3601.00	3601.00	3602.00	3602.00	3602.00	3603.00	3603.00	3603.00	3604.00	3605.00	3605.00	3605.00	3605.00	3606.00	3606.00	3606.00	3607.00	3607.00	3608.00	3608.00	3608.00	3608.00	3608.00	3609.00	3609.00	3609.00	3609.00	3610.00	3610.00	3611.00	3611.00	3611.00	3612.00	3612.00	3612.00	3612.00	3613.00	3613.00	3613.00	3614.00	3614.00	3614.00	3614.00	3615.00	3615.00	3615.00	3615.00	3615.00	3616.00	3616.00	3616.00	3616.00	3616.00	3616.00	3617.00	3617.00	3617.00	3617.00	3618.00	3618.00	3618.00	3619.00	3619.00	3619.00	3619.00	3619.00	3620.00	3620.00	3620.00	3621.00	3621.00	3621.00	3622.00	3622.00	3622.00	3623.00	3623.00	3623.00	3623.00	3623.00	3623.00	3623.00	3623.00	3623.00	3624.00	3624.00	3624.00	3624.00	3624.00	3624.00	3624.00	3624.00	3624.00	3624.00	3624.00	3624.00	3624.00	3624.00	3625.00	3625.00	3625.00	3625.00	3625.00	3626.00	3626.00	3626.00	3626.00	3626.00	3627.00	3627.00	3627.00	3627.00	3628.00	3628.00	3629.00	3629.00	3629.00	3629.00	3629.00	3629.00	3629.00	3630.00	3630.00	3630.00	3630.00	3631.00	3631.00	3631.00	3632.00	3632.00	3632.00	3633.00	3633.00	3633.00	3633.00	3634.00	3634.00	3634.00	3634.00	3634.00	3635.00	3635.00	3635.00	3635.00	3636.00	3636.00	3636.00	3636.00	3637.00	3637.00	3637.00	3637.00	3637.00	3637.00	3638.00	3638.00	3638.00	3638.00	3638.00	3638.00	3639.00	3639.00	3639.00	3639.00	3639.00	3639.00	3640.00	3640.00	3640.00
3580.00	3580.00	3580.00	3580.00	3581.00	3581.00	3581.00	3582.00	3582.00	3582.00	3582.00	3583.00	3583.00	3583.00	3583.00	3584.00	3584.00	3584.00	3585.00	3585.00	3585.00	3585.00	3586.00	3586.00	3586.00	3587.00	3587.00	3587.00	3587.00	3588.00	3588.00	3589.00	3589.00	3589.00	3589.00	3589.00	3590.00	3590.00	3590.00	3590.00	3590.00	3591.00	3591.00	3591.00	3591.00	3591.00	3591.00	3592.00	3592.00	3592.00	3593.00	3593.00	3593.00	3593.00	3594.00	3594.00	3594.00	3594.00	3594.00	3594.00	3594.00	3594.00	3594.00	3595.00	3595.00	3595.00	3595.00	3595.00	3595.00	3595.00	3595.00	3596.00	3596.00	3597.00	3597.00	3597.00	3597.00	3597.00	3598.00	3598.00	3599.00	3599.00	3599.00	3600.00	3600.00	3600.00	3601.00	3601.00	3601.00	3602.00	3602.00	3602.00	3603.00	3603.00	3603.00	3604.00	3605.00	3605.00	3605.00	3605.00	3606.00	3606.00	3606.00	3607.00	3607.00	3608.00	3608.00	3608.00	3608.00	3608.00	3609.00	3609.00	3609.00	3609.00	3610.00	3610.00	3611.00	3611.00	3611.00	3612.00	3612.00	3612.00	3612.00	3613.00	3613.00	3613.00	3614.00	3614.00	3614.00	3614.00	3615.00	3615.00	3615.00	3615.00	3615.00	3616.00	3616.00	3616.00	3616.00	3616.00	3616.00	3617.00	3617.00	3617.00	3617.00	3618.00	3618.00	3618.00	3619.00	3619.00	3619.00	3619.00	3619.00	3620.00	3620.00	3620.00	3621.00	3621.00	3621.00	3622.00	3622.00	3622.00	3623.00	3623.00	3623.00	3623.00	3623.00	3623.00	3623.00	3623.00	3623.00	3624.00	3624.00	3624.00	3624.00	3624.00	3624.00	3624.00	3624.00	3624.00	3624.00	3624.00	3624.00	3624.00	3624.00	3625.00	3625.00	3625.00	3625.00	3625.00	3626.00	3626.00	3626.00	3626.00	3626.00	3627.00	3627.00	3627.00	3627.00	3628.00	3628.00	3629.00	3629.00	3629.00	3629.00	3629.00	3629.00	3629.00	3630.00	3630.00	3630.00	3630.00	3631.00	3631.00	3631.00	3632.00	3632.00	3632.00	3633.00	3633.00	3633.00	3633.00	3634.00	3634.00	3634.00	3634.00	3634.00	3635.00	3635.00	3635.00	3635.00	3636.00	3636.00	3636.00	3636.00	3637.00	3637.00	3637.00	3637.00	3637.00	3637.00	3638.00	3638.00	3638.00	3638.00	3638.00	3638.00	3639.00	3639.00	3639.00	3639.00	3639.00	3639.00	3640.00	3640.00	3640.00
3580.00	3580.00	3580.00	3580.00	3581.00	3581.00	3581.00	3582.00	3582.00	3582.00	3582.00	3583.00	3583.00	3583.00	3583.00	3584.00	3584.00	3584.00	3585.00	3585.00	3585.00	3585.00	3586.00	3586.00	3586.00	3587.00	3587.00	3587.00	3587.00	3588.00	3588.00	3589.00	3589.00	3589.00	3589.00	3589.00	3590.00	3590.00	3590.00	3590.00	3590.00	3591.00	3591.00	3591.00	3591.00	3591.00	3591.00	3592.00	3592.00	3592.00	3593.00	3593.00	3593.00	3593.00	3594.00	3594.00	3594.00	3594.00	3594.00	3594.00	3594.00	3594.00	3594.00	3595.00	3595.00	3595.00	3595.00	3595.00	3595.00	3595.00	3595.00	3596.00	3596.00	3597.00	3597.00	3597.00	3597.00	3597.00	3598.00	3598.00	3599.00	3599.00	3599.00	3600.00	3600.00	3600.00	3601.00	3601.00	3601.00	3602.00	3602.00	3602.00	3603.00	3603.00	3603.00	3604.00	3605.00	3605.00	3605.00	3605.00	3606.00	3606.00	3606.00	3607.00	3607.00	3608.00	3608.00	3608.00	3608.00	3608.00	3609.00	3609.00	3609.00	3609.00	3610.00	3610.00	3611.00	3611.00	3611.00	3612.00	3612.00	3612.00	3612.00	3613.00	3613.00	3613.00	3614.00	3614.00	3614.00	3614.00	3615.00	3615.00	3615.00	3615.00	3615.00	3616.00	3616.00	3616.00	3616.00	3616.00	3616.00	3617.00	3617.00	3617.00	3617.00	3618.00	3618.00	3618.00	3619.00	3619.00	3619.00	3619.00	3619.00	3620.00	3620.00	3620.00	3621.00	3621.00	3621.00	3622.00	3622.00	3622.00	3623.00	3623.00	3623.00	3623.00	3623.00	3623.00	3623.00	3623.00	3623.00	3624.00	3624.00	3624.00	3624.00	3624.00	3624.00	3624.00	3624.00	3624.00	3624.00	3624.00	3624.00	3624.00	3624.00	3625.00	3625.00	3625.00	3625.00	3625.00	3626.00	3626.00	3626.00	3626.00	3626.00	3627.00	3627.00	3627.00	3627.00	3628.00	3628.00	3629.00	3629.00	3629.00	3629.00	3629.00	3629.00	3629.00	3630.00	3630.00	3630.00	3630.00	3631.00	3631.00	3631.00	3632.00	3632.00	3632.00	3633.00	3633.00	3633.00	3633.00	3634.00	3634.00	3634.00	3634.00	3634.00	3635.00	3635.00	3635.00	3635.00	3636.00	3636.00	3636.00	3636.00	3637.00	3637.00	3637.00	3637.00	3637.00	3637.00	3638.00	3638.00	3638.00	3638.00	3638.00	3638.00	3639.00	3639.00	3639.00	3639.00	3639.00	3639.00	3640.00	3640.00	3640.00
3580.00	3580.00	3580.00	3580.00	3581.00	3581.00	3581.00	3582.00	3582.00	3582.00	3582.00	3583.00	3583.00	3583.00	3583.00	3584.00	3584.00	3584.00	3585.00	3585.00	3585.00	3585.00	3586.00	3586.00	3586.00	3587.00	3587.00	3587.00	3587.00	3588.00	3588.00	3589.00	3589.00	3589.00	3589.00	3589.00	3590.00	3590.00	3590.00	3590.00	3590.00	3591.00	3591.00	3591.00	3591.00	3591.00	3591.00	3592.00	3592.00	3592.00	3593.00	3593.00	3593.00	3593.00	3594.00	3594.00	3594.00	3594.00	3594.00	3594.00	3594.00	3594.00	3594.00	3595.00	3595.00	3595.00	3595.00	3595.00	3595.00	3595.00	3595.00	3596.00	3596.00	3597.00	3597.00	3597.00	3597.00	3597.00	3598.00	3598.00	3599.00	3599.00	3599.00	3600.00	3600.00	3600.00	3601.00	3601.00	3601.00	3602.00	3602.00	3602.00	3603.00	3603.00	3603.00	3604.00	3605.00	3605.00	3605.00	3605.00	3606.00	3606.00	3606.00	3607.00	3607.00	3608.00	3608.00	3608.00	3608.00	3608.00	3609.00	3609.00	3609.00	3609.00	3610.00	3610.00	3611.00	3611.00	3611.00	3612.00	3612.00	3612.00	3612.00	3613.00	3613.00	3613.00	3614.00	3614.00	3614.00	3614.00	3615.00	3615.00	3615.00	3615.00	3615.00	3616.00	3616.00	3616.00	3616.00	3616.00	3616.00	3617.00	3617.00	3617.00	3617.00	3618.00	3618.00	3618.00	3619.00	3619.00	3619.00	3619.00	3619.00	3620.00	3620.00	3620.00	3621.00	3621.00	3621.00	3622.00	3622.00	3622.00	3623.00	3623.00	3623.00	3623.00	3623.00	3623.00	3623.00	3623.00	3623.00	3624.00	3624.00	3624.00	3624.00	3624.00	3624.00	3624.00	3624.00	3624.00	3624.00	3624.00	3624.00	3624.00	3624.00	3625.00	3625.00	3625.00	3625.00	3625.00	3626.00	3626.00	3626.00	3626.00	3626.00	3627.00	3627.00	3627.00	3627.00	3628.00	3628.00	3629.00	3629.00	3629.00	3629.00	3629.00	3629.00	3629.00	3630.00	3630.00	3630.00	3630.00	3631.00	3631.00	3631.00	3632.00	3632.00	3632.00	3633.00	3633.00	3633.00	3633.00	3634.00	3634.00	3634.00	3634.00	3634.00	3635.00	3635.00	3635.00	3635.00	3636.00	3636.00	3636.00	3636.00	3637.00	3637.00	3637.00	3637.00	3637.00	3637.00	3638.00	3638.00	3638.00	3638.00	3638.00	3638.00	3639.00	3639.00	3639.00	3639.00	3639.00	3639.00	3640.00	3640.00	3640.00
3580.00	3580.00	3580.00	3580.00	3581.00	3581.00	3581.00	3582.00	3582.00	3582.00	3582.00	3583.00	3583.00	3583.00	3583.00	3584.00	3584.00	3584.00	3585.00	3585.00	3585.00	3585.00	3586.00	3586.00	3586.00	3587.00	3587.00	3587.00	3587.00	3588.00	3588.00	3589.00	3589.00	3589.00	3589.00	3589.00	3590.00	3590.00	3590.00	3590.00	3590.00	3591.00	3591.00	3591.00	3591.00	3591.00	3591.00	3592.00	3592.00	3592.00	3593.00	3593.00	3593.00	3593.00	3594.00	3594.00	3594.00	3594.00	3594.00	3594.00	3594.00	3594.00	3594.00	3595.00	3595.00	3595.00	3595.00	3595.00	3595.00	3595.00	3595.00	3596.00	3596.00	3597.00	3597.00	3597.00	3597.00	3597.00	3598.00	3598.00	3599.00	3599.00	3599.00	3600.00	3600.00	3600.00	3601.00	3601.00	3601.00	3602.00	3602.00	3602.00	3603.00	3603.00	3603.00	3604.00	3605.00	3605.00	3605.00	3605.00	3606.00	3606.00	3606.00	3607.00	3607.00	3608.00	3608.00	3608.00	3608.00	3608.00	3609.00	3609.00	3609.00	3609.00	3610.00	3610.00	3611.00	3611.00	3611.00	3612.00	3612.00	3612.00	3612.00	3613.00	3613.00	3613.00	3614.00	3614.00	3614.00	3614.00	3615.00	3615.00	3615.00	3615.00	3615.00	3616.00	3616.00	3616.00	3616.00	3616.00	3616.00	3617.00	3617.00	3617.00	3617.00	3618.00	3618.00	3618.00	3619.00	3619.00	3619.00	3619.00	3619.00	3620.00	3620.00	3620.00	3621.00	3621.00	3621.00	3622.00	3622.00	3622.00	3623.00	3623.00	3623.00	3623.00	3623.00	3623.00	3623.00	3623.00	3623.00	3624.00	3624.00	3624.00	3624.00	3624.00	3624.00	3624.00	3624.00	3624.00	3624.00	3624.00	3624.00	3624.00	3624.00	3625.00	3625.00	3625.00	3625.00	3625.00	3626.00	3626.00	3626.00	3626.00	3626.00	3627.00	3627.00	3627.00	3627.00	3628.00	3628.00	3629.00	3629.00	3629.00	3629.00	3629.00	3629.00	3629.00	3630.00	3630.00	3630.00	3630.00	3631.00	3631.00	3631.00	3632.00	3632.00	3632.00	3633.00	3633.00	3633.00	3633.00	3634.00	3634.00	3634.00	3634.00	3634.00	3635.00	3635.00	3635.00	3635.00	3636.00	3636.00	3636.00	3636.00	3637.00	3637.00	3637.00	3637.00	3637.00	3637.00	3638.00	3638.00	3638.00	3638.00	3638.00	3638.00	3639.00	3639.00	3639.00	3639.00	3639.00	3639.00	3640.00	3640.00	3640.00
3579.00	3580.00	3580.00	3580.00	3581.00	3581.00	3581.00	3582.00	3582.00	3582.00	3582.00	3583.00	3583.00	3584.00	3584.00	3585.00	3585.00	3585.00	3586.00	3586.00	3587.00	3587.00	3587.00	3587.00	3588.00	3588.00	3588.00	3589.00	3589.00	3589.00	3590.00	3590.00	3590.00	3591.00	3591.00	3591.00	3591.00	3591.00	3592.00	3592.00	3592.00	3592.00	3593.00	3593.00	3593.00	3593.00	3593.00	3594.00	3594.00	3594.00	3594.00	3595.00	3595.00	3595.00	3595.00	3595.00	3595.00	3595.00	3595.00	3596.00	3596.00	3596.00	3596.00	3596.00	3596.00	3596.00	3596.00	3596.00	3597.00	3597.00	3597.00	3597.00	3597.00	3598.00	3598.00	3598.00	3598.00	3598.00	3598.00	3598.00	3599.00	3599.00	3599.00	3600.00	3600.00	3600.00	3601.00	3601.00	3601.00	3601.00	3601.00	3602.00	3603.00	3603.00	3603.00	3604.00	3604.00	3604.00	3605.00	3605.00	3605.00	3606.00	3606.00	3606.00	3606.00	3607.00	3607.00	3607.00	3607.00	3608.00	3608.00	3608.00	3609.00	3609.00	3609.00	3610.00	3610.00	3610.00	3611.00	3611.00	3611.00	3612.00	3612.00	3612.00	3612.00	3612.00	3613.00	3613.00	3614.00	3614.00	3614.00	3614.00	3615.00	3615.00	3615.00	3615.00	3616.00	3616.00	3616.00	3616.00	3616.00	3617.00	3617.00	3617.00	3617.00	3617.00	3618.00	3618.00	3618.00	3618.00	3619.00	3619.00	3619.00	3620.00	3620.00	3620.00	3621.00	3621.00	3621.00	3621.00	3622.00	3622.00	3622.00	3622.00	3622.00	3622.00	3622.00	3623.00	3623.00	3623.00	3623.00	3623.00	3623.00	3623.00	3623.00	3623.00	3623.00	3623.00	3623.00	3623.00	3624.00	3624.00	3624.00	3624.00	3624.00	3624.00	3624.00	3624.00	3625.00	3625.00	3625.00	3625.00	3626.00	3626.00	3626.00	3627.00	3627.00	3627.00	3627.00	3628.00	3628.00	3628.00	3628.00	3629.00	3629.00	3629.00	3630.00	3630.00	3630.00	3631.00	3631.00	3631.00	3632.00	3632.00	3632.00	3632.00	3632.00	3633.00	3633.00	3633.00	3633.00	3634.00	3634.00	3634.00	3634.00	3634.00	3635.00	3635.00	3635.00	3636.00	3636.00	3636.00	3636.00	3637.00	3637.00	3637.00	3637.00	3637.00	3637.00	3637.00	3637.00	3638.00	3638.00	3638.00	3638.00	3638.00	3638.00	3639.00	3639.00	3639.00	3639.00	3639.00	3639.00	3640.00	3640.00	3640.00
3579.00	3580.00	3580.00	3580.00	3581.00	3581.00	3581.00	3582.00	3582.00	3582.00	3582.00	3583.00	3583.00	3584.00	3584.00	3585.00	3585.00	3585.00	3586.00	3586.00	3587.00	3587.00	3587.00	3587.00	3588.00	3588.00	3588.00	3589.00	3589.00	3589.00	3590.00	3590.00	3590.00	3591.00	3591.00	3591.00	3591.00	3591.00	3592.00	3592.00	3592.00	3592.00	3593.00	3593.00	3593.00	3593.00	3593.00	3594.00	3594.00	3594.00	3594.00	3595.00	3595.00	3595.00	3595.00	3595.00	3595.00	3595.00	3595.00	3596.00	3596.00	3596.00	3596.00	3596.00	3596.00	3596.00	3596.00	3596.00	3597.00	3597.00	3597.00	3597.00	3597.00	3598.00	3598.00	3598.00	3598.00	3598.00	3598.00	3598.00	3599.00	3599.00	3599.00	3600.00	3600.00	3600.00	3601.00	3601.00	3601.00	3601.00	3601.00	3602.00	3603.00	3603.00	3603.00	3604.00	3604.00	3604.00	3605.00	3605.00	3605.00	3606.00	3606.00	3606.00	3606.00	3607.00	3607.00	3607.00	3607.00	3608.00	3608.00	3608.00	3609.00	3609.00	3609.00	3610.00	3610.00	3610.00	3611.00	3611.00	3611.00	3612.00	3612.00	3612.00	3612.00	3612.00	3613.00	3613.00	3614.00	3614.00	3614.00	3614.00	3615.00	3615.00	3615.00	3615.00	3616.00	3616.00	3616.00	3616.00	3616.00	3617.00	3617.00	3617.00	3617.00	3617.00	3618.00	3618.00	3618.00	3618.00	3619.00	3619.00	3619.00	3620.00	3620.00	3620.00	3621.00	3621.00	3621.00	3621.00	3622.00	3622.00	3622.00	3622.00	3622.00	3622.00	3622.00	3623.00	3623.00	3623.00	3623.00	3623.00	3623.00	3623.00	3623.00	3623.00	3623.00	3623.00	3623.00	3623.00	3624.00	3624.00	3624.00	3624.00	3624.00	3624.00	3624.00	3624.00	3625.00	3625.00	3625.00	3625.00	3626.00	3626.00	3626.00	3627.00	3627.00	3627.00	3627.00	3628.00	3628.00	3628.00	3628.00	3629.00	3629.00	3629.00	3630.00	3630.00	3630.00	3631.00	3631.00	3631.00	3632.00	3632.00	3632.00	3632.00	3632.00	3633.00	3633.00	3633.00	3633.00	3634.00	3634.00	3634.00	3634.00	3634.00	3635.00	3635.00	3635.00	3636.00	3636.00	3636.00	3636.00	3637.00	3637.00	3637.00	3637.00	3637.00	3637.00	3637.00	3637.00	3638.00	3638.00	3638.00	3638.00	3638.00	3638.00	3639.00	3639.00	3639.00	3639.00	3639.00	3639.00	3640.00	3640.00	3640.00
3579.00	3580.00	3580.00	3580.00	3581.00	3581.00	3581.00	3582.00	3582.00	3582.00	3582.00	3583.00	3583.00	3584.00	3584.00	3585.00	3585.00	3585.00	3586.00	3586.00	3587.00	3587.00	3587.00	3587.00	3588.00	3588.00	3588.00	3589.00	3589.00	3589.00	3590.00	3590.00	3590.00	3591.00	3591.00	3591.00	3591.00	3591.00	3592.00	3592.00	3592.00	3592.00	3593.00	3593.00	3593.00	3593.00	3593.00	3594.00	3594.00	3594.00	3594.00	3595.00	3595.00	3595.00	3595.00	3595.00	3595.00	3595.00	3595.00	3596.00	3596.00	3596.00	3596.00	3596.00	3596.00	3596.00	3596.00	3596.00	3597.00	3597.00	3597.00	3597.00	3597.00	3598.00	3598.00	3598.00	3598.00	3598.00	3598.00	3598.00	3599.00	3599.00	3599.00	3600.00	3600.00	3600.00	3601.00	3601.00	3601.00	3601.00	3601.00	3602.00	3603.00	3603.00	3603.00	3604.00	3604.00	3604.00	3605.00	3605.00	3605.00	3606.00	3606.00	3606.00	3606.00	3607.00	3607.00	3607.00	3607.00	3608.00	3608.00	3608.00	3609.00	3609.00	3609.00	3610.00	3610.00	3610.00	3611.00	3611.00	3611.00	3612.00	3612.00	3612.00	3612.00	3612.00	3613.00	3613.00	3614.00	3614.00	3614.00	3614.00	3615.00	3615.00	3615.00	3615.00	3616.00	3616.00	3616.00	3616.00	3616.00	3617.00	3617.00	3617.00	3617.00	3617.00	3618.00	3618.00	3618.00	3618.00	3619.00	3619.00	3619.00	3620.00	3620.00	3620.00	3621.00	3621.00	3621.00	3621.00	3622.00	3622.00	3622.00	3622.00	3622.00	3622.00	3622.00	3623.00	3623.00	3623.00	3623.00	3623.00	3623.00	3623.00	3623.00	3623.00	3623.00	3623.00	3623.00	3623.00	3624.00	3624.00	3624.00	3624.00	3624.00	3624.00	3624.00	3624.00	3625.00	3625.00	3625.00	3625.00	3626.00	3626.00	3626.00	3627.00	3627.00	3627.00	3627.00	3628.00	3628.00	3628.00	3628.00	3629.00	3629.00	3629.00	3630.00	3630.00	3630.00	3631.00	3631.00	3631.00	3632.00	3632.00	3632.00	3632.00	3632.00	3633.00	3633.00	3633.00	3633.00	3634.00	3634.00	3634.00	3634.00	3634.00	3635.00	3635.00	3635.00	3636.00	3636.00	3636.00	3636.00	3637.00	3637.00	3637.00	3637.00	3637.00	3637.00	3637.00	3637.00	3638.00	3638.00	3638.00	3638.00	3638.00	3638.00	3639.00	3639.00	3639.00	3639.00	3639.00	3639.00	3640.00	3640.00	3640.00
3579.00	3580.00	3580.00	3580.00	3581.00	3581.00	3581.00	3582.00	3582.00	3582.00	3582.00	3583.00	3583.00	3584.00	3584.00	3585.00	3585.00	3585.00	3586.00	3586.00	3587.00	3587.00	3587.00	3587.00	3588.00	3588.00	3588.00	3589.00	3589.00	3589.00	3590.00	3590.00	3590.00	3591.00	3591.00	3591.00	3591.00	3591.00	3592.00	3592.00	3592.00	3592.00	3593.00	3593.00	3593.00	3593.00	3593.00	3594.00	3594.00	3594.00	3594.00	3595.00	3595.00	3595.00	3595.00	3595.00	3595.00	3595.00	3595.00	3596.00	3596.00	3596.00	3596.00	3596.00	3596.00	3596.00	3596.00	3596.00	3597.00	3597.00	3597.00	3597.00	3597.00	3598.00	3598.00	3598.00	3598.00	3598.00	3598.00	3598.00	3599.00	3599.00	3599.00	3600.00	3600.00	3600.00	3601.00	3601.00	3601.00	3601.00	3601.00	3602.00	3603.00	3603.00	3603.00	3604.00	3604.00	3604.00	3605.00	3605.00	3605.00	3606.00	3606.00	3606.00	3606.00	3607.00	3607.00	3607.00	3607.00	3608.00	3608.00	3608.00	3609.00	3609.00	3609.00	3610.00	3610.00	3610.00	3611.00	3611.00	3611.00	3612.00	3612.00	3612.00	3612.00	3612.00	3613.00	3613.00	3614.00	3614.00	3614.00	3614.00	3615.00	3615.00	3615.00	3615.00	3616.00	3616.00	3616.00	3616.00	3616.00	3617.00	3617.00	3617.00	3617.00	3617.00	3618.00	3618.00	3618.00	3618.00	3619.00	3619.00	3619.00	3620.00	3620.00	3620.00	3621.00	3621.00	3621.00	3621.00	3622.00	3622.00	3622.00	3622.00	3622.00	3622.00	3622.00	3623.00	3623.00	3623.00	3623.00	3623.00	3623.00	3623.00	3623.00	3623.00	3623.00	3623.00	3623.00	3623.00	3624.00	3624.00	3624.00	3624.00	3624.00	3624.00	3624.00	3624.00	3625.00	3625.00	3625.00	3625.00	3626.00	3626.00	3626.00	3627.00	3627.00	3627.00	3627.00	3628.00	3628.00	3628.00	3628.00	3629.00	3629.00	3629.00	3630.00	3630.00	3630.00	3631.00	3631.00	3631.00	3632.00	3632.00	3632.00	3632.00	3632.00	3633.00	3633.00	3633.00	3633.00	3634.00	3634.00	3634.00	3634.00	3634.00	3635.00	3635.00	3635.00	3636.00	3636.00	3636.00	3636.00	3637.00	3637.00	3637.00	3637.00	3637.00	3637.00	3637.00	3637.00	3638.00	3638.00	3638.00	3638.00	3638.00	3638.00	3639.00	3639.00	3639.00	3639.00	3639.00	3639.00	3640.00	3640.00	3640.00
3579.00	3580.00	3580.00	3580.00	3581.00	3581.00	3581.00	3582.00	3582.00	3582.00	3582.00	3583.00	3583.00	3584.00	3584.00	3585.00	3585.00	3585.00	3586.00	3586.00	3587.00	3587.00	3587.00	3587.00	3588.00	3588.00	3588.00	3589.00	3589.00	3589.00	3590.00	3590.00	3590.00	3591.00	3591.00	3591.00	3591.00	3591.00	3592.00	3592.00	3592.00	3592.00	3593.00	3593.00	3593.00	3593.00	3593.00	3594.00	3594.00	3594.00	3594.00	3595.00	3595.00	3595.00	3595.00	3595.00	3595.00	3595.00	3595.00	3596.00	3596.00	3596.00	3596.00	3596.00	3596.00	3596.00	3596.00	3596.00	3597.00	3597.00	3597.00	3597.00	3597.00	3598.00	3598.00	3598.00	3598.00	3598.00	3598.00	3598.00	3599.00	3599.00	3599.00	3600.00	3600.00	3600.00	3601.00	3601.00	3601.00	3601.00	3601.00	3602.00	3603.00	3603.00	3603.00	3604.00	3604.00	3604.00	3605.00	3605.00	3605.00	3606.00	3606.00	3606.00	3606.00	3607.00	3607.00	3607.00	3607.00	3608.00	3608.00	3608.00	3609.00	3609.00	3609.00	3610.00	3610.00	3610.00	3611.00	3611.00	3611.00	3612.00	3612.00	3612.00	3612.00	3612.00	3613.00	3613.00	3614.00	3614.00	3614.00	3614.00	3615.00	3615.00	3615.00	3615.00	3616.00	3616.00	3616.00	3616.00	3616.00	3617.00	3617.00	3617.00	3617.00	3617.00	3618.00	3618.00	3618.00	3618.00	3619.00	3619.00	3619.00	3620.00	3620.00	3620.00	3621.00	3621.00	3621.00	3621.00	3622.00	3622.00	3622.00	3622.00	3622.00	3622.00	3622.00	3623.00	3623.00	3623.00	3623.00	3623.00	3623.00	3623.00	3623.00	3623.00	3623.00	3623.00	3623.00	3623.00	3624.00	3624.00	3624.00	3624.00	3624.00	3624.00	3624.00	3624.00	3625.00	3625.00	3625.00	3625.00	3626.00	3626.00	3626.00	3627.00	3627.00	3627.00	3627.00	3628.00	3628.00	3628.00	3628.00	3629.00	3629.00	3629.00	3630.00	3630.00	3630.00	3631.00	3631.00	3631.00	3632.00	3632.00	3632.00	3632.00	3632.00	3633.00	3633.00	3633.00	3633.00	3634.00	3634.00	3634.00	3634.00	3634.00	3635.00	3635.00	3635.00	3636.00	3636.00	3636.00	3636.00	3637.00	3637.00	3637.00	3637.00	3637.00	3637.00	3637.00	3637.00	3638.00	3638.00	3638.00	3638.00	3638.00	3638.00	3639.00	3639.00	3639.00	3639.00	3639.00	3639.00	3640.00	3640.00	3640.00
3579.00	3580.00	3580.00	3580.00	3581.00	3581.00	3581.00	3582.00	3582.00	3582.00	3582.00	3583.00	3583.00	3584.00	3584.00	3585.00	3585.00	3585.00	3586.00	3586.00	3587.00	3587.00	3587.00	3587.00	3588.00	3588.00	3588.00	3589.00	3589.00	3589.00	3590.00	3590.00	3590.00	3591.00	3591.00	3591.00	3591.00	3591.00	3592.00	3592.00	3592.00	3592.00	3593.00	3593.00	3593.00	3593.00	3593.00	3594.00	3594.00	3594.00	3594.00	3595.00	3595.00	3595.00	3595.00	3595.00	3595.00	3595.00	3595.00	3596.00	3596.00	3596.00	3596.00	3596.00	3596.00	3596.00	3596.00	3596.00	3597.00	3597.00	3597.00	3597.00	3597.00	3598.00	3598.00	3598.00	3598.00	3598.00	3598.00	3598.00	3599.00	3599.00	3599.00	3600.00	3600.00	3600.00	3601.00	3601.00	3601.00	3601.00	3601.00	3602.00	3603.00	3603.00	3603.00	3604.00	3604.00	3604.00	3605.00	3605.00	3605.00	3606.00	3606.00	3606.00	3606.00	3607.00	3607.00	3607.00	3607.00	3608.00	3608.00	3608.00	3609.00	3609.00	3609.00	3610.00	3610.00	3610.00	3611.00	3611.00	3611.00	3612.00	3612.00	3612.00	3612.00	3612.00	3613.00	3613.00	3614.00	3614.00	3614.00	3614.00	3615.00	3615.00	3615.00	3615.00	3616.00	3616.00	3616.00	3616.00	3616.00	3617.00	3617.00	3617.00	3617.00	3617.00	3618.00	3618.00	3618.00	3618.00	3619.00	3619.00	3619.00	3620.00	3620.00	3620.00	3621.00	3621.00	3621.00	3621.00	3622.00	3622.00	3622.00	3622.00	3622.00	3622.00	3622.00	3623.00	3623.00	3623.00	3623.00	3623.00	3623.00	3623.00	3623.00	3623.00	3623.00	3623.00	3623.00	3623.00	3624.00	3624.00	3624.00	3624.00	3624.00	3624.00	3624.00	3624.00	3625.00	3625.00	3625.00	3625.00	3626.00	3626.00	3626.00	3627.00	3627.00	3627.00	3627.00	3628.00	3628.00	3628.00	3628.00	3629.00	3629.00	3629.00	3630.00	3630.00	3630.00	3631.00	3631.00	3631.00	3632.00	3632.00	3632.00	3632.00	3632.00	3633.00	3633.00	3633.00	3633.00	3634.00	3634.00	3634.00	3634.00	3634.00	3635.00	3635.00	3635.00	3636.00	3636.00	3636.00	3636.00	3637.00	3637.00	3637.00	3637.00	3637.00	3637.00	3637.00	3637.00	3638.00	3638.00	3638.00	3638.00	3638.00	3638.00	3639.00	3639.00	3639.00	3639.00	3639.00	3639.00	3640.00	3640.00	3640.00
3579.00	3579.00	3580.00	3580.00	3581.00	3581.00	3581.00	3582.00	3582.00	3582.00	3582.00	3584.00	3584.00	3585.00	3585.00	3585.00	3586.00	3586.00	3587.00	3587.00	3588.00	3588.00	3589.00	3589.00	3589.00	3590.00	3590.00	3590.00	3590.00	3591.00	3591.00	3591.00	3591.00	3592.00	3592.00	3592.00	3593.00	3593.00	3593.00	3594.00	3594.00	3594.00	3594.00	3594.00	3594.00	3595.00	3595.00	3595.00	3595.00	3595.00	3595.00	3595.00	3596.00	3596.00	3596.00	3596.00	3596.00	3596.00	3596.00	3597.00	3597.00	3597.00	3597.00	3597.00	3597.00	3598.00	3598.00	3598.00	3598.00	3598.00	3598.00	3598.00	3598.00	3598.00	3598.00	3598.00	3598.00	3598.00	3599.00	3599.00	3599.00	3599.00	3599.00	3600.00	3600.00	3600.00	3601.00	3601.00	3601.00	3601.00	3601.00	3602.00	3602.00	3602.00	3603.00	3603.00	3603.00	3603.00	3604.00	3604.00	3604.00	3605.00	3605.00	3605.00	3605.00	3606.00	3606.00	3606.00	3606.00	3607.00	3607.00	3607.00	3608.00	3608.00	3609.00	3609.00	3610.00	3610.00	3610.00	3611.00	3611.00	3611.00	3611.00	3612.00	3612.00	3612.00	3612.00	3613.00	3613.00	3613.00	3614.00	3614.00	3614.00	3615.00	3615.00	3615.00	3616.00	3616.00	3616.00	3616.00	3616.00	3617.00	3617.00	3617.00	3617.00	3617.00	3618.00	3618.00	3618.00	3618.00	3619.00	3619.00	3619.00	3620.00	3620.00	3620.00	3621.00	3621.00	3621.00	3621.00	3622.00	3622.00	3622.00	3622.00	3622.00	3622.00	3622.00	3622.00	3623.00	3623.00	3623.00	3623.00	3623.00	3623.00	3623.00	3623.00	3623.00	3623.00	3623.00	3623.00	3624.00	3624.00	3624.00	3624.00	3624.00	3624.00	3624.00	3624.00	3625.00	3625.00	3625.00	3625.00	3626.00	3626.00	3626.00	3627.00	3627.00	3627.00	3627.00	3628.00	3628.00	3628.00	3628.00	3629.00	3629.00	3629.00	3630.00	3630.00	3630.00	3631.00	3631.00	3631.00	3632.00	3632.00	3632.00	3633.00	3633.00	3633.00	3633.00	3633.00	3634.00	3634.00	3635.00	3635.00	3635.00	3635.00	3635.00	3636.00	3636.00	3636.00	3636.00	3636.00	3636.00	3637.00	3637.00	3637.00	3637.00	3637.00	3637.00	3637.00	3637.00	3638.00	3638.00	3638.00	3638.00	3638.00	3638.00	3639.00	3639.00	3639.00	3639.00	3639.00	3639.00	3640.00	3640.00	3640.00
3579.00	3579.00	3580.00	3580.00	3581.00	3581.00	3581.00	3582.00	3582.00	3582.00	3582.00	3584.00	3584.00	3585.00	3585.00	3585.00	3586.00	3586.00	3587.00	3587.00	3588.00	3588.00	3589.00	3589.00	3589.00	3590.00	3590.00	3590.00	3590.00	3591.00	3591.00	3591.00	3591.00	3592.00	3592.00	3592.00	3593.00	3593.00	3593.00	3594.00	3594.00	3594.00	3594.00	3594.00	3594.00	3595.00	3595.00	3595.00	3595.00	3595.00	3595.00	3595.00	3596.00	3596.00	3596.00	3596.00	3596.00	3596.00	3596.00	3597.00	3597.00	3597.00	3597.00	3597.00	3597.00	3598.00	3598.00	3598.00	3598.00	3598.00	3598.00	3598.00	3598.00	3598.00	3598.00	3598.00	3598.00	3598.00	3599.00	3599.00	3599.00	3599.00	3599.00	3600.00	3600.00	3600.00	3601.00	3601.00	3601.00	3601.00	3601.00	3602.00	3602.00	3602.00	3603.00	3603.00	3603.00	3603.00	3604.00	3604.00	3604.00	3605.00	3605.00	3605.00	3605.00	3606.00	3606.00	3606.00	3606.00	3607.00	3607.00	3607.00	3608.00	3608.00	3609.00	3609.00	3610.00	3610.00	3610.00	3611.00	3611.00	3611.00	3611.00	3612.00	3612.00	3612.00	3612.00	3613.00	3613.00	3613.00	3614.00	3614.00	3614.00	3615.00	3615.00	3615.00	3616.00	3616.00	3616.00	3616.00	3616.00	3617.00	3617.00	3617.00	3617.00	3617.00	3618.00	3618.00	3618.00	3618.00	3619.00	3619.00	3619.00	3620.00	3620.00	3620.00	3621.00	3621.00	3621.00	3621.00	3622.00	3622.00	3622.00	3622.00	3622.00	3622.00	3622.00	3622.00	3623.00	3623.00	3623.00	3623.00	3623.00	3623.00	3623.00	3623.00	3623.00	3623.00	3623.00	3623.00	3624.00	3624.00	3624.00	3624.00	3624.00	3624.00	3624.00	3624.00	3625.00	3625.00	3625.00	3625.00	3626.00	3626.00	3626.00	3627.00	3627.00	3627.00	3627.00	3628.00	3628.00	3628.00	3628.00	3629.00	3629.00	3629.00	3630.00	3630.00	3630.00	3631.00	3631.00	3631.00	3632.00	3632.00	3632.00	3633.00	3633.00	3633.00	3633.00	3633.00	3634.00	3634.00	3635.00	3635.00	3635.00	3635.00	3635.00	3636.00	3636.00	3636.00	3636.00	3636.00	3636.00	3637.00	3637.00	3637.00	3637.00	3637.00	3637.00	3637.00	3637.00	3638.00	3638.00	3638.00	3638.00	3638.00	3638.00	3639.00	3639.00	3639.00	3639.00	3639.00	3639.00	3640.00	3640.00	3640.00
3579.00	3579.00	3580.00	3580.00	3581.00	3581.00	3581.00	3582.00	3582.00	3582.00	3582.00	3584.00	3584.00	3585.00	3585.00	3585.00	3586.00	3586.00	3587.00	3587.00	3588.00	3588.00	3589.00	3589.00	3589.00	3590.00	3590.00	3590.00	3590.00	3591.00	3591.00	3591.00	3591.00	3592.00	3592.00	3592.00	3593.00	3593.00	3593.00	3594.00	3594.00	3594.00	3594.00	3594.00	3594.00	3595.00	3595.00	3595.00	3595.00	3595.00	3595.00	3595.00	3596.00	3596.00	3596.00	3596.00	3596.00	3596.00	3596.00	3597.00	3597.00	3597.00	3597.00	3597.00	3597.00	3598.00	3598.00	3598.00	3598.00	3598.00	3598.00	3598.00	3598.00	3598.00	3598.00	3598.00	3598.00	3598.00	3599.00	3599.00	3599.00	3599.00	3599.00	3600.00	3600.00	3600.00	3601.00	3601.00	3601.00	3601.00	3601.00	3602.00	3602.00	3602.00	3603.00	3603.00	3603.00	3603.00	3604.00	3604.00	3604.00	3605.00	3605.00	3605.00	3605.00	3606.00	3606.00	3606.00	3606.00	3607.00	3607.00	3607.00	3608.00	3608.00	3609.00	3609.00	3610.00	3610.00	3610.00	3611.00	3611.00	3611.00	3611.00	3612.00	3612.00	3612.00	3612.00	3613.00	3613.00	3613.00	3614.00	3614.00	3614.00	3615.00	3615.00	3615.00	3616.00	3616.00	3616.00	3616.00	3616.00	3617.00	3617.00	3617.00	3617.00	3617.00	3618.00	3618.00	3618.00	3618.00	3619.00	3619.00	3619.00	3620.00	3620.00	3620.00	3621.00	3621.00	3621.00	3621.00	3622.00	3622.00	3622.00	3622.00	3622.00	3622.00	3622.00	3622.00	3623.00	3623.00	3623.00	3623.00	3623.00	3623.00	3623.00	3623.00	3623.00	3623.00	3623.00	3623.00	3624.00	3624.00	3624.00	3624.00	3624.00	3624.00	3624.00	3624.00	3625.00	3625.00	3625.00	3625.00	3626.00	3626.00	3626.00	3627.00	3627.00	3627.00	3627.00	3628.00	3628.00	3628.00	3628.00	3629.00	3629.00	3629.00	3630.00	3630.00	3630.00	3631.00	3631.00	3631.00	3632.00	3632.00	3632.00	3633.00	3633.00	3633.00	3633.00	3633.00	3634.00	3634.00	3635.00	3635.00	3635.00	3635.00	3635.00	3636.00	3636.00	3636.00	3636.00	3636.00	3636.00	3637.00	3637.00	3637.00	3637.00	3637.00	3637.00	3637.00	3637.00	3638.00	3638.00	3638.00	3638.00	3638.00	3638.00	3639.00	3639.00	3639.00	3639.00	3639.00	3639.00	3640.00	3640.00	3640.00
3579.00	3579.00	3580.00	3580.00	3581.00	3581.00	3581.00	3582.00	3582.00	3582.00	3582.00	3584.00	3584.00	3585.00	3585.00	3585.00	3586.00	3586.00	3587.00	3587.00	3588.00	3588.00	3589.00	3589.00	3589.00	3590.00	3590.00	3590.00	3590.00	3591.00	3591.00	3591.00	3591.00	3592.00	3592.00	3592.00	3593.00	3593.00	3593.00	3594.00	3594.00	3594.00	3594.00	3594.00	3594.00	3595.00	3595.00	3595.00	3595.00	3595.00	3595.00	3595.00	3596.00	3596.00	3596.00	3596.00	3596.00	3596.00	3596.00	3597.00	3597.00	3597.00	3597.00	3597.00	3597.00	3598.00	3598.00	3598.00	3598.00	3598.00	3598.00	3598.00	3598.00	3598.00	3598.00	3598.00	3598.00	3598.00	3599.00	3599.00	3599.00	3599.00	3599.00	3600.00	3600.00	3600.00	3601.00	3601.00	3601.00	3601.00	3601.00	3602.00	3602.00	3602.00	3603.00	3603.00	3603.00	3603.00	3604.00	3604.00	3604.00	3605.00	3605.00	3605.00	3605.00	3606.00	3606.00	3606.00	3606.00	3607.00	3607.00	3607.00	3608.00	3608.00	3609.00	3609.00	3610.00	3610.00	3610.00	3611.00	3611.00	3611.00	3611.00	3612.00	3612.00	3612.00	3612.00	3613.00	3613.00	3613.00	3614.00	3614.00	3614.00	3615.00	3615.00	3615.00	3616.00	3616.00	3616.00	3616.00	3616.00	3617.00	3617.00	3617.00	3617.00	3617.00	3618.00	3618.00	3618.00	3618.00	3619.00	3619.00	3619.00	3620.00	3620.00	3620.00	3621.00	3621.00	3621.00	3621.00	3622.00	3622.00	3622.00	3622.00	3622.00	3622.00	3622.00	3622.00	3623.00	3623.00	3623.00	3623.00	3623.00	3623.00	3623.00	3623.00	3623.00	3623.00	3623.00	3623.00	3624.00	3624.00	3624.00	3624.00	3624.00	3624.00	3624.00	3624.00	3625.00	3625.00	3625.00	3625.00	3626.00	3626.00	3626.00	3627.00	3627.00	3627.00	3627.00	3628.00	3628.00	3628.00	3628.00	3629.00	3629.00	3629.00	3630.00	3630.00	3630.00	3631.00	3631.00	3631.00	3632.00	3632.00	3632.00	3633.00	3633.00	3633.00	3633.00	3633.00	3634.00	3634.00	3635.00	3635.00	3635.00	3635.00	3635.00	3636.00	3636.00	3636.00	3636.00	3636.00	3636.00	3637.00	3637.00	3637.00	3637.00	3637.00	3637.00	3637.00	3637.00	3638.00	3638.00	3638.00	3638.00	3638.00	3638.00	3639.00	3639.00	3639.00	3639.00	3639.00	3639.00	3640.00	3640.00	3640.00
3579.00	3579.00	3580.00	3580.00	3581.00	3581.00	3581.00	3582.00	3582.00	3582.00	3582.00	3584.00	3584.00	3585.00	3585.00	3585.00	3586.00	3586.00	3587.00	3587.00	3588.00	3588.00	3589.00	3589.00	3589.00	3590.00	3590.00	3590.00	3590.00	3591.00	3591.00	3591.00	3591.00	3592.00	3592.00	3592.00	3593.00	3593.00	3593.00	3594.00	3594.00	3594.00	3594.00	3594.00	3594.00	3595.00	3595.00	3595.00	3595.00	3595.00	3595.00	3595.00	3596.00	3596.00	3596.00	3596.00	3596.00	3596.00	3596.00	3597.00	3597.00	3597.00	3597.00	3597.00	3597.00	3598.00	3598.00	3598.00	3598.00	3598.00	3598.00	3598.00	3598.00	3598.00	3598.00	3598.00	3598.00	3598.00	3599.00	3599.00	3599.00	3599.00	3599.00	3600.00	3600.00	3600.00	3601.00	3601.00	3601.00	3601.00	3601.00	3602.00	3602.00	3602.00	3603.00	3603.00	3603.00	3603.00	3604.00	3604.00	3604.00	3605.00	3605.00	3605.00	3605.00	3606.00	3606.00	3606.00	3606.00	3607.00	3607.00	3607.00	3608.00	3608.00	3609.00	3609.00	3610.00	3610.00	3610.00	3611.00	3611.00	3611.00	3611.00	3612.00	3612.00	3612.00	3612.00	3613.00	3613.00	3613.00	3614.00	3614.00	3614.00	3615.00	3615.00	3615.00	3616.00	3616.00	3616.00	3616.00	3616.00	3617.00	3617.00	3617.00	3617.00	3617.00	3618.00	3618.00	3618.00	3618.00	3619.00	3619.00	3619.00	3620.00	3620.00	3620.00	3621.00	3621.00	3621.00	3621.00	3622.00	3622.00	3622.00	3622.00	3622.00	3622.00	3622.00	3622.00	3623.00	3623.00	3623.00	3623.00	3623.00	3623.00	3623.00	3623.00	3623.00	3623.00	3623.00	3623.00	3624.00	3624.00	3624.00	3624.00	3624.00	3624.00	3624.00	3624.00	3625.00	3625.00	3625.00	3625.00	3626.00	3626.00	3626.00	3627.00	3627.00	3627.00	3627.00	3628.00	3628.00	3628.00	3628.00	3629.00	3629.00	3629.00	3630.00	3630.00	3630.00	3631.00	3631.00	3631.00	3632.00	3632.00	3632.00	3633.00	3633.00	3633.00	3633.00	3633.00	3634.00	3634.00	3635.00	3635.00	3635.00	3635.00	3635.00	3636.00	3636.00	3636.00	3636.00	3636.00	3636.00	3637.00	3637.00	3637.00	3637.00	3637.00	3637.00	3637.00	3637.00	3638.00	3638.00	3638.00	3638.00	3638.00	3638.00	3639.00	3639.00	3639.00	3639.00	3639.00	3639.00	3640.00	3640.00	3640.00
3579.00	3579.00	3580.00	3580.00	3581.00	3581.00	3581.00	3582.00	3582.00	3582.00	3582.00	3584.00	3584.00	3585.00	3585.00	3585.00	3586.00	3586.00	3587.00	3587.00	3588.00	3588.00	3589.00	3589.00	3589.00	3590.00	3590.00	3590.00	3590.00	3591.00	3591.00	3591.00	3591.00	3592.00	3592.00	3592.00	3593.00	3593.00	3593.00	3594.00	3594.00	3594.00	3594.00	3594.00	3594.00	3595.00	3595.00	3595.00	3595.00	3595.00	3595.00	3595.00	3596.00	3596.00	3596.00	3596.00	3596.00	3596.00	3596.00	3597.00	3597.00	3597.00	3597.00	3597.00	3597.00	3598.00	3598.00	3598.00	3598.00	3598.00	3598.00	3598.00	3598.00	3598.00	3598.00	3598.00	3598.00	3598.00	3599.00	3599.00	3599.00	3599.00	3599.00	3600.00	3600.00	3600.00	3601.00	3601.00	3601.00	3601.00	3601.00	3602.00	3602.00	3602.00	3603.00	3603.00	3603.00	3603.00	3604.00	3604.00	3604.00	3605.00	3605.00	3605.00	3605.00	3606.00	3606.00	3606.00	3606.00	3607.00	3607.00	3607.00	3608.00	3608.00	3609.00	3609.00	3610.00	3610.00	3610.00	3611.00	3611.00	3611.00	3611.00	3612.00	3612.00	3612.00	3612.00	3613.00	3613.00	3613.00	3614.00	3614.00	3614.00	3615.00	3615.00	3615.00	3616.00	3616.00	3616.00	3616.00	3616.00	3617.00	3617.00	3617.00	3617.00	3617.00	3618.00	3618.00	3618.00	3618.00	3619.00	3619.00	3619.00	3620.00	3620.00	3620.00	3621.00	3621.00	3621.00	3621.00	3622.00	3622.00	3622.00	3622.00	3622.00	3622.00	3622.00	3622.00	3623.00	3623.00	3623.00	3623.00	3623.00	3623.00	3623.00	3623.00	3623.00	3623.00	3623.00	3623.00	3624.00	3624.00	3624.00	3624.00	3624.00	3624.00	3624.00	3624.00	3625.00	3625.00	3625.00	3625.00	3626.00	3626.00	3626.00	3627.00	3627.00	3627.00	3627.00	3628.00	3628.00	3628.00	3628.00	3629.00	3629.00	3629.00	3630.00	3630.00	3630.00	3631.00	3631.00	3631.00	3632.00	3632.00	3632.00	3633.00	3633.00	3633.00	3633.00	3633.00	3634.00	3634.00	3635.00	3635.00	3635.00	3635.00	3635.00	3636.00	3636.00	3636.00	3636.00	3636.00	3636.00	3637.00	3637.00	3637.00	3637.00	3637.00	3637.00	3637.00	3637.00	3638.00	3638.00	3638.00	3638.00	3638.00	3638.00	3639.00	3639.00	3639.00	3639.00	3639.00	3639.00	3640.00	3640.00	3640.00
3579.00	3580.00	3580.00	3580.00	3581.00	3581.00	3582.00	3582.00	3582.00	3583.00	3583.00	3585.00	3585.00	3585.00	3585.00	3586.00	3587.00	3587.00	3588.00	3588.00	3589.00	3589.00	3590.00	3590.00	3590.00	3591.00	3591.00	3591.00	3591.00	3591.00	3592.00	3592.00	3592.00	3593.00	3593.00	3593.00	3594.00	3594.00	3594.00	3595.00	3595.00	3595.00	3595.00	3595.00	3595.00	3595.00	3595.00	3596.00	3596.00	3596.00	3596.00	3596.00	3597.00	3597.00	3597.00	3597.00	3597.00	3597.00	3597.00	3598.00	3598.00	3598.00	3598.00	3598.00	3598.00	3598.00	3599.00	3599.00	3599.00	3599.00	3599.00	3599.00	3599.00	3599.00	3599.00	3599.00	3599.00	3599.00	3600.00	3600.00	3600.00	3600.00	3600.00	3600.00	3600.00	3600.00	3601.00	3601.00	3601.00	3602.00	3602.00	3602.00	3602.00	3602.00	3602.00	3603.00	3603.00	3603.00	3603.00	3603.00	3604.00	3604.00	3604.00	3605.00	3605.00	3606.00	3606.00	3606.00	3606.00	3606.00	3607.00	3607.00	3607.00	3607.00	3608.00	3609.00	3609.00	3609.00	3610.00	3610.00	3610.00	3611.00	3611.00	3611.00	3612.00	3612.00	3612.00	3613.00	3613.00	3613.00	3614.00	3614.00	3614.00	3615.00	3615.00	3615.00	3616.00	3616.00	3616.00	3616.00	3616.00	3617.00	3617.00	3617.00	3617.00	3618.00	3618.00	3618.00	3619.00	3619.00	3619.00	3620.00	3620.00	3620.00	3621.00	3621.00	3621.00	3622.00	3622.00	3622.00	3622.00	3622.00	3622.00	3623.00	3623.00	3623.00	3623.00	3623.00	3623.00	3623.00	3623.00	3623.00	3623.00	3623.00	3623.00	3623.00	3623.00	3624.00	3624.00	3624.00	3624.00	3624.00	3624.00	3624.00	3624.00	3624.00	3624.00	3624.00	3625.00	3625.00	3625.00	3625.00	3626.00	3626.00	3626.00	3627.00	3627.00	3627.00	3627.00	3628.00	3628.00	3628.00	3628.00	3629.00	3629.00	3629.00	3630.00	3630.00	3631.00	3631.00	3632.00	3632.00	3632.00	3632.00	3632.00	3633.00	3633.00	3633.00	3633.00	3633.00	3634.00	3634.00	3635.00	3635.00	3635.00	3635.00	3635.00	3636.00	3636.00	3636.00	3636.00	3636.00	3636.00	3637.00	3637.00	3637.00	3637.00	3637.00	3637.00	3637.00	3637.00	3638.00	3638.00	3638.00	3638.00	3638.00	3638.00	3639.00	3639.00	3639.00	3639.00	3639.00	3639.00	3639.00	3640.00	3640.00
3579.00	3580.00	3580.00	3580.00	3581.00	3581.00	3582.00	3582.00	3582.00	3583.00	3583.00	3585.00	3585.00	3585.00	3585.00	3586.00	3587.00	3587.00	3588.00	3588.00	3589.00	3589.00	3590.00	3590.00	3590.00	3591.00	3591.00	3591.00	3591.00	3591.00	3592.00	3592.00	3592.00	3593.00	3593.00	3593.00	3594.00	3594.00	3594.00	3595.00	3595.00	3595.00	3595.00	3595.00	3595.00	3595.00	3595.00	3596.00	3596.00	3596.00	3596.00	3596.00	3597.00	3597.00	3597.00	3597.00	3597.00	3597.00	3597.00	3598.00	3598.00	3598.00	3598.00	3598.00	3598.00	3598.00	3599.00	3599.00	3599.00	3599.00	3599.00	3599.00	3599.00	3599.00	3599.00	3599.00	3599.00	3599.00	3600.00	3600.00	3600.00	3600.00	3600.00	3600.00	3600.00	3600.00	3601.00	3601.00	3601.00	3602.00	3602.00	3602.00	3602.00	3602.00	3602.00	3603.00	3603.00	3603.00	3603.00	3603.00	3604.00	3604.00	3604.00	3605.00	3605.00	3606.00	3606.00	3606.00	3606.00	3606.00	3607.00	3607.00	3607.00	3607.00	3608.00	3609.00	3609.00	3609.00	3610.00	3610.00	3610.00	3611.00	3611.00	3611.00	3612.00	3612.00	3612.00	3613.00	3613.00	3613.00	3614.00	3614.00	3614.00	3615.00	3615.00	3615.00	3616.00	3616.00	3616.00	3616.00	3616.00	3617.00	3617.00	3617.00	3617.00	3618.00	3618.00	3618.00	3619.00	3619.00	3619.00	3620.00	3620.00	3620.00	3621.00	3621.00	3621.00	3622.00	3622.00	3622.00	3622.00	3622.00	3622.00	3623.00	3623.00	3623.00	3623.00	3623.00	3623.00	3623.00	3623.00	3623.00	3623.00	3623.00	3623.00	3623.00	3623.00	3624.00	3624.00	3624.00	3624.00	3624.00	3624.00	3624.00	3624.00	3624.00	3624.00	3624.00	3625.00	3625.00	3625.00	3625.00	3626.00	3626.00	3626.00	3627.00	3627.00	3627.00	3627.00	3628.00	3628.00	3628.00	3628.00	3629.00	3629.00	3629.00	3630.00	3630.00	3631.00	3631.00	3632.00	3632.00	3632.00	3632.00	3632.00	3633.00	3633.00	3633.00	3633.00	3633.00	3634.00	3634.00	3635.00	3635.00	3635.00	3635.00	3635.00	3636.00	3636.00	3636.00	3636.00	3636.00	3636.00	3637.00	3637.00	3637.00	3637.00	3637.00	3637.00	3637.00	3637.00	3638.00	3638.00	3638.00	3638.00	3638.00	3638.00	3639.00	3639.00	3639.00	3639.00	3639.00	3639.00	3639.00	3640.00	3640.00
3579.00	3580.00	3580.00	3580.00	3581.00	3581.00	3582.00	3582.00	3582.00	3583.00	3583.00	3585.00	3585.00	3585.00	3585.00	3586.00	3587.00	3587.00	3588.00	3588.00	3589.00	3589.00	3590.00	3590.00	3590.00	3591.00	3591.00	3591.00	3591.00	3591.00	3592.00	3592.00	3592.00	3593.00	3593.00	3593.00	3594.00	3594.00	3594.00	3595.00	3595.00	3595.00	3595.00	3595.00	3595.00	3595.00	3595.00	3596.00	3596.00	3596.00	3596.00	3596.00	3597.00	3597.00	3597.00	3597.00	3597.00	3597.00	3597.00	3598.00	3598.00	3598.00	3598.00	3598.00	3598.00	3598.00	3599.00	3599.00	3599.00	3599.00	3599.00	3599.00	3599.00	3599.00	3599.00	3599.00	3599.00	3599.00	3600.00	3600.00	3600.00	3600.00	3600.00	3600.00	3600.00	3600.00	3601.00	3601.00	3601.00	3602.00	3602.00	3602.00	3602.00	3602.00	3602.00	3603.00	3603.00	3603.00	3603.00	3603.00	3604.00	3604.00	3604.00	3605.00	3605.00	3606.00	3606.00	3606.00	3606.00	3606.00	3607.00	3607.00	3607.00	3607.00	3608.00	3609.00	3609.00	3609.00	3610.00	3610.00	3610.00	3611.00	3611.00	3611.00	3612.00	3612.00	3612.00	3613.00	3613.00	3613.00	3614.00	3614.00	3614.00	3615.00	3615.00	3615.00	3616.00	3616.00	3616.00	3616.00	3616.00	3617.00	3617.00	3617.00	3617.00	3618.00	3618.00	3618.00	3619.00	3619.00	3619.00	3620.00	3620.00	3620.00	3621.00	3621.00	3621.00	3622.00	3622.00	3622.00	3622.00	3622.00	3622.00	3623.00	3623.00	3623.00	3623.00	3623.00	3623.00	3623.00	3623.00	3623.00	3623.00	3623.00	3623.00	3623.00	3623.00	3624.00	3624.00	3624.00	3624.00	3624.00	3624.00	3624.00	3624.00	3624.00	3624.00	3624.00	3625.00	3625.00	3625.00	3625.00	3626.00	3626.00	3626.00	3627.00	3627.00	3627.00	3627.00	3628.00	3628.00	3628.00	3628.00	3629.00	3629.00	3629.00	3630.00	3630.00	3631.00	3631.00	3632.00	3632.00	3632.00	3632.00	3632.00	3633.00	3633.00	3633.00	3633.00	3633.00	3634.00	3634.00	3635.00	3635.00	3635.00	3635.00	3635.00	3636.00	3636.00	3636.00	3636.00	3636.00	3636.00	3637.00	3637.00	3637.00	3637.00	3637.00	3637.00	3637.00	3637.00	3638.00	3638.00	3638.00	3638.00	3638.00	3638.00	3639.00	3639.00	3639.00	3639.00	3639.00	3639.00	3639.00	3640.00	3640.00
3579.00	3580.00	3580.00	3580.00	3581.00	3581.00	3582.00	3582.00	3582.00	3583.00	3583.00	3585.00	3585.00	3585.00	3585.00	3586.00	3587.00	3587.00	3588.00	3588.00	3589.00	3589.00	3590.00	3590.00	3590.00	3591.00	3591.00	3591.00	3591.00	3591.00	3592.00	3592.00	3592.00	3593.00	3593.00	3593.00	3594.00	3594.00	3594.00	3595.00	3595.00	3595.00	3595.00	3595.00	3595.00	3595.00	3595.00	3596.00	3596.00	3596.00	3596.00	3596.00	3597.00	3597.00	3597.00	3597.00	3597.00	3597.00	3597.00	3598.00	3598.00	3598.00	3598.00	3598.00	3598.00	3598.00	3599.00	3599.00	3599.00	3599.00	3599.00	3599.00	3599.00	3599.00	3599.00	3599.00	3599.00	3599.00	3600.00	3600.00	3600.00	3600.00	3600.00	3600.00	3600.00	3600.00	3601.00	3601.00	3601.00	3602.00	3602.00	3602.00	3602.00	3602.00	3602.00	3603.00	3603.00	3603.00	3603.00	3603.00	3604.00	3604.00	3604.00	3605.00	3605.00	3606.00	3606.00	3606.00	3606.00	3606.00	3607.00	3607.00	3607.00	3607.00	3608.00	3609.00	3609.00	3609.00	3610.00	3610.00	3610.00	3611.00	3611.00	3611.00	3612.00	3612.00	3612.00	3613.00	3613.00	3613.00	3614.00	3614.00	3614.00	3615.00	3615.00	3615.00	3616.00	3616.00	3616.00	3616.00	3616.00	3617.00	3617.00	3617.00	3617.00	3618.00	3618.00	3618.00	3619.00	3619.00	3619.00	3620.00	3620.00	3620.00	3621.00	3621.00	3621.00	3622.00	3622.00	3622.00	3622.00	3622.00	3622.00	3623.00	3623.00	3623.00	3623.00	3623.00	3623.00	3623.00	3623.00	3623.00	3623.00	3623.00	3623.00	3623.00	3623.00	3624.00	3624.00	3624.00	3624.00	3624.00	3624.00	3624.00	3624.00	3624.00	3624.00	3624.00	3625.00	3625.00	3625.00	3625.00	3626.00	3626.00	3626.00	3627.00	3627.00	3627.00	3627.00	3628.00	3628.00	3628.00	3628.00	3629.00	3629.00	3629.00	3630.00	3630.00	3631.00	3631.00	3632.00	3632.00	3632.00	3632.00	3632.00	3633.00	3633.00	3633.00	3633.00	3633.00	3634.00	3634.00	3635.00	3635.00	3635.00	3635.00	3635.00	3636.00	3636.00	3636.00	3636.00	3636.00	3636.00	3637.00	3637.00	3637.00	3637.00	3637.00	3637.00	3637.00	3637.00	3638.00	3638.00	3638.00	3638.00	3638.00	3638.00	3639.00	3639.00	3639.00	3639.00	3639.00	3639.00	3639.00	3640.00	3640.00
3579.00	3580.00	3580.00	3580.00	3581.00	3581.00	3582.00	3582.00	3582.00	3583.00	3583.00	3585.00	3585.00	3585.00	3585.00	3586.00	3587.00	3587.00	3588.00	3588.00	3589.00	3589.00	3590.00	3590.00	3590.00	3591.00	3591.00	3591.00	3591.00	3591.00	3592.00	3592.00	3592.00	3593.00	3593.00	3593.00	3594.00	3594.00	3594.00	3595.00	3595.00	3595.00	3595.00	3595.00	3595.00	3595.00	3595.00	3596.00	3596.00	3596.00	3596.00	3596.00	3597.00	3597.00	3597.00	3597.00	3597.00	3597.00	3597.00	3598.00	3598.00	3598.00	3598.00	3598.00	3598.00	3598.00	3599.00	3599.00	3599.00	3599.00	3599.00	3599.00	3599.00	3599.00	3599.00	3599.00	3599.00	3599.00	3600.00	3600.00	3600.00	3600.00	3600.00	3600.00	3600.00	3600.00	3601.00	3601.00	3601.00	3602.00	3602.00	3602.00	3602.00	3602.00	3602.00	3603.00	3603.00	3603.00	3603.00	3603.00	3604.00	3604.00	3604.00	3605.00	3605.00	3606.00	3606.00	3606.00	3606.00	3606.00	3607.00	3607.00	3607.00	3607.00	3608.00	3609.00	3609.00	3609.00	3610.00	3610.00	3610.00	3611.00	3611.00	3611.00	3612.00	3612.00	3612.00	3613.00	3613.00	3613.00	3614.00	3614.00	3614.00	3615.00	3615.00	3615.00	3616.00	3616.00	3616.00	3616.00	3616.00	3617.00	3617.00	3617.00	3617.00	3618.00	3618.00	3618.00	3619.00	3619.00	3619.00	3620.00	3620.00	3620.00	3621.00	3621.00	3621.00	3622.00	3622.00	3622.00	3622.00	3622.00	3622.00	3623.00	3623.00	3623.00	3623.00	3623.00	3623.00	3623.00	3623.00	3623.00	3623.00	3623.00	3623.00	3623.00	3623.00	3624.00	3624.00	3624.00	3624.00	3624.00	3624.00	3624.00	3624.00	3624.00	3624.00	3624.00	3625.00	3625.00	3625.00	3625.00	3626.00	3626.00	3626.00	3627.00	3627.00	3627.00	3627.00	3628.00	3628.00	3628.00	3628.00	3629.00	3629.00	3629.00	3630.00	3630.00	3631.00	3631.00	3632.00	3632.00	3632.00	3632.00	3632.00	3633.00	3633.00	3633.00	3633.00	3633.00	3634.00	3634.00	3635.00	3635.00	3635.00	3635.00	3635.00	3636.00	3636.00	3636.00	3636.00	3636.00	3636.00	3637.00	3637.00	3637.00	3637.00	3637.00	3637.00	3637.00	3637.00	3638.00	3638.00	3638.00	3638.00	3638.00	3638.00	3639.00	3639.00	3639.00	3639.00	3639.00	3639.00	3639.00	3640.00	3640.00
3579.00	3580.00	3580.00	3580.00	3581.00	3581.00	3582.00	3582.00	3582.00	3583.00	3583.00	3585.00	3585.00	3585.00	3585.00	3586.00	3587.00	3587.00	3588.00	3588.00	3589.00	3589.00	3590.00	3590.00	3590.00	3591.00	3591.00	3591.00	3591.00	3591.00	3592.00	3592.00	3592.00	3593.00	3593.00	3593.00	3594.00	3594.00	3594.00	3595.00	3595.00	3595.00	3595.00	3595.00	3595.00	3595.00	3595.00	3596.00	3596.00	3596.00	3596.00	3596.00	3597.00	3597.00	3597.00	3597.00	3597.00	3597.00	3597.00	3598.00	3598.00	3598.00	3598.00	3598.00	3598.00	3598.00	3599.00	3599.00	3599.00	3599.00	3599.00	3599.00	3599.00	3599.00	3599.00	3599.00	3599.00	3599.00	3600.00	3600.00	3600.00	3600.00	3600.00	3600.00	3600.00	3600.00	3601.00	3601.00	3601.00	3602.00	3602.00	3602.00	3602.00	3602.00	3602.00	3603.00	3603.00	3603.00	3603.00	3603.00	3604.00	3604.00	3604.00	3605.00	3605.00	3606.00	3606.00	3606.00	3606.00	3606.00	3607.00	3607.00	3607.00	3607.00	3608.00	3609.00	3609.00	3609.00	3610.00	3610.00	3610.00	3611.00	3611.00	3611.00	3612.00	3612.00	3612.00	3613.00	3613.00	3613.00	3614.00	3614.00	3614.00	3615.00	3615.00	3615.00	3616.00	3616.00	3616.00	3616.00	3616.00	3617.00	3617.00	3617.00	3617.00	3618.00	3618.00	3618.00	3619.00	3619.00	3619.00	3620.00	3620.00	3620.00	3621.00	3621.00	3621.00	3622.00	3622.00	3622.00	3622.00	3622.00	3622.00	3623.00	3623.00	3623.00	3623.00	3623.00	3623.00	3623.00	3623.00	3623.00	3623.00	3623.00	3623.00	3623.00	3623.00	3624.00	3624.00	3624.00	3624.00	3624.00	3624.00	3624.00	3624.00	3624.00	3624.00	3624.00	3625.00	3625.00	3625.00	3625.00	3626.00	3626.00	3626.00	3627.00	3627.00	3627.00	3627.00	3628.00	3628.00	3628.00	3628.00	3629.00	3629.00	3629.00	3630.00	3630.00	3631.00	3631.00	3632.00	3632.00	3632.00	3632.00	3632.00	3633.00	3633.00	3633.00	3633.00	3633.00	3634.00	3634.00	3635.00	3635.00	3635.00	3635.00	3635.00	3636.00	3636.00	3636.00	3636.00	3636.00	3636.00	3637.00	3637.00	3637.00	3637.00	3637.00	3637.00	3637.00	3637.00	3638.00	3638.00	3638.00	3638.00	3638.00	3638.00	3639.00	3639.00	3639.00	3639.00	3639.00	3639.00	3639.00	3640.00	3640.00
3580.00	3580.00	3581.00	3581.00	3582.00	3582.00	3582.00	3583.00	3583.00	3584.00	3584.00	3585.00	3585.00	3586.00	3586.00	3587.00	3588.00	3588.00	3589.00	3589.00	3590.00	3590.00	3590.00	3590.00	3591.00	3591.00	3591.00	3592.00	3592.00	3592.00	3593.00	3593.00	3593.00	3593.00	3594.00	3594.00	3594.00	3594.00	3595.00	3595.00	3595.00	3595.00	3596.00	3596.00	3596.00	3596.00	3596.00	3596.00	3597.00	3597.00	3597.00	3597.00	3597.00	3597.00	3598.00	3598.00	3598.00	3598.00	3598.00	3598.00	3599.00	3599.00	3599.00	3599.00	3599.00	3599.00	3600.00	3600.00	3600.00	3600.00	3600.00	3600.00	3600.00	3600.00	3600.00	3600.00	3600.00	3600.00	3600.00	3600.00	3601.00	3601.00	3601.00	3601.00	3601.00	3601.00	3602.00	3602.00	3602.00	3602.00	3602.00	3602.00	3603.00	3603.00	3603.00	3603.00	3603.00	3603.00	3604.00	3604.00	3604.00	3604.00	3604.00	3605.00	3605.00	3605.00	3605.00	3606.00	3606.00	3606.00	3607.00	3607.00	3607.00	3607.00	3608.00	3608.00	3609.00	3609.00	3609.00	3610.00	3610.00	3611.00	3611.00	3611.00	3612.00	3612.00	3612.00	3613.00	3613.00	3613.00	3614.00	3614.00	3614.00	3615.00	3615.00	3615.00	3616.00	3616.00	3616.00	3617.00	3617.00	3617.00	3617.00	3617.00	3618.00	3618.00	3619.00	3619.00	3619.00	3619.00	3620.00	3620.00	3620.00	3621.00	3621.00	3621.00	3622.00	3622.00	3622.00	3622.00	3623.00	3623.00	3623.00	3623.00	3623.00	3623.00	3623.00	3623.00	3623.00	3623.00	3623.00	3624.00	3624.00	3624.00	3624.00	3624.00	3624.00	3625.00	3625.00	3625.00	3625.00	3625.00	3625.00	3625.00	3625.00	3625.00	3625.00	3625.00	3625.00	3626.00	3626.00	3626.00	3627.00	3627.00	3627.00	3627.00	3627.00	3628.00	3628.00	3628.00	3628.00	3629.00	3629.00	3629.00	3630.00	3630.00	3630.00	3630.00	3631.00	3632.00	3632.00	3632.00	3632.00	3633.00	3633.00	3633.00	3633.00	3634.00	3634.00	3634.00	3634.00	3635.00	3635.00	3635.00	3635.00	3635.00	3635.00	3636.00	3636.00	3636.00	3636.00	3636.00	3636.00	3636.00	3636.00	3637.00	3637.00	3637.00	3637.00	3637.00	3637.00	3638.00	3638.00	3638.00	3638.00	3638.00	3638.00	3639.00	3639.00	3639.00	3639.00	3639.00	3639.00	3640.00	3640.00	3640.00
3580.00	3580.00	3581.00	3581.00	3582.00	3582.00	3582.00	3583.00	3583.00	3584.00	3584.00	3585.00	3585.00	3586.00	3586.00	3587.00	3588.00	3588.00	3589.00	3589.00	3590.00	3590.00	3590.00	3590.00	3591.00	3591.00	3591.00	3592.00	3592.00	3592.00	3593.00	3593.00	3593.00	3593.00	3594.00	3594.00	3594.00	3594.00	3595.00	3595.00	3595.00	3595.00	3596.00	3596.00	3596.00	3596.00	3596.00	3596.00	3597.00	3597.00	3597.00	3597.00	3597.00	3597.00	3598.00	3598.00	3598.00	3598.00	3598.00	3598.00	3599.00	3599.00	3599.00	3599.00	3599.00	3599.00	3600.00	3600.00	3600.00	3600.00	3600.00	3600.00	3600.00	3600.00	3600.00	3600.00	3600.00	3600.00	3600.00	3600.00	3601.00	3601.00	3601.00	3601.00	3601.00	3601.00	3602.00	3602.00	3602.00	3602.00	3602.00	3602.00	3603.00	3603.00	3603.00	3603.00	3603.00	3603.00	3604.00	3604.00	3604.00	3604.00	3604.00	3605.00	3605.00	3605.00	3605.00	3606.00	3606.00	3606.00	3607.00	3607.00	3607.00	3607.00	3608.00	3608.00	3609.00	3609.00	3609.00	3610.00	3610.00	3611.00	3611.00	3611.00	3612.00	3612.00	3612.00	3613.00	3613.00	3613.00	3614.00	3614.00	3614.00	3615.00	3615.00	3615.00	3616.00	3616.00	3616.00	3617.00	3617.00	3617.00	3617.00	3617.00	3618.00	3618.00	3619.00	3619.00	3619.00	3619.00	3620.00	3620.00	3620.00	3621.00	3621.00	3621.00	3622.00	3622.00	3622.00	3622.00	3623.00	3623.00	3623.00	3623.00	3623.00	3623.00	3623.00	3623.00	3623.00	3623.00	3623.00	3624.00	3624.00	3624.00	3624.00	3624.00	3624.00	3625.00	3625.00	3625.00	3625.00	3625.00	3625.00	3625.00	3625.00	3625.00	3625.00	3625.00	3625.00	3626.00	3626.00	3626.00	3627.00	3627.00	3627.00	3627.00	3627.00	3628.00	3628.00	3628.00	3628.00	3629.00	3629.00	3629.00	3630.00	3630.00	3630.00	3630.00	3631.00	3632.00	3632.00	3632.00	3632.00	3633.00	3633.00	3633.00	3633.00	3634.00	3634.00	3634.00	3634.00	3635.00	3635.00	3635.00	3635.00	3635.00	3635.00	3636.00	3636.00	3636.00	3636.00	3636.00	3636.00	3636.00	3636.00	3637.00	3637.00	3637.00	3637.00	3637.00	3637.00	3638.00	3638.00	3638.00	3638.00	3638.00	3638.00	3639.00	3639.00	3639.00	3639.00	3639.00	3639.00	3640.00	3640.00	3640.00
3580.00	3580.00	3581.00	3581.00	3582.00	3582.00	3582.00	3583.00	3583.00	3584.00	3584.00	3585.00	3585.00	3586.00	3586.00	3587.00	3588.00	3588.00	3589.00	3589.00	3590.00	3590.00	3590.00	3590.00	3591.00	3591.00	3591.00	3592.00	3592.00	3592.00	3593.00	3593.00	3593.00	3593.00	3594.00	3594.00	3594.00	3594.00	3595.00	3595.00	3595.00	3595.00	3596.00	3596.00	3596.00	3596.00	3596.00	3596.00	3597.00	3597.00	3597.00	3597.00	3597.00	3597.00	3598.00	3598.00	3598.00	3598.00	3598.00	3598.00	3599.00	3599.00	3599.00	3599.00	3599.00	3599.00	3600.00	3600.00	3600.00	3600.00	3600.00	3600.00	3600.00	3600.00	3600.00	3600.00	3600.00	3600.00	3600.00	3600.00	3601.00	3601.00	3601.00	3601.00	3601.00	3601.00	3602.00	3602.00	3602.00	3602.00	3602.00	3602.00	3603.00	3603.00	3603.00	3603.00	3603.00	3603.00	3604.00	3604.00	3604.00	3604.00	3604.00	3605.00	3605.00	3605.00	3605.00	3606.00	3606.00	3606.00	3607.00	3607.00	3607.00	3607.00	3608.00	3608.00	3609.00	3609.00	3609.00	3610.00	3610.00	3611.00	3611.00	3611.00	3612.00	3612.00	3612.00	3613.00	3613.00	3613.00	3614.00	3614.00	3614.00	3615.00	3615.00	3615.00	3616.00	3616.00	3616.00	3617.00	3617.00	3617.00	3617.00	3617.00	3618.00	3618.00	3619.00	3619.00	3619.00	3619.00	3620.00	3620.00	3620.00	3621.00	3621.00	3621.00	3622.00	3622.00	3622.00	3622.00	3623.00	3623.00	3623.00	3623.00	3623.00	3623.00	3623.00	3623.00	3623.00	3623.00	3623.00	3624.00	3624.00	3624.00	3624.00	3624.00	3624.00	3625.00	3625.00	3625.00	3625.00	3625.00	3625.00	3625.00	3625.00	3625.00	3625.00	3625.00	3625.00	3626.00	3626.00	3626.00	3627.00	3627.00	3627.00	3627.00	3627.00	3628.00	3628.00	3628.00	3628.00	3629.00	3629.00	3629.00	3630.00	3630.00	3630.00	3630.00	3631.00	3632.00	3632.00	3632.00	3632.00	3633.00	3633.00	3633.00	3633.00	3634.00	3634.00	3634.00	3634.00	3635.00	3635.00	3635.00	3635.00	3635.00	3635.00	3636.00	3636.00	3636.00	3636.00	3636.00	3636.00	3636.00	3636.00	3637.00	3637.00	3637.00	3637.00	3637.00	3637.00	3638.00	3638.00	3638.00	3638.00	3638.00	3638.00	3639.00	3639.00	3639.00	3639.00	3639.00	3639.00	3640.00	3640.00	3640.00
3580.00	3580.00	3581.00	3581.00	3582.00	3582.00	3582.00	3583.00	3583.00	3584.00	3584.00	3585.00	3585.00	3586.00	3586.00	3587.00	3588.00	3588.00	3589.00	3589.00	3590.00	3590.00	3590.00	3590.00	3591.00	3591.00	3591.00	3592.00	3592.00	3592.00	3593.00	3593.00	3593.00	3593.00	3594.00	3594.00	3594.00	3594.00	3595.00	3595.00	3595.00	3595.00	3596.00	3596.00	3596.00	3596.00	3596.00	3596.00	3597.00	3597.00	3597.00	3597.00	3597.00	3597.00	3598.00	3598.00	3598.00	3598.00	3598.00	3598.00	3599.00	3599.00	3599.00	3599.00	3599.00	3599.00	3600.00	3600.00	3600.00	3600.00	3600.00	3600.00	3600.00	3600.00	3600.00	3600.00	3600.00	3600.00	3600.00	3600.00	3601.00	3601.00	3601.00	3601.00	3601.00	3601.00	3602.00	3602.00	3602.00	3602.00	3602.00	3602.00	3603.00	3603.00	3603.00	3603.00	3603.00	3603.00	3604.00	3604.00	3604.00	3604.00	3604.00	3605.00	3605.00	3605.00	3605.00	3606.00	3606.00	3606.00	3607.00	3607.00	3607.00	3607.00	3608.00	3608.00	3609.00	3609.00	3609.00	3610.00	3610.00	3611.00	3611.00	3611.00	3612.00	3612.00	3612.00	3613.00	3613.00	3613.00	3614.00	3614.00	3614.00	3615.00	3615.00	3615.00	3616.00	3616.00	3616.00	3617.00	3617.00	3617.00	3617.00	3617.00	3618.00	3618.00	3619.00	3619.00	3619.00	3619.00	3620.00	3620.00	3620.00	3621.00	3621.00	3621.00	3622.00	3622.00	3622.00	3622.00	3623.00	3623.00	3623.00	3623.00	3623.00	3623.00	3623.00	3623.00	3623.00	3623.00	3623.00	3624.00	3624.00	3624.00	3624.00	3624.00	3624.00	3625.00	3625.00	3625.00	3625.00	3625.00	3625.00	3625.00	3625.00	3625.00	3625.00	3625.00	3625.00	3626.00	3626.00	3626.00	3627.00	3627.00	3627.00	3627.00	3627.00	3628.00	3628.00	3628.00	3628.00	3629.00	3629.00	3629.00	3630.00	3630.00	3630.00	3630.00	3631.00	3632.00	3632.00	3632.00	3632.00	3633.00	3633.00	3633.00	3633.00	3634.00	3634.00	3634.00	3634.00	3635.00	3635.00	3635.00	3635.00	3635.00	3635.00	3636.00	3636.00	3636.00	3636.00	3636.00	3636.00	3636.00	3636.00	3637.00	3637.00	3637.00	3637.00	3637.00	3637.00	3638.00	3638.00	3638.00	3638.00	3638.00	3638.00	3639.00	3639.00	3639.00	3639.00	3639.00	3639.00	3640.00	3640.00	3640.00
3580.00	3580.00	3581.00	3581.00	3582.00	3582.00	3582.00	3583.00	3583.00	3584.00	3584.00	3585.00	3585.00	3586.00	3586.00	3587.00	3588.00	3588.00	3589.00	3589.00	3590.00	3590.00	3590.00	3590.00	3591.00	3591.00	3591.00	3592.00	3592.00	3592.00	3593.00	3593.00	3593.00	3593.00	3594.00	3594.00	3594.00	3594.00	3595.00	3595.00	3595.00	3595.00	3596.00	3596.00	3596.00	3596.00	3596.00	3596.00	3597.00	3597.00	3597.00	3597.00	3597.00	3597.00	3598.00	3598.00	3598.00	3598.00	3598.00	3598.00	3599.00	3599.00	3599.00	3599.00	3599.00	3599.00	3600.00	3600.00	3600.00	3600.00	3600.00	3600.00	3600.00	3600.00	3600.00	3600.00	3600.00	3600.00	3600.00	3600.00	3601.00	3601.00	3601.00	3601.00	3601.00	3601.00	3602.00	3602.00	3602.00	3602.00	3602.00	3602.00	3603.00	3603.00	3603.00	3603.00	3603.00	3603.00	3604.00	3604.00	3604.00	3604.00	3604.00	3605.00	3605.00	3605.00	3605.00	3606.00	3606.00	3606.00	3607.00	3607.00	3607.00	3607.00	3608.00	3608.00	3609.00	3609.00	3609.00	3610.00	3610.00	3611.00	3611.00	3611.00	3612.00	3612.00	3612.00	3613.00	3613.00	3613.00	3614.00	3614.00	3614.00	3615.00	3615.00	3615.00	3616.00	3616.00	3616.00	3617.00	3617.00	3617.00	3617.00	3617.00	3618.00	3618.00	3619.00	3619.00	3619.00	3619.00	3620.00	3620.00	3620.00	3621.00	3621.00	3621.00	3622.00	3622.00	3622.00	3622.00	3623.00	3623.00	3623.00	3623.00	3623.00	3623.00	3623.00	3623.00	3623.00	3623.00	3623.00	3624.00	3624.00	3624.00	3624.00	3624.00	3624.00	3625.00	3625.00	3625.00	3625.00	3625.00	3625.00	3625.00	3625.00	3625.00	3625.00	3625.00	3625.00	3626.00	3626.00	3626.00	3627.00	3627.00	3627.00	3627.00	3627.00	3628.00	3628.00	3628.00	3628.00	3629.00	3629.00	3629.00	3630.00	3630.00	3630.00	3630.00	3631.00	3632.00	3632.00	3632.00	3632.00	3633.00	3633.00	3633.00	3633.00	3634.00	3634.00	3634.00	3634.00	3635.00	3635.00	3635.00	3635.00	3635.00	3635.00	3636.00	3636.00	3636.00	3636.00	3636.00	3636.00	3636.00	3636.00	3637.00	3637.00	3637.00	3637.00	3637.00	3637.00	3638.00	3638.00	3638.00	3638.00	3638.00	3638.00	3639.00	3639.00	3639.00	3639.00	3639.00	3639.00	3640.00	3640.00	3640.00
3580.00	3580.00	3581.00	3581.00	3582.00	3582.00	3582.00	3583.00	3583.00	3584.00	3584.00	3585.00	3585.00	3586.00	3586.00	3587.00	3588.00	3588.00	3589.00	3589.00	3590.00	3590.00	3590.00	3590.00	3591.00	3591.00	3591.00	3592.00	3592.00	3592.00	3593.00	3593.00	3593.00	3593.00	3594.00	3594.00	3594.00	3594.00	3595.00	3595.00	3595.00	3595.00	3596.00	3596.00	3596.00	3596.00	3596.00	3596.00	3597.00	3597.00	3597.00	3597.00	3597.00	3597.00	3598.00	3598.00	3598.00	3598.00	3598.00	3598.00	3599.00	3599.00	3599.00	3599.00	3599.00	3599.00	3600.00	3600.00	3600.00	3600.00	3600.00	3600.00	3600.00	3600.00	3600.00	3600.00	3600.00	3600.00	3600.00	3600.00	3601.00	3601.00	3601.00	3601.00	3601.00	3601.00	3602.00	3602.00	3602.00	3602.00	3602.00	3602.00	3603.00	3603.00	3603.00	3603.00	3603.00	3603.00	3604.00	3604.00	3604.00	3604.00	3604.00	3605.00	3605.00	3605.00	3605.00	3606.00	3606.00	3606.00	3607.00	3607.00	3607.00	3607.00	3608.00	3608.00	3609.00	3609.00	3609.00	3610.00	3610.00	3611.00	3611.00	3611.00	3612.00	3612.00	3612.00	3613.00	3613.00	3613.00	3614.00	3614.00	3614.00	3615.00	3615.00	3615.00	3616.00	3616.00	3616.00	3617.00	3617.00	3617.00	3617.00	3617.00	3618.00	3618.00	3619.00	3619.00	3619.00	3619.00	3620.00	3620.00	3620.00	3621.00	3621.00	3621.00	3622.00	3622.00	3622.00	3622.00	3623.00	3623.00	3623.00	3623.00	3623.00	3623.00	3623.00	3623.00	3623.00	3623.00	3623.00	3624.00	3624.00	3624.00	3624.00	3624.00	3624.00	3625.00	3625.00	3625.00	3625.00	3625.00	3625.00	3625.00	3625.00	3625.00	3625.00	3625.00	3625.00	3626.00	3626.00	3626.00	3627.00	3627.00	3627.00	3627.00	3627.00	3628.00	3628.00	3628.00	3628.00	3629.00	3629.00	3629.00	3630.00	3630.00	3630.00	3630.00	3631.00	3632.00	3632.00	3632.00	3632.00	3633.00	3633.00	3633.00	3633.00	3634.00	3634.00	3634.00	3634.00	3635.00	3635.00	3635.00	3635.00	3635.00	3635.00	3636.00	3636.00	3636.00	3636.00	3636.00	3636.00	3636.00	3636.00	3637.00	3637.00	3637.00	3637.00	3637.00	3637.00	3638.00	3638.00	3638.00	3638.00	3638.00	3638.00	3639.00	3639.00	3639.00	3639.00	3639.00	3639.00	3640.00	3640.00	3640.00
3580.00	3580.00	3581.00	3581.00	3582.00	3582.00	3583.00	3584.00	3584.00	3584.00	3584.00	3586.00	3586.00	3587.00	3587.00	3587.00	3588.00	3588.00	3589.00	3589.00	3590.00	3590.00	3591.00	3591.00	3592.00	3592.00	3592.00	3592.00	3592.00	3593.00	3593.00	3593.00	3593.00	3593.00	3594.00	3594.00	3594.00	3594.00	3595.00	3595.00	3595.00	3595.00	3596.00	3596.00	3596.00	3596.00	3596.00	3596.00	3597.00	3597.00	3597.00	3597.00	3598.00	3598.00	3598.00	3598.00	3598.00	3599.00	3599.00	3599.00	3599.00	3599.00	3600.00	3600.00	3600.00	3600.00	3600.00	3600.00	3601.00	3601.00	3601.00	3601.00	3601.00	3601.00	3601.00	3601.00	3601.00	3601.00	3602.00	3602.00	3602.00	3602.00	3602.00	3602.00	3602.00	3602.00	3603.00	3603.00	3603.00	3603.00	3603.00	3603.00	3603.00	3603.00	3604.00	3604.00	3604.00	3604.00	3604.00	3604.00	3604.00	3605.00	3605.00	3605.00	3605.00	3606.00	3606.00	3606.00	3606.00	3607.00	3607.00	3607.00	3608.00	3608.00	3608.00	3609.00	3609.00	3609.00	3609.00	3610.00	3610.00	3611.00	3611.00	3611.00	3612.00	3612.00	3612.00	3613.00	3613.00	3613.00	3614.00	3614.00	3614.00	3615.00	3615.00	3615.00	3616.00	3616.00	3616.00	3617.00	3617.00	3617.00	3618.00	3618.00	3618.00	3619.00	3619.00	3619.00	3620.00	3620.00	3620.00	3621.00	3621.00	3621.00	3622.00	3622.00	3622.00	3622.00	3622.00	3623.00	3623.00	3623.00	3624.00	3624.00	3624.00	3624.00	3624.00	3624.00	3624.00	3624.00	3624.00	3624.00	3625.00	3625.00	3625.00	3625.00	3625.00	3625.00	3626.00	3626.00	3626.00	3626.00	3626.00	3626.00	3626.00	3626.00	3626.00	3626.00	3627.00	3627.00	3628.00	3628.00	3628.00	3628.00	3628.00	3628.00	3628.00	3628.00	3628.00	3629.00	3629.00	3629.00	3629.00	3630.00	3630.00	3630.00	3631.00	3631.00	3631.00	3632.00	3632.00	3632.00	3633.00	3633.00	3633.00	3633.00	3633.00	3634.00	3634.00	3634.00	3634.00	3635.00	3635.00	3635.00	3635.00	3635.00	3635.00	3636.00	3636.00	3636.00	3636.00	3636.00	3636.00	3636.00	3636.00	3637.00	3637.00	3637.00	3637.00	3637.00	3637.00	3638.00	3638.00	3638.00	3638.00	3638.00	3638.00	3639.00	3639.00	3639.00	3639.00	3639.00	3639.00	3640.00	3640.00	3640.00
3580.00	3580.00	3581.00	3581.00	3582.00	3582.00	3583.00	3584.00	3584.00	3584.00	3584.00	3586.00	3586.00	3587.00	3587.00	3587.00	3588.00	3588.00	3589.00	3589.00	3590.00	3590.00	3591.00	3591.00	3592.00	3592.00	3592.00	3592.00	3592.00	3593.00	3593.00	3593.00	3593.00	3593.00	3594.00	3594.00	3594.00	3594.00	3595.00	3595.00	3595.00	3595.00	3596.00	3596.00	3596.00	3596.00	3596.00	3596.00	3597.00	3597.00	3597.00	3597.00	3598.00	3598.00	3598.00	3598.00	3598.00	3599.00	3599.00	3599.00	3599.00	3599.00	3600.00	3600.00	3600.00	3600.00	3600.00	3600.00	3601.00	3601.00	3601.00	3601.00	3601.00	3601.00	3601.00	3601.00	3601.00	3601.00	3602.00	3602.00	3602.00	3602.00	3602.00	3602.00	3602.00	3602.00	3603.00	3603.00	3603.00	3603.00	3603.00	3603.00	3603.00	3603.00	3604.00	3604.00	3604.00	3604.00	3604.00	3604.00	3604.00	3605.00	3605.00	3605.00	3605.00	3606.00	3606.00	3606.00	3606.00	3607.00	3607.00	3607.00	3608.00	3608.00	3608.00	3609.00	3609.00	3609.00	3609.00	3610.00	3610.00	3611.00	3611.00	3611.00	3612.00	3612.00	3612.00	3613.00	3613.00	3613.00	3614.00	3614.00	3614.00	3615.00	3615.00	3615.00	3616.00	3616.00	3616.00	3617.00	3617.00	3617.00	3618.00	3618.00	3618.00	3619.00	3619.00	3619.00	3620.00	3620.00	3620.00	3621.00	3621.00	3621.00	3622.00	3622.00	3622.00	3622.00	3622.00	3623.00	3623.00	3623.00	3624.00	3624.00	3624.00	3624.00	3624.00	3624.00	3624.00	3624.00	3624.00	3624.00	3625.00	3625.00	3625.00	3625.00	3625.00	3625.00	3626.00	3626.00	3626.00	3626.00	3626.00	3626.00	3626.00	3626.00	3626.00	3626.00	3627.00	3627.00	3628.00	3628.00	3628.00	3628.00	3628.00	3628.00	3628.00	3628.00	3628.00	3629.00	3629.00	3629.00	3629.00	3630.00	3630.00	3630.00	3631.00	3631.00	3631.00	3632.00	3632.00	3632.00	3633.00	3633.00	3633.00	3633.00	3633.00	3634.00	3634.00	3634.00	3634.00	3635.00	3635.00	3635.00	3635.00	3635.00	3635.00	3636.00	3636.00	3636.00	3636.00	3636.00	3636.00	3636.00	3636.00	3637.00	3637.00	3637.00	3637.00	3637.00	3637.00	3638.00	3638.00	3638.00	3638.00	3638.00	3638.00	3639.00	3639.00	3639.00	3639.00	3639.00	3639.00	3640.00	3640.00	3640.00
3580.00	3580.00	3581.00	3581.00	3582.00	3582.00	3583.00	3584.00	3584.00	3584.00	3584.00	3586.00	3586.00	3587.00	3587.00	3587.00	3588.00	3588.00	3589.00	3589.00	3590.00	3590.00	3591.00	3591.00	3592.00	3592.00	3592.00	3592.00	3592.00	3593.00	3593.00	3593.00	3593.00	3593.00	3594.00	3594.00	3594.00	3594.00	3595.00	3595.00	3595.00	3595.00	3596.00	3596.00	3596.00	3596.00	3596.00	3596.00	3597.00	3597.00	3597.00	3597.00	3598.00	3598.00	3598.00	3598.00	3598.00	3599.00	3599.00	3599.00	3599.00	3599.00	3600.00	3600.00	3600.00	3600.00	3600.00	3600.00	3601.00	3601.00	3601.00	3601.00	3601.00	3601.00	3601.00	3601.00	3601.00	3601.00	3602.00	3602.00	3602.00	3602.00	3602.00	3602.00	3602.00	3602.00	3603.00	3603.00	3603.00	3603.00	3603.00	3603.00	3603.00	3603.00	3604.00	3604.00	3604.00	3604.00	3604.00	3604.00	3604.00	3605.00	3605.00	3605.00	3605.00	3606.00	3606.00	3606.00	3606.00	3607.00	3607.00	3607.00	3608.00	3608.00	3608.00	3609.00	3609.00	3609.00	3609.00	3610.00	3610.00	3611.00	3611.00	3611.00	3612.00	3612.00	3612.00	3613.00	3613.00	3613.00	3614.00	3614.00	3614.00	3615.00	3615.00	3615.00	3616.00	3616.00	3616.00	3617.00	3617.00	3617.00	3618.00	3618.00	3618.00	3619.00	3619.00	3619.00	3620.00	3620.00	3620.00	3621.00	3621.00	3621.00	3622.00	3622.00	3622.00	3622.00	3622.00	3623.00	3623.00	3623.00	3624.00	3624.00	3624.00	3624.00	3624.00	3624.00	3624.00	3624.00	3624.00	3624.00	3625.00	3625.00	3625.00	3625.00	3625.00	3625.00	3626.00	3626.00	3626.00	3626.00	3626.00	3626.00	3626.00	3626.00	3626.00	3626.00	3627.00	3627.00	3628.00	3628.00	3628.00	3628.00	3628.00	3628.00	3628.00	3628.00	3628.00	3629.00	3629.00	3629.00	3629.00	3630.00	3630.00	3630.00	3631.00	3631.00	3631.00	3632.00	3632.00	3632.00	3633.00	3633.00	3633.00	3633.00	3633.00	3634.00	3634.00	3634.00	3634.00	3635.00	3635.00	3635.00	3635.00	3635.00	3635.00	3636.00	3636.00	3636.00	3636.00	3636.00	3636.00	3636.00	3636.00	3637.00	3637.00	3637.00	3637.00	3637.00	3637.00	3638.00	3638.00	3638.00	3638.00	3638.00	3638.00	3639.00	3639.00	3639.00	3639.00	3639.00	3639.00	3640.00	3640.00	3640.00
3580.00	3580.00	3581.00	3581.00	3582.00	3582.00	3583.00	3584.00	3584.00	3584.00	3584.00	3586.00	3586.00	3587.00	3587.00	3587.00	3588.00	3588.00	3589.00	3589.00	3590.00	3590.00	3591.00	3591.00	3592.00	3592.00	3592.00	3592.00	3592.00	3593.00	3593.00	3593.00	3593.00	3593.00	3594.00	3594.00	3594.00	3594.00	3595.00	3595.00	3595.00	3595.00	3596.00	3596.00	3596.00	3596.00	3596.00	3596.00	3597.00	3597.00	3597.00	3597.00	3598.00	3598.00	3598.00	3598.00	3598.00	3599.00	3599.00	3599.00	3599.00	3599.00	3600.00	3600.00	3600.00	3600.00	3600.00	3600.00	3601.00	3601.00	3601.00	3601.00	3601.00	3601.00	3601.00	3601.00	3601.00	3601.00	3602.00	3602.00	3602.00	3602.00	3602.00	3602.00	3602.00	3602.00	3603.00	3603.00	3603.00	3603.00	3603.00	3603.00	3603.00	3603.00	3604.00	3604.00	3604.00	3604.00	3604.00	3604.00	3604.00	3605.00	3605.00	3605.00	3605.00	3606.00	3606.00	3606.00	3606.00	3607.00	3607.00	3607.00	3608.00	3608.00	3608.00	3609.00	3609.00	3609.00	3609.00	3610.00	3610.00	3611.00	3611.00	3611.00	3612.00	3612.00	3612.00	3613.00	3613.00	3613.00	3614.00	3614.00	3614.00	3615.00	3615.00	3615.00	3616.00	3616.00	3616.00	3617.00	3617.00	3617.00	3618.00	3618.00	3618.00	3619.00	3619.00	3619.00	3620.00	3620.00	3620.00	3621.00	3621.00	3621.00	3622.00	3622.00	3622.00	3622.00	3622.00	3623.00	3623.00	3623.00	3624.00	3624.00	3624.00	3624.00	3624.00	3624.00	3624.00	3624.00	3624.00	3624.00	3625.00	3625.00	3625.00	3625.00	3625.00	3625.00	3626.00	3626.00	3626.00	3626.00	3626.00	3626.00	3626.00	3626.00	3626.00	3626.00	3627.00	3627.00	3628.00	3628.00	3628.00	3628.00	3628.00	3628.00	3628.00	3628.00	3628.00	3629.00	3629.00	3629.00	3629.00	3630.00	3630.00	3630.00	3631.00	3631.00	3631.00	3632.00	3632.00	3632.00	3633.00	3633.00	3633.00	3633.00	3633.00	3634.00	3634.00	3634.00	3634.00	3635.00	3635.00	3635.00	3635.00	3635.00	3635.00	3636.00	3636.00	3636.00	3636.00	3636.00	3636.00	3636.00	3636.00	3637.00	3637.00	3637.00	3637.00	3637.00	3637.00	3638.00	3638.00	3638.00	3638.00	3638.00	3638.00	3639.00	3639.00	3639.00	3639.00	3639.00	3639.00	3640.00	3640.00	3640.00
3580.00	3580.00	3581.00	3581.00	3582.00	3582.00	3583.00	3584.00	3584.00	3584.00	3584.00	3586.00	3586.00	3587.00	3587.00	3587.00	3588.00	3588.00	3589.00	3589.00	3590.00	3590.00	3591.00	3591.00	3592.00	3592.00	3592.00	3592.00	3592.00	3593.00	3593.00	3593.00	3593.00	3593.00	3594.00	3594.00	3594.00	3594.00	3595.00	3595.00	3595.00	3595.00	3596.00	3596.00	3596.00	3596.00	3596.00	3596.00	3597.00	3597.00	3597.00	3597.00	3598.00	3598.00	3598.00	3598.00	3598.00	3599.00	3599.00	3599.00	3599.00	3599.00	3600.00	3600.00	3600.00	3600.00	3600.00	3600.00	3601.00	3601.00	3601.00	3601.00	3601.00	3601.00	3601.00	3601.00	3601.00	3601.00	3602.00	3602.00	3602.00	3602.00	3602.00	3602.00	3602.00	3602.00	3603.00	3603.00	3603.00	3603.00	3603.00	3603.00	3603.00	3603.00	3604.00	3604.00	3604.00	3604.00	3604.00	3604.00	3604.00	3605.00	3605.00	3605.00	3605.00	3606.00	3606.00	3606.00	3606.00	3607.00	3607.00	3607.00	3608.00	3608.00	3608.00	3609.00	3609.00	3609.00	3609.00	3610.00	3610.00	3611.00	3611.00	3611.00	3612.00	3612.00	3612.00	3613.00	3613.00	3613.00	3614.00	3614.00	3614.00	3615.00	3615.00	3615.00	3616.00	3616.00	3616.00	3617.00	3617.00	3617.00	3618.00	3618.00	3618.00	3619.00	3619.00	3619.00	3620.00	3620.00	3620.00	3621.00	3621.00	3621.00	3622.00	3622.00	3622.00	3622.00	3622.00	3623.00	3623.00	3623.00	3624.00	3624.00	3624.00	3624.00	3624.00	3624.00	3624.00	3624.00	3624.00	3624.00	3625.00	3625.00	3625.00	3625.00	3625.00	3625.00	3626.00	3626.00	3626.00	3626.00	3626.00	3626.00	3626.00	3626.00	3626.00	3626.00	3627.00	3627.00	3628.00	3628.00	3628.00	3628.00	3628.00	3628.00	3628.00	3628.00	3628.00	3629.00	3629.00	3629.00	3629.00	3630.00	3630.00	3630.00	3631.00	3631.00	3631.00	3632.00	3632.00	3632.00	3633.00	3633.00	3633.00	3633.00	3633.00	3634.00	3634.00	3634.00	3634.00	3635.00	3635.00	3635.00	3635.00	3635.00	3635.00	3636.00	3636.00	3636.00	3636.00	3636.00	3636.00	3636.00	3636.00	3637.00	3637.00	3637.00	3637.00	3637.00	3637.00	3638.00	3638.00	3638.00	3638.00	3638.00	3638.00	3639.00	3639.00	3639.00	3639.00	3639.00	3639.00	3640.00	3640.00	3640.00
3580.00	3580.00	3581.00	3581.00	3582.00	3582.00	3583.00	3584.00	3584.00	3584.00	3584.00	3586.00	3586.00	3587.00	3587.00	3587.00	3588.00	3588.00	3589.00	3589.00	3590.00	3590.00	3591.00	3591.00	3592.00	3592.00	3592.00	3592.00	3592.00	3593.00	3593.00	3593.00	3593.00	3593.00	3594.00	3594.00	3594.00	3594.00	3595.00	3595.00	3595.00	3595.00	3596.00	3596.00	3596.00	3596.00	3596.00	3596.00	3597.00	3597.00	3597.00	3597.00	3598.00	3598.00	3598.00	3598.00	3598.00	3599.00	3599.00	3599.00	3599.00	3599.00	3600.00	3600.00	3600.00	3600.00	3600.00	3600.00	3601.00	3601.00	3601.00	3601.00	3601.00	3601.00	3601.00	3601.00	3601.00	3601.00	3602.00	3602.00	3602.00	3602.00	3602.00	3602.00	3602.00	3602.00	3603.00	3603.00	3603.00	3603.00	3603.00	3603.00	3603.00	3603.00	3604.00	3604.00	3604.00	3604.00	3604.00	3604.00	3604.00	3605.00	3605.00	3605.00	3605.00	3606.00	3606.00	3606.00	3606.00	3607.00	3607.00	3607.00	3608.00	3608.00	3608.00	3609.00	3609.00	3609.00	3609.00	3610.00	3610.00	3611.00	3611.00	3611.00	3612.00	3612.00	3612.00	3613.00	3613.00	3613.00	3614.00	3614.00	3614.00	3615.00	3615.00	3615.00	3616.00	3616.00	3616.00	3617.00	3617.00	3617.00	3618.00	3618.00	3618.00	3619.00	3619.00	3619.00	3620.00	3620.00	3620.00	3621.00	3621.00	3621.00	3622.00	3622.00	3622.00	3622.00	3622.00	3623.00	3623.00	3623.00	3624.00	3624.00	3624.00	3624.00	3624.00	3624.00	3624.00	3624.00	3624.00	3624.00	3625.00	3625.00	3625.00	3625.00	3625.00	3625.00	3626.00	3626.00	3626.00	3626.00	3626.00	3626.00	3626.00	3626.00	3626.00	3626.00	3627.00	3627.00	3628.00	3628.00	3628.00	3628.00	3628.00	3628.00	3628.00	3628.00	3628.00	3629.00	3629.00	3629.00	3629.00	3630.00	3630.00	3630.00	3631.00	3631.00	3631.00	3632.00	3632.00	3632.00	3633.00	3633.00	3633.00	3633.00	3633.00	3634.00	3634.00	3634.00	3634.00	3635.00	3635.00	3635.00	3635.00	3635.00	3635.00	3636.00	3636.00	3636.00	3636.00	3636.00	3636.00	3636.00	3636.00	3637.00	3637.00	3637.00	3637.00	3637.00	3637.00	3638.00	3638.00	3638.00	3638.00	3638.00	3638.00	3639.00	3639.00	3639.00	3639.00	3639.00	3639.00	3640.00	3640.00	3640.00
3581.00	3581.00	3582.00	3582.00	3583.00	3583.00	3583.00	3584.00	3584.00	3585.00	3585.00	3586.00	3586.00	3587.00	3587.00	3588.00	3588.00	3588.00	3589.00	3589.00	3590.00	3590.00	3591.00	3591.00	3592.00	3592.00	3592.00	3592.00	3592.00	3593.00	3593.00	3593.00	3593.00	3593.00	3594.00	3594.00	3594.00	3594.00	3595.00	3595.00	3595.00	3595.00	3596.00	3596.00	3596.00	3596.00	3596.00	3597.00	3597.00	3597.00	3598.00	3598.00	3598.00	3598.00	3598.00	3598.00	3599.00	3599.00	3599.00	3599.00	3599.00	3599.00	3600.00	3600.00	3600.00	3600.00	3601.00	3601.00	3601.00	3601.00	3601.00	3602.00	3602.00	3602.00	3602.00	3603.00	3603.00	3603.00	3603.00	3603.00	3603.00	3603.00	3603.00	3603.00	3603.00	3603.00	3603.00	3604.00	3604.00	3604.00	3604.00	3604.00	3604.00	3604.00	3604.00	3604.00	3604.00	3604.00	3604.00	3604.00	3605.00	3605.00	3605.00	3606.00	3606.00	3607.00	3607.00	3607.00	3607.00	3608.00	3608.00	3608.00	3608.00	3608.00	3609.00	3609.00	3610.00	3610.00	3610.00	3611.00	3611.00	3611.00	3611.00	3611.00	3612.00	3612.00	3612.00	3613.00	3613.00	3613.00	3614.00	3614.00	3614.00	3615.00	3615.00	3615.00	3616.00	3616.00	3616.00	3617.00	3617.00	3618.00	3618.00	3618.00	3619.00	3619.00	3620.00	3620.00	3620.00	3620.00	3621.00	3621.00	3621.00	3622.00	3622.00	3622.00	3623.00	3623.00	3623.00	3623.00	3624.00	3624.00	3624.00	3624.00	3624.00	3624.00	3624.00	3625.00	3625.00	3625.00	3625.00	3625.00	3626.00	3626.00	3626.00	3626.00	3626.00	3626.00	3627.00	3627.00	3627.00	3627.00	3627.00	3627.00	3627.00	3627.00	3628.00	3628.00	3628.00	3628.00	3628.00	3628.00	3629.00	3629.00	3629.00	3629.00	3629.00	3629.00	3629.00	3630.00	3630.00	3630.00	3630.00	3630.00	3631.00	3631.00	3631.00	3631.00	3632.00	3632.00	3632.00	3632.00	3633.00	3633.00	3633.00	3634.00	3634.00	3634.00	3634.00	3634.00	3634.00	3635.00	3635.00	3635.00	3635.00	3635.00	3635.00	3636.00	3636.00	3636.00	3636.00	3636.00	3636.00	3636.00	3636.00	3637.00	3637.00	3637.00	3637.00	3637.00	3637.00	3638.00	3638.00	3638.00	3638.00	3638.00	3638.00	3639.00	3639.00	3639.00	3639.00	3639.00	3639.00	3640.00	3640.00	3640.00
3581.00	3581.00	3582.00	3582.00	3583.00	3583.00	3583.00	3584.00	3584.00	3585.00	3585.00	3586.00	3586.00	3587.00	3587.00	3588.00	3588.00	3588.00	3589.00	3589.00	3590.00	3590.00	3591.00	3591.00	3592.00	3592.00	3592.00	3592.00	3592.00	3593.00	3593.00	3593.00	3593.00	3593.00	3594.00	3594.00	3594.00	3594.00	3595.00	3595.00	3595.00	3595.00	3596.00	3596.00	3596.00	3596.00	3596.00	3597.00	3597.00	3597.00	3598.00	3598.00	3598.00	3598.00	3598.00	3598.00	3599.00	3599.00	3599.00	3599.00	3599.00	3599.00	3600.00	3600.00	3600.00	3600.00	3601.00	3601.00	3601.00	3601.00	3601.00	3602.00	3602.00	3602.00	3602.00	3603.00	3603.00	3603.00	3603.00	3603.00	3603.00	3603.00	3603.00	3603.00	3603.00	3603.00	3603.00	3604.00	3604.00	3604.00	3604.00	3604.00	3604.00	3604.00	3604.00	3604.00	3604.00	3604.00	3604.00	3604.00	3605.00	3605.00	3605.00	3606.00	3606.00	3607.00	3607.00	3607.00	3607.00	3608.00	3608.00	3608.00	3608.00	3608.00	3609.00	3609.00	3610.00	3610.00	3610.00	3611.00	3611.00	3611.00	3611.00	3611.00	3612.00	3612.00	3612.00	3613.00	3613.00	3613.00	3614.00	3614.00	3614.00	3615.00	3615.00	3615.00	3616.00	3616.00	3616.00	3617.00	3617.00	3618.00	3618.00	3618.00	3619.00	3619.00	3620.00	3620.00	3620.00	3620.00	3621.00	3621.00	3621.00	3622.00	3622.00	3622.00	3623.00	3623.00	3623.00	3623.00	3624.00	3624.00	3624.00	3624.00	3624.00	3624.00	3624.00	3625.00	3625.00	3625.00	3625.00	3625.00	3626.00	3626.00	3626.00	3626.00	3626.00	3626.00	3627.00	3627.00	3627.00	3627.00	3627.00	3627.00	3627.00	3627.00	3628.00	3628.00	3628.00	3628.00	3628.00	3628.00	3629.00	3629.00	3629.00	3629.00	3629.00	3629.00	3629.00	3630.00	3630.00	3630.00	3630.00	3630.00	3631.00	3631.00	3631.00	3631.00	3632.00	3632.00	3632.00	3632.00	3633.00	3633.00	3633.00	3634.00	3634.00	3634.00	3634.00	3634.00	3634.00	3635.00	3635.00	3635.00	3635.00	3635.00	3635.00	3636.00	3636.00	3636.00	3636.00	3636.00	3636.00	3636.00	3636.00	3637.00	3637.00	3637.00	3637.00	3637.00	3637.00	3638.00	3638.00	3638.00	3638.00	3638.00	3638.00	3639.00	3639.00	3639.00	3639.00	3639.00	3639.00	3640.00	3640.00	3640.00
3581.00	3581.00	3582.00	3582.00	3583.00	3583.00	3583.00	3584.00	3584.00	3585.00	3585.00	3586.00	3586.00	3587.00	3587.00	3588.00	3588.00	3588.00	3589.00	3589.00	3590.00	3590.00	3591.00	3591.00	3592.00	3592.00	3592.00	3592.00	3592.00	3593.00	3593.00	3593.00	3593.00	3593.00	3594.00	3594.00	3594.00	3594.00	3595.00	3595.00	3595.00	3595.00	3596.00	3596.00	3596.00	3596.00	3596.00	3597.00	3597.00	3597.00	3598.00	3598.00	3598.00	3598.00	3598.00	3598.00	3599.00	3599.00	3599.00	3599.00	3599.00	3599.00	3600.00	3600.00	3600.00	3600.00	3601.00	3601.00	3601.00	3601.00	3601.00	3602.00	3602.00	3602.00	3602.00	3603.00	3603.00	3603.00	3603.00	3603.00	3603.00	3603.00	3603.00	3603.00	3603.00	3603.00	3603.00	3604.00	3604.00	3604.00	3604.00	3604.00	3604.00	3604.00	3604.00	3604.00	3604.00	3604.00	3604.00	3604.00	3605.00	3605.00	3605.00	3606.00	3606.00	3607.00	3607.00	3607.00	3607.00	3608.00	3608.00	3608.00	3608.00	3608.00	3609.00	3609.00	3610.00	3610.00	3610.00	3611.00	3611.00	3611.00	3611.00	3611.00	3612.00	3612.00	3612.00	3613.00	3613.00	3613.00	3614.00	3614.00	3614.00	3615.00	3615.00	3615.00	3616.00	3616.00	3616.00	3617.00	3617.00	3618.00	3618.00	3618.00	3619.00	3619.00	3620.00	3620.00	3620.00	3620.00	3621.00	3621.00	3621.00	3622.00	3622.00	3622.00	3623.00	3623.00	3623.00	3623.00	3624.00	3624.00	3624.00	3624.00	3624.00	3624.00	3624.00	3625.00	3625.00	3625.00	3625.00	3625.00	3626.00	3626.00	3626.00	3626.00	3626.00	3626.00	3627.00	3627.00	3627.00	3627.00	3627.00	3627.00	3627.00	3627.00	3628.00	3628.00	3628.00	3628.00	3628.00	3628.00	3629.00	3629.00	3629.00	3629.00	3629.00	3629.00	3629.00	3630.00	3630.00	3630.00	3630.00	3630.00	3631.00	3631.00	3631.00	3631.00	3632.00	3632.00	3632.00	3632.00	3633.00	3633.00	3633.00	3634.00	3634.00	3634.00	3634.00	3634.00	3634.00	3635.00	3635.00	3635.00	3635.00	3635.00	3635.00	3636.00	3636.00	3636.00	3636.00	3636.00	3636.00	3636.00	3636.00	3637.00	3637.00	3637.00	3637.00	3637.00	3637.00	3638.00	3638.00	3638.00	3638.00	3638.00	3638.00	3639.00	3639.00	3639.00	3639.00	3639.00	3639.00	3640.00	3640.00	3640.00
3581.00	3581.00	3582.00	3582.00	3583.00	3583.00	3583.00	3584.00	3584.00	3585.00	3585.00	3586.00	3586.00	3587.00	3587.00	3588.00	3588.00	3588.00	3589.00	3589.00	3590.00	3590.00	3591.00	3591.00	3592.00	3592.00	3592.00	3592.00	3592.00	3593.00	3593.00	3593.00	3593.00	3593.00	3594.00	3594.00	3594.00	3594.00	3595.00	3595.00	3595.00	3595.00	3596.00	3596.00	3596.00	3596.00	3596.00	3597.00	3597.00	3597.00	3598.00	3598.00	3598.00	3598.00	3598.00	3598.00	3599.00	3599.00	3599.00	3599.00	3599.00	3599.00	3600.00	3600.00	3600.00	3600.00	3601.00	3601.00	3601.00	3601.00	3601.00	3602.00	3602.00	3602.00	3602.00	3603.00	3603.00	3603.00	3603.00	3603.00	3603.00	3603.00	3603.00	3603.00	3603.00	3603.00	3603.00	3604.00	3604.00	3604.00	3604.00	3604.00	3604.00	3604.00	3604.00	3604.00	3604.00	3604.00	3604.00	3604.00	3605.00	3605.00	3605.00	3606.00	3606.00	3607.00	3607.00	3607.00	3607.00	3608.00	3608.00	3608.00	3608.00	3608.00	3609.00	3609.00	3610.00	3610.00	3610.00	3611.00	3611.00	3611.00	3611.00	3611.00	3612.00	3612.00	3612.00	3613.00	3613.00	3613.00	3614.00	3614.00	3614.00	3615.00	3615.00	3615.00	3616.00	3616.00	3616.00	3617.00	3617.00	3618.00	3618.00	3618.00	3619.00	3619.00	3620.00	3620.00	3620.00	3620.00	3621.00	3621.00	3621.00	3622.00	3622.00	3622.00	3623.00	3623.00	3623.00	3623.00	3624.00	3624.00	3624.00	3624.00	3624.00	3624.00	3624.00	3625.00	3625.00	3625.00	3625.00	3625.00	3626.00	3626.00	3626.00	3626.00	3626.00	3626.00	3627.00	3627.00	3627.00	3627.00	3627.00	3627.00	3627.00	3627.00	3628.00	3628.00	3628.00	3628.00	3628.00	3628.00	3629.00	3629.00	3629.00	3629.00	3629.00	3629.00	3629.00	3630.00	3630.00	3630.00	3630.00	3630.00	3631.00	3631.00	3631.00	3631.00	3632.00	3632.00	3632.00	3632.00	3633.00	3633.00	3633.00	3634.00	3634.00	3634.00	3634.00	3634.00	3634.00	3635.00	3635.00	3635.00	3635.00	3635.00	3635.00	3636.00	3636.00	3636.00	3636.00	3636.00	3636.00	3636.00	3636.00	3637.00	3637.00	3637.00	3637.00	3637.00	3637.00	3638.00	3638.00	3638.00	3638.00	3638.00	3638.00	3639.00	3639.00	3639.00	3639.00	3639.00	3639.00	3640.00	3640.00	3640.00
3581.00	3581.00	3582.00	3582.00	3583.00	3583.00	3583.00	3584.00	3584.00	3585.00	3585.00	3586.00	3586.00	3587.00	3587.00	3588.00	3588.00	3588.00	3589.00	3589.00	3590.00	3590.00	3591.00	3591.00	3592.00	3592.00	3592.00	3592.00	3592.00	3593.00	3593.00	3593.00	3593.00	3593.00	3594.00	3594.00	3594.00	3594.00	3595.00	3595.00	3595.00	3595.00	3596.00	3596.00	3596.00	3596.00	3596.00	3597.00	3597.00	3597.00	3598.00	3598.00	3598.00	3598.00	3598.00	3598.00	3599.00	3599.00	3599.00	3599.00	3599.00	3599.00	3600.00	3600.00	3600.00	3600.00	3601.00	3601.00	3601.00	3601.00	3601.00	3602.00	3602.00	3602.00	3602.00	3603.00	3603.00	3603.00	3603.00	3603.00	3603.00	3603.00	3603.00	3603.00	3603.00	3603.00	3603.00	3604.00	3604.00	3604.00	3604.00	3604.00	3604.00	3604.00	3604.00	3604.00	3604.00	3604.00	3604.00	3604.00	3605.00	3605.00	3605.00	3606.00	3606.00	3607.00	3607.00	3607.00	3607.00	3608.00	3608.00	3608.00	3608.00	3608.00	3609.00	3609.00	3610.00	3610.00	3610.00	3611.00	3611.00	3611.00	3611.00	3611.00	3612.00	3612.00	3612.00	3613.00	3613.00	3613.00	3614.00	3614.00	3614.00	3615.00	3615.00	3615.00	3616.00	3616.00	3616.00	3617.00	3617.00	3618.00	3618.00	3618.00	3619.00	3619.00	3620.00	3620.00	3620.00	3620.00	3621.00	3621.00	3621.00	3622.00	3622.00	3622.00	3623.00	3623.00	3623.00	3623.00	3624.00	3624.00	3624.00	3624.00	3624.00	3624.00	3624.00	3625.00	3625.00	3625.00	3625.00	3625.00	3626.00	3626.00	3626.00	3626.00	3626.00	3626.00	3627.00	3627.00	3627.00	3627.00	3627.00	3627.00	3627.00	3627.00	3628.00	3628.00	3628.00	3628.00	3628.00	3628.00	3629.00	3629.00	3629.00	3629.00	3629.00	3629.00	3629.00	3630.00	3630.00	3630.00	3630.00	3630.00	3631.00	3631.00	3631.00	3631.00	3632.00	3632.00	3632.00	3632.00	3633.00	3633.00	3633.00	3634.00	3634.00	3634.00	3634.00	3634.00	3634.00	3635.00	3635.00	3635.00	3635.00	3635.00	3635.00	3636.00	3636.00	3636.00	3636.00	3636.00	3636.00	3636.00	3636.00	3637.00	3637.00	3637.00	3637.00	3637.00	3637.00	3638.00	3638.00	3638.00	3638.00	3638.00	3638.00	3639.00	3639.00	3639.00	3639.00	3639.00	3639.00	3640.00	3640.00	3640.00
3581.00	3581.00	3582.00	3582.00	3583.00	3583.00	3583.00	3584.00	3584.00	3585.00	3585.00	3586.00	3586.00	3587.00	3587.00	3588.00	3588.00	3588.00	3589.00	3589.00	3590.00	3590.00	3591.00	3591.00	3592.00	3592.00	3592.00	3592.00	3592.00	3593.00	3593.00	3593.00	3593.00	3593.00	3594.00	3594.00	3594.00	3594.00	3595.00	3595.00	3595.00	3595.00	3596.00	3596.00	3596.00	3596.00	3596.00	3597.00	3597.00	3597.00	3598.00	3598.00	3598.00	3598.00	3598.00	3598.00	3599.00	3599.00	3599.00	3599.00	3599.00	3599.00	3600.00	3600.00	3600.00	3600.00	3601.00	3601.00	3601.00	3601.00	3601.00	3602.00	3602.00	3602.00	3602.00	3603.00	3603.00	3603.00	3603.00	3603.00	3603.00	3603.00	3603.00	3603.00	3603.00	3603.00	3603.00	3604.00	3604.00	3604.00	3604.00	3604.00	3604.00	3604.00	3604.00	3604.00	3604.00	3604.00	3604.00	3604.00	3605.00	3605.00	3605.00	3606.00	3606.00	3607.00	3607.00	3607.00	3607.00	3608.00	3608.00	3608.00	3608.00	3608.00	3609.00	3609.00	3610.00	3610.00	3610.00	3611.00	3611.00	3611.00	3611.00	3611.00	3612.00	3612.00	3612.00	3613.00	3613.00	3613.00	3614.00	3614.00	3614.00	3615.00	3615.00	3615.00	3616.00	3616.00	3616.00	3617.00	3617.00	3618.00	3618.00	3618.00	3619.00	3619.00	3620.00	3620.00	3620.00	3620.00	3621.00	3621.00	3621.00	3622.00	3622.00	3622.00	3623.00	3623.00	3623.00	3623.00	3624.00	3624.00	3624.00	3624.00	3624.00	3624.00	3624.00	3625.00	3625.00	3625.00	3625.00	3625.00	3626.00	3626.00	3626.00	3626.00	3626.00	3626.00	3627.00	3627.00	3627.00	3627.00	3627.00	3627.00	3627.00	3627.00	3628.00	3628.00	3628.00	3628.00	3628.00	3628.00	3629.00	3629.00	3629.00	3629.00	3629.00	3629.00	3629.00	3630.00	3630.00	3630.00	3630.00	3630.00	3631.00	3631.00	3631.00	3631.00	3632.00	3632.00	3632.00	3632.00	3633.00	3633.00	3633.00	3634.00	3634.00	3634.00	3634.00	3634.00	3634.00	3635.00	3635.00	3635.00	3635.00	3635.00	3635.00	3636.00	3636.00	3636.00	3636.00	3636.00	3636.00	3636.00	3636.00	3637.00	3637.00	3637.00	3637.00	3637.00	3637.00	3638.00	3638.00	3638.00	3638.00	3638.00	3638.00	3639.00	3639.00	3639.00	3639.00	3639.00	3639.00	3640.00	3640.00	3640.00
3582.00	3582.00	3583.00	3583.00	3584.00	3584.00	3584.00	3585.00	3585.00	3586.00	3586.00	3587.00	3587.00	3588.00	3588.00	3588.00	3588.00	3588.00	3589.00	3589.00	3590.00	3590.00	3591.00	3591.00	3592.00	3592.00	3592.00	3592.00	3592.00	3593.00	3593.00	3593.00	3593.00	3593.00	3594.00	3594.00	3594.00	3594.00	3595.00	3595.00	3595.00	3595.00	3596.00	3596.00	3596.00	3596.00	3596.00	3597.00	3597.00	3597.00	3597.00	3598.00	3598.00	3598.00	3598.00	3598.00	3599.00	3599.00	3599.00	3599.00	3599.00	3599.00	3600.00	3600.00	3600.00	3600.00	3601.00	3601.00	3601.00	3601.00	3601.00	3602.00	3602.00	3602.00	3602.00	3603.00	3603.00	3603.00	3603.00	3603.00	3603.00	3603.00	3604.00	3604.00	3604.00	3604.00	3604.00	3605.00	3605.00	3605.00	3605.00	3605.00	3605.00	3605.00	3605.00	3605.00	3605.00	3605.00	3605.00	3605.00	3606.00	3606.00	3606.00	3607.00	3607.00	3608.00	3608.00	3608.00	3608.00	3608.00	3609.00	3609.00	3609.00	3609.00	3609.00	3610.00	3610.00	3610.00	3610.00	3611.00	3611.00	3611.00	3611.00	3612.00	3612.00	3612.00	3613.00	3613.00	3613.00	3613.00	3614.00	3614.00	3614.00	3615.00	3615.00	3616.00	3616.00	3617.00	3617.00	3618.00	3618.00	3618.00	3618.00	3618.00	3619.00	3619.00	3620.00	3620.00	3620.00	3620.00	3621.00	3621.00	3621.00	3622.00	3622.00	3622.00	3623.00	3623.00	3623.00	3623.00	3624.00	3624.00	3624.00	3625.00	3625.00	3625.00	3625.00	3625.00	3626.00	3626.00	3626.00	3626.00	3626.00	3626.00	3627.00	3627.00	3627.00	3627.00	3627.00	3627.00	3628.00	3628.00	3628.00	3628.00	3628.00	3628.00	3629.00	3629.00	3629.00	3629.00	3629.00	3629.00	3630.00	3630.00	3630.00	3630.00	3630.00	3630.00	3630.00	3631.00	3631.00	3631.00	3631.00	3631.00	3631.00	3631.00	3632.00	3632.00	3632.00	3633.00	3633.00	3633.00	3633.00	3633.00	3633.00	3634.00	3634.00	3634.00	3634.00	3634.00	3634.00	3635.00	3635.00	3635.00	3635.00	3635.00	3635.00	3636.00	3636.00	3636.00	3636.00	3636.00	3636.00	3636.00	3636.00	3637.00	3637.00	3637.00	3637.00	3637.00	3637.00	3637.00	3637.00	3637.00	3638.00	3638.00	3638.00	3638.00	3639.00	3639.00	3639.00	3639.00	3639.00	3640.00	3640.00	3640.00
3582.00	3582.00	3583.00	3583.00	3584.00	3584.00	3584.00	3585.00	3585.00	3586.00	3586.00	3587.00	3587.00	3588.00	3588.00	3588.00	3588.00	3588.00	3589.00	3589.00	3590.00	3590.00	3591.00	3591.00	3592.00	3592.00	3592.00	3592.00	3592.00	3593.00	3593.00	3593.00	3593.00	3593.00	3594.00	3594.00	3594.00	3594.00	3595.00	3595.00	3595.00	3595.00	3596.00	3596.00	3596.00	3596.00	3596.00	3597.00	3597.00	3597.00	3597.00	3598.00	3598.00	3598.00	3598.00	3598.00	3599.00	3599.00	3599.00	3599.00	3599.00	3599.00	3600.00	3600.00	3600.00	3600.00	3601.00	3601.00	3601.00	3601.00	3601.00	3602.00	3602.00	3602.00	3602.00	3603.00	3603.00	3603.00	3603.00	3603.00	3603.00	3603.00	3604.00	3604.00	3604.00	3604.00	3604.00	3605.00	3605.00	3605.00	3605.00	3605.00	3605.00	3605.00	3605.00	3605.00	3605.00	3605.00	3605.00	3605.00	3606.00	3606.00	3606.00	3607.00	3607.00	3608.00	3608.00	3608.00	3608.00	3608.00	3609.00	3609.00	3609.00	3609.00	3609.00	3610.00	3610.00	3610.00	3610.00	3611.00	3611.00	3611.00	3611.00	3612.00	3612.00	3612.00	3613.00	3613.00	3613.00	3613.00	3614.00	3614.00	3614.00	3615.00	3615.00	3616.00	3616.00	3617.00	3617.00	3618.00	3618.00	3618.00	3618.00	3618.00	3619.00	3619.00	3620.00	3620.00	3620.00	3620.00	3621.00	3621.00	3621.00	3622.00	3622.00	3622.00	3623.00	3623.00	3623.00	3623.00	3624.00	3624.00	3624.00	3625.00	3625.00	3625.00	3625.00	3625.00	3626.00	3626.00	3626.00	3626.00	3626.00	3626.00	3627.00	3627.00	3627.00	3627.00	3627.00	3627.00	3628.00	3628.00	3628.00	3628.00	3628.00	3628.00	3629.00	3629.00	3629.00	3629.00	3629.00	3629.00	3630.00	3630.00	3630.00	3630.00	3630.00	3630.00	3630.00	3631.00	3631.00	3631.00	3631.00	3631.00	3631.00	3631.00	3632.00	3632.00	3632.00	3633.00	3633.00	3633.00	3633.00	3633.00	3633.00	3634.00	3634.00	3634.00	3634.00	3634.00	3634.00	3635.00	3635.00	3635.00	3635.00	3635.00	3635.00	3636.00	3636.00	3636.00	3636.00	3636.00	3636.00	3636.00	3636.00	3637.00	3637.00	3637.00	3637.00	3637.00	3637.00	3637.00	3637.00	3637.00	3638.00	3638.00	3638.00	3638.00	3639.00	3639.00	3639.00	3639.00	3639.00	3640.00	3640.00	3640.00
3582.00	3582.00	3583.00	3583.00	3584.00	3584.00	3584.00	3585.00	3585.00	3586.00	3586.00	3587.00	3587.00	3588.00	3588.00	3588.00	3588.00	3588.00	3589.00	3589.00	3590.00	3590.00	3591.00	3591.00	3592.00	3592.00	3592.00	3592.00	3592.00	3593.00	3593.00	3593.00	3593.00	3593.00	3594.00	3594.00	3594.00	3594.00	3595.00	3595.00	3595.00	3595.00	3596.00	3596.00	3596.00	3596.00	3596.00	3597.00	3597.00	3597.00	3597.00	3598.00	3598.00	3598.00	3598.00	3598.00	3599.00	3599.00	3599.00	3599.00	3599.00	3599.00	3600.00	3600.00	3600.00	3600.00	3601.00	3601.00	3601.00	3601.00	3601.00	3602.00	3602.00	3602.00	3602.00	3603.00	3603.00	3603.00	3603.00	3603.00	3603.00	3603.00	3604.00	3604.00	3604.00	3604.00	3604.00	3605.00	3605.00	3605.00	3605.00	3605.00	3605.00	3605.00	3605.00	3605.00	3605.00	3605.00	3605.00	3605.00	3606.00	3606.00	3606.00	3607.00	3607.00	3608.00	3608.00	3608.00	3608.00	3608.00	3609.00	3609.00	3609.00	3609.00	3609.00	3610.00	3610.00	3610.00	3610.00	3611.00	3611.00	3611.00	3611.00	3612.00	3612.00	3612.00	3613.00	3613.00	3613.00	3613.00	3614.00	3614.00	3614.00	3615.00	3615.00	3616.00	3616.00	3617.00	3617.00	3618.00	3618.00	3618.00	3618.00	3618.00	3619.00	3619.00	3620.00	3620.00	3620.00	3620.00	3621.00	3621.00	3621.00	3622.00	3622.00	3622.00	3623.00	3623.00	3623.00	3623.00	3624.00	3624.00	3624.00	3625.00	3625.00	3625.00	3625.00	3625.00	3626.00	3626.00	3626.00	3626.00	3626.00	3626.00	3627.00	3627.00	3627.00	3627.00	3627.00	3627.00	3628.00	3628.00	3628.00	3628.00	3628.00	3628.00	3629.00	3629.00	3629.00	3629.00	3629.00	3629.00	3630.00	3630.00	3630.00	3630.00	3630.00	3630.00	3630.00	3631.00	3631.00	3631.00	3631.00	3631.00	3631.00	3631.00	3632.00	3632.00	3632.00	3633.00	3633.00	3633.00	3633.00	3633.00	3633.00	3634.00	3634.00	3634.00	3634.00	3634.00	3634.00	3635.00	3635.00	3635.00	3635.00	3635.00	3635.00	3636.00	3636.00	3636.00	3636.00	3636.00	3636.00	3636.00	3636.00	3637.00	3637.00	3637.00	3637.00	3637.00	3637.00	3637.00	3637.00	3637.00	3638.00	3638.00	3638.00	3638.00	3639.00	3639.00	3639.00	3639.00	3639.00	3640.00	3640.00	3640.00
3582.00	3582.00	3583.00	3583.00	3584.00	3584.00	3584.00	3585.00	3585.00	3586.00	3586.00	3587.00	3587.00	3588.00	3588.00	3588.00	3588.00	3588.00	3589.00	3589.00	3590.00	3590.00	3591.00	3591.00	3592.00	3592.00	3592.00	3592.00	3592.00	3593.00	3593.00	3593.00	3593.00	3593.00	3594.00	3594.00	3594.00	3594.00	3595.00	3595.00	3595.00	3595.00	3596.00	3596.00	3596.00	3596.00	3596.00	3597.00	3597.00	3597.00	3597.00	3598.00	3598.00	3598.00	3598.00	3598.00	3599.00	3599.00	3599.00	3599.00	3599.00	3599.00	3600.00	3600.00	3600.00	3600.00	3601.00	3601.00	3601.00	3601.00	3601.00	3602.00	3602.00	3602.00	3602.00	3603.00	3603.00	3603.00	3603.00	3603.00	3603.00	3603.00	3604.00	3604.00	3604.00	3604.00	3604.00	3605.00	3605.00	3605.00	3605.00	3605.00	3605.00	3605.00	3605.00	3605.00	3605.00	3605.00	3605.00	3605.00	3606.00	3606.00	3606.00	3607.00	3607.00	3608.00	3608.00	3608.00	3608.00	3608.00	3609.00	3609.00	3609.00	3609.00	3609.00	3610.00	3610.00	3610.00	3610.00	3611.00	3611.00	3611.00	3611.00	3612.00	3612.00	3612.00	3613.00	3613.00	3613.00	3613.00	3614.00	3614.00	3614.00	3615.00	3615.00	3616.00	3616.00	3617.00	3617.00	3618.00	3618.00	3618.00	3618.00	3618.00	3619.00	3619.00	3620.00	3620.00	3620.00	3620.00	3621.00	3621.00	3621.00	3622.00	3622.00	3622.00	3623.00	3623.00	3623.00	3623.00	3624.00	3624.00	3624.00	3625.00	3625.00	3625.00	3625.00	3625.00	3626.00	3626.00	3626.00	3626.00	3626.00	3626.00	3627.00	3627.00	3627.00	3627.00	3627.00	3627.00	3628.00	3628.00	3628.00	3628.00	3628.00	3628.00	3629.00	3629.00	3629.00	3629.00	3629.00	3629.00	3630.00	3630.00	3630.00	3630.00	3630.00	3630.00	3630.00	3631.00	3631.00	3631.00	3631.00	3631.00	3631.00	3631.00	3632.00	3632.00	3632.00	3633.00	3633.00	3633.00	3633.00	3633.00	3633.00	3634.00	3634.00	3634.00	3634.00	3634.00	3634.00	3635.00	3635.00	3635.00	3635.00	3635.00	3635.00	3636.00	3636.00	3636.00	3636.00	3636.00	3636.00	3636.00	3636.00	3637.00	3637.00	3637.00	3637.00	3637.00	3637.00	3637.00	3637.00	3637.00	3638.00	3638.00	3638.00	3638.00	3639.00	3639.00	3639.00	3639.00	3639.00	3640.00	3640.00	3640.00
3582.00	3582.00	3583.00	3583.00	3584.00	3584.00	3584.00	3585.00	3585.00	3586.00	3586.00	3587.00	3587.00	3588.00	3588.00	3588.00	3588.00	3588.00	3589.00	3589.00	3590.00	3590.00	3591.00	3591.00	3592.00	3592.00	3592.00	3592.00	3592.00	3593.00	3593.00	3593.00	3593.00	3593.00	3594.00	3594.00	3594.00	3594.00	3595.00	3595.00	3595.00	3595.00	3596.00	3596.00	3596.00	3596.00	3596.00	3597.00	3597.00	3597.00	3597.00	3598.00	3598.00	3598.00	3598.00	3598.00	3599.00	3599.00	3599.00	3599.00	3599.00	3599.00	3600.00	3600.00	3600.00	3600.00	3601.00	3601.00	3601.00	3601.00	3601.00	3602.00	3602.00	3602.00	3602.00	3603.00	3603.00	3603.00	3603.00	3603.00	3603.00	3603.00	3604.00	3604.00	3604.00	3604.00	3604.00	3605.00	3605.00	3605.00	3605.00	3605.00	3605.00	3605.00	3605.00	3605.00	3605.00	3605.00	3605.00	3605.00	3606.00	3606.00	3606.00	3607.00	3607.00	3608.00	3608.00	3608.00	3608.00	3608.00	3609.00	3609.00	3609.00	3609.00	3609.00	3610.00	3610.00	3610.00	3610.00	3611.00	3611.00	3611.00	3611.00	3612.00	3612.00	3612.00	3613.00	3613.00	3613.00	3613.00	3614.00	3614.00	3614.00	3615.00	3615.00	3616.00	3616.00	3617.00	3617.00	3618.00	3618.00	3618.00	3618.00	3618.00	3619.00	3619.00	3620.00	3620.00	3620.00	3620.00	3621.00	3621.00	3621.00	3622.00	3622.00	3622.00	3623.00	3623.00	3623.00	3623.00	3624.00	3624.00	3624.00	3625.00	3625.00	3625.00	3625.00	3625.00	3626.00	3626.00	3626.00	3626.00	3626.00	3626.00	3627.00	3627.00	3627.00	3627.00	3627.00	3627.00	3628.00	3628.00	3628.00	3628.00	3628.00	3628.00	3629.00	3629.00	3629.00	3629.00	3629.00	3629.00	3630.00	3630.00	3630.00	3630.00	3630.00	3630.00	3630.00	3631.00	3631.00	3631.00	3631.00	3631.00	3631.00	3631.00	3632.00	3632.00	3632.00	3633.00	3633.00	3633.00	3633.00	3633.00	3633.00	3634.00	3634.00	3634.00	3634.00	3634.00	3634.00	3635.00	3635.00	3635.00	3635.00	3635.00	3635.00	3636.00	3636.00	3636.00	3636.00	3636.00	3636.00	3636.00	3636.00	3637.00	3637.00	3637.00	3637.00	3637.00	3637.00	3637.00	3637.00	3637.00	3638.00	3638.00	3638.00	3638.00	3639.00	3639.00	3639.00	3639.00	3639.00	3640.00	3640.00	3640.00
3582.00	3582.00	3583.00	3583.00	3584.00	3584.00	3584.00	3585.00	3585.00	3586.00	3586.00	3587.00	3587.00	3588.00	3588.00	3588.00	3588.00	3588.00	3589.00	3589.00	3590.00	3590.00	3591.00	3591.00	3592.00	3592.00	3592.00	3592.00	3592.00	3593.00	3593.00	3593.00	3593.00	3593.00	3594.00	3594.00	3594.00	3594.00	3595.00	3595.00	3595.00	3595.00	3596.00	3596.00	3596.00	3596.00	3596.00	3597.00	3597.00	3597.00	3597.00	3598.00	3598.00	3598.00	3598.00	3598.00	3599.00	3599.00	3599.00	3599.00	3599.00	3599.00	3600.00	3600.00	3600.00	3600.00	3601.00	3601.00	3601.00	3601.00	3601.00	3602.00	3602.00	3602.00	3602.00	3603.00	3603.00	3603.00	3603.00	3603.00	3603.00	3603.00	3604.00	3604.00	3604.00	3604.00	3604.00	3605.00	3605.00	3605.00	3605.00	3605.00	3605.00	3605.00	3605.00	3605.00	3605.00	3605.00	3605.00	3605.00	3606.00	3606.00	3606.00	3607.00	3607.00	3608.00	3608.00	3608.00	3608.00	3608.00	3609.00	3609.00	3609.00	3609.00	3609.00	3610.00	3610.00	3610.00	3610.00	3611.00	3611.00	3611.00	3611.00	3612.00	3612.00	3612.00	3613.00	3613.00	3613.00	3613.00	3614.00	3614.00	3614.00	3615.00	3615.00	3616.00	3616.00	3617.00	3617.00	3618.00	3618.00	3618.00	3618.00	3618.00	3619.00	3619.00	3620.00	3620.00	3620.00	3620.00	3621.00	3621.00	3621.00	3622.00	3622.00	3622.00	3623.00	3623.00	3623.00	3623.00	3624.00	3624.00	3624.00	3625.00	3625.00	3625.00	3625.00	3625.00	3626.00	3626.00	3626.00	3626.00	3626.00	3626.00	3627.00	3627.00	3627.00	3627.00	3627.00	3627.00	3628.00	3628.00	3628.00	3628.00	3628.00	3628.00	3629.00	3629.00	3629.00	3629.00	3629.00	3629.00	3630.00	3630.00	3630.00	3630.00	3630.00	3630.00	3630.00	3631.00	3631.00	3631.00	3631.00	3631.00	3631.00	3631.00	3632.00	3632.00	3632.00	3633.00	3633.00	3633.00	3633.00	3633.00	3633.00	3634.00	3634.00	3634.00	3634.00	3634.00	3634.00	3635.00	3635.00	3635.00	3635.00	3635.00	3635.00	3636.00	3636.00	3636.00	3636.00	3636.00	3636.00	3636.00	3636.00	3637.00	3637.00	3637.00	3637.00	3637.00	3637.00	3637.00	3637.00	3637.00	3638.00	3638.00	3638.00	3638.00	3639.00	3639.00	3639.00	3639.00	3639.00	3640.00	3640.00	3640.00
3582.00	3582.00	3583.00	3583.00	3584.00	3584.00	3584.00	3585.00	3585.00	3586.00	3586.00	3587.00	3587.00	3588.00	3588.00	3588.00	3588.00	3588.00	3589.00	3589.00	3590.00	3590.00	3591.00	3591.00	3592.00	3592.00	3592.00	3592.00	3592.00	3593.00	3593.00	3593.00	3593.00	3593.00	3594.00	3594.00	3594.00	3594.00	3595.00	3595.00	3595.00	3595.00	3596.00	3596.00	3596.00	3596.00	3596.00	3597.00	3597.00	3597.00	3597.00	3598.00	3598.00	3598.00	3598.00	3598.00	3599.00	3599.00	3599.00	3599.00	3599.00	3599.00	3600.00	3600.00	3600.00	3600.00	3601.00	3601.00	3601.00	3601.00	3601.00	3602.00	3602.00	3602.00	3602.00	3603.00	3603.00	3603.00	3603.00	3603.00	3603.00	3603.00	3604.00	3604.00	3604.00	3604.00	3604.00	3605.00	3605.00	3605.00	3605.00	3605.00	3605.00	3605.00	3605.00	3605.00	3605.00	3605.00	3605.00	3605.00	3606.00	3606.00	3606.00	3607.00	3607.00	3608.00	3608.00	3608.00	3608.00	3608.00	3609.00	3609.00	3609.00	3609.00	3609.00	3610.00	3610.00	3610.00	3610.00	3611.00	3611.00	3611.00	3611.00	3612.00	3612.00	3612.00	3613.00	3613.00	3613.00	3613.00	3614.00	3614.00	3614.00	3615.00	3615.00	3616.00	3616.00	3617.00	3617.00	3618.00	3618.00	3618.00	3618.00	3618.00	3619.00	3619.00	3620.00	3620.00	3620.00	3620.00	3621.00	3621.00	3621.00	3622.00	3622.00	3622.00	3623.00	3623.00	3623.00	3623.00	3624.00	3624.00	3624.00	3625.00	3625.00	3625.00	3625.00	3625.00	3626.00	3626.00	3626.00	3626.00	3626.00	3626.00	3627.00	3627.00	3627.00	3627.00	3627.00	3627.00	3628.00	3628.00	3628.00	3628.00	3628.00	3628.00	3629.00	3629.00	3629.00	3629.00	3629.00	3629.00	3630.00	3630.00	3630.00	3630.00	3630.00	3630.00	3630.00	3631.00	3631.00	3631.00	3631.00	3631.00	3631.00	3631.00	3632.00	3632.00	3632.00	3633.00	3633.00	3633.00	3633.00	3633.00	3633.00	3634.00	3634.00	3634.00	3634.00	3634.00	3634.00	3635.00	3635.00	3635.00	3635.00	3635.00	3635.00	3636.00	3636.00	3636.00	3636.00	3636.00	3636.00	3636.00	3636.00	3637.00	3637.00	3637.00	3637.00	3637.00	3637.00	3637.00	3637.00	3637.00	3638.00	3638.00	3638.00	3638.00	3639.00	3639.00	3639.00	3639.00	3639.00	3640.00	3640.00	3640.00
3583.00	3584.00	3584.00	3584.00	3585.00	3585.00	3585.00	3586.00	3586.00	3586.00	3586.00	3587.00	3587.00	3588.00	3588.00	3588.00	3589.00	3589.00	3590.00	3590.00	3591.00	3591.00	3591.00	3591.00	3592.00	3592.00	3592.00	3592.00	3592.00	3593.00	3593.00	3593.00	3593.00	3593.00	3594.00	3594.00	3594.00	3594.00	3595.00	3595.00	3595.00	3595.00	3596.00	3596.00	3596.00	3596.00	3596.00	3596.00	3597.00	3597.00	3597.00	3597.00	3597.00	3597.00	3597.00	3597.00	3598.00	3598.00	3598.00	3598.00	3599.00	3599.00	3599.00	3600.00	3600.00	3600.00	3601.00	3601.00	3601.00	3601.00	3601.00	3602.00	3602.00	3602.00	3602.00	3603.00	3603.00	3603.00	3603.00	3603.00	3604.00	3604.00	3604.00	3605.00	3605.00	3605.00	3605.00	3605.00	3605.00	3605.00	3605.00	3605.00	3605.00	3605.00	3605.00	3606.00	3606.00	3606.00	3606.00	3606.00	3607.00	3607.00	3607.00	3608.00	3608.00	3608.00	3608.00	3609.00	3609.00	3609.00	3610.00	3610.00	3610.00	3610.00	3610.00	3611.00	3611.00	3611.00	3611.00	3612.00	3612.00	3612.00	3612.00	3612.00	3613.00	3613.00	3613.00	3613.00	3614.00	3614.00	3614.00	3614.00	3614.00	3615.00	3615.00	3616.00	3616.00	3617.00	3617.00	3617.00	3617.00	3618.00	3618.00	3618.00	3619.00	3619.00	3620.00	3620.00	3620.00	3620.00	3621.00	3621.00	3621.00	3622.00	3622.00	3622.00	3623.00	3623.00	3623.00	3623.00	3624.00	3624.00	3624.00	3625.00	3625.00	3625.00	3625.00	3625.00	3626.00	3626.00	3626.00	3626.00	3626.00	3626.00	3627.00	3627.00	3627.00	3627.00	3628.00	3628.00	3628.00	3628.00	3628.00	3629.00	3629.00	3629.00	3629.00	3629.00	3630.00	3630.00	3630.00	3630.00	3630.00	3630.00	3630.00	3631.00	3631.00	3631.00	3631.00	3631.00	3631.00	3632.00	3632.00	3632.00	3632.00	3632.00	3632.00	3632.00	3633.00	3633.00	3633.00	3633.00	3633.00	3634.00	3634.00	3634.00	3634.00	3634.00	3634.00	3634.00	3635.00	3635.00	3635.00	3635.00	3635.00	3635.00	3636.00	3636.00	3636.00	3636.00	3636.00	3636.00	3636.00	3636.00	3636.00	3637.00	3637.00	3637.00	3637.00	3637.00	3637.00	3637.00	3637.00	3637.00	3637.00	3637.00	3637.00	3638.00	3638.00	3638.00	3639.00	3639.00	3639.00	3640.00	3640.00	3640.00
3583.00	3584.00	3584.00	3584.00	3585.00	3585.00	3585.00	3586.00	3586.00	3586.00	3586.00	3587.00	3587.00	3588.00	3588.00	3588.00	3589.00	3589.00	3590.00	3590.00	3591.00	3591.00	3591.00	3591.00	3592.00	3592.00	3592.00	3592.00	3592.00	3593.00	3593.00	3593.00	3593.00	3593.00	3594.00	3594.00	3594.00	3594.00	3595.00	3595.00	3595.00	3595.00	3596.00	3596.00	3596.00	3596.00	3596.00	3596.00	3597.00	3597.00	3597.00	3597.00	3597.00	3597.00	3597.00	3597.00	3598.00	3598.00	3598.00	3598.00	3599.00	3599.00	3599.00	3600.00	3600.00	3600.00	3601.00	3601.00	3601.00	3601.00	3601.00	3602.00	3602.00	3602.00	3602.00	3603.00	3603.00	3603.00	3603.00	3603.00	3604.00	3604.00	3604.00	3605.00	3605.00	3605.00	3605.00	3605.00	3605.00	3605.00	3605.00	3605.00	3605.00	3605.00	3605.00	3606.00	3606.00	3606.00	3606.00	3606.00	3607.00	3607.00	3607.00	3608.00	3608.00	3608.00	3608.00	3609.00	3609.00	3609.00	3610.00	3610.00	3610.00	3610.00	3610.00	3611.00	3611.00	3611.00	3611.00	3612.00	3612.00	3612.00	3612.00	3612.00	3613.00	3613.00	3613.00	3613.00	3614.00	3614.00	3614.00	3614.00	3614.00	3615.00	3615.00	3616.00	3616.00	3617.00	3617.00	3617.00	3617.00	3618.00	3618.00	3618.00	3619.00	3619.00	3620.00	3620.00	3620.00	3620.00	3621.00	3621.00	3621.00	3622.00	3622.00	3622.00	3623.00	3623.00	3623.00	3623.00	3624.00	3624.00	3624.00	3625.00	3625.00	3625.00	3625.00	3625.00	3626.00	3626.00	3626.00	3626.00	3626.00	3626.00	3627.00	3627.00	3627.00	3627.00	3628.00	3628.00	3628.00	3628.00	3628.00	3629.00	3629.00	3629.00	3629.00	3629.00	3630.00	3630.00	3630.00	3630.00	3630.00	3630.00	3630.00	3631.00	3631.00	3631.00	3631.00	3631.00	3631.00	3632.00	3632.00	3632.00	3632.00	3632.00	3632.00	3632.00	3633.00	3633.00	3633.00	3633.00	3633.00	3634.00	3634.00	3634.00	3634.00	3634.00	3634.00	3634.00	3635.00	3635.00	3635.00	3635.00	3635.00	3635.00	3636.00	3636.00	3636.00	3636.00	3636.00	3636.00	3636.00	3636.00	3636.00	3637.00	3637.00	3637.00	3637.00	3637.00	3637.00	3637.00	3637.00	3637.00	3637.00	3637.00	3637.00	3638.00	3638.00	3638.00	3639.00	3639.00	3639.00	3640.00	3640.00	3640.00
3583.00	3584.00	3584.00	3584.00	3585.00	3585.00	3585.00	3586.00	3586.00	3586.00	3586.00	3587.00	3587.00	3588.00	3588.00	3588.00	3589.00	3589.00	3590.00	3590.00	3591.00	3591.00	3591.00	3591.00	3592.00	3592.00	3592.00	3592.00	3592.00	3593.00	3593.00	3593.00	3593.00	3593.00	3594.00	3594.00	3594.00	3594.00	3595.00	3595.00	3595.00	3595.00	3596.00	3596.00	3596.00	3596.00	3596.00	3596.00	3597.00	3597.00	3597.00	3597.00	3597.00	3597.00	3597.00	3597.00	3598.00	3598.00	3598.00	3598.00	3599.00	3599.00	3599.00	3600.00	3600.00	3600.00	3601.00	3601.00	3601.00	3601.00	3601.00	3602.00	3602.00	3602.00	3602.00	3603.00	3603.00	3603.00	3603.00	3603.00	3604.00	3604.00	3604.00	3605.00	3605.00	3605.00	3605.00	3605.00	3605.00	3605.00	3605.00	3605.00	3605.00	3605.00	3605.00	3606.00	3606.00	3606.00	3606.00	3606.00	3607.00	3607.00	3607.00	3608.00	3608.00	3608.00	3608.00	3609.00	3609.00	3609.00	3610.00	3610.00	3610.00	3610.00	3610.00	3611.00	3611.00	3611.00	3611.00	3612.00	3612.00	3612.00	3612.00	3612.00	3613.00	3613.00	3613.00	3613.00	3614.00	3614.00	3614.00	3614.00	3614.00	3615.00	3615.00	3616.00	3616.00	3617.00	3617.00	3617.00	3617.00	3618.00	3618.00	3618.00	3619.00	3619.00	3620.00	3620.00	3620.00	3620.00	3621.00	3621.00	3621.00	3622.00	3622.00	3622.00	3623.00	3623.00	3623.00	3623.00	3624.00	3624.00	3624.00	3625.00	3625.00	3625.00	3625.00	3625.00	3626.00	3626.00	3626.00	3626.00	3626.00	3626.00	3627.00	3627.00	3627.00	3627.00	3628.00	3628.00	3628.00	3628.00	3628.00	3629.00	3629.00	3629.00	3629.00	3629.00	3630.00	3630.00	3630.00	3630.00	3630.00	3630.00	3630.00	3631.00	3631.00	3631.00	3631.00	3631.00	3631.00	3632.00	3632.00	3632.00	3632.00	3632.00	3632.00	3632.00	3633.00	3633.00	3633.00	3633.00	3633.00	3634.00	3634.00	3634.00	3634.00	3634.00	3634.00	3634.00	3635.00	3635.00	3635.00	3635.00	3635.00	3635.00	3636.00	3636.00	3636.00	3636.00	3636.00	3636.00	3636.00	3636.00	3636.00	3637.00	3637.00	3637.00	3637.00	3637.00	3637.00	3637.00	3637.00	3637.00	3637.00	3637.00	3637.00	3638.00	3638.00	3638.00	3639.00	3639.00	3639.00	3640.00	3640.00	3640.00
3583.00	3584.00	3584.00	3584.00	3585.00	3585.00	3585.00	3586.00	3586.00	3586.00	3586.00	3587.00	3587.00	3588.00	3588.00	3588.00	3589.00	3589.00	3590.00	3590.00	3591.00	3591.00	3591.00	3591.00	3592.00	3592.00	3592.00	3592.00	3592.00	3593.00	3593.00	3593.00	3593.00	3593.00	3594.00	3594.00	3594.00	3594.00	3595.00	3595.00	3595.00	3595.00	3596.00	3596.00	3596.00	3596.00	3596.00	3596.00	3597.00	3597.00	3597.00	3597.00	3597.00	3597.00	3597.00	3597.00	3598.00	3598.00	3598.00	3598.00	3599.00	3599.00	3599.00	3600.00	3600.00	3600.00	3601.00	3601.00	3601.00	3601.00	3601.00	3602.00	3602.00	3602.00	3602.00	3603.00	3603.00	3603.00	3603.00	3603.00	3604.00	3604.00	3604.00	3605.00	3605.00	3605.00	3605.00	3605.00	3605.00	3605.00	3605.00	3605.00	3605.00	3605.00	3605.00	3606.00	3606.00	3606.00	3606.00	3606.00	3607.00	3607.00	3607.00	3608.00	3608.00	3608.00	3608.00	3609.00	3609.00	3609.00	3610.00	3610.00	3610.00	3610.00	3610.00	3611.00	3611.00	3611.00	3611.00	3612.00	3612.00	3612.00	3612.00	3612.00	3613.00	3613.00	3613.00	3613.00	3614.00	3614.00	3614.00	3614.00	3614.00	3615.00	3615.00	3616.00	3616.00	3617.00	3617.00	3617.00	3617.00	3618.00	3618.00	3618.00	3619.00	3619.00	3620.00	3620.00	3620.00	3620.00	3621.00	3621.00	3621.00	3622.00	3622.00	3622.00	3623.00	3623.00	3623.00	3623.00	3624.00	3624.00	3624.00	3625.00	3625.00	3625.00	3625.00	3625.00	3626.00	3626.00	3626.00	3626.00	3626.00	3626.00	3627.00	3627.00	3627.00	3627.00	3628.00	3628.00	3628.00	3628.00	3628.00	3629.00	3629.00	3629.00	3629.00	3629.00	3630.00	3630.00	3630.00	3630.00	3630.00	3630.00	3630.00	3631.00	3631.00	3631.00	3631.00	3631.00	3631.00	3632.00	3632.00	3632.00	3632.00	3632.00	3632.00	3632.00	3633.00	3633.00	3633.00	3633.00	3633.00	3634.00	3634.00	3634.00	3634.00	3634.00	3634.00	3634.00	3635.00	3635.00	3635.00	3635.00	3635.00	3635.00	3636.00	3636.00	3636.00	3636.00	3636.00	3636.00	3636.00	3636.00	3636.00	3637.00	3637.00	3637.00	3637.00	3637.00	3637.00	3637.00	3637.00	3637.00	3637.00	3637.00	3637.00	3638.00	3638.00	3638.00	3639.00	3639.00	3639.00	3640.00	3640.00	3640.00
3583.00	3584.00	3584.00	3584.00	3585.00	3585.00	3585.00	3586.00	3586.00	3586.00	3586.00	3587.00	3587.00	3588.00	3588.00	3588.00	3589.00	3589.00	3590.00	3590.00	3591.00	3591.00	3591.00	3591.00	3592.00	3592.00	3592.00	3592.00	3592.00	3593.00	3593.00	3593.00	3593.00	3593.00	3594.00	3594.00	3594.00	3594.00	3595.00	3595.00	3595.00	3595.00	3596.00	3596.00	3596.00	3596.00	3596.00	3596.00	3597.00	3597.00	3597.00	3597.00	3597.00	3597.00	3597.00	3597.00	3598.00	3598.00	3598.00	3598.00	3599.00	3599.00	3599.00	3600.00	3600.00	3600.00	3601.00	3601.00	3601.00	3601.00	3601.00	3602.00	3602.00	3602.00	3602.00	3603.00	3603.00	3603.00	3603.00	3603.00	3604.00	3604.00	3604.00	3605.00	3605.00	3605.00	3605.00	3605.00	3605.00	3605.00	3605.00	3605.00	3605.00	3605.00	3605.00	3606.00	3606.00	3606.00	3606.00	3606.00	3607.00	3607.00	3607.00	3608.00	3608.00	3608.00	3608.00	3609.00	3609.00	3609.00	3610.00	3610.00	3610.00	3610.00	3610.00	3611.00	3611.00	3611.00	3611.00	3612.00	3612.00	3612.00	3612.00	3612.00	3613.00	3613.00	3613.00	3613.00	3614.00	3614.00	3614.00	3614.00	3614.00	3615.00	3615.00	3616.00	3616.00	3617.00	3617.00	3617.00	3617.00	3618.00	3618.00	3618.00	3619.00	3619.00	3620.00	3620.00	3620.00	3620.00	3621.00	3621.00	3621.00	3622.00	3622.00	3622.00	3623.00	3623.00	3623.00	3623.00	3624.00	3624.00	3624.00	3625.00	3625.00	3625.00	3625.00	3625.00	3626.00	3626.00	3626.00	3626.00	3626.00	3626.00	3627.00	3627.00	3627.00	3627.00	3628.00	3628.00	3628.00	3628.00	3628.00	3629.00	3629.00	3629.00	3629.00	3629.00	3630.00	3630.00	3630.00	3630.00	3630.00	3630.00	3630.00	3631.00	3631.00	3631.00	3631.00	3631.00	3631.00	3632.00	3632.00	3632.00	3632.00	3632.00	3632.00	3632.00	3633.00	3633.00	3633.00	3633.00	3633.00	3634.00	3634.00	3634.00	3634.00	3634.00	3634.00	3634.00	3635.00	3635.00	3635.00	3635.00	3635.00	3635.00	3636.00	3636.00	3636.00	3636.00	3636.00	3636.00	3636.00	3636.00	3636.00	3637.00	3637.00	3637.00	3637.00	3637.00	3637.00	3637.00	3637.00	3637.00	3637.00	3637.00	3637.00	3638.00	3638.00	3638.00	3639.00	3639.00	3639.00	3640.00	3640.00	3640.00
3585.00	3586.00	3586.00	3586.00	3587.00	3587.00	3587.00	3587.00	3587.00	3588.00	3588.00	3589.00	3589.00	3589.00	3589.00	3589.00	3590.00	3590.00	3590.00	3590.00	3591.00	3591.00	3591.00	3591.00	3592.00	3592.00	3592.00	3592.00	3592.00	3593.00	3593.00	3593.00	3593.00	3593.00	3594.00	3594.00	3594.00	3594.00	3595.00	3595.00	3595.00	3595.00	3596.00	3596.00	3596.00	3596.00	3596.00	3596.00	3597.00	3597.00	3597.00	3597.00	3597.00	3597.00	3597.00	3597.00	3598.00	3598.00	3598.00	3598.00	3598.00	3598.00	3599.00	3599.00	3599.00	3599.00	3600.00	3600.00	3600.00	3601.00	3601.00	3601.00	3601.00	3602.00	3602.00	3602.00	3602.00	3603.00	3603.00	3603.00	3604.00	3604.00	3604.00	3605.00	3605.00	3605.00	3605.00	3605.00	3605.00	3606.00	3606.00	3606.00	3606.00	3606.00	3606.00	3607.00	3607.00	3607.00	3607.00	3607.00	3608.00	3608.00	3608.00	3608.00	3608.00	3609.00	3609.00	3610.00	3610.00	3610.00	3611.00	3611.00	3611.00	3611.00	3611.00	3612.00	3612.00	3612.00	3612.00	3612.00	3612.00	3612.00	3612.00	3613.00	3613.00	3613.00	3613.00	3614.00	3614.00	3614.00	3615.00	3615.00	3615.00	3616.00	3616.00	3616.00	3617.00	3617.00	3617.00	3617.00	3617.00	3618.00	3618.00	3618.00	3619.00	3619.00	3620.00	3620.00	3621.00	3621.00	3621.00	3622.00	3622.00	3622.00	3622.00	3622.00	3623.00	3623.00	3623.00	3623.00	3624.00	3624.00	3624.00	3625.00	3625.00	3625.00	3625.00	3625.00	3626.00	3626.00	3626.00	3626.00	3627.00	3627.00	3627.00	3627.00	3627.00	3628.00	3628.00	3628.00	3628.00	3629.00	3629.00	3629.00	3629.00	3629.00	3629.00	3629.00	3630.00	3630.00	3630.00	3630.00	3630.00	3630.00	3631.00	3631.00	3631.00	3631.00	3631.00	3632.00	3632.00	3632.00	3632.00	3632.00	3632.00	3632.00	3633.00	3633.00	3633.00	3634.00	3634.00	3634.00	3634.00	3634.00	3634.00	3635.00	3635.00	3635.00	3635.00	3635.00	3635.00	3636.00	3636.00	3636.00	3636.00	3636.00	3636.00	3636.00	3636.00	3636.00	3636.00	3636.00	3636.00	3636.00	3636.00	3637.00	3637.00	3637.00	3637.00	3637.00	3637.00	3637.00	3637.00	3637.00	3637.00	3637.00	3637.00	3638.00	3638.00	3638.00	3639.00	3639.00	3639.00	3640.00	3640.00	3640.00
3585.00	3586.00	3586.00	3586.00	3587.00	3587.00	3587.00	3587.00	3587.00	3588.00	3588.00	3589.00	3589.00	3589.00	3589.00	3589.00	3590.00	3590.00	3590.00	3590.00	3591.00	3591.00	3591.00	3591.00	3592.00	3592.00	3592.00	3592.00	3592.00	3593.00	3593.00	3593.00	3593.00	3593.00	3594.00	3594.00	3594.00	3594.00	3595.00	3595.00	3595.00	3595.00	3596.00	3596.00	3596.00	3596.00	3596.00	3596.00	3597.00	3597.00	3597.00	3597.00	3597.00	3597.00	3597.00	3597.00	3598.00	3598.00	3598.00	3598.00	3598.00	3598.00	3599.00	3599.00	3599.00	3599.00	3600.00	3600.00	3600.00	3601.00	3601.00	3601.00	3601.00	3602.00	3602.00	3602.00	3602.00	3603.00	3603.00	3603.00	3604.00	3604.00	3604.00	3605.00	3605.00	3605.00	3605.00	3605.00	3605.00	3606.00	3606.00	3606.00	3606.00	3606.00	3606.00	3607.00	3607.00	3607.00	3607.00	3607.00	3608.00	3608.00	3608.00	3608.00	3608.00	3609.00	3609.00	3610.00	3610.00	3610.00	3611.00	3611.00	3611.00	3611.00	3611.00	3612.00	3612.00	3612.00	3612.00	3612.00	3612.00	3612.00	3612.00	3613.00	3613.00	3613.00	3613.00	3614.00	3614.00	3614.00	3615.00	3615.00	3615.00	3616.00	3616.00	3616.00	3617.00	3617.00	3617.00	3617.00	3617.00	3618.00	3618.00	3618.00	3619.00	3619.00	3620.00	3620.00	3621.00	3621.00	3621.00	3622.00	3622.00	3622.00	3622.00	3622.00	3623.00	3623.00	3623.00	3623.00	3624.00	3624.00	3624.00	3625.00	3625.00	3625.00	3625.00	3625.00	3626.00	3626.00	3626.00	3626.00	3627.00	3627.00	3627.00	3627.00	3627.00	3628.00	3628.00	3628.00	3628.00	3629.00	3629.00	3629.00	3629.00	3629.00	3629.00	3629.00	3630.00	3630.00	3630.00	3630.00	3630.00	3630.00	3631.00	3631.00	3631.00	3631.00	3631.00	3632.00	3632.00	3632.00	3632.00	3632.00	3632.00	3632.00	3633.00	3633.00	3633.00	3634.00	3634.00	3634.00	3634.00	3634.00	3634.00	3635.00	3635.00	3635.00	3635.00	3635.00	3635.00	3636.00	3636.00	3636.00	3636.00	3636.00	3636.00	3636.00	3636.00	3636.00	3636.00	3636.00	3636.00	3636.00	3636.00	3637.00	3637.00	3637.00	3637.00	3637.00	3637.00	3637.00	3637.00	3637.00	3637.00	3637.00	3637.00	3638.00	3638.00	3638.00	3639.00	3639.00	3639.00	3640.00	3640.00	3640.00
3585.00	3586.00	3586.00	3586.00	3587.00	3587.00	3587.00	3587.00	3587.00	3588.00	3588.00	3589.00	3589.00	3589.00	3589.00	3589.00	3590.00	3590.00	3590.00	3590.00	3591.00	3591.00	3591.00	3591.00	3592.00	3592.00	3592.00	3592.00	3592.00	3593.00	3593.00	3593.00	3593.00	3593.00	3594.00	3594.00	3594.00	3594.00	3595.00	3595.00	3595.00	3595.00	3596.00	3596.00	3596.00	3596.00	3596.00	3596.00	3597.00	3597.00	3597.00	3597.00	3597.00	3597.00	3597.00	3597.00	3598.00	3598.00	3598.00	3598.00	3598.00	3598.00	3599.00	3599.00	3599.00	3599.00	3600.00	3600.00	3600.00	3601.00	3601.00	3601.00	3601.00	3602.00	3602.00	3602.00	3602.00	3603.00	3603.00	3603.00	3604.00	3604.00	3604.00	3605.00	3605.00	3605.00	3605.00	3605.00	3605.00	3606.00	3606.00	3606.00	3606.00	3606.00	3606.00	3607.00	3607.00	3607.00	3607.00	3607.00	3608.00	3608.00	3608.00	3608.00	3608.00	3609.00	3609.00	3610.00	3610.00	3610.00	3611.00	3611.00	3611.00	3611.00	3611.00	3612.00	3612.00	3612.00	3612.00	3612.00	3612.00	3612.00	3612.00	3613.00	3613.00	3613.00	3613.00	3614.00	3614.00	3614.00	3615.00	3615.00	3615.00	3616.00	3616.00	3616.00	3617.00	3617.00	3617.00	3617.00	3617.00	3618.00	3618.00	3618.00	3619.00	3619.00	3620.00	3620.00	3621.00	3621.00	3621.00	3622.00	3622.00	3622.00	3622.00	3622.00	3623.00	3623.00	3623.00	3623.00	3624.00	3624.00	3624.00	3625.00	3625.00	3625.00	3625.00	3625.00	3626.00	3626.00	3626.00	3626.00	3627.00	3627.00	3627.00	3627.00	3627.00	3628.00	3628.00	3628.00	3628.00	3629.00	3629.00	3629.00	3629.00	3629.00	3629.00	3629.00	3630.00	3630.00	3630.00	3630.00	3630.00	3630.00	3631.00	3631.00	3631.00	3631.00	3631.00	3632.00	3632.00	3632.00	3632.00	3632.00	3632.00	3632.00	3633.00	3633.00	3633.00	3634.00	3634.00	3634.00	3634.00	3634.00	3634.00	3635.00	3635.00	3635.00	3635.00	3635.00	3635.00	3636.00	3636.00	3636.00	3636.00	3636.00	3636.00	3636.00	3636.00	3636.00	3636.00	3636.00	3636.00	3636.00	3636.00	3637.00	3637.00	3637.00	3637.00	3637.00	3637.00	3637.00	3637.00	3637.00	3637.00	3637.00	3637.00	3638.00	3638.00	3638.00	3639.00	3639.00	3639.00	3640.00	3640.00	3640.00
3585.00	3586.00	3586.00	3586.00	3587.00	3587.00	3587.00	3587.00	3587.00	3588.00	3588.00	3589.00	3589.00	3589.00	3589.00	3589.00	3590.00	3590.00	3590.00	3590.00	3591.00	3591.00	3591.00	3591.00	3592.00	3592.00	3592.00	3592.00	3592.00	3593.00	3593.00	3593.00	3593.00	3593.00	3594.00	3594.00	3594.00	3594.00	3595.00	3595.00	3595.00	3595.00	3596.00	3596.00	3596.00	3596.00	3596.00	3596.00	3597.00	3597.00	3597.00	3597.00	3597.00	3597.00	3597.00	3597.00	3598.00	3598.00	3598.00	3598.00	3598.00	3598.00	3599.00	3599.00	3599.00	3599.00	3600.00	3600.00	3600.00	3601.00	3601.00	3601.00	3601.00	3602.00	3602.00	3602.00	3602.00	3603.00	3603.00	3603.00	3604.00	3604.00	3604.00	3605.00	3605.00	3605.00	3605.00	3605.00	3605.00	3606.00	3606.00	3606.00	3606.00	3606.00	3606.00	3607.00	3607.00	3607.00	3607.00	3607.00	3608.00	3608.00	3608.00	3608.00	3608.00	3609.00	3609.00	3610.00	3610.00	3610.00	3611.00	3611.00	3611.00	3611.00	3611.00	3612.00	3612.00	3612.00	3612.00	3612.00	3612.00	3612.00	3612.00	3613.00	3613.00	3613.00	3613.00	3614.00	3614.00	3614.00	3615.00	3615.00	3615.00	3616.00	3616.00	3616.00	3617.00	3617.00	3617.00	3617.00	3617.00	3618.00	3618.00	3618.00	3619.00	3619.00	3620.00	3620.00	3621.00	3621.00	3621.00	3622.00	3622.00	3622.00	3622.00	3622.00	3623.00	3623.00	3623.00	3623.00	3624.00	3624.00	3624.00	3625.00	3625.00	3625.00	3625.00	3625.00	3626.00	3626.00	3626.00	3626.00	3627.00	3627.00	3627.00	3627.00	3627.00	3628.00	3628.00	3628.00	3628.00	3629.00	3629.00	3629.00	3629.00	3629.00	3629.00	3629.00	3630.00	3630.00	3630.00	3630.00	3630.00	3630.00	3631.00	3631.00	3631.00	3631.00	3631.00	3632.00	3632.00	3632.00	3632.00	3632.00	3632.00	3632.00	3633.00	3633.00	3633.00	3634.00	3634.00	3634.00	3634.00	3634.00	3634.00	3635.00	3635.00	3635.00	3635.00	3635.00	3635.00	3636.00	3636.00	3636.00	3636.00	3636.00	3636.00	3636.00	3636.00	3636.00	3636.00	3636.00	3636.00	3636.00	3636.00	3637.00	3637.00	3637.00	3637.00	3637.00	3637.00	3637.00	3637.00	3637.00	3637.00	3637.00	3637.00	3638.00	3638.00	3638.00	3639.00	3639.00	3639.00	3640.00	3640.00	3640.00
3585.00	3586.00	3586.00	3586.00	3587.00	3587.00	3587.00	3587.00	3587.00	3588.00	3588.00	3589.00	3589.00	3589.00	3589.00	3589.00	3590.00	3590.00	3590.00	3590.00	3591.00	3591.00	3591.00	3591.00	3592.00	3592.00	3592.00	3592.00	3592.00	3593.00	3593.00	3593.00	3593.00	3593.00	3594.00	3594.00	3594.00	3594.00	3595.00	3595.00	3595.00	3595.00	3596.00	3596.00	3596.00	3596.00	3596.00	3596.00	3597.00	3597.00	3597.00	3597.00	3597.00	3597.00	3597.00	3597.00	3598.00	3598.00	3598.00	3598.00	3598.00	3598.00	3599.00	3599.00	3599.00	3599.00	3600.00	3600.00	3600.00	3601.00	3601.00	3601.00	3601.00	3602.00	3602.00	3602.00	3602.00	3603.00	3603.00	3603.00	3604.00	3604.00	3604.00	3605.00	3605.00	3605.00	3605.00	3605.00	3605.00	3606.00	3606.00	3606.00	3606.00	3606.00	3606.00	3607.00	3607.00	3607.00	3607.00	3607.00	3608.00	3608.00	3608.00	3608.00	3608.00	3609.00	3609.00	3610.00	3610.00	3610.00	3611.00	3611.00	3611.00	3611.00	3611.00	3612.00	3612.00	3612.00	3612.00	3612.00	3612.00	3612.00	3612.00	3613.00	3613.00	3613.00	3613.00	3614.00	3614.00	3614.00	3615.00	3615.00	3615.00	3616.00	3616.00	3616.00	3617.00	3617.00	3617.00	3617.00	3617.00	3618.00	3618.00	3618.00	3619.00	3619.00	3620.00	3620.00	3621.00	3621.00	3621.00	3622.00	3622.00	3622.00	3622.00	3622.00	3623.00	3623.00	3623.00	3623.00	3624.00	3624.00	3624.00	3625.00	3625.00	3625.00	3625.00	3625.00	3626.00	3626.00	3626.00	3626.00	3627.00	3627.00	3627.00	3627.00	3627.00	3628.00	3628.00	3628.00	3628.00	3629.00	3629.00	3629.00	3629.00	3629.00	3629.00	3629.00	3630.00	3630.00	3630.00	3630.00	3630.00	3630.00	3631.00	3631.00	3631.00	3631.00	3631.00	3632.00	3632.00	3632.00	3632.00	3632.00	3632.00	3632.00	3633.00	3633.00	3633.00	3634.00	3634.00	3634.00	3634.00	3634.00	3634.00	3635.00	3635.00	3635.00	3635.00	3635.00	3635.00	3636.00	3636.00	3636.00	3636.00	3636.00	3636.00	3636.00	3636.00	3636.00	3636.00	3636.00	3636.00	3636.00	3636.00	3637.00	3637.00	3637.00	3637.00	3637.00	3637.00	3637.00	3637.00	3637.00	3637.00	3637.00	3637.00	3638.00	3638.00	3638.00	3639.00	3639.00	3639.00	3640.00	3640.00	3640.00
3585.00	3586.00	3586.00	3586.00	3587.00	3587.00	3587.00	3587.00	3587.00	3588.00	3588.00	3589.00	3589.00	3589.00	3589.00	3589.00	3590.00	3590.00	3590.00	3590.00	3591.00	3591.00	3591.00	3591.00	3592.00	3592.00	3592.00	3592.00	3592.00	3593.00	3593.00	3593.00	3593.00	3593.00	3594.00	3594.00	3594.00	3594.00	3595.00	3595.00	3595.00	3595.00	3596.00	3596.00	3596.00	3596.00	3596.00	3596.00	3597.00	3597.00	3597.00	3597.00	3597.00	3597.00	3597.00	3597.00	3598.00	3598.00	3598.00	3598.00	3598.00	3598.00	3599.00	3599.00	3599.00	3599.00	3600.00	3600.00	3600.00	3601.00	3601.00	3601.00	3601.00	3602.00	3602.00	3602.00	3602.00	3603.00	3603.00	3603.00	3604.00	3604.00	3604.00	3605.00	3605.00	3605.00	3605.00	3605.00	3605.00	3606.00	3606.00	3606.00	3606.00	3606.00	3606.00	3607.00	3607.00	3607.00	3607.00	3607.00	3608.00	3608.00	3608.00	3608.00	3608.00	3609.00	3609.00	3610.00	3610.00	3610.00	3611.00	3611.00	3611.00	3611.00	3611.00	3612.00	3612.00	3612.00	3612.00	3612.00	3612.00	3612.00	3612.00	3613.00	3613.00	3613.00	3613.00	3614.00	3614.00	3614.00	3615.00	3615.00	3615.00	3616.00	3616.00	3616.00	3617.00	3617.00	3617.00	3617.00	3617.00	3618.00	3618.00	3618.00	3619.00	3619.00	3620.00	3620.00	3621.00	3621.00	3621.00	3622.00	3622.00	3622.00	3622.00	3622.00	3623.00	3623.00	3623.00	3623.00	3624.00	3624.00	3624.00	3625.00	3625.00	3625.00	3625.00	3625.00	3626.00	3626.00	3626.00	3626.00	3627.00	3627.00	3627.00	3627.00	3627.00	3628.00	3628.00	3628.00	3628.00	3629.00	3629.00	3629.00	3629.00	3629.00	3629.00	3629.00	3630.00	3630.00	3630.00	3630.00	3630.00	3630.00	3631.00	3631.00	3631.00	3631.00	3631.00	3632.00	3632.00	3632.00	3632.00	3632.00	3632.00	3632.00	3633.00	3633.00	3633.00	3634.00	3634.00	3634.00	3634.00	3634.00	3634.00	3635.00	3635.00	3635.00	3635.00	3635.00	3635.00	3636.00	3636.00	3636.00	3636.00	3636.00	3636.00	3636.00	3636.00	3636.00	3636.00	3636.00	3636.00	3636.00	3636.00	3637.00	3637.00	3637.00	3637.00	3637.00	3637.00	3637.00	3637.00	3637.00	3637.00	3637.00	3637.00	3638.00	3638.00	3638.00	3639.00	3639.00	3639.00	3640.00	3640.00	3640.00
3585.00	3586.00	3586.00	3586.00	3587.00	3587.00	3587.00	3587.00	3587.00	3588.00	3588.00	3589.00	3589.00	3589.00	3589.00	3589.00	3590.00	3590.00	3590.00	3590.00	3591.00	3591.00	3591.00	3591.00	3592.00	3592.00	3592.00	3592.00	3592.00	3593.00	3593.00	3593.00	3593.00	3593.00	3594.00	3594.00	3594.00	3594.00	3595.00	3595.00	3595.00	3595.00	3596.00	3596.00	3596.00	3596.00	3596.00	3596.00	3597.00	3597.00	3597.00	3597.00	3597.00	3597.00	3597.00	3597.00	3598.00	3598.00	3598.00	3598.00	3598.00	3598.00	3599.00	3599.00	3599.00	3599.00	3600.00	3600.00	3600.00	3601.00	3601.00	3601.00	3601.00	3602.00	3602.00	3602.00	3602.00	3603.00	3603.00	3603.00	3604.00	3604.00	3604.00	3605.00	3605.00	3605.00	3605.00	3605.00	3605.00	3606.00	3606.00	3606.00	3606.00	3606.00	3606.00	3607.00	3607.00	3607.00	3607.00	3607.00	3608.00	3608.00	3608.00	3608.00	3608.00	3609.00	3609.00	3610.00	3610.00	3610.00	3611.00	3611.00	3611.00	3611.00	3611.00	3612.00	3612.00	3612.00	3612.00	3612.00	3612.00	3612.00	3612.00	3613.00	3613.00	3613.00	3613.00	3614.00	3614.00	3614.00	3615.00	3615.00	3615.00	3616.00	3616.00	3616.00	3617.00	3617.00	3617.00	3617.00	3617.00	3618.00	3618.00	3618.00	3619.00	3619.00	3620.00	3620.00	3621.00	3621.00	3621.00	3622.00	3622.00	3622.00	3622.00	3622.00	3623.00	3623.00	3623.00	3623.00	3624.00	3624.00	3624.00	3625.00	3625.00	3625.00	3625.00	3625.00	3626.00	3626.00	3626.00	3626.00	3627.00	3627.00	3627.00	3627.00	3627.00	3628.00	3628.00	3628.00	3628.00	3629.00	3629.00	3629.00	3629.00	3629.00	3629.00	3629.00	3630.00	3630.00	3630.00	3630.00	3630.00	3630.00	3631.00	3631.00	3631.00	3631.00	3631.00	3632.00	3632.00	3632.00	3632.00	3632.00	3632.00	3632.00	3633.00	3633.00	3633.00	3634.00	3634.00	3634.00	3634.00	3634.00	3634.00	3635.00	3635.00	3635.00	3635.00	3635.00	3635.00	3636.00	3636.00	3636.00	3636.00	3636.00	3636.00	3636.00	3636.00	3636.00	3636.00	3636.00	3636.00	3636.00	3636.00	3637.00	3637.00	3637.00	3637.00	3637.00	3637.00	3637.00	3637.00	3637.00	3637.00	3637.00	3637.00	3638.00	3638.00	3638.00	3639.00	3639.00	3639.00	3640.00	3640.00	3640.00
3587.00	3587.00	3587.00	3587.00	3588.00	3588.00	3588.00	3588.00	3588.00	3589.00	3589.00	3590.00	3590.00	3590.00	3590.00	3590.00	3591.00	3591.00	3591.00	3591.00	3591.00	3591.00	3592.00	3592.00	3592.00	3592.00	3592.00	3593.00	3593.00	3593.00	3593.00	3594.00	3594.00	3594.00	3594.00	3594.00	3595.00	3595.00	3595.00	3595.00	3595.00	3595.00	3596.00	3596.00	3596.00	3596.00	3596.00	3596.00	3596.00	3596.00	3596.00	3596.00	3596.00	3596.00	3597.00	3597.00	3597.00	3597.00	3597.00	3597.00	3598.00	3598.00	3598.00	3598.00	3598.00	3598.00	3599.00	3599.00	3599.00	3600.00	3600.00	3600.00	3600.00	3601.00	3601.00	3602.00	3602.00	3603.00	3603.00	3603.00	3604.00	3604.00	3604.00	3605.00	3605.00	3605.00	3605.00	3605.00	3605.00	3606.00	3606.00	3606.00	3606.00	3606.00	3607.00	3607.00	3608.00	3608.00	3608.00	3608.00	3608.00	3609.00	3609.00	3609.00	3609.00	3610.00	3610.00	3611.00	3611.00	3611.00	3612.00	3612.00	3612.00	3612.00	3612.00	3612.00	3613.00	3613.00	3613.00	3613.00	3613.00	3613.00	3613.00	3614.00	3614.00	3614.00	3614.00	3614.00	3615.00	3615.00	3615.00	3615.00	3615.00	3616.00	3616.00	3616.00	3617.00	3617.00	3617.00	3618.00	3618.00	3618.00	3619.00	3619.00	3620.00	3620.00	3620.00	3620.00	3621.00	3621.00	3621.00	3621.00	3621.00	3622.00	3622.00	3622.00	3622.00	3623.00	3623.00	3623.00	3623.00	3623.00	3624.00	3624.00	3624.00	3624.00	3624.00	3625.00	3625.00	3626.00	3626.00	3626.00	3626.00	3626.00	3627.00	3627.00	3627.00	3628.00	3628.00	3628.00	3628.00	3629.00	3629.00	3629.00	3629.00	3629.00	3629.00	3629.00	3630.00	3630.00	3630.00	3630.00	3630.00	3630.00	3631.00	3631.00	3631.00	3632.00	3632.00	3632.00	3632.00	3633.00	3633.00	3633.00	3633.00	3633.00	3633.00	3633.00	3633.00	3634.00	3634.00	3634.00	3634.00	3634.00	3634.00	3635.00	3635.00	3635.00	3635.00	3635.00	3635.00	3636.00	3636.00	3636.00	3636.00	3636.00	3636.00	3636.00	3636.00	3636.00	3636.00	3636.00	3636.00	3636.00	3636.00	3637.00	3637.00	3637.00	3637.00	3637.00	3637.00	3637.00	3637.00	3637.00	3637.00	3638.00	3638.00	3638.00	3638.00	3638.00	3639.00	3639.00	3639.00	3640.00	3640.00	3640.00
3587.00	3587.00	3587.00	3587.00	3588.00	3588.00	3588.00	3588.00	3588.00	3589.00	3589.00	3590.00	3590.00	3590.00	3590.00	3590.00	3591.00	3591.00	3591.00	3591.00	3591.00	3591.00	3592.00	3592.00	3592.00	3592.00	3592.00	3593.00	3593.00	3593.00	3593.00	3594.00	3594.00	3594.00	3594.00	3594.00	3595.00	3595.00	3595.00	3595.00	3595.00	3595.00	3596.00	3596.00	3596.00	3596.00	3596.00	3596.00	3596.00	3596.00	3596.00	3596.00	3596.00	3596.00	3597.00	3597.00	3597.00	3597.00	3597.00	3597.00	3598.00	3598.00	3598.00	3598.00	3598.00	3598.00	3599.00	3599.00	3599.00	3600.00	3600.00	3600.00	3600.00	3601.00	3601.00	3602.00	3602.00	3603.00	3603.00	3603.00	3604.00	3604.00	3604.00	3605.00	3605.00	3605.00	3605.00	3605.00	3605.00	3606.00	3606.00	3606.00	3606.00	3606.00	3607.00	3607.00	3608.00	3608.00	3608.00	3608.00	3608.00	3609.00	3609.00	3609.00	3609.00	3610.00	3610.00	3611.00	3611.00	3611.00	3612.00	3612.00	3612.00	3612.00	3612.00	3612.00	3613.00	3613.00	3613.00	3613.00	3613.00	3613.00	3613.00	3614.00	3614.00	3614.00	3614.00	3614.00	3615.00	3615.00	3615.00	3615.00	3615.00	3616.00	3616.00	3616.00	3617.00	3617.00	3617.00	3618.00	3618.00	3618.00	3619.00	3619.00	3620.00	3620.00	3620.00	3620.00	3621.00	3621.00	3621.00	3621.00	3621.00	3622.00	3622.00	3622.00	3622.00	3623.00	3623.00	3623.00	3623.00	3623.00	3624.00	3624.00	3624.00	3624.00	3624.00	3625.00	3625.00	3626.00	3626.00	3626.00	3626.00	3626.00	3627.00	3627.00	3627.00	3628.00	3628.00	3628.00	3628.00	3629.00	3629.00	3629.00	3629.00	3629.00	3629.00	3629.00	3630.00	3630.00	3630.00	3630.00	3630.00	3630.00	3631.00	3631.00	3631.00	3632.00	3632.00	3632.00	3632.00	3633.00	3633.00	3633.00	3633.00	3633.00	3633.00	3633.00	3633.00	3634.00	3634.00	3634.00	3634.00	3634.00	3634.00	3635.00	3635.00	3635.00	3635.00	3635.00	3635.00	3636.00	3636.00	3636.00	3636.00	3636.00	3636.00	3636.00	3636.00	3636.00	3636.00	3636.00	3636.00	3636.00	3636.00	3637.00	3637.00	3637.00	3637.00	3637.00	3637.00	3637.00	3637.00	3637.00	3637.00	3638.00	3638.00	3638.00	3638.00	3638.00	3639.00	3639.00	3639.00	3640.00	3640.00	3640.00
3587.00	3587.00	3587.00	3587.00	3588.00	3588.00	3588.00	3588.00	3588.00	3589.00	3589.00	3590.00	3590.00	3590.00	3590.00	3590.00	3591.00	3591.00	3591.00	3591.00	3591.00	3591.00	3592.00	3592.00	3592.00	3592.00	3592.00	3593.00	3593.00	3593.00	3593.00	3594.00	3594.00	3594.00	3594.00	3594.00	3595.00	3595.00	3595.00	3595.00	3595.00	3595.00	3596.00	3596.00	3596.00	3596.00	3596.00	3596.00	3596.00	3596.00	3596.00	3596.00	3596.00	3596.00	3597.00	3597.00	3597.00	3597.00	3597.00	3597.00	3598.00	3598.00	3598.00	3598.00	3598.00	3598.00	3599.00	3599.00	3599.00	3600.00	3600.00	3600.00	3600.00	3601.00	3601.00	3602.00	3602.00	3603.00	3603.00	3603.00	3604.00	3604.00	3604.00	3605.00	3605.00	3605.00	3605.00	3605.00	3605.00	3606.00	3606.00	3606.00	3606.00	3606.00	3607.00	3607.00	3608.00	3608.00	3608.00	3608.00	3608.00	3609.00	3609.00	3609.00	3609.00	3610.00	3610.00	3611.00	3611.00	3611.00	3612.00	3612.00	3612.00	3612.00	3612.00	3612.00	3613.00	3613.00	3613.00	3613.00	3613.00	3613.00	3613.00	3614.00	3614.00	3614.00	3614.00	3614.00	3615.00	3615.00	3615.00	3615.00	3615.00	3616.00	3616.00	3616.00	3617.00	3617.00	3617.00	3618.00	3618.00	3618.00	3619.00	3619.00	3620.00	3620.00	3620.00	3620.00	3621.00	3621.00	3621.00	3621.00	3621.00	3622.00	3622.00	3622.00	3622.00	3623.00	3623.00	3623.00	3623.00	3623.00	3624.00	3624.00	3624.00	3624.00	3624.00	3625.00	3625.00	3626.00	3626.00	3626.00	3626.00	3626.00	3627.00	3627.00	3627.00	3628.00	3628.00	3628.00	3628.00	3629.00	3629.00	3629.00	3629.00	3629.00	3629.00	3629.00	3630.00	3630.00	3630.00	3630.00	3630.00	3630.00	3631.00	3631.00	3631.00	3632.00	3632.00	3632.00	3632.00	3633.00	3633.00	3633.00	3633.00	3633.00	3633.00	3633.00	3633.00	3634.00	3634.00	3634.00	3634.00	3634.00	3634.00	3635.00	3635.00	3635.00	3635.00	3635.00	3635.00	3636.00	3636.00	3636.00	3636.00	3636.00	3636.00	3636.00	3636.00	3636.00	3636.00	3636.00	3636.00	3636.00	3636.00	3637.00	3637.00	3637.00	3637.00	3637.00	3637.00	3637.00	3637.00	3637.00	3637.00	3638.00	3638.00	3638.00	3638.00	3638.00	3639.00	3639.00	3639.00	3640.00	3640.00	3640.00
3587.00	3587.00	3587.00	3587.00	3588.00	3588.00	3588.00	3588.00	3588.00	3589.00	3589.00	3590.00	3590.00	3590.00	3590.00	3590.00	3591.00	3591.00	3591.00	3591.00	3591.00	3591.00	3592.00	3592.00	3592.00	3592.00	3592.00	3593.00	3593.00	3593.00	3593.00	3594.00	3594.00	3594.00	3594.00	3594.00	3595.00	3595.00	3595.00	3595.00	3595.00	3595.00	3596.00	3596.00	3596.00	3596.00	3596.00	3596.00	3596.00	3596.00	3596.00	3596.00	3596.00	3596.00	3597.00	3597.00	3597.00	3597.00	3597.00	3597.00	3598.00	3598.00	3598.00	3598.00	3598.00	3598.00	3599.00	3599.00	3599.00	3600.00	3600.00	3600.00	3600.00	3601.00	3601.00	3602.00	3602.00	3603.00	3603.00	3603.00	3604.00	3604.00	3604.00	3605.00	3605.00	3605.00	3605.00	3605.00	3605.00	3606.00	3606.00	3606.00	3606.00	3606.00	3607.00	3607.00	3608.00	3608.00	3608.00	3608.00	3608.00	3609.00	3609.00	3609.00	3609.00	3610.00	3610.00	3611.00	3611.00	3611.00	3612.00	3612.00	3612.00	3612.00	3612.00	3612.00	3613.00	3613.00	3613.00	3613.00	3613.00	3613.00	3613.00	3614.00	3614.00	3614.00	3614.00	3614.00	3615.00	3615.00	3615.00	3615.00	3615.00	3616.00	3616.00	3616.00	3617.00	3617.00	3617.00	3618.00	3618.00	3618.00	3619.00	3619.00	3620.00	3620.00	3620.00	3620.00	3621.00	3621.00	3621.00	3621.00	3621.00	3622.00	3622.00	3622.00	3622.00	3623.00	3623.00	3623.00	3623.00	3623.00	3624.00	3624.00	3624.00	3624.00	3624.00	3625.00	3625.00	3626.00	3626.00	3626.00	3626.00	3626.00	3627.00	3627.00	3627.00	3628.00	3628.00	3628.00	3628.00	3629.00	3629.00	3629.00	3629.00	3629.00	3629.00	3629.00	3630.00	3630.00	3630.00	3630.00	3630.00	3630.00	3631.00	3631.00	3631.00	3632.00	3632.00	3632.00	3632.00	3633.00	3633.00	3633.00	3633.00	3633.00	3633.00	3633.00	3633.00	3634.00	3634.00	3634.00	3634.00	3634.00	3634.00	3635.00	3635.00	3635.00	3635.00	3635.00	3635.00	3636.00	3636.00	3636.00	3636.00	3636.00	3636.00	3636.00	3636.00	3636.00	3636.00	3636.00	3636.00	3636.00	3636.00	3637.00	3637.00	3637.00	3637.00	3637.00	3637.00	3637.00	3637.00	3637.00	3637.00	3638.00	3638.00	3638.00	3638.00	3638.00	3639.00	3639.00	3639.00	3640.00	3640.00	3640.00
3587.00	3587.00	3587.00	3587.00	3588.00	3588.00	3588.00	3588.00	3588.00	3589.00	3589.00	3590.00	3590.00	3590.00	3590.00	3590.00	3591.00	3591.00	3591.00	3591.00	3591.00	3591.00	3592.00	3592.00	3592.00	3592.00	3592.00	3593.00	3593.00	3593.00	3593.00	3594.00	3594.00	3594.00	3594.00	3594.00	3595.00	3595.00	3595.00	3595.00	3595.00	3595.00	3596.00	3596.00	3596.00	3596.00	3596.00	3596.00	3596.00	3596.00	3596.00	3596.00	3596.00	3596.00	3597.00	3597.00	3597.00	3597.00	3597.00	3597.00	3598.00	3598.00	3598.00	3598.00	3598.00	3598.00	3599.00	3599.00	3599.00	3600.00	3600.00	3600.00	3600.00	3601.00	3601.00	3602.00	3602.00	3603.00	3603.00	3603.00	3604.00	3604.00	3604.00	3605.00	3605.00	3605.00	3605.00	3605.00	3605.00	3606.00	3606.00	3606.00	3606.00	3606.00	3607.00	3607.00	3608.00	3608.00	3608.00	3608.00	3608.00	3609.00	3609.00	3609.00	3609.00	3610.00	3610.00	3611.00	3611.00	3611.00	3612.00	3612.00	3612.00	3612.00	3612.00	3612.00	3613.00	3613.00	3613.00	3613.00	3613.00	3613.00	3613.00	3614.00	3614.00	3614.00	3614.00	3614.00	3615.00	3615.00	3615.00	3615.00	3615.00	3616.00	3616.00	3616.00	3617.00	3617.00	3617.00	3618.00	3618.00	3618.00	3619.00	3619.00	3620.00	3620.00	3620.00	3620.00	3621.00	3621.00	3621.00	3621.00	3621.00	3622.00	3622.00	3622.00	3622.00	3623.00	3623.00	3623.00	3623.00	3623.00	3624.00	3624.00	3624.00	3624.00	3624.00	3625.00	3625.00	3626.00	3626.00	3626.00	3626.00	3626.00	3627.00	3627.00	3627.00	3628.00	3628.00	3628.00	3628.00	3629.00	3629.00	3629.00	3629.00	3629.00	3629.00	3629.00	3630.00	3630.00	3630.00	3630.00	3630.00	3630.00	3631.00	3631.00	3631.00	3632.00	3632.00	3632.00	3632.00	3633.00	3633.00	3633.00	3633.00	3633.00	3633.00	3633.00	3633.00	3634.00	3634.00	3634.00	3634.00	3634.00	3634.00	3635.00	3635.00	3635.00	3635.00	3635.00	3635.00	3636.00	3636.00	3636.00	3636.00	3636.00	3636.00	3636.00	3636.00	3636.00	3636.00	3636.00	3636.00	3636.00	3636.00	3637.00	3637.00	3637.00	3637.00	3637.00	3637.00	3637.00	3637.00	3637.00	3637.00	3638.00	3638.00	3638.00	3638.00	3638.00	3639.00	3639.00	3639.00	3640.00	3640.00	3640.00
3588.00	3588.00	3588.00	3588.00	3589.00	3589.00	3589.00	3589.00	3589.00	3590.00	3590.00	3591.00	3591.00	3591.00	3591.00	3591.00	3591.00	3591.00	3592.00	3592.00	3592.00	3592.00	3592.00	3592.00	3593.00	3593.00	3593.00	3593.00	3593.00	3593.00	3594.00	3594.00	3594.00	3594.00	3594.00	3594.00	3595.00	3595.00	3595.00	3595.00	3595.00	3595.00	3596.00	3596.00	3596.00	3596.00	3596.00	3596.00	3596.00	3596.00	3596.00	3596.00	3596.00	3596.00	3596.00	3596.00	3596.00	3596.00	3596.00	3596.00	3597.00	3597.00	3597.00	3598.00	3598.00	3598.00	3598.00	3598.00	3599.00	3599.00	3599.00	3599.00	3599.00	3600.00	3600.00	3601.00	3601.00	3602.00	3602.00	3602.00	3603.00	3603.00	3603.00	3604.00	3604.00	3604.00	3605.00	3605.00	3605.00	3605.00	3605.00	3606.00	3606.00	3606.00	3607.00	3608.00	3608.00	3608.00	3609.00	3609.00	3609.00	3610.00	3610.00	3610.00	3610.00	3611.00	3611.00	3612.00	3612.00	3612.00	3613.00	3613.00	3613.00	3613.00	3613.00	3613.00	3614.00	3614.00	3614.00	3614.00	3614.00	3614.00	3614.00	3615.00	3615.00	3615.00	3615.00	3615.00	3615.00	3615.00	3616.00	3616.00	3616.00	3616.00	3616.00	3617.00	3617.00	3618.00	3618.00	3618.00	3618.00	3619.00	3619.00	3619.00	3620.00	3620.00	3620.00	3620.00	3621.00	3621.00	3621.00	3621.00	3621.00	3622.00	3622.00	3622.00	3622.00	3623.00	3623.00	3623.00	3623.00	3623.00	3624.00	3624.00	3624.00	3624.00	3624.00	3624.00	3625.00	3625.00	3625.00	3625.00	3626.00	3626.00	3626.00	3626.00	3626.00	3627.00	3627.00	3627.00	3628.00	3628.00	3628.00	3629.00	3629.00	3629.00	3629.00	3629.00	3630.00	3630.00	3630.00	3630.00	3630.00	3630.00	3631.00	3631.00	3631.00	3632.00	3632.00	3632.00	3632.00	3633.00	3633.00	3633.00	3633.00	3633.00	3633.00	3633.00	3633.00	3634.00	3634.00	3634.00	3634.00	3634.00	3634.00	3635.00	3635.00	3635.00	3635.00	3635.00	3635.00	3636.00	3636.00	3636.00	3636.00	3636.00	3636.00	3636.00	3636.00	3636.00	3636.00	3636.00	3636.00	3636.00	3636.00	3637.00	3637.00	3637.00	3637.00	3637.00	3637.00	3638.00	3638.00	3638.00	3638.00	3638.00	3638.00	3638.00	3639.00	3639.00	3639.00	3639.00	3639.00	3640.00	3640.00	3640.00
3588.00	3588.00	3588.00	3588.00	3589.00	3589.00	3589.00	3589.00	3589.00	3590.00	3590.00	3591.00	3591.00	3591.00	3591.00	3591.00	3591.00	3591.00	3592.00	3592.00	3592.00	3592.00	3592.00	3592.00	3593.00	3593.00	3593.00	3593.00	3593.00	3593.00	3594.00	3594.00	3594.00	3594.00	3594.00	3594.00	3595.00	3595.00	3595.00	3595.00	3595.00	3595.00	3596.00	3596.00	3596.00	3596.00	3596.00	3596.00	3596.00	3596.00	3596.00	3596.00	3596.00	3596.00	3596.00	3596.00	3596.00	3596.00	3596.00	3596.00	3597.00	3597.00	3597.00	3598.00	3598.00	3598.00	3598.00	3598.00	3599.00	3599.00	3599.00	3599.00	3599.00	3600.00	3600.00	3601.00	3601.00	3602.00	3602.00	3602.00	3603.00	3603.00	3603.00	3604.00	3604.00	3604.00	3605.00	3605.00	3605.00	3605.00	3605.00	3606.00	3606.00	3606.00	3607.00	3608.00	3608.00	3608.00	3609.00	3609.00	3609.00	3610.00	3610.00	3610.00	3610.00	3611.00	3611.00	3612.00	3612.00	3612.00	3613.00	3613.00	3613.00	3613.00	3613.00	3613.00	3614.00	3614.00	3614.00	3614.00	3614.00	3614.00	3614.00	3615.00	3615.00	3615.00	3615.00	3615.00	3615.00	3615.00	3616.00	3616.00	3616.00	3616.00	3616.00	3617.00	3617.00	3618.00	3618.00	3618.00	3618.00	3619.00	3619.00	3619.00	3620.00	3620.00	3620.00	3620.00	3621.00	3621.00	3621.00	3621.00	3621.00	3622.00	3622.00	3622.00	3622.00	3623.00	3623.00	3623.00	3623.00	3623.00	3624.00	3624.00	3624.00	3624.00	3624.00	3624.00	3625.00	3625.00	3625.00	3625.00	3626.00	3626.00	3626.00	3626.00	3626.00	3627.00	3627.00	3627.00	3628.00	3628.00	3628.00	3629.00	3629.00	3629.00	3629.00	3629.00	3630.00	3630.00	3630.00	3630.00	3630.00	3630.00	3631.00	3631.00	3631.00	3632.00	3632.00	3632.00	3632.00	3633.00	3633.00	3633.00	3633.00	3633.00	3633.00	3633.00	3633.00	3634.00	3634.00	3634.00	3634.00	3634.00	3634.00	3635.00	3635.00	3635.00	3635.00	3635.00	3635.00	3636.00	3636.00	3636.00	3636.00	3636.00	3636.00	3636.00	3636.00	3636.00	3636.00	3636.00	3636.00	3636.00	3636.00	3637.00	3637.00	3637.00	3637.00	3637.00	3637.00	3638.00	3638.00	3638.00	3638.00	3638.00	3638.00	3638.00	3639.00	3639.00	3639.00	3639.00	3639.00	3640.00	3640.00	3640.00
3588.00	3588.00	3588.00	3588.00	3589.00	3589.00	3589.00	3589.00	3589.00	3590.00	3590.00	3591.00	3591.00	3591.00	3591.00	3591.00	3591.00	3591.00	3592.00	3592.00	3592.00	3592.00	3592.00	3592.00	3593.00	3593.00	3593.00	3593.00	3593.00	3593.00	3594.00	3594.00	3594.00	3594.00	3594.00	3594.00	3595.00	3595.00	3595.00	3595.00	3595.00	3595.00	3596.00	3596.00	3596.00	3596.00	3596.00	3596.00	3596.00	3596.00	3596.00	3596.00	3596.00	3596.00	3596.00	3596.00	3596.00	3596.00	3596.00	3596.00	3597.00	3597.00	3597.00	3598.00	3598.00	3598.00	3598.00	3598.00	3599.00	3599.00	3599.00	3599.00	3599.00	3600.00	3600.00	3601.00	3601.00	3602.00	3602.00	3602.00	3603.00	3603.00	3603.00	3604.00	3604.00	3604.00	3605.00	3605.00	3605.00	3605.00	3605.00	3606.00	3606.00	3606.00	3607.00	3608.00	3608.00	3608.00	3609.00	3609.00	3609.00	3610.00	3610.00	3610.00	3610.00	3611.00	3611.00	3612.00	3612.00	3612.00	3613.00	3613.00	3613.00	3613.00	3613.00	3613.00	3614.00	3614.00	3614.00	3614.00	3614.00	3614.00	3614.00	3615.00	3615.00	3615.00	3615.00	3615.00	3615.00	3615.00	3616.00	3616.00	3616.00	3616.00	3616.00	3617.00	3617.00	3618.00	3618.00	3618.00	3618.00	3619.00	3619.00	3619.00	3620.00	3620.00	3620.00	3620.00	3621.00	3621.00	3621.00	3621.00	3621.00	3622.00	3622.00	3622.00	3622.00	3623.00	3623.00	3623.00	3623.00	3623.00	3624.00	3624.00	3624.00	3624.00	3624.00	3624.00	3625.00	3625.00	3625.00	3625.00	3626.00	3626.00	3626.00	3626.00	3626.00	3627.00	3627.00	3627.00	3628.00	3628.00	3628.00	3629.00	3629.00	3629.00	3629.00	3629.00	3630.00	3630.00	3630.00	3630.00	3630.00	3630.00	3631.00	3631.00	3631.00	3632.00	3632.00	3632.00	3632.00	3633.00	3633.00	3633.00	3633.00	3633.00	3633.00	3633.00	3633.00	3634.00	3634.00	3634.00	3634.00	3634.00	3634.00	3635.00	3635.00	3635.00	3635.00	3635.00	3635.00	3636.00	3636.00	3636.00	3636.00	3636.00	3636.00	3636.00	3636.00	3636.00	3636.00	3636.00	3636.00	3636.00	3636.00	3637.00	3637.00	3637.00	3637.00	3637.00	3637.00	3638.00	3638.00	3638.00	3638.00	3638.00	3638.00	3638.00	3639.00	3639.00	3639.00	3639.00	3639.00	3640.00	3640.00	3640.00
3588.00	3588.00	3588.00	3588.00	3589.00	3589.00	3589.00	3589.00	3589.00	3590.00	3590.00	3591.00	3591.00	3591.00	3591.00	3591.00	3591.00	3591.00	3592.00	3592.00	3592.00	3592.00	3592.00	3592.00	3593.00	3593.00	3593.00	3593.00	3593.00	3593.00	3594.00	3594.00	3594.00	3594.00	3594.00	3594.00	3595.00	3595.00	3595.00	3595.00	3595.00	3595.00	3596.00	3596.00	3596.00	3596.00	3596.00	3596.00	3596.00	3596.00	3596.00	3596.00	3596.00	3596.00	3596.00	3596.00	3596.00	3596.00	3596.00	3596.00	3597.00	3597.00	3597.00	3598.00	3598.00	3598.00	3598.00	3598.00	3599.00	3599.00	3599.00	3599.00	3599.00	3600.00	3600.00	3601.00	3601.00	3602.00	3602.00	3602.00	3603.00	3603.00	3603.00	3604.00	3604.00	3604.00	3605.00	3605.00	3605.00	3605.00	3605.00	3606.00	3606.00	3606.00	3607.00	3608.00	3608.00	3608.00	3609.00	3609.00	3609.00	3610.00	3610.00	3610.00	3610.00	3611.00	3611.00	3612.00	3612.00	3612.00	3613.00	3613.00	3613.00	3613.00	3613.00	3613.00	3614.00	3614.00	3614.00	3614.00	3614.00	3614.00	3614.00	3615.00	3615.00	3615.00	3615.00	3615.00	3615.00	3615.00	3616.00	3616.00	3616.00	3616.00	3616.00	3617.00	3617.00	3618.00	3618.00	3618.00	3618.00	3619.00	3619.00	3619.00	3620.00	3620.00	3620.00	3620.00	3621.00	3621.00	3621.00	3621.00	3621.00	3622.00	3622.00	3622.00	3622.00	3623.00	3623.00	3623.00	3623.00	3623.00	3624.00	3624.00	3624.00	3624.00	3624.00	3624.00	3625.00	3625.00	3625.00	3625.00	3626.00	3626.00	3626.00	3626.00	3626.00	3627.00	3627.00	3627.00	3628.00	3628.00	3628.00	3629.00	3629.00	3629.00	3629.00	3629.00	3630.00	3630.00	3630.00	3630.00	3630.00	3630.00	3631.00	3631.00	3631.00	3632.00	3632.00	3632.00	3632.00	3633.00	3633.00	3633.00	3633.00	3633.00	3633.00	3633.00	3633.00	3634.00	3634.00	3634.00	3634.00	3634.00	3634.00	3635.00	3635.00	3635.00	3635.00	3635.00	3635.00	3636.00	3636.00	3636.00	3636.00	3636.00	3636.00	3636.00	3636.00	3636.00	3636.00	3636.00	3636.00	3636.00	3636.00	3637.00	3637.00	3637.00	3637.00	3637.00	3637.00	3638.00	3638.00	3638.00	3638.00	3638.00	3638.00	3638.00	3639.00	3639.00	3639.00	3639.00	3639.00	3640.00	3640.00	3640.00
3588.00	3588.00	3588.00	3588.00	3589.00	3589.00	3589.00	3589.00	3589.00	3590.00	3590.00	3591.00	3591.00	3591.00	3591.00	3591.00	3591.00	3591.00	3592.00	3592.00	3592.00	3592.00	3592.00	3592.00	3593.00	3593.00	3593.00	3593.00	3593.00	3593.00	3594.00	3594.00	3594.00	3594.00	3594.00	3594.00	3595.00	3595.00	3595.00	3595.00	3595.00	3595.00	3596.00	3596.00	3596.00	3596.00	3596.00	3596.00	3596.00	3596.00	3596.00	3596.00	3596.00	3596.00	3596.00	3596.00	3596.00	3596.00	3596.00	3596.00	3597.00	3597.00	3597.00	3598.00	3598.00	3598.00	3598.00	3598.00	3599.00	3599.00	3599.00	3599.00	3599.00	3600.00	3600.00	3601.00	3601.00	3602.00	3602.00	3602.00	3603.00	3603.00	3603.00	3604.00	3604.00	3604.00	3605.00	3605.00	3605.00	3605.00	3605.00	3606.00	3606.00	3606.00	3607.00	3608.00	3608.00	3608.00	3609.00	3609.00	3609.00	3610.00	3610.00	3610.00	3610.00	3611.00	3611.00	3612.00	3612.00	3612.00	3613.00	3613.00	3613.00	3613.00	3613.00	3613.00	3614.00	3614.00	3614.00	3614.00	3614.00	3614.00	3614.00	3615.00	3615.00	3615.00	3615.00	3615.00	3615.00	3615.00	3616.00	3616.00	3616.00	3616.00	3616.00	3617.00	3617.00	3618.00	3618.00	3618.00	3618.00	3619.00	3619.00	3619.00	3620.00	3620.00	3620.00	3620.00	3621.00	3621.00	3621.00	3621.00	3621.00	3622.00	3622.00	3622.00	3622.00	3623.00	3623.00	3623.00	3623.00	3623.00	3624.00	3624.00	3624.00	3624.00	3624.00	3624.00	3625.00	3625.00	3625.00	3625.00	3626.00	3626.00	3626.00	3626.00	3626.00	3627.00	3627.00	3627.00	3628.00	3628.00	3628.00	3629.00	3629.00	3629.00	3629.00	3629.00	3630.00	3630.00	3630.00	3630.00	3630.00	3630.00	3631.00	3631.00	3631.00	3632.00	3632.00	3632.00	3632.00	3633.00	3633.00	3633.00	3633.00	3633.00	3633.00	3633.00	3633.00	3634.00	3634.00	3634.00	3634.00	3634.00	3634.00	3635.00	3635.00	3635.00	3635.00	3635.00	3635.00	3636.00	3636.00	3636.00	3636.00	3636.00	3636.00	3636.00	3636.00	3636.00	3636.00	3636.00	3636.00	3636.00	3636.00	3637.00	3637.00	3637.00	3637.00	3637.00	3637.00	3638.00	3638.00	3638.00	3638.00	3638.00	3638.00	3638.00	3639.00	3639.00	3639.00	3639.00	3639.00	3640.00	3640.00	3640.00
3588.00	3588.00	3588.00	3588.00	3589.00	3589.00	3589.00	3589.00	3589.00	3590.00	3590.00	3591.00	3591.00	3591.00	3591.00	3591.00	3591.00	3591.00	3592.00	3592.00	3592.00	3592.00	3592.00	3592.00	3593.00	3593.00	3593.00	3593.00	3593.00	3593.00	3594.00	3594.00	3594.00	3594.00	3594.00	3594.00	3595.00	3595.00	3595.00	3595.00	3595.00	3595.00	3596.00	3596.00	3596.00	3596.00	3596.00	3596.00	3596.00	3596.00	3596.00	3596.00	3596.00	3596.00	3596.00	3596.00	3596.00	3596.00	3596.00	3596.00	3597.00	3597.00	3597.00	3598.00	3598.00	3598.00	3598.00	3598.00	3599.00	3599.00	3599.00	3599.00	3599.00	3600.00	3600.00	3601.00	3601.00	3602.00	3602.00	3602.00	3603.00	3603.00	3603.00	3604.00	3604.00	3604.00	3605.00	3605.00	3605.00	3605.00	3605.00	3606.00	3606.00	3606.00	3607.00	3608.00	3608.00	3608.00	3609.00	3609.00	3609.00	3610.00	3610.00	3610.00	3610.00	3611.00	3611.00	3612.00	3612.00	3612.00	3613.00	3613.00	3613.00	3613.00	3613.00	3613.00	3614.00	3614.00	3614.00	3614.00	3614.00	3614.00	3614.00	3615.00	3615.00	3615.00	3615.00	3615.00	3615.00	3615.00	3616.00	3616.00	3616.00	3616.00	3616.00	3617.00	3617.00	3618.00	3618.00	3618.00	3618.00	3619.00	3619.00	3619.00	3620.00	3620.00	3620.00	3620.00	3621.00	3621.00	3621.00	3621.00	3621.00	3622.00	3622.00	3622.00	3622.00	3623.00	3623.00	3623.00	3623.00	3623.00	3624.00	3624.00	3624.00	3624.00	3624.00	3624.00	3625.00	3625.00	3625.00	3625.00	3626.00	3626.00	3626.00	3626.00	3626.00	3627.00	3627.00	3627.00	3628.00	3628.00	3628.00	3629.00	3629.00	3629.00	3629.00	3629.00	3630.00	3630.00	3630.00	3630.00	3630.00	3630.00	3631.00	3631.00	3631.00	3632.00	3632.00	3632.00	3632.00	3633.00	3633.00	3633.00	3633.00	3633.00	3633.00	3633.00	3633.00	3634.00	3634.00	3634.00	3634.00	3634.00	3634.00	3635.00	3635.00	3635.00	3635.00	3635.00	3635.00	3636.00	3636.00	3636.00	3636.00	3636.00	3636.00	3636.00	3636.00	3636.00	3636.00	3636.00	3636.00	3636.00	3636.00	3637.00	3637.00	3637.00	3637.00	3637.00	3637.00	3638.00	3638.00	3638.00	3638.00	3638.00	3638.00	3638.00	3639.00	3639.00	3639.00	3639.00	3639.00	3640.00	3640.00	3640.00
3588.00	3588.00	3588.00	3588.00	3589.00	3589.00	3589.00	3589.00	3589.00	3590.00	3590.00	3591.00	3591.00	3591.00	3591.00	3591.00	3591.00	3591.00	3592.00	3592.00	3592.00	3592.00	3592.00	3592.00	3593.00	3593.00	3593.00	3593.00	3593.00	3593.00	3594.00	3594.00	3594.00	3594.00	3594.00	3594.00	3595.00	3595.00	3595.00	3595.00	3595.00	3595.00	3596.00	3596.00	3596.00	3596.00	3596.00	3596.00	3596.00	3596.00	3596.00	3596.00	3596.00	3596.00	3596.00	3596.00	3596.00	3596.00	3596.00	3596.00	3597.00	3597.00	3597.00	3598.00	3598.00	3598.00	3598.00	3598.00	3599.00	3599.00	3599.00	3599.00	3599.00	3600.00	3600.00	3601.00	3601.00	3602.00	3602.00	3602.00	3603.00	3603.00	3603.00	3604.00	3604.00	3604.00	3605.00	3605.00	3605.00	3605.00	3605.00	3606.00	3606.00	3606.00	3607.00	3608.00	3608.00	3608.00	3609.00	3609.00	3609.00	3610.00	3610.00	3610.00	3610.00	3611.00	3611.00	3612.00	3612.00	3612.00	3613.00	3613.00	3613.00	3613.00	3613.00	3613.00	3614.00	3614.00	3614.00	3614.00	3614.00	3614.00	3614.00	3615.00	3615.00	3615.00	3615.00	3615.00	3615.00	3615.00	3616.00	3616.00	3616.00	3616.00	3616.00	3617.00	3617.00	3618.00	3618.00	3618.00	3618.00	3619.00	3619.00	3619.00	3620.00	3620.00	3620.00	3620.00	3621.00	3621.00	3621.00	3621.00	3621.00	3622.00	3622.00	3622.00	3622.00	3623.00	3623.00	3623.00	3623.00	3623.00	3624.00	3624.00	3624.00	3624.00	3624.00	3624.00	3625.00	3625.00	3625.00	3625.00	3626.00	3626.00	3626.00	3626.00	3626.00	3627.00	3627.00	3627.00	3628.00	3628.00	3628.00	3629.00	3629.00	3629.00	3629.00	3629.00	3630.00	3630.00	3630.00	3630.00	3630.00	3630.00	3631.00	3631.00	3631.00	3632.00	3632.00	3632.00	3632.00	3633.00	3633.00	3633.00	3633.00	3633.00	3633.00	3633.00	3633.00	3634.00	3634.00	3634.00	3634.00	3634.00	3634.00	3635.00	3635.00	3635.00	3635.00	3635.00	3635.00	3636.00	3636.00	3636.00	3636.00	3636.00	3636.00	3636.00	3636.00	3636.00	3636.00	3636.00	3636.00	3636.00	3636.00	3637.00	3637.00	3637.00	3637.00	3637.00	3637.00	3638.00	3638.00	3638.00	3638.00	3638.00	3638.00	3638.00	3639.00	3639.00	3639.00	3639.00	3639.00	3640.00	3640.00	3640.00
3589.00	3589.00	3589.00	3589.00	3590.00	3590.00	3590.00	3590.00	3590.00	3590.00	3590.00	3591.00	3591.00	3591.00	3591.00	3591.00	3592.00	3592.00	3592.00	3592.00	3592.00	3592.00	3593.00	3593.00	3593.00	3593.00	3593.00	3593.00	3593.00	3594.00	3594.00	3594.00	3594.00	3594.00	3594.00	3594.00	3595.00	3595.00	3595.00	3595.00	3595.00	3595.00	3596.00	3596.00	3596.00	3596.00	3596.00	3596.00	3596.00	3596.00	3596.00	3596.00	3596.00	3596.00	3596.00	3596.00	3596.00	3596.00	3596.00	3596.00	3596.00	3596.00	3597.00	3597.00	3597.00	3597.00	3598.00	3598.00	3598.00	3598.00	3598.00	3599.00	3599.00	3600.00	3600.00	3600.00	3600.00	3601.00	3601.00	3601.00	3602.00	3602.00	3602.00	3603.00	3603.00	3603.00	3604.00	3604.00	3604.00	3605.00	3605.00	3606.00	3606.00	3606.00	3607.00	3608.00	3608.00	3608.00	3609.00	3609.00	3610.00	3610.00	3610.00	3610.00	3610.00	3611.00	3611.00	3612.00	3612.00	3612.00	3613.00	3613.00	3613.00	3613.00	3614.00	3614.00	3614.00	3614.00	3615.00	3615.00	3615.00	3615.00	3615.00	3615.00	3616.00	3616.00	3616.00	3616.00	3616.00	3616.00	3617.00	3617.00	3617.00	3617.00	3617.00	3618.00	3618.00	3619.00	3619.00	3619.00	3619.00	3619.00	3620.00	3620.00	3620.00	3620.00	3620.00	3620.00	3621.00	3621.00	3621.00	3621.00	3621.00	3621.00	3622.00	3622.00	3622.00	3622.00	3622.00	3622.00	3623.00	3623.00	3623.00	3624.00	3624.00	3624.00	3624.00	3624.00	3625.00	3625.00	3625.00	3625.00	3625.00	3625.00	3626.00	3626.00	3626.00	3627.00	3627.00	3627.00	3628.00	3628.00	3628.00	3629.00	3629.00	3629.00	3629.00	3629.00	3629.00	3630.00	3630.00	3630.00	3630.00	3630.00	3631.00	3631.00	3631.00	3632.00	3632.00	3632.00	3632.00	3633.00	3633.00	3633.00	3633.00	3633.00	3633.00	3633.00	3633.00	3634.00	3634.00	3634.00	3634.00	3634.00	3634.00	3635.00	3635.00	3635.00	3635.00	3635.00	3635.00	3636.00	3636.00	3636.00	3636.00	3636.00	3636.00	3636.00	3636.00	3637.00	3637.00	3637.00	3637.00	3637.00	3637.00	3638.00	3638.00	3638.00	3638.00	3638.00	3638.00	3638.00	3638.00	3638.00	3638.00	3638.00	3638.00	3639.00	3639.00	3639.00	3640.00	3640.00	3640.00	3640.00	3641.00	3641.00
3589.00	3589.00	3589.00	3589.00	3590.00	3590.00	3590.00	3590.00	3590.00	3590.00	3590.00	3591.00	3591.00	3591.00	3591.00	3591.00	3592.00	3592.00	3592.00	3592.00	3592.00	3592.00	3593.00	3593.00	3593.00	3593.00	3593.00	3593.00	3593.00	3594.00	3594.00	3594.00	3594.00	3594.00	3594.00	3594.00	3595.00	3595.00	3595.00	3595.00	3595.00	3595.00	3596.00	3596.00	3596.00	3596.00	3596.00	3596.00	3596.00	3596.00	3596.00	3596.00	3596.00	3596.00	3596.00	3596.00	3596.00	3596.00	3596.00	3596.00	3596.00	3596.00	3597.00	3597.00	3597.00	3597.00	3598.00	3598.00	3598.00	3598.00	3598.00	3599.00	3599.00	3600.00	3600.00	3600.00	3600.00	3601.00	3601.00	3601.00	3602.00	3602.00	3602.00	3603.00	3603.00	3603.00	3604.00	3604.00	3604.00	3605.00	3605.00	3606.00	3606.00	3606.00	3607.00	3608.00	3608.00	3608.00	3609.00	3609.00	3610.00	3610.00	3610.00	3610.00	3610.00	3611.00	3611.00	3612.00	3612.00	3612.00	3613.00	3613.00	3613.00	3613.00	3614.00	3614.00	3614.00	3614.00	3615.00	3615.00	3615.00	3615.00	3615.00	3615.00	3616.00	3616.00	3616.00	3616.00	3616.00	3616.00	3617.00	3617.00	3617.00	3617.00	3617.00	3618.00	3618.00	3619.00	3619.00	3619.00	3619.00	3619.00	3620.00	3620.00	3620.00	3620.00	3620.00	3620.00	3621.00	3621.00	3621.00	3621.00	3621.00	3621.00	3622.00	3622.00	3622.00	3622.00	3622.00	3622.00	3623.00	3623.00	3623.00	3624.00	3624.00	3624.00	3624.00	3624.00	3625.00	3625.00	3625.00	3625.00	3625.00	3625.00	3626.00	3626.00	3626.00	3627.00	3627.00	3627.00	3628.00	3628.00	3628.00	3629.00	3629.00	3629.00	3629.00	3629.00	3629.00	3630.00	3630.00	3630.00	3630.00	3630.00	3631.00	3631.00	3631.00	3632.00	3632.00	3632.00	3632.00	3633.00	3633.00	3633.00	3633.00	3633.00	3633.00	3633.00	3633.00	3634.00	3634.00	3634.00	3634.00	3634.00	3634.00	3635.00	3635.00	3635.00	3635.00	3635.00	3635.00	3636.00	3636.00	3636.00	3636.00	3636.00	3636.00	3636.00	3636.00	3637.00	3637.00	3637.00	3637.00	3637.00	3637.00	3638.00	3638.00	3638.00	3638.00	3638.00	3638.00	3638.00	3638.00	3638.00	3638.00	3638.00	3638.00	3639.00	3639.00	3639.00	3640.00	3640.00	3640.00	3640.00	3641.00	3641.00
3589.00	3589.00	3589.00	3589.00	3590.00	3590.00	3590.00	3590.00	3590.00	3590.00	3590.00	3591.00	3591.00	3591.00	3591.00	3591.00	3592.00	3592.00	3592.00	3592.00	3592.00	3592.00	3593.00	3593.00	3593.00	3593.00	3593.00	3593.00	3593.00	3594.00	3594.00	3594.00	3594.00	3594.00	3594.00	3594.00	3595.00	3595.00	3595.00	3595.00	3595.00	3595.00	3596.00	3596.00	3596.00	3596.00	3596.00	3596.00	3596.00	3596.00	3596.00	3596.00	3596.00	3596.00	3596.00	3596.00	3596.00	3596.00	3596.00	3596.00	3596.00	3596.00	3597.00	3597.00	3597.00	3597.00	3598.00	3598.00	3598.00	3598.00	3598.00	3599.00	3599.00	3600.00	3600.00	3600.00	3600.00	3601.00	3601.00	3601.00	3602.00	3602.00	3602.00	3603.00	3603.00	3603.00	3604.00	3604.00	3604.00	3605.00	3605.00	3606.00	3606.00	3606.00	3607.00	3608.00	3608.00	3608.00	3609.00	3609.00	3610.00	3610.00	3610.00	3610.00	3610.00	3611.00	3611.00	3612.00	3612.00	3612.00	3613.00	3613.00	3613.00	3613.00	3614.00	3614.00	3614.00	3614.00	3615.00	3615.00	3615.00	3615.00	3615.00	3615.00	3616.00	3616.00	3616.00	3616.00	3616.00	3616.00	3617.00	3617.00	3617.00	3617.00	3617.00	3618.00	3618.00	3619.00	3619.00	3619.00	3619.00	3619.00	3620.00	3620.00	3620.00	3620.00	3620.00	3620.00	3621.00	3621.00	3621.00	3621.00	3621.00	3621.00	3622.00	3622.00	3622.00	3622.00	3622.00	3622.00	3623.00	3623.00	3623.00	3624.00	3624.00	3624.00	3624.00	3624.00	3625.00	3625.00	3625.00	3625.00	3625.00	3625.00	3626.00	3626.00	3626.00	3627.00	3627.00	3627.00	3628.00	3628.00	3628.00	3629.00	3629.00	3629.00	3629.00	3629.00	3629.00	3630.00	3630.00	3630.00	3630.00	3630.00	3631.00	3631.00	3631.00	3632.00	3632.00	3632.00	3632.00	3633.00	3633.00	3633.00	3633.00	3633.00	3633.00	3633.00	3633.00	3634.00	3634.00	3634.00	3634.00	3634.00	3634.00	3635.00	3635.00	3635.00	3635.00	3635.00	3635.00	3636.00	3636.00	3636.00	3636.00	3636.00	3636.00	3636.00	3636.00	3637.00	3637.00	3637.00	3637.00	3637.00	3637.00	3638.00	3638.00	3638.00	3638.00	3638.00	3638.00	3638.00	3638.00	3638.00	3638.00	3638.00	3638.00	3639.00	3639.00	3639.00	3640.00	3640.00	3640.00	3640.00	3641.00	3641.00
3589.00	3589.00	3589.00	3589.00	3590.00	3590.00	3590.00	3590.00	3590.00	3590.00	3590.00	3591.00	3591.00	3591.00	3591.00	3591.00	3592.00	3592.00	3592.00	3592.00	3592.00	3592.00	3593.00	3593.00	3593.00	3593.00	3593.00	3593.00	3593.00	3594.00	3594.00	3594.00	3594.00	3594.00	3594.00	3594.00	3595.00	3595.00	3595.00	3595.00	3595.00	3595.00	3596.00	3596.00	3596.00	3596.00	3596.00	3596.00	3596.00	3596.00	3596.00	3596.00	3596.00	3596.00	3596.00	3596.00	3596.00	3596.00	3596.00	3596.00	3596.00	3596.00	3597.00	3597.00	3597.00	3597.00	3598.00	3598.00	3598.00	3598.00	3598.00	3599.00	3599.00	3600.00	3600.00	3600.00	3600.00	3601.00	3601.00	3601.00	3602.00	3602.00	3602.00	3603.00	3603.00	3603.00	3604.00	3604.00	3604.00	3605.00	3605.00	3606.00	3606.00	3606.00	3607.00	3608.00	3608.00	3608.00	3609.00	3609.00	3610.00	3610.00	3610.00	3610.00	3610.00	3611.00	3611.00	3612.00	3612.00	3612.00	3613.00	3613.00	3613.00	3613.00	3614.00	3614.00	3614.00	3614.00	3615.00	3615.00	3615.00	3615.00	3615.00	3615.00	3616.00	3616.00	3616.00	3616.00	3616.00	3616.00	3617.00	3617.00	3617.00	3617.00	3617.00	3618.00	3618.00	3619.00	3619.00	3619.00	3619.00	3619.00	3620.00	3620.00	3620.00	3620.00	3620.00	3620.00	3621.00	3621.00	3621.00	3621.00	3621.00	3621.00	3622.00	3622.00	3622.00	3622.00	3622.00	3622.00	3623.00	3623.00	3623.00	3624.00	3624.00	3624.00	3624.00	3624.00	3625.00	3625.00	3625.00	3625.00	3625.00	3625.00	3626.00	3626.00	3626.00	3627.00	3627.00	3627.00	3628.00	3628.00	3628.00	3629.00	3629.00	3629.00	3629.00	3629.00	3629.00	3630.00	3630.00	3630.00	3630.00	3630.00	3631.00	3631.00	3631.00	3632.00	3632.00	3632.00	3632.00	3633.00	3633.00	3633.00	3633.00	3633.00	3633.00	3633.00	3633.00	3634.00	3634.00	3634.00	3634.00	3634.00	3634.00	3635.00	3635.00	3635.00	3635.00	3635.00	3635.00	3636.00	3636.00	3636.00	3636.00	3636.00	3636.00	3636.00	3636.00	3637.00	3637.00	3637.00	3637.00	3637.00	3637.00	3638.00	3638.00	3638.00	3638.00	3638.00	3638.00	3638.00	3638.00	3638.00	3638.00	3638.00	3638.00	3639.00	3639.00	3639.00	3640.00	3640.00	3640.00	3640.00	3641.00	3641.00
3589.00	3589.00	3589.00	3589.00	3590.00	3590.00	3590.00	3590.00	3590.00	3590.00	3590.00	3591.00	3591.00	3591.00	3591.00	3591.00	3592.00	3592.00	3592.00	3592.00	3592.00	3592.00	3593.00	3593.00	3593.00	3593.00	3593.00	3593.00	3593.00	3594.00	3594.00	3594.00	3594.00	3594.00	3594.00	3594.00	3595.00	3595.00	3595.00	3595.00	3595.00	3595.00	3596.00	3596.00	3596.00	3596.00	3596.00	3596.00	3596.00	3596.00	3596.00	3596.00	3596.00	3596.00	3596.00	3596.00	3596.00	3596.00	3596.00	3596.00	3596.00	3596.00	3597.00	3597.00	3597.00	3597.00	3598.00	3598.00	3598.00	3598.00	3598.00	3599.00	3599.00	3600.00	3600.00	3600.00	3600.00	3601.00	3601.00	3601.00	3602.00	3602.00	3602.00	3603.00	3603.00	3603.00	3604.00	3604.00	3604.00	3605.00	3605.00	3606.00	3606.00	3606.00	3607.00	3608.00	3608.00	3608.00	3609.00	3609.00	3610.00	3610.00	3610.00	3610.00	3610.00	3611.00	3611.00	3612.00	3612.00	3612.00	3613.00	3613.00	3613.00	3613.00	3614.00	3614.00	3614.00	3614.00	3615.00	3615.00	3615.00	3615.00	3615.00	3615.00	3616.00	3616.00	3616.00	3616.00	3616.00	3616.00	3617.00	3617.00	3617.00	3617.00	3617.00	3618.00	3618.00	3619.00	3619.00	3619.00	3619.00	3619.00	3620.00	3620.00	3620.00	3620.00	3620.00	3620.00	3621.00	3621.00	3621.00	3621.00	3621.00	3621.00	3622.00	3622.00	3622.00	3622.00	3622.00	3622.00	3623.00	3623.00	3623.00	3624.00	3624.00	3624.00	3624.00	3624.00	3625.00	3625.00	3625.00	3625.00	3625.00	3625.00	3626.00	3626.00	3626.00	3627.00	3627.00	3627.00	3628.00	3628.00	3628.00	3629.00	3629.00	3629.00	3629.00	3629.00	3629.00	3630.00	3630.00	3630.00	3630.00	3630.00	3631.00	3631.00	3631.00	3632.00	3632.00	3632.00	3632.00	3633.00	3633.00	3633.00	3633.00	3633.00	3633.00	3633.00	3633.00	3634.00	3634.00	3634.00	3634.00	3634.00	3634.00	3635.00	3635.00	3635.00	3635.00	3635.00	3635.00	3636.00	3636.00	3636.00	3636.00	3636.00	3636.00	3636.00	3636.00	3637.00	3637.00	3637.00	3637.00	3637.00	3637.00	3638.00	3638.00	3638.00	3638.00	3638.00	3638.00	3638.00	3638.00	3638.00	3638.00	3638.00	3638.00	3639.00	3639.00	3639.00	3640.00	3640.00	3640.00	3640.00	3641.00	3641.00
3589.00	3589.00	3589.00	3589.00	3590.00	3590.00	3590.00	3590.00	3590.00	3590.00	3590.00	3591.00	3591.00	3591.00	3591.00	3591.00	3592.00	3592.00	3592.00	3592.00	3592.00	3592.00	3593.00	3593.00	3593.00	3593.00	3593.00	3593.00	3593.00	3594.00	3594.00	3594.00	3594.00	3594.00	3594.00	3594.00	3595.00	3595.00	3595.00	3595.00	3595.00	3595.00	3596.00	3596.00	3596.00	3596.00	3596.00	3596.00	3596.00	3596.00	3596.00	3596.00	3596.00	3596.00	3596.00	3596.00	3596.00	3596.00	3596.00	3596.00	3596.00	3596.00	3597.00	3597.00	3597.00	3597.00	3598.00	3598.00	3598.00	3598.00	3598.00	3599.00	3599.00	3600.00	3600.00	3600.00	3600.00	3601.00	3601.00	3601.00	3602.00	3602.00	3602.00	3603.00	3603.00	3603.00	3604.00	3604.00	3604.00	3605.00	3605.00	3606.00	3606.00	3606.00	3607.00	3608.00	3608.00	3608.00	3609.00	3609.00	3610.00	3610.00	3610.00	3610.00	3610.00	3611.00	3611.00	3612.00	3612.00	3612.00	3613.00	3613.00	3613.00	3613.00	3614.00	3614.00	3614.00	3614.00	3615.00	3615.00	3615.00	3615.00	3615.00	3615.00	3616.00	3616.00	3616.00	3616.00	3616.00	3616.00	3617.00	3617.00	3617.00	3617.00	3617.00	3618.00	3618.00	3619.00	3619.00	3619.00	3619.00	3619.00	3620.00	3620.00	3620.00	3620.00	3620.00	3620.00	3621.00	3621.00	3621.00	3621.00	3621.00	3621.00	3622.00	3622.00	3622.00	3622.00	3622.00	3622.00	3623.00	3623.00	3623.00	3624.00	3624.00	3624.00	3624.00	3624.00	3625.00	3625.00	3625.00	3625.00	3625.00	3625.00	3626.00	3626.00	3626.00	3627.00	3627.00	3627.00	3628.00	3628.00	3628.00	3629.00	3629.00	3629.00	3629.00	3629.00	3629.00	3630.00	3630.00	3630.00	3630.00	3630.00	3631.00	3631.00	3631.00	3632.00	3632.00	3632.00	3632.00	3633.00	3633.00	3633.00	3633.00	3633.00	3633.00	3633.00	3633.00	3634.00	3634.00	3634.00	3634.00	3634.00	3634.00	3635.00	3635.00	3635.00	3635.00	3635.00	3635.00	3636.00	3636.00	3636.00	3636.00	3636.00	3636.00	3636.00	3636.00	3637.00	3637.00	3637.00	3637.00	3637.00	3637.00	3638.00	3638.00	3638.00	3638.00	3638.00	3638.00	3638.00	3638.00	3638.00	3638.00	3638.00	3638.00	3639.00	3639.00	3639.00	3640.00	3640.00	3640.00	3640.00	3641.00	3641.00
3589.00	3589.00	3590.00	3590.00	3590.00	3590.00	3590.00	3591.00	3591.00	3591.00	3591.00	3592.00	3592.00	3592.00	3592.00	3592.00	3592.00	3592.00	3592.00	3592.00	3593.00	3593.00	3593.00	3593.00	3593.00	3593.00	3593.00	3593.00	3593.00	3594.00	3594.00	3594.00	3594.00	3594.00	3594.00	3594.00	3595.00	3595.00	3595.00	3595.00	3595.00	3595.00	3595.00	3595.00	3595.00	3595.00	3595.00	3596.00	3596.00	3596.00	3596.00	3596.00	3596.00	3596.00	3596.00	3596.00	3596.00	3596.00	3596.00	3596.00	3596.00	3596.00	3597.00	3597.00	3597.00	3597.00	3597.00	3597.00	3598.00	3598.00	3598.00	3598.00	3598.00	3599.00	3599.00	3600.00	3600.00	3600.00	3601.00	3601.00	3601.00	3601.00	3602.00	3602.00	3603.00	3603.00	3604.00	3604.00	3604.00	3605.00	3605.00	3606.00	3606.00	3606.00	3607.00	3608.00	3608.00	3608.00	3609.00	3609.00	3610.00	3610.00	3610.00	3610.00	3610.00	3611.00	3611.00	3612.00	3612.00	3612.00	3613.00	3613.00	3613.00	3613.00	3614.00	3614.00	3615.00	3615.00	3615.00	3615.00	3615.00	3615.00	3615.00	3616.00	3616.00	3616.00	3616.00	3617.00	3617.00	3617.00	3617.00	3617.00	3618.00	3618.00	3618.00	3618.00	3619.00	3619.00	3619.00	3619.00	3619.00	3619.00	3620.00	3620.00	3620.00	3620.00	3620.00	3620.00	3621.00	3621.00	3621.00	3621.00	3621.00	3621.00	3621.00	3621.00	3622.00	3622.00	3622.00	3622.00	3622.00	3622.00	3623.00	3623.00	3623.00	3623.00	3623.00	3624.00	3624.00	3625.00	3625.00	3625.00	3625.00	3625.00	3626.00	3626.00	3626.00	3626.00	3626.00	3626.00	3627.00	3627.00	3627.00	3628.00	3628.00	3628.00	3629.00	3629.00	3629.00	3629.00	3630.00	3630.00	3630.00	3630.00	3631.00	3631.00	3631.00	3632.00	3632.00	3632.00	3632.00	3633.00	3633.00	3633.00	3633.00	3633.00	3633.00	3633.00	3633.00	3634.00	3634.00	3634.00	3634.00	3634.00	3634.00	3635.00	3635.00	3635.00	3635.00	3635.00	3635.00	3635.00	3636.00	3636.00	3636.00	3636.00	3636.00	3636.00	3636.00	3637.00	3637.00	3637.00	3637.00	3637.00	3637.00	3638.00	3638.00	3638.00	3638.00	3638.00	3638.00	3638.00	3639.00	3639.00	3639.00	3639.00	3639.00	3639.00	3640.00	3640.00	3640.00	3640.00	3640.00	3641.00	3641.00	3641.00
3589.00	3589.00	3590.00	3590.00	3590.00	3590.00	3590.00	3591.00	3591.00	3591.00	3591.00	3592.00	3592.00	3592.00	3592.00	3592.00	3592.00	3592.00	3592.00	3592.00	3593.00	3593.00	3593.00	3593.00	3593.00	3593.00	3593.00	3593.00	3593.00	3594.00	3594.00	3594.00	3594.00	3594.00	3594.00	3594.00	3595.00	3595.00	3595.00	3595.00	3595.00	3595.00	3595.00	3595.00	3595.00	3595.00	3595.00	3596.00	3596.00	3596.00	3596.00	3596.00	3596.00	3596.00	3596.00	3596.00	3596.00	3596.00	3596.00	3596.00	3596.00	3596.00	3597.00	3597.00	3597.00	3597.00	3597.00	3597.00	3598.00	3598.00	3598.00	3598.00	3598.00	3599.00	3599.00	3600.00	3600.00	3600.00	3601.00	3601.00	3601.00	3601.00	3602.00	3602.00	3603.00	3603.00	3604.00	3604.00	3604.00	3605.00	3605.00	3606.00	3606.00	3606.00	3607.00	3608.00	3608.00	3608.00	3609.00	3609.00	3610.00	3610.00	3610.00	3610.00	3610.00	3611.00	3611.00	3612.00	3612.00	3612.00	3613.00	3613.00	3613.00	3613.00	3614.00	3614.00	3615.00	3615.00	3615.00	3615.00	3615.00	3615.00	3615.00	3616.00	3616.00	3616.00	3616.00	3617.00	3617.00	3617.00	3617.00	3617.00	3618.00	3618.00	3618.00	3618.00	3619.00	3619.00	3619.00	3619.00	3619.00	3619.00	3620.00	3620.00	3620.00	3620.00	3620.00	3620.00	3621.00	3621.00	3621.00	3621.00	3621.00	3621.00	3621.00	3621.00	3622.00	3622.00	3622.00	3622.00	3622.00	3622.00	3623.00	3623.00	3623.00	3623.00	3623.00	3624.00	3624.00	3625.00	3625.00	3625.00	3625.00	3625.00	3626.00	3626.00	3626.00	3626.00	3626.00	3626.00	3627.00	3627.00	3627.00	3628.00	3628.00	3628.00	3629.00	3629.00	3629.00	3629.00	3630.00	3630.00	3630.00	3630.00	3631.00	3631.00	3631.00	3632.00	3632.00	3632.00	3632.00	3633.00	3633.00	3633.00	3633.00	3633.00	3633.00	3633.00	3633.00	3634.00	3634.00	3634.00	3634.00	3634.00	3634.00	3635.00	3635.00	3635.00	3635.00	3635.00	3635.00	3635.00	3636.00	3636.00	3636.00	3636.00	3636.00	3636.00	3636.00	3637.00	3637.00	3637.00	3637.00	3637.00	3637.00	3638.00	3638.00	3638.00	3638.00	3638.00	3638.00	3638.00	3639.00	3639.00	3639.00	3639.00	3639.00	3639.00	3640.00	3640.00	3640.00	3640.00	3640.00	3641.00	3641.00	3641.00
3589.00	3589.00	3590.00	3590.00	3590.00	3590.00	3590.00	3591.00	3591.00	3591.00	3591.00	3592.00	3592.00	3592.00	3592.00	3592.00	3592.00	3592.00	3592.00	3592.00	3593.00	3593.00	3593.00	3593.00	3593.00	3593.00	3593.00	3593.00	3593.00	3594.00	3594.00	3594.00	3594.00	3594.00	3594.00	3594.00	3595.00	3595.00	3595.00	3595.00	3595.00	3595.00	3595.00	3595.00	3595.00	3595.00	3595.00	3596.00	3596.00	3596.00	3596.00	3596.00	3596.00	3596.00	3596.00	3596.00	3596.00	3596.00	3596.00	3596.00	3596.00	3596.00	3597.00	3597.00	3597.00	3597.00	3597.00	3597.00	3598.00	3598.00	3598.00	3598.00	3598.00	3599.00	3599.00	3600.00	3600.00	3600.00	3601.00	3601.00	3601.00	3601.00	3602.00	3602.00	3603.00	3603.00	3604.00	3604.00	3604.00	3605.00	3605.00	3606.00	3606.00	3606.00	3607.00	3608.00	3608.00	3608.00	3609.00	3609.00	3610.00	3610.00	3610.00	3610.00	3610.00	3611.00	3611.00	3612.00	3612.00	3612.00	3613.00	3613.00	3613.00	3613.00	3614.00	3614.00	3615.00	3615.00	3615.00	3615.00	3615.00	3615.00	3615.00	3616.00	3616.00	3616.00	3616.00	3617.00	3617.00	3617.00	3617.00	3617.00	3618.00	3618.00	3618.00	3618.00	3619.00	3619.00	3619.00	3619.00	3619.00	3619.00	3620.00	3620.00	3620.00	3620.00	3620.00	3620.00	3621.00	3621.00	3621.00	3621.00	3621.00	3621.00	3621.00	3621.00	3622.00	3622.00	3622.00	3622.00	3622.00	3622.00	3623.00	3623.00	3623.00	3623.00	3623.00	3624.00	3624.00	3625.00	3625.00	3625.00	3625.00	3625.00	3626.00	3626.00	3626.00	3626.00	3626.00	3626.00	3627.00	3627.00	3627.00	3628.00	3628.00	3628.00	3629.00	3629.00	3629.00	3629.00	3630.00	3630.00	3630.00	3630.00	3631.00	3631.00	3631.00	3632.00	3632.00	3632.00	3632.00	3633.00	3633.00	3633.00	3633.00	3633.00	3633.00	3633.00	3633.00	3634.00	3634.00	3634.00	3634.00	3634.00	3634.00	3635.00	3635.00	3635.00	3635.00	3635.00	3635.00	3635.00	3636.00	3636.00	3636.00	3636.00	3636.00	3636.00	3636.00	3637.00	3637.00	3637.00	3637.00	3637.00	3637.00	3638.00	3638.00	3638.00	3638.00	3638.00	3638.00	3638.00	3639.00	3639.00	3639.00	3639.00	3639.00	3639.00	3640.00	3640.00	3640.00	3640.00	3640.00	3641.00	3641.00	3641.00
3589.00	3589.00	3590.00	3590.00	3590.00	3590.00	3590.00	3591.00	3591.00	3591.00	3591.00	3592.00	3592.00	3592.00	3592.00	3592.00	3592.00	3592.00	3592.00	3592.00	3593.00	3593.00	3593.00	3593.00	3593.00	3593.00	3593.00	3593.00	3593.00	3594.00	3594.00	3594.00	3594.00	3594.00	3594.00	3594.00	3595.00	3595.00	3595.00	3595.00	3595.00	3595.00	3595.00	3595.00	3595.00	3595.00	3595.00	3596.00	3596.00	3596.00	3596.00	3596.00	3596.00	3596.00	3596.00	3596.00	3596.00	3596.00	3596.00	3596.00	3596.00	3596.00	3597.00	3597.00	3597.00	3597.00	3597.00	3597.00	3598.00	3598.00	3598.00	3598.00	3598.00	3599.00	3599.00	3600.00	3600.00	3600.00	3601.00	3601.00	3601.00	3601.00	3602.00	3602.00	3603.00	3603.00	3604.00	3604.00	3604.00	3605.00	3605.00	3606.00	3606.00	3606.00	3607.00	3608.00	3608.00	3608.00	3609.00	3609.00	3610.00	3610.00	3610.00	3610.00	3610.00	3611.00	3611.00	3612.00	3612.00	3612.00	3613.00	3613.00	3613.00	3613.00	3614.00	3614.00	3615.00	3615.00	3615.00	3615.00	3615.00	3615.00	3615.00	3616.00	3616.00	3616.00	3616.00	3617.00	3617.00	3617.00	3617.00	3617.00	3618.00	3618.00	3618.00	3618.00	3619.00	3619.00	3619.00	3619.00	3619.00	3619.00	3620.00	3620.00	3620.00	3620.00	3620.00	3620.00	3621.00	3621.00	3621.00	3621.00	3621.00	3621.00	3621.00	3621.00	3622.00	3622.00	3622.00	3622.00	3622.00	3622.00	3623.00	3623.00	3623.00	3623.00	3623.00	3624.00	3624.00	3625.00	3625.00	3625.00	3625.00	3625.00	3626.00	3626.00	3626.00	3626.00	3626.00	3626.00	3627.00	3627.00	3627.00	3628.00	3628.00	3628.00	3629.00	3629.00	3629.00	3629.00	3630.00	3630.00	3630.00	3630.00	3631.00	3631.00	3631.00	3632.00	3632.00	3632.00	3632.00	3633.00	3633.00	3633.00	3633.00	3633.00	3633.00	3633.00	3633.00	3634.00	3634.00	3634.00	3634.00	3634.00	3634.00	3635.00	3635.00	3635.00	3635.00	3635.00	3635.00	3635.00	3636.00	3636.00	3636.00	3636.00	3636.00	3636.00	3636.00	3637.00	3637.00	3637.00	3637.00	3637.00	3637.00	3638.00	3638.00	3638.00	3638.00	3638.00	3638.00	3638.00	3639.00	3639.00	3639.00	3639.00	3639.00	3639.00	3640.00	3640.00	3640.00	3640.00	3640.00	3641.00	3641.00	3641.00
3589.00	3589.00	3590.00	3590.00	3590.00	3590.00	3590.00	3591.00	3591.00	3591.00	3591.00	3592.00	3592.00	3592.00	3592.00	3592.00	3592.00	3592.00	3592.00	3592.00	3593.00	3593.00	3593.00	3593.00	3593.00	3593.00	3593.00	3593.00	3593.00	3594.00	3594.00	3594.00	3594.00	3594.00	3594.00	3594.00	3595.00	3595.00	3595.00	3595.00	3595.00	3595.00	3595.00	3595.00	3595.00	3595.00	3595.00	3596.00	3596.00	3596.00	3596.00	3596.00	3596.00	3596.00	3596.00	3596.00	3596.00	3596.00	3596.00	3596.00	3596.00	3596.00	3597.00	3597.00	3597.00	3597.00	3597.00	3597.00	3598.00	3598.00	3598.00	3598.00	3598.00	3599.00	3599.00	3600.00	3600.00	3600.00	3601.00	3601.00	3601.00	3601.00	3602.00	3602.00	3603.00	3603.00	3604.00	3604.00	3604.00	3605.00	3605.00	3606.00	3606.00	3606.00	3607.00	3608.00	3608.00	3608.00	3609.00	3609.00	3610.00	3610.00	3610.00	3610.00	3610.00	3611.00	3611.00	3612.00	3612.00	3612.00	3613.00	3613.00	3613.00	3613.00	3614.00	3614.00	3615.00	3615.00	3615.00	3615.00	3615.00	3615.00	3615.00	3616.00	3616.00	3616.00	3616.00	3617.00	3617.00	3617.00	3617.00	3617.00	3618.00	3618.00	3618.00	3618.00	3619.00	3619.00	3619.00	3619.00	3619.00	3619.00	3620.00	3620.00	3620.00	3620.00	3620.00	3620.00	3621.00	3621.00	3621.00	3621.00	3621.00	3621.00	3621.00	3621.00	3622.00	3622.00	3622.00	3622.00	3622.00	3622.00	3623.00	3623.00	3623.00	3623.00	3623.00	3624.00	3624.00	3625.00	3625.00	3625.00	3625.00	3625.00	3626.00	3626.00	3626.00	3626.00	3626.00	3626.00	3627.00	3627.00	3627.00	3628.00	3628.00	3628.00	3629.00	3629.00	3629.00	3629.00	3630.00	3630.00	3630.00	3630.00	3631.00	3631.00	3631.00	3632.00	3632.00	3632.00	3632.00	3633.00	3633.00	3633.00	3633.00	3633.00	3633.00	3633.00	3633.00	3634.00	3634.00	3634.00	3634.00	3634.00	3634.00	3635.00	3635.00	3635.00	3635.00	3635.00	3635.00	3635.00	3636.00	3636.00	3636.00	3636.00	3636.00	3636.00	3636.00	3637.00	3637.00	3637.00	3637.00	3637.00	3637.00	3638.00	3638.00	3638.00	3638.00	3638.00	3638.00	3638.00	3639.00	3639.00	3639.00	3639.00	3639.00	3639.00	3640.00	3640.00	3640.00	3640.00	3640.00	3641.00	3641.00	3641.00
3589.00	3589.00	3590.00	3590.00	3590.00	3590.00	3590.00	3591.00	3591.00	3591.00	3591.00	3592.00	3592.00	3592.00	3592.00	3592.00	3592.00	3592.00	3592.00	3592.00	3593.00	3593.00	3593.00	3593.00	3593.00	3593.00	3593.00	3593.00	3593.00	3594.00	3594.00	3594.00	3594.00	3594.00	3594.00	3594.00	3595.00	3595.00	3595.00	3595.00	3595.00	3595.00	3595.00	3595.00	3595.00	3595.00	3595.00	3596.00	3596.00	3596.00	3596.00	3596.00	3596.00	3596.00	3596.00	3596.00	3596.00	3596.00	3596.00	3596.00	3596.00	3596.00	3597.00	3597.00	3597.00	3597.00	3597.00	3597.00	3598.00	3598.00	3598.00	3598.00	3598.00	3599.00	3599.00	3600.00	3600.00	3600.00	3601.00	3601.00	3601.00	3601.00	3602.00	3602.00	3603.00	3603.00	3604.00	3604.00	3604.00	3605.00	3605.00	3606.00	3606.00	3606.00	3607.00	3608.00	3608.00	3608.00	3609.00	3609.00	3610.00	3610.00	3610.00	3610.00	3610.00	3611.00	3611.00	3612.00	3612.00	3612.00	3613.00	3613.00	3613.00	3613.00	3614.00	3614.00	3615.00	3615.00	3615.00	3615.00	3615.00	3615.00	3615.00	3616.00	3616.00	3616.00	3616.00	3617.00	3617.00	3617.00	3617.00	3617.00	3618.00	3618.00	3618.00	3618.00	3619.00	3619.00	3619.00	3619.00	3619.00	3619.00	3620.00	3620.00	3620.00	3620.00	3620.00	3620.00	3621.00	3621.00	3621.00	3621.00	3621.00	3621.00	3621.00	3621.00	3622.00	3622.00	3622.00	3622.00	3622.00	3622.00	3623.00	3623.00	3623.00	3623.00	3623.00	3624.00	3624.00	3625.00	3625.00	3625.00	3625.00	3625.00	3626.00	3626.00	3626.00	3626.00	3626.00	3626.00	3627.00	3627.00	3627.00	3628.00	3628.00	3628.00	3629.00	3629.00	3629.00	3629.00	3630.00	3630.00	3630.00	3630.00	3631.00	3631.00	3631.00	3632.00	3632.00	3632.00	3632.00	3633.00	3633.00	3633.00	3633.00	3633.00	3633.00	3633.00	3633.00	3634.00	3634.00	3634.00	3634.00	3634.00	3634.00	3635.00	3635.00	3635.00	3635.00	3635.00	3635.00	3635.00	3636.00	3636.00	3636.00	3636.00	3636.00	3636.00	3636.00	3637.00	3637.00	3637.00	3637.00	3637.00	3637.00	3638.00	3638.00	3638.00	3638.00	3638.00	3638.00	3638.00	3639.00	3639.00	3639.00	3639.00	3639.00	3639.00	3640.00	3640.00	3640.00	3640.00	3640.00	3641.00	3641.00	3641.00
3589.00	3589.00	3589.00	3589.00	3590.00	3590.00	3590.00	3591.00	3591.00	3591.00	3591.00	3592.00	3592.00	3592.00	3592.00	3592.00	3592.00	3592.00	3592.00	3592.00	3593.00	3593.00	3593.00	3593.00	3593.00	3593.00	3593.00	3593.00	3593.00	3594.00	3594.00	3594.00	3594.00	3594.00	3594.00	3594.00	3595.00	3595.00	3595.00	3595.00	3595.00	3595.00	3595.00	3595.00	3595.00	3595.00	3595.00	3595.00	3595.00	3595.00	3596.00	3596.00	3596.00	3596.00	3596.00	3596.00	3596.00	3596.00	3596.00	3596.00	3596.00	3596.00	3597.00	3597.00	3597.00	3597.00	3597.00	3597.00	3597.00	3598.00	3598.00	3598.00	3598.00	3599.00	3599.00	3599.00	3599.00	3600.00	3600.00	3600.00	3601.00	3601.00	3601.00	3602.00	3602.00	3602.00	3603.00	3604.00	3604.00	3604.00	3604.00	3605.00	3606.00	3606.00	3606.00	3607.00	3608.00	3608.00	3608.00	3608.00	3609.00	3610.00	3610.00	3610.00	3610.00	3611.00	3611.00	3612.00	3612.00	3612.00	3613.00	3613.00	3613.00	3613.00	3614.00	3614.00	3614.00	3614.00	3615.00	3615.00	3615.00	3616.00	3616.00	3616.00	3616.00	3616.00	3617.00	3617.00	3617.00	3617.00	3618.00	3618.00	3618.00	3618.00	3618.00	3619.00	3619.00	3620.00	3620.00	3620.00	3620.00	3620.00	3620.00	3620.00	3620.00	3621.00	3621.00	3621.00	3621.00	3621.00	3621.00	3621.00	3621.00	3621.00	3621.00	3621.00	3622.00	3622.00	3622.00	3622.00	3622.00	3622.00	3623.00	3623.00	3623.00	3623.00	3623.00	3623.00	3624.00	3624.00	3624.00	3624.00	3625.00	3625.00	3625.00	3625.00	3625.00	3626.00	3626.00	3626.00	3627.00	3627.00	3627.00	3628.00	3628.00	3628.00	3628.00	3628.00	3629.00	3629.00	3630.00	3630.00	3630.00	3630.00	3631.00	3631.00	3631.00	3632.00	3632.00	3632.00	3632.00	3633.00	3633.00	3633.00	3633.00	3633.00	3633.00	3633.00	3633.00	3634.00	3634.00	3634.00	3634.00	3634.00	3634.00	3635.00	3635.00	3635.00	3635.00	3635.00	3635.00	3635.00	3636.00	3636.00	3636.00	3636.00	3636.00	3636.00	3636.00	3637.00	3637.00	3637.00	3637.00	3637.00	3637.00	3638.00	3638.00	3638.00	3638.00	3638.00	3638.00	3638.00	3639.00	3639.00	3639.00	3639.00	3639.00	3639.00	3640.00	3640.00	3640.00	3640.00	3640.00	3640.00	3641.00	3641.00
3589.00	3589.00	3589.00	3589.00	3590.00	3590.00	3590.00	3591.00	3591.00	3591.00	3591.00	3592.00	3592.00	3592.00	3592.00	3592.00	3592.00	3592.00	3592.00	3592.00	3593.00	3593.00	3593.00	3593.00	3593.00	3593.00	3593.00	3593.00	3593.00	3594.00	3594.00	3594.00	3594.00	3594.00	3594.00	3594.00	3595.00	3595.00	3595.00	3595.00	3595.00	3595.00	3595.00	3595.00	3595.00	3595.00	3595.00	3595.00	3595.00	3595.00	3596.00	3596.00	3596.00	3596.00	3596.00	3596.00	3596.00	3596.00	3596.00	3596.00	3596.00	3596.00	3597.00	3597.00	3597.00	3597.00	3597.00	3597.00	3597.00	3598.00	3598.00	3598.00	3598.00	3599.00	3599.00	3599.00	3599.00	3600.00	3600.00	3600.00	3601.00	3601.00	3601.00	3602.00	3602.00	3602.00	3603.00	3604.00	3604.00	3604.00	3604.00	3605.00	3606.00	3606.00	3606.00	3607.00	3608.00	3608.00	3608.00	3608.00	3609.00	3610.00	3610.00	3610.00	3610.00	3611.00	3611.00	3612.00	3612.00	3612.00	3613.00	3613.00	3613.00	3613.00	3614.00	3614.00	3614.00	3614.00	3615.00	3615.00	3615.00	3616.00	3616.00	3616.00	3616.00	3616.00	3617.00	3617.00	3617.00	3617.00	3618.00	3618.00	3618.00	3618.00	3618.00	3619.00	3619.00	3620.00	3620.00	3620.00	3620.00	3620.00	3620.00	3620.00	3620.00	3621.00	3621.00	3621.00	3621.00	3621.00	3621.00	3621.00	3621.00	3621.00	3621.00	3621.00	3622.00	3622.00	3622.00	3622.00	3622.00	3622.00	3623.00	3623.00	3623.00	3623.00	3623.00	3623.00	3624.00	3624.00	3624.00	3624.00	3625.00	3625.00	3625.00	3625.00	3625.00	3626.00	3626.00	3626.00	3627.00	3627.00	3627.00	3628.00	3628.00	3628.00	3628.00	3628.00	3629.00	3629.00	3630.00	3630.00	3630.00	3630.00	3631.00	3631.00	3631.00	3632.00	3632.00	3632.00	3632.00	3633.00	3633.00	3633.00	3633.00	3633.00	3633.00	3633.00	3633.00	3634.00	3634.00	3634.00	3634.00	3634.00	3634.00	3635.00	3635.00	3635.00	3635.00	3635.00	3635.00	3635.00	3636.00	3636.00	3636.00	3636.00	3636.00	3636.00	3636.00	3637.00	3637.00	3637.00	3637.00	3637.00	3637.00	3638.00	3638.00	3638.00	3638.00	3638.00	3638.00	3638.00	3639.00	3639.00	3639.00	3639.00	3639.00	3639.00	3640.00	3640.00	3640.00	3640.00	3640.00	3640.00	3641.00	3641.00
3589.00	3589.00	3589.00	3589.00	3590.00	3590.00	3590.00	3591.00	3591.00	3591.00	3591.00	3592.00	3592.00	3592.00	3592.00	3592.00	3592.00	3592.00	3592.00	3592.00	3593.00	3593.00	3593.00	3593.00	3593.00	3593.00	3593.00	3593.00	3593.00	3594.00	3594.00	3594.00	3594.00	3594.00	3594.00	3594.00	3595.00	3595.00	3595.00	3595.00	3595.00	3595.00	3595.00	3595.00	3595.00	3595.00	3595.00	3595.00	3595.00	3595.00	3596.00	3596.00	3596.00	3596.00	3596.00	3596.00	3596.00	3596.00	3596.00	3596.00	3596.00	3596.00	3597.00	3597.00	3597.00	3597.00	3597.00	3597.00	3597.00	3598.00	3598.00	3598.00	3598.00	3599.00	3599.00	3599.00	3599.00	3600.00	3600.00	3600.00	3601.00	3601.00	3601.00	3602.00	3602.00	3602.00	3603.00	3604.00	3604.00	3604.00	3604.00	3605.00	3606.00	3606.00	3606.00	3607.00	3608.00	3608.00	3608.00	3608.00	3609.00	3610.00	3610.00	3610.00	3610.00	3611.00	3611.00	3612.00	3612.00	3612.00	3613.00	3613.00	3613.00	3613.00	3614.00	3614.00	3614.00	3614.00	3615.00	3615.00	3615.00	3616.00	3616.00	3616.00	3616.00	3616.00	3617.00	3617.00	3617.00	3617.00	3618.00	3618.00	3618.00	3618.00	3618.00	3619.00	3619.00	3620.00	3620.00	3620.00	3620.00	3620.00	3620.00	3620.00	3620.00	3621.00	3621.00	3621.00	3621.00	3621.00	3621.00	3621.00	3621.00	3621.00	3621.00	3621.00	3622.00	3622.00	3622.00	3622.00	3622.00	3622.00	3623.00	3623.00	3623.00	3623.00	3623.00	3623.00	3624.00	3624.00	3624.00	3624.00	3625.00	3625.00	3625.00	3625.00	3625.00	3626.00	3626.00	3626.00	3627.00	3627.00	3627.00	3628.00	3628.00	3628.00	3628.00	3628.00	3629.00	3629.00	3630.00	3630.00	3630.00	3630.00	3631.00	3631.00	3631.00	3632.00	3632.00	3632.00	3632.00	3633.00	3633.00	3633.00	3633.00	3633.00	3633.00	3633.00	3633.00	3634.00	3634.00	3634.00	3634.00	3634.00	3634.00	3635.00	3635.00	3635.00	3635.00	3635.00	3635.00	3635.00	3636.00	3636.00	3636.00	3636.00	3636.00	3636.00	3636.00	3637.00	3637.00	3637.00	3637.00	3637.00	3637.00	3638.00	3638.00	3638.00	3638.00	3638.00	3638.00	3638.00	3639.00	3639.00	3639.00	3639.00	3639.00	3639.00	3640.00	3640.00	3640.00	3640.00	3640.00	3640.00	3641.00	3641.00
3589.00	3589.00	3589.00	3589.00	3590.00	3590.00	3590.00	3591.00	3591.00	3591.00	3591.00	3592.00	3592.00	3592.00	3592.00	3592.00	3592.00	3592.00	3592.00	3592.00	3593.00	3593.00	3593.00	3593.00	3593.00	3593.00	3593.00	3593.00	3593.00	3594.00	3594.00	3594.00	3594.00	3594.00	3594.00	3594.00	3595.00	3595.00	3595.00	3595.00	3595.00	3595.00	3595.00	3595.00	3595.00	3595.00	3595.00	3595.00	3595.00	3595.00	3596.00	3596.00	3596.00	3596.00	3596.00	3596.00	3596.00	3596.00	3596.00	3596.00	3596.00	3596.00	3597.00	3597.00	3597.00	3597.00	3597.00	3597.00	3597.00	3598.00	3598.00	3598.00	3598.00	3599.00	3599.00	3599.00	3599.00	3600.00	3600.00	3600.00	3601.00	3601.00	3601.00	3602.00	3602.00	3602.00	3603.00	3604.00	3604.00	3604.00	3604.00	3605.00	3606.00	3606.00	3606.00	3607.00	3608.00	3608.00	3608.00	3608.00	3609.00	3610.00	3610.00	3610.00	3610.00	3611.00	3611.00	3612.00	3612.00	3612.00	3613.00	3613.00	3613.00	3613.00	3614.00	3614.00	3614.00	3614.00	3615.00	3615.00	3615.00	3616.00	3616.00	3616.00	3616.00	3616.00	3617.00	3617.00	3617.00	3617.00	3618.00	3618.00	3618.00	3618.00	3618.00	3619.00	3619.00	3620.00	3620.00	3620.00	3620.00	3620.00	3620.00	3620.00	3620.00	3621.00	3621.00	3621.00	3621.00	3621.00	3621.00	3621.00	3621.00	3621.00	3621.00	3621.00	3622.00	3622.00	3622.00	3622.00	3622.00	3622.00	3623.00	3623.00	3623.00	3623.00	3623.00	3623.00	3624.00	3624.00	3624.00	3624.00	3625.00	3625.00	3625.00	3625.00	3625.00	3626.00	3626.00	3626.00	3627.00	3627.00	3627.00	3628.00	3628.00	3628.00	3628.00	3628.00	3629.00	3629.00	3630.00	3630.00	3630.00	3630.00	3631.00	3631.00	3631.00	3632.00	3632.00	3632.00	3632.00	3633.00	3633.00	3633.00	3633.00	3633.00	3633.00	3633.00	3633.00	3634.00	3634.00	3634.00	3634.00	3634.00	3634.00	3635.00	3635.00	3635.00	3635.00	3635.00	3635.00	3635.00	3636.00	3636.00	3636.00	3636.00	3636.00	3636.00	3636.00	3637.00	3637.00	3637.00	3637.00	3637.00	3637.00	3638.00	3638.00	3638.00	3638.00	3638.00	3638.00	3638.00	3639.00	3639.00	3639.00	3639.00	3639.00	3639.00	3640.00	3640.00	3640.00	3640.00	3640.00	3640.00	3641.00	3641.00
3589.00	3589.00	3589.00	3589.00	3590.00	3590.00	3590.00	3591.00	3591.00	3591.00	3591.00	3592.00	3592.00	3592.00	3592.00	3592.00	3592.00	3592.00	3592.00	3592.00	3593.00	3593.00	3593.00	3593.00	3593.00	3593.00	3593.00	3593.00	3593.00	3594.00	3594.00	3594.00	3594.00	3594.00	3594.00	3594.00	3595.00	3595.00	3595.00	3595.00	3595.00	3595.00	3595.00	3595.00	3595.00	3595.00	3595.00	3595.00	3595.00	3595.00	3596.00	3596.00	3596.00	3596.00	3596.00	3596.00	3596.00	3596.00	3596.00	3596.00	3596.00	3596.00	3597.00	3597.00	3597.00	3597.00	3597.00	3597.00	3597.00	3598.00	3598.00	3598.00	3598.00	3599.00	3599.00	3599.00	3599.00	3600.00	3600.00	3600.00	3601.00	3601.00	3601.00	3602.00	3602.00	3602.00	3603.00	3604.00	3604.00	3604.00	3604.00	3605.00	3606.00	3606.00	3606.00	3607.00	3608.00	3608.00	3608.00	3608.00	3609.00	3610.00	3610.00	3610.00	3610.00	3611.00	3611.00	3612.00	3612.00	3612.00	3613.00	3613.00	3613.00	3613.00	3614.00	3614.00	3614.00	3614.00	3615.00	3615.00	3615.00	3616.00	3616.00	3616.00	3616.00	3616.00	3617.00	3617.00	3617.00	3617.00	3618.00	3618.00	3618.00	3618.00	3618.00	3619.00	3619.00	3620.00	3620.00	3620.00	3620.00	3620.00	3620.00	3620.00	3620.00	3621.00	3621.00	3621.00	3621.00	3621.00	3621.00	3621.00	3621.00	3621.00	3621.00	3621.00	3622.00	3622.00	3622.00	3622.00	3622.00	3622.00	3623.00	3623.00	3623.00	3623.00	3623.00	3623.00	3624.00	3624.00	3624.00	3624.00	3625.00	3625.00	3625.00	3625.00	3625.00	3626.00	3626.00	3626.00	3627.00	3627.00	3627.00	3628.00	3628.00	3628.00	3628.00	3628.00	3629.00	3629.00	3630.00	3630.00	3630.00	3630.00	3631.00	3631.00	3631.00	3632.00	3632.00	3632.00	3632.00	3633.00	3633.00	3633.00	3633.00	3633.00	3633.00	3633.00	3633.00	3634.00	3634.00	3634.00	3634.00	3634.00	3634.00	3635.00	3635.00	3635.00	3635.00	3635.00	3635.00	3635.00	3636.00	3636.00	3636.00	3636.00	3636.00	3636.00	3636.00	3637.00	3637.00	3637.00	3637.00	3637.00	3637.00	3638.00	3638.00	3638.00	3638.00	3638.00	3638.00	3638.00	3639.00	3639.00	3639.00	3639.00	3639.00	3639.00	3640.00	3640.00	3640.00	3640.00	3640.00	3640.00	3641.00	3641.00
3589.00	3589.00	3589.00	3589.00	3590.00	3590.00	3590.00	3591.00	3591.00	3591.00	3591.00	3592.00	3592.00	3592.00	3592.00	3592.00	3592.00	3592.00	3592.00	3592.00	3593.00	3593.00	3593.00	3593.00	3593.00	3593.00	3593.00	3593.00	3593.00	3594.00	3594.00	3594.00	3594.00	3594.00	3594.00	3594.00	3595.00	3595.00	3595.00	3595.00	3595.00	3595.00	3595.00	3595.00	3595.00	3595.00	3595.00	3595.00	3595.00	3595.00	3596.00	3596.00	3596.00	3596.00	3596.00	3596.00	3596.00	3596.00	3596.00	3596.00	3596.00	3596.00	3597.00	3597.00	3597.00	3597.00	3597.00	3597.00	3597.00	3598.00	3598.00	3598.00	3598.00	3599.00	3599.00	3599.00	3599.00	3600.00	3600.00	3600.00	3601.00	3601.00	3601.00	3602.00	3602.00	3602.00	3603.00	3604.00	3604.00	3604.00	3604.00	3605.00	3606.00	3606.00	3606.00	3607.00	3608.00	3608.00	3608.00	3608.00	3609.00	3610.00	3610.00	3610.00	3610.00	3611.00	3611.00	3612.00	3612.00	3612.00	3613.00	3613.00	3613.00	3613.00	3614.00	3614.00	3614.00	3614.00	3615.00	3615.00	3615.00	3616.00	3616.00	3616.00	3616.00	3616.00	3617.00	3617.00	3617.00	3617.00	3618.00	3618.00	3618.00	3618.00	3618.00	3619.00	3619.00	3620.00	3620.00	3620.00	3620.00	3620.00	3620.00	3620.00	3620.00	3621.00	3621.00	3621.00	3621.00	3621.00	3621.00	3621.00	3621.00	3621.00	3621.00	3621.00	3622.00	3622.00	3622.00	3622.00	3622.00	3622.00	3623.00	3623.00	3623.00	3623.00	3623.00	3623.00	3624.00	3624.00	3624.00	3624.00	3625.00	3625.00	3625.00	3625.00	3625.00	3626.00	3626.00	3626.00	3627.00	3627.00	3627.00	3628.00	3628.00	3628.00	3628.00	3628.00	3629.00	3629.00	3630.00	3630.00	3630.00	3630.00	3631.00	3631.00	3631.00	3632.00	3632.00	3632.00	3632.00	3633.00	3633.00	3633.00	3633.00	3633.00	3633.00	3633.00	3633.00	3634.00	3634.00	3634.00	3634.00	3634.00	3634.00	3635.00	3635.00	3635.00	3635.00	3635.00	3635.00	3635.00	3636.00	3636.00	3636.00	3636.00	3636.00	3636.00	3636.00	3637.00	3637.00	3637.00	3637.00	3637.00	3637.00	3638.00	3638.00	3638.00	3638.00	3638.00	3638.00	3638.00	3639.00	3639.00	3639.00	3639.00	3639.00	3639.00	3640.00	3640.00	3640.00	3640.00	3640.00	3640.00	3641.00	3641.00
3588.00	3588.00	3589.00	3589.00	3589.00	3589.00	3590.00	3590.00	3590.00	3590.00	3590.00	3591.00	3591.00	3591.00	3591.00	3591.00	3592.00	3592.00	3592.00	3592.00	3592.00	3592.00	3593.00	3593.00	3593.00	3593.00	3593.00	3593.00	3593.00	3594.00	3594.00	3594.00	3594.00	3594.00	3594.00	3594.00	3595.00	3595.00	3595.00	3595.00	3595.00	3595.00	3595.00	3595.00	3595.00	3595.00	3595.00	3596.00	3596.00	3596.00	3596.00	3596.00	3596.00	3596.00	3596.00	3596.00	3596.00	3596.00	3596.00	3596.00	3597.00	3597.00	3597.00	3597.00	3597.00	3597.00	3597.00	3597.00	3597.00	3598.00	3598.00	3598.00	3598.00	3599.00	3599.00	3599.00	3599.00	3600.00	3600.00	3600.00	3601.00	3601.00	3601.00	3601.00	3602.00	3602.00	3602.00	3603.00	3603.00	3604.00	3604.00	3604.00	3605.00	3605.00	3606.00	3606.00	3607.00	3607.00	3608.00	3608.00	3608.00	3609.00	3609.00	3610.00	3610.00	3611.00	3611.00	3611.00	3611.00	3612.00	3613.00	3613.00	3613.00	3613.00	3614.00	3614.00	3614.00	3614.00	3615.00	3615.00	3615.00	3616.00	3616.00	3616.00	3617.00	3617.00	3617.00	3617.00	3618.00	3618.00	3618.00	3618.00	3619.00	3619.00	3619.00	3619.00	3620.00	3620.00	3620.00	3620.00	3620.00	3620.00	3621.00	3621.00	3621.00	3621.00	3621.00	3621.00	3621.00	3621.00	3621.00	3621.00	3621.00	3621.00	3621.00	3621.00	3622.00	3622.00	3622.00	3622.00	3622.00	3622.00	3623.00	3623.00	3623.00	3623.00	3623.00	3623.00	3623.00	3624.00	3624.00	3624.00	3624.00	3624.00	3625.00	3625.00	3625.00	3626.00	3626.00	3626.00	3627.00	3627.00	3627.00	3628.00	3628.00	3628.00	3628.00	3628.00	3629.00	3629.00	3630.00	3630.00	3630.00	3630.00	3630.00	3631.00	3631.00	3631.00	3631.00	3632.00	3632.00	3632.00	3632.00	3632.00	3632.00	3632.00	3632.00	3632.00	3633.00	3633.00	3633.00	3633.00	3633.00	3634.00	3634.00	3634.00	3634.00	3634.00	3634.00	3634.00	3635.00	3635.00	3635.00	3635.00	3636.00	3636.00	3636.00	3636.00	3636.00	3637.00	3637.00	3637.00	3637.00	3637.00	3637.00	3638.00	3638.00	3638.00	3639.00	3639.00	3639.00	3639.00	3639.00	3639.00	3640.00	3640.00	3640.00	3640.00	3640.00	3640.00	3641.00	3641.00	3641.00	3641.00	3641.00	3641.00
3588.00	3588.00	3589.00	3589.00	3589.00	3589.00	3590.00	3590.00	3590.00	3590.00	3590.00	3591.00	3591.00	3591.00	3591.00	3591.00	3592.00	3592.00	3592.00	3592.00	3592.00	3592.00	3593.00	3593.00	3593.00	3593.00	3593.00	3593.00	3593.00	3594.00	3594.00	3594.00	3594.00	3594.00	3594.00	3594.00	3595.00	3595.00	3595.00	3595.00	3595.00	3595.00	3595.00	3595.00	3595.00	3595.00	3595.00	3596.00	3596.00	3596.00	3596.00	3596.00	3596.00	3596.00	3596.00	3596.00	3596.00	3596.00	3596.00	3596.00	3597.00	3597.00	3597.00	3597.00	3597.00	3597.00	3597.00	3597.00	3597.00	3598.00	3598.00	3598.00	3598.00	3599.00	3599.00	3599.00	3599.00	3600.00	3600.00	3600.00	3601.00	3601.00	3601.00	3601.00	3602.00	3602.00	3602.00	3603.00	3603.00	3604.00	3604.00	3604.00	3605.00	3605.00	3606.00	3606.00	3607.00	3607.00	3608.00	3608.00	3608.00	3609.00	3609.00	3610.00	3610.00	3611.00	3611.00	3611.00	3611.00	3612.00	3613.00	3613.00	3613.00	3613.00	3614.00	3614.00	3614.00	3614.00	3615.00	3615.00	3615.00	3616.00	3616.00	3616.00	3617.00	3617.00	3617.00	3617.00	3618.00	3618.00	3618.00	3618.00	3619.00	3619.00	3619.00	3619.00	3620.00	3620.00	3620.00	3620.00	3620.00	3620.00	3621.00	3621.00	3621.00	3621.00	3621.00	3621.00	3621.00	3621.00	3621.00	3621.00	3621.00	3621.00	3621.00	3621.00	3622.00	3622.00	3622.00	3622.00	3622.00	3622.00	3623.00	3623.00	3623.00	3623.00	3623.00	3623.00	3623.00	3624.00	3624.00	3624.00	3624.00	3624.00	3625.00	3625.00	3625.00	3626.00	3626.00	3626.00	3627.00	3627.00	3627.00	3628.00	3628.00	3628.00	3628.00	3628.00	3629.00	3629.00	3630.00	3630.00	3630.00	3630.00	3630.00	3631.00	3631.00	3631.00	3631.00	3632.00	3632.00	3632.00	3632.00	3632.00	3632.00	3632.00	3632.00	3632.00	3633.00	3633.00	3633.00	3633.00	3633.00	3634.00	3634.00	3634.00	3634.00	3634.00	3634.00	3634.00	3635.00	3635.00	3635.00	3635.00	3636.00	3636.00	3636.00	3636.00	3636.00	3637.00	3637.00	3637.00	3637.00	3637.00	3637.00	3638.00	3638.00	3638.00	3639.00	3639.00	3639.00	3639.00	3639.00	3639.00	3640.00	3640.00	3640.00	3640.00	3640.00	3640.00	3641.00	3641.00	3641.00	3641.00	3641.00	3641.00
3588.00	3588.00	3589.00	3589.00	3589.00	3589.00	3590.00	3590.00	3590.00	3590.00	3590.00	3591.00	3591.00	3591.00	3591.00	3591.00	3592.00	3592.00	3592.00	3592.00	3592.00	3592.00	3593.00	3593.00	3593.00	3593.00	3593.00	3593.00	3593.00	3594.00	3594.00	3594.00	3594.00	3594.00	3594.00	3594.00	3595.00	3595.00	3595.00	3595.00	3595.00	3595.00	3595.00	3595.00	3595.00	3595.00	3595.00	3596.00	3596.00	3596.00	3596.00	3596.00	3596.00	3596.00	3596.00	3596.00	3596.00	3596.00	3596.00	3596.00	3597.00	3597.00	3597.00	3597.00	3597.00	3597.00	3597.00	3597.00	3597.00	3598.00	3598.00	3598.00	3598.00	3599.00	3599.00	3599.00	3599.00	3600.00	3600.00	3600.00	3601.00	3601.00	3601.00	3601.00	3602.00	3602.00	3602.00	3603.00	3603.00	3604.00	3604.00	3604.00	3605.00	3605.00	3606.00	3606.00	3607.00	3607.00	3608.00	3608.00	3608.00	3609.00	3609.00	3610.00	3610.00	3611.00	3611.00	3611.00	3611.00	3612.00	3613.00	3613.00	3613.00	3613.00	3614.00	3614.00	3614.00	3614.00	3615.00	3615.00	3615.00	3616.00	3616.00	3616.00	3617.00	3617.00	3617.00	3617.00	3618.00	3618.00	3618.00	3618.00	3619.00	3619.00	3619.00	3619.00	3620.00	3620.00	3620.00	3620.00	3620.00	3620.00	3621.00	3621.00	3621.00	3621.00	3621.00	3621.00	3621.00	3621.00	3621.00	3621.00	3621.00	3621.00	3621.00	3621.00	3622.00	3622.00	3622.00	3622.00	3622.00	3622.00	3623.00	3623.00	3623.00	3623.00	3623.00	3623.00	3623.00	3624.00	3624.00	3624.00	3624.00	3624.00	3625.00	3625.00	3625.00	3626.00	3626.00	3626.00	3627.00	3627.00	3627.00	3628.00	3628.00	3628.00	3628.00	3628.00	3629.00	3629.00	3630.00	3630.00	3630.00	3630.00	3630.00	3631.00	3631.00	3631.00	3631.00	3632.00	3632.00	3632.00	3632.00	3632.00	3632.00	3632.00	3632.00	3632.00	3633.00	3633.00	3633.00	3633.00	3633.00	3634.00	3634.00	3634.00	3634.00	3634.00	3634.00	3634.00	3635.00	3635.00	3635.00	3635.00	3636.00	3636.00	3636.00	3636.00	3636.00	3637.00	3637.00	3637.00	3637.00	3637.00	3637.00	3638.00	3638.00	3638.00	3639.00	3639.00	3639.00	3639.00	3639.00	3639.00	3640.00	3640.00	3640.00	3640.00	3640.00	3640.00	3641.00	3641.00	3641.00	3641.00	3641.00	3641.00
3588.00	3588.00	3589.00	3589.00	3589.00	3589.00	3590.00	3590.00	3590.00	3590.00	3590.00	3591.00	3591.00	3591.00	3591.00	3591.00	3592.00	3592.00	3592.00	3592.00	3592.00	3592.00	3593.00	3593.00	3593.00	3593.00	3593.00	3593.00	3593.00	3594.00	3594.00	3594.00	3594.00	3594.00	3594.00	3594.00	3595.00	3595.00	3595.00	3595.00	3595.00	3595.00	3595.00	3595.00	3595.00	3595.00	3595.00	3596.00	3596.00	3596.00	3596.00	3596.00	3596.00	3596.00	3596.00	3596.00	3596.00	3596.00	3596.00	3596.00	3597.00	3597.00	3597.00	3597.00	3597.00	3597.00	3597.00	3597.00	3597.00	3598.00	3598.00	3598.00	3598.00	3599.00	3599.00	3599.00	3599.00	3600.00	3600.00	3600.00	3601.00	3601.00	3601.00	3601.00	3602.00	3602.00	3602.00	3603.00	3603.00	3604.00	3604.00	3604.00	3605.00	3605.00	3606.00	3606.00	3607.00	3607.00	3608.00	3608.00	3608.00	3609.00	3609.00	3610.00	3610.00	3611.00	3611.00	3611.00	3611.00	3612.00	3613.00	3613.00	3613.00	3613.00	3614.00	3614.00	3614.00	3614.00	3615.00	3615.00	3615.00	3616.00	3616.00	3616.00	3617.00	3617.00	3617.00	3617.00	3618.00	3618.00	3618.00	3618.00	3619.00	3619.00	3619.00	3619.00	3620.00	3620.00	3620.00	3620.00	3620.00	3620.00	3621.00	3621.00	3621.00	3621.00	3621.00	3621.00	3621.00	3621.00	3621.00	3621.00	3621.00	3621.00	3621.00	3621.00	3622.00	3622.00	3622.00	3622.00	3622.00	3622.00	3623.00	3623.00	3623.00	3623.00	3623.00	3623.00	3623.00	3624.00	3624.00	3624.00	3624.00	3624.00	3625.00	3625.00	3625.00	3626.00	3626.00	3626.00	3627.00	3627.00	3627.00	3628.00	3628.00	3628.00	3628.00	3628.00	3629.00	3629.00	3630.00	3630.00	3630.00	3630.00	3630.00	3631.00	3631.00	3631.00	3631.00	3632.00	3632.00	3632.00	3632.00	3632.00	3632.00	3632.00	3632.00	3632.00	3633.00	3633.00	3633.00	3633.00	3633.00	3634.00	3634.00	3634.00	3634.00	3634.00	3634.00	3634.00	3635.00	3635.00	3635.00	3635.00	3636.00	3636.00	3636.00	3636.00	3636.00	3637.00	3637.00	3637.00	3637.00	3637.00	3637.00	3638.00	3638.00	3638.00	3639.00	3639.00	3639.00	3639.00	3639.00	3639.00	3640.00	3640.00	3640.00	3640.00	3640.00	3640.00	3641.00	3641.00	3641.00	3641.00	3641.00	3641.00
3588.00	3588.00	3589.00	3589.00	3589.00	3589.00	3590.00	3590.00	3590.00	3590.00	3590.00	3591.00	3591.00	3591.00	3591.00	3591.00	3592.00	3592.00	3592.00	3592.00	3592.00	3592.00	3593.00	3593.00	3593.00	3593.00	3593.00	3593.00	3593.00	3594.00	3594.00	3594.00	3594.00	3594.00	3594.00	3594.00	3595.00	3595.00	3595.00	3595.00	3595.00	3595.00	3595.00	3595.00	3595.00	3595.00	3595.00	3596.00	3596.00	3596.00	3596.00	3596.00	3596.00	3596.00	3596.00	3596.00	3596.00	3596.00	3596.00	3596.00	3597.00	3597.00	3597.00	3597.00	3597.00	3597.00	3597.00	3597.00	3597.00	3598.00	3598.00	3598.00	3598.00	3599.00	3599.00	3599.00	3599.00	3600.00	3600.00	3600.00	3601.00	3601.00	3601.00	3601.00	3602.00	3602.00	3602.00	3603.00	3603.00	3604.00	3604.00	3604.00	3605.00	3605.00	3606.00	3606.00	3607.00	3607.00	3608.00	3608.00	3608.00	3609.00	3609.00	3610.00	3610.00	3611.00	3611.00	3611.00	3611.00	3612.00	3613.00	3613.00	3613.00	3613.00	3614.00	3614.00	3614.00	3614.00	3615.00	3615.00	3615.00	3616.00	3616.00	3616.00	3617.00	3617.00	3617.00	3617.00	3618.00	3618.00	3618.00	3618.00	3619.00	3619.00	3619.00	3619.00	3620.00	3620.00	3620.00	3620.00	3620.00	3620.00	3621.00	3621.00	3621.00	3621.00	3621.00	3621.00	3621.00	3621.00	3621.00	3621.00	3621.00	3621.00	3621.00	3621.00	3622.00	3622.00	3622.00	3622.00	3622.00	3622.00	3623.00	3623.00	3623.00	3623.00	3623.00	3623.00	3623.00	3624.00	3624.00	3624.00	3624.00	3624.00	3625.00	3625.00	3625.00	3626.00	3626.00	3626.00	3627.00	3627.00	3627.00	3628.00	3628.00	3628.00	3628.00	3628.00	3629.00	3629.00	3630.00	3630.00	3630.00	3630.00	3630.00	3631.00	3631.00	3631.00	3631.00	3632.00	3632.00	3632.00	3632.00	3632.00	3632.00	3632.00	3632.00	3632.00	3633.00	3633.00	3633.00	3633.00	3633.00	3634.00	3634.00	3634.00	3634.00	3634.00	3634.00	3634.00	3635.00	3635.00	3635.00	3635.00	3636.00	3636.00	3636.00	3636.00	3636.00	3637.00	3637.00	3637.00	3637.00	3637.00	3637.00	3638.00	3638.00	3638.00	3639.00	3639.00	3639.00	3639.00	3639.00	3639.00	3640.00	3640.00	3640.00	3640.00	3640.00	3640.00	3641.00	3641.00	3641.00	3641.00	3641.00	3641.00
3588.00	3588.00	3589.00	3589.00	3589.00	3589.00	3590.00	3590.00	3590.00	3590.00	3590.00	3591.00	3591.00	3591.00	3591.00	3591.00	3592.00	3592.00	3592.00	3592.00	3592.00	3592.00	3593.00	3593.00	3593.00	3593.00	3593.00	3593.00	3593.00	3594.00	3594.00	3594.00	3594.00	3594.00	3594.00	3594.00	3595.00	3595.00	3595.00	3595.00	3595.00	3595.00	3595.00	3595.00	3595.00	3595.00	3595.00	3596.00	3596.00	3596.00	3596.00	3596.00	3596.00	3596.00	3596.00	3596.00	3596.00	3596.00	3596.00	3596.00	3597.00	3597.00	3597.00	3597.00	3597.00	3597.00	3597.00	3597.00	3597.00	3598.00	3598.00	3598.00	3598.00	3599.00	3599.00	3599.00	3599.00	3600.00	3600.00	3600.00	3601.00	3601.00	3601.00	3601.00	3602.00	3602.00	3602.00	3603.00	3603.00	3604.00	3604.00	3604.00	3605.00	3605.00	3606.00	3606.00	3607.00	3607.00	3608.00	3608.00	3608.00	3609.00	3609.00	3610.00	3610.00	3611.00	3611.00	3611.00	3611.00	3612.00	3613.00	3613.00	3613.00	3613.00	3614.00	3614.00	3614.00	3614.00	3615.00	3615.00	3615.00	3616.00	3616.00	3616.00	3617.00	3617.00	3617.00	3617.00	3618.00	3618.00	3618.00	3618.00	3619.00	3619.00	3619.00	3619.00	3620.00	3620.00	3620.00	3620.00	3620.00	3620.00	3621.00	3621.00	3621.00	3621.00	3621.00	3621.00	3621.00	3621.00	3621.00	3621.00	3621.00	3621.00	3621.00	3621.00	3622.00	3622.00	3622.00	3622.00	3622.00	3622.00	3623.00	3623.00	3623.00	3623.00	3623.00	3623.00	3623.00	3624.00	3624.00	3624.00	3624.00	3624.00	3625.00	3625.00	3625.00	3626.00	3626.00	3626.00	3627.00	3627.00	3627.00	3628.00	3628.00	3628.00	3628.00	3628.00	3629.00	3629.00	3630.00	3630.00	3630.00	3630.00	3630.00	3631.00	3631.00	3631.00	3631.00	3632.00	3632.00	3632.00	3632.00	3632.00	3632.00	3632.00	3632.00	3632.00	3633.00	3633.00	3633.00	3633.00	3633.00	3634.00	3634.00	3634.00	3634.00	3634.00	3634.00	3634.00	3635.00	3635.00	3635.00	3635.00	3636.00	3636.00	3636.00	3636.00	3636.00	3637.00	3637.00	3637.00	3637.00	3637.00	3637.00	3638.00	3638.00	3638.00	3639.00	3639.00	3639.00	3639.00	3639.00	3639.00	3640.00	3640.00	3640.00	3640.00	3640.00	3640.00	3641.00	3641.00	3641.00	3641.00	3641.00	3641.00
3587.00	3588.00	3588.00	3588.00	3588.00	3588.00	3589.00	3589.00	3589.00	3590.00	3590.00	3591.00	3591.00	3591.00	3591.00	3591.00	3592.00	3592.00	3592.00	3592.00	3592.00	3592.00	3593.00	3593.00	3593.00	3593.00	3593.00	3593.00	3593.00	3594.00	3594.00	3594.00	3594.00	3594.00	3594.00	3594.00	3595.00	3595.00	3595.00	3595.00	3595.00	3595.00	3596.00	3596.00	3596.00	3596.00	3596.00	3596.00	3596.00	3596.00	3596.00	3596.00	3596.00	3596.00	3597.00	3597.00	3597.00	3597.00	3597.00	3597.00	3597.00	3597.00	3597.00	3597.00	3597.00	3597.00	3598.00	3598.00	3598.00	3598.00	3598.00	3598.00	3598.00	3599.00	3599.00	3599.00	3599.00	3600.00	3600.00	3600.00	3601.00	3601.00	3601.00	3601.00	3602.00	3602.00	3602.00	3603.00	3603.00	3603.00	3603.00	3604.00	3604.00	3604.00	3605.00	3606.00	3606.00	3606.00	3607.00	3607.00	3608.00	3608.00	3608.00	3609.00	3609.00	3610.00	3610.00	3611.00	3611.00	3611.00	3612.00	3612.00	3613.00	3613.00	3613.00	3614.00	3614.00	3614.00	3614.00	3615.00	3615.00	3616.00	3616.00	3616.00	3617.00	3617.00	3617.00	3618.00	3618.00	3618.00	3619.00	3619.00	3619.00	3619.00	3619.00	3619.00	3620.00	3620.00	3620.00	3620.00	3620.00	3620.00	3621.00	3621.00	3621.00	3621.00	3621.00	3621.00	3621.00	3621.00	3621.00	3621.00	3621.00	3621.00	3621.00	3621.00	3622.00	3622.00	3622.00	3622.00	3622.00	3622.00	3623.00	3623.00	3623.00	3623.00	3623.00	3623.00	3623.00	3624.00	3624.00	3624.00	3624.00	3624.00	3625.00	3625.00	3625.00	3626.00	3626.00	3626.00	3626.00	3627.00	3627.00	3627.00	3627.00	3627.00	3628.00	3628.00	3628.00	3629.00	3629.00	3629.00	3630.00	3630.00	3630.00	3630.00	3630.00	3631.00	3631.00	3631.00	3631.00	3631.00	3631.00	3632.00	3632.00	3632.00	3632.00	3632.00	3632.00	3633.00	3633.00	3633.00	3633.00	3633.00	3633.00	3634.00	3634.00	3634.00	3634.00	3634.00	3634.00	3635.00	3635.00	3635.00	3636.00	3636.00	3636.00	3637.00	3637.00	3637.00	3637.00	3638.00	3638.00	3638.00	3638.00	3638.00	3639.00	3639.00	3639.00	3639.00	3639.00	3640.00	3640.00	3640.00	3640.00	3641.00	3641.00	3641.00	3641.00	3641.00	3642.00	3642.00	3642.00	3642.00	3642.00	3642.00
3587.00	3588.00	3588.00	3588.00	3588.00	3588.00	3589.00	3589.00	3589.00	3590.00	3590.00	3591.00	3591.00	3591.00	3591.00	3591.00	3592.00	3592.00	3592.00	3592.00	3592.00	3592.00	3593.00	3593.00	3593.00	3593.00	3593.00	3593.00	3593.00	3594.00	3594.00	3594.00	3594.00	3594.00	3594.00	3594.00	3595.00	3595.00	3595.00	3595.00	3595.00	3595.00	3596.00	3596.00	3596.00	3596.00	3596.00	3596.00	3596.00	3596.00	3596.00	3596.00	3596.00	3596.00	3597.00	3597.00	3597.00	3597.00	3597.00	3597.00	3597.00	3597.00	3597.00	3597.00	3597.00	3597.00	3598.00	3598.00	3598.00	3598.00	3598.00	3598.00	3598.00	3599.00	3599.00	3599.00	3599.00	3600.00	3600.00	3600.00	3601.00	3601.00	3601.00	3601.00	3602.00	3602.00	3602.00	3603.00	3603.00	3603.00	3603.00	3604.00	3604.00	3604.00	3605.00	3606.00	3606.00	3606.00	3607.00	3607.00	3608.00	3608.00	3608.00	3609.00	3609.00	3610.00	3610.00	3611.00	3611.00	3611.00	3612.00	3612.00	3613.00	3613.00	3613.00	3614.00	3614.00	3614.00	3614.00	3615.00	3615.00	3616.00	3616.00	3616.00	3617.00	3617.00	3617.00	3618.00	3618.00	3618.00	3619.00	3619.00	3619.00	3619.00	3619.00	3619.00	3620.00	3620.00	3620.00	3620.00	3620.00	3620.00	3621.00	3621.00	3621.00	3621.00	3621.00	3621.00	3621.00	3621.00	3621.00	3621.00	3621.00	3621.00	3621.00	3621.00	3622.00	3622.00	3622.00	3622.00	3622.00	3622.00	3623.00	3623.00	3623.00	3623.00	3623.00	3623.00	3623.00	3624.00	3624.00	3624.00	3624.00	3624.00	3625.00	3625.00	3625.00	3626.00	3626.00	3626.00	3626.00	3627.00	3627.00	3627.00	3627.00	3627.00	3628.00	3628.00	3628.00	3629.00	3629.00	3629.00	3630.00	3630.00	3630.00	3630.00	3630.00	3631.00	3631.00	3631.00	3631.00	3631.00	3631.00	3632.00	3632.00	3632.00	3632.00	3632.00	3632.00	3633.00	3633.00	3633.00	3633.00	3633.00	3633.00	3634.00	3634.00	3634.00	3634.00	3634.00	3634.00	3635.00	3635.00	3635.00	3636.00	3636.00	3636.00	3637.00	3637.00	3637.00	3637.00	3638.00	3638.00	3638.00	3638.00	3638.00	3639.00	3639.00	3639.00	3639.00	3639.00	3640.00	3640.00	3640.00	3640.00	3641.00	3641.00	3641.00	3641.00	3641.00	3642.00	3642.00	3642.00	3642.00	3642.00	3642.00
3587.00	3588.00	3588.00	3588.00	3588.00	3588.00	3589.00	3589.00	3589.00	3590.00	3590.00	3591.00	3591.00	3591.00	3591.00	3591.00	3592.00	3592.00	3592.00	3592.00	3592.00	3592.00	3593.00	3593.00	3593.00	3593.00	3593.00	3593.00	3593.00	3594.00	3594.00	3594.00	3594.00	3594.00	3594.00	3594.00	3595.00	3595.00	3595.00	3595.00	3595.00	3595.00	3596.00	3596.00	3596.00	3596.00	3596.00	3596.00	3596.00	3596.00	3596.00	3596.00	3596.00	3596.00	3597.00	3597.00	3597.00	3597.00	3597.00	3597.00	3597.00	3597.00	3597.00	3597.00	3597.00	3597.00	3598.00	3598.00	3598.00	3598.00	3598.00	3598.00	3598.00	3599.00	3599.00	3599.00	3599.00	3600.00	3600.00	3600.00	3601.00	3601.00	3601.00	3601.00	3602.00	3602.00	3602.00	3603.00	3603.00	3603.00	3603.00	3604.00	3604.00	3604.00	3605.00	3606.00	3606.00	3606.00	3607.00	3607.00	3608.00	3608.00	3608.00	3609.00	3609.00	3610.00	3610.00	3611.00	3611.00	3611.00	3612.00	3612.00	3613.00	3613.00	3613.00	3614.00	3614.00	3614.00	3614.00	3615.00	3615.00	3616.00	3616.00	3616.00	3617.00	3617.00	3617.00	3618.00	3618.00	3618.00	3619.00	3619.00	3619.00	3619.00	3619.00	3619.00	3620.00	3620.00	3620.00	3620.00	3620.00	3620.00	3621.00	3621.00	3621.00	3621.00	3621.00	3621.00	3621.00	3621.00	3621.00	3621.00	3621.00	3621.00	3621.00	3621.00	3622.00	3622.00	3622.00	3622.00	3622.00	3622.00	3623.00	3623.00	3623.00	3623.00	3623.00	3623.00	3623.00	3624.00	3624.00	3624.00	3624.00	3624.00	3625.00	3625.00	3625.00	3626.00	3626.00	3626.00	3626.00	3627.00	3627.00	3627.00	3627.00	3627.00	3628.00	3628.00	3628.00	3629.00	3629.00	3629.00	3630.00	3630.00	3630.00	3630.00	3630.00	3631.00	3631.00	3631.00	3631.00	3631.00	3631.00	3632.00	3632.00	3632.00	3632.00	3632.00	3632.00	3633.00	3633.00	3633.00	3633.00	3633.00	3633.00	3634.00	3634.00	3634.00	3634.00	3634.00	3634.00	3635.00	3635.00	3635.00	3636.00	3636.00	3636.00	3637.00	3637.00	3637.00	3637.00	3638.00	3638.00	3638.00	3638.00	3638.00	3639.00	3639.00	3639.00	3639.00	3639.00	3640.00	3640.00	3640.00	3640.00	3641.00	3641.00	3641.00	3641.00	3641.00	3642.00	3642.00	3642.00	3642.00	3642.00	3642.00
3587.00	3588.00	3588.00	3588.00	3588.00	3588.00	3589.00	3589.00	3589.00	3590.00	3590.00	3591.00	3591.00	3591.00	3591.00	3591.00	3592.00	3592.00	3592.00	3592.00	3592.00	3592.00	3593.00	3593.00	3593.00	3593.00	3593.00	3593.00	3593.00	3594.00	3594.00	3594.00	3594.00	3594.00	3594.00	3594.00	3595.00	3595.00	3595.00	3595.00	3595.00	3595.00	3596.00	3596.00	3596.00	3596.00	3596.00	3596.00	3596.00	3596.00	3596.00	3596.00	3596.00	3596.00	3597.00	3597.00	3597.00	3597.00	3597.00	3597.00	3597.00	3597.00	3597.00	3597.00	3597.00	3597.00	3598.00	3598.00	3598.00	3598.00	3598.00	3598.00	3598.00	3599.00	3599.00	3599.00	3599.00	3600.00	3600.00	3600.00	3601.00	3601.00	3601.00	3601.00	3602.00	3602.00	3602.00	3603.00	3603.00	3603.00	3603.00	3604.00	3604.00	3604.00	3605.00	3606.00	3606.00	3606.00	3607.00	3607.00	3608.00	3608.00	3608.00	3609.00	3609.00	3610.00	3610.00	3611.00	3611.00	3611.00	3612.00	3612.00	3613.00	3613.00	3613.00	3614.00	3614.00	3614.00	3614.00	3615.00	3615.00	3616.00	3616.00	3616.00	3617.00	3617.00	3617.00	3618.00	3618.00	3618.00	3619.00	3619.00	3619.00	3619.00	3619.00	3619.00	3620.00	3620.00	3620.00	3620.00	3620.00	3620.00	3621.00	3621.00	3621.00	3621.00	3621.00	3621.00	3621.00	3621.00	3621.00	3621.00	3621.00	3621.00	3621.00	3621.00	3622.00	3622.00	3622.00	3622.00	3622.00	3622.00	3623.00	3623.00	3623.00	3623.00	3623.00	3623.00	3623.00	3624.00	3624.00	3624.00	3624.00	3624.00	3625.00	3625.00	3625.00	3626.00	3626.00	3626.00	3626.00	3627.00	3627.00	3627.00	3627.00	3627.00	3628.00	3628.00	3628.00	3629.00	3629.00	3629.00	3630.00	3630.00	3630.00	3630.00	3630.00	3631.00	3631.00	3631.00	3631.00	3631.00	3631.00	3632.00	3632.00	3632.00	3632.00	3632.00	3632.00	3633.00	3633.00	3633.00	3633.00	3633.00	3633.00	3634.00	3634.00	3634.00	3634.00	3634.00	3634.00	3635.00	3635.00	3635.00	3636.00	3636.00	3636.00	3637.00	3637.00	3637.00	3637.00	3638.00	3638.00	3638.00	3638.00	3638.00	3639.00	3639.00	3639.00	3639.00	3639.00	3640.00	3640.00	3640.00	3640.00	3641.00	3641.00	3641.00	3641.00	3641.00	3642.00	3642.00	3642.00	3642.00	3642.00	3642.00
3587.00	3588.00	3588.00	3588.00	3588.00	3588.00	3589.00	3589.00	3589.00	3590.00	3590.00	3591.00	3591.00	3591.00	3591.00	3591.00	3592.00	3592.00	3592.00	3592.00	3592.00	3592.00	3593.00	3593.00	3593.00	3593.00	3593.00	3593.00	3593.00	3594.00	3594.00	3594.00	3594.00	3594.00	3594.00	3594.00	3595.00	3595.00	3595.00	3595.00	3595.00	3595.00	3596.00	3596.00	3596.00	3596.00	3596.00	3596.00	3596.00	3596.00	3596.00	3596.00	3596.00	3596.00	3597.00	3597.00	3597.00	3597.00	3597.00	3597.00	3597.00	3597.00	3597.00	3597.00	3597.00	3597.00	3598.00	3598.00	3598.00	3598.00	3598.00	3598.00	3598.00	3599.00	3599.00	3599.00	3599.00	3600.00	3600.00	3600.00	3601.00	3601.00	3601.00	3601.00	3602.00	3602.00	3602.00	3603.00	3603.00	3603.00	3603.00	3604.00	3604.00	3604.00	3605.00	3606.00	3606.00	3606.00	3607.00	3607.00	3608.00	3608.00	3608.00	3609.00	3609.00	3610.00	3610.00	3611.00	3611.00	3611.00	3612.00	3612.00	3613.00	3613.00	3613.00	3614.00	3614.00	3614.00	3614.00	3615.00	3615.00	3616.00	3616.00	3616.00	3617.00	3617.00	3617.00	3618.00	3618.00	3618.00	3619.00	3619.00	3619.00	3619.00	3619.00	3619.00	3620.00	3620.00	3620.00	3620.00	3620.00	3620.00	3621.00	3621.00	3621.00	3621.00	3621.00	3621.00	3621.00	3621.00	3621.00	3621.00	3621.00	3621.00	3621.00	3621.00	3622.00	3622.00	3622.00	3622.00	3622.00	3622.00	3623.00	3623.00	3623.00	3623.00	3623.00	3623.00	3623.00	3624.00	3624.00	3624.00	3624.00	3624.00	3625.00	3625.00	3625.00	3626.00	3626.00	3626.00	3626.00	3627.00	3627.00	3627.00	3627.00	3627.00	3628.00	3628.00	3628.00	3629.00	3629.00	3629.00	3630.00	3630.00	3630.00	3630.00	3630.00	3631.00	3631.00	3631.00	3631.00	3631.00	3631.00	3632.00	3632.00	3632.00	3632.00	3632.00	3632.00	3633.00	3633.00	3633.00	3633.00	3633.00	3633.00	3634.00	3634.00	3634.00	3634.00	3634.00	3634.00	3635.00	3635.00	3635.00	3636.00	3636.00	3636.00	3637.00	3637.00	3637.00	3637.00	3638.00	3638.00	3638.00	3638.00	3638.00	3639.00	3639.00	3639.00	3639.00	3639.00	3640.00	3640.00	3640.00	3640.00	3641.00	3641.00	3641.00	3641.00	3641.00	3642.00	3642.00	3642.00	3642.00	3642.00	3642.00
3587.00	3588.00	3588.00	3588.00	3588.00	3588.00	3589.00	3589.00	3589.00	3590.00	3590.00	3591.00	3591.00	3591.00	3591.00	3591.00	3592.00	3592.00	3592.00	3592.00	3592.00	3592.00	3593.00	3593.00	3593.00	3593.00	3593.00	3593.00	3593.00	3594.00	3594.00	3594.00	3594.00	3594.00	3594.00	3594.00	3595.00	3595.00	3595.00	3595.00	3595.00	3595.00	3596.00	3596.00	3596.00	3596.00	3596.00	3596.00	3596.00	3596.00	3596.00	3596.00	3596.00	3596.00	3597.00	3597.00	3597.00	3597.00	3597.00	3597.00	3597.00	3597.00	3597.00	3597.00	3597.00	3597.00	3598.00	3598.00	3598.00	3598.00	3598.00	3598.00	3598.00	3599.00	3599.00	3599.00	3599.00	3600.00	3600.00	3600.00	3601.00	3601.00	3601.00	3601.00	3602.00	3602.00	3602.00	3603.00	3603.00	3603.00	3603.00	3604.00	3604.00	3604.00	3605.00	3606.00	3606.00	3606.00	3607.00	3607.00	3608.00	3608.00	3608.00	3609.00	3609.00	3610.00	3610.00	3611.00	3611.00	3611.00	3612.00	3612.00	3613.00	3613.00	3613.00	3614.00	3614.00	3614.00	3614.00	3615.00	3615.00	3616.00	3616.00	3616.00	3617.00	3617.00	3617.00	3618.00	3618.00	3618.00	3619.00	3619.00	3619.00	3619.00	3619.00	3619.00	3620.00	3620.00	3620.00	3620.00	3620.00	3620.00	3621.00	3621.00	3621.00	3621.00	3621.00	3621.00	3621.00	3621.00	3621.00	3621.00	3621.00	3621.00	3621.00	3621.00	3622.00	3622.00	3622.00	3622.00	3622.00	3622.00	3623.00	3623.00	3623.00	3623.00	3623.00	3623.00	3623.00	3624.00	3624.00	3624.00	3624.00	3624.00	3625.00	3625.00	3625.00	3626.00	3626.00	3626.00	3626.00	3627.00	3627.00	3627.00	3627.00	3627.00	3628.00	3628.00	3628.00	3629.00	3629.00	3629.00	3630.00	3630.00	3630.00	3630.00	3630.00	3631.00	3631.00	3631.00	3631.00	3631.00	3631.00	3632.00	3632.00	3632.00	3632.00	3632.00	3632.00	3633.00	3633.00	3633.00	3633.00	3633.00	3633.00	3634.00	3634.00	3634.00	3634.00	3634.00	3634.00	3635.00	3635.00	3635.00	3636.00	3636.00	3636.00	3637.00	3637.00	3637.00	3637.00	3638.00	3638.00	3638.00	3638.00	3638.00	3639.00	3639.00	3639.00	3639.00	3639.00	3640.00	3640.00	3640.00	3640.00	3641.00	3641.00	3641.00	3641.00	3641.00	3642.00	3642.00	3642.00	3642.00	3642.00	3642.00
3586.00	3587.00	3587.00	3587.00	3588.00	3588.00	3588.00	3589.00	3589.00	3589.00	3589.00	3590.00	3590.00	3591.00	3591.00	3591.00	3591.00	3591.00	3592.00	3592.00	3592.00	3592.00	3593.00	3593.00	3593.00	3593.00	3593.00	3593.00	3593.00	3594.00	3594.00	3594.00	3594.00	3594.00	3595.00	3595.00	3595.00	3595.00	3595.00	3595.00	3595.00	3596.00	3596.00	3596.00	3596.00	3596.00	3596.00	3596.00	3597.00	3597.00	3597.00	3597.00	3597.00	3597.00	3598.00	3598.00	3598.00	3598.00	3598.00	3598.00	3598.00	3598.00	3598.00	3598.00	3598.00	3599.00	3599.00	3599.00	3599.00	3599.00	3599.00	3599.00	3599.00	3600.00	3600.00	3600.00	3600.00	3600.00	3600.00	3600.00	3601.00	3601.00	3601.00	3602.00	3602.00	3602.00	3603.00	3603.00	3603.00	3603.00	3603.00	3604.00	3604.00	3604.00	3605.00	3605.00	3606.00	3606.00	3607.00	3607.00	3607.00	3608.00	3608.00	3608.00	3608.00	3609.00	3609.00	3610.00	3610.00	3611.00	3611.00	3611.00	3612.00	3612.00	3612.00	3613.00	3613.00	3613.00	3614.00	3614.00	3614.00	3615.00	3615.00	3616.00	3616.00	3616.00	3617.00	3617.00	3618.00	3618.00	3618.00	3618.00	3619.00	3619.00	3619.00	3619.00	3620.00	3620.00	3620.00	3620.00	3620.00	3620.00	3620.00	3620.00	3621.00	3621.00	3621.00	3621.00	3621.00	3621.00	3621.00	3621.00	3621.00	3621.00	3621.00	3621.00	3622.00	3622.00	3622.00	3622.00	3622.00	3622.00	3623.00	3623.00	3623.00	3623.00	3623.00	3623.00	3623.00	3624.00	3624.00	3624.00	3624.00	3624.00	3625.00	3625.00	3625.00	3625.00	3626.00	3626.00	3626.00	3626.00	3626.00	3627.00	3627.00	3627.00	3627.00	3627.00	3628.00	3628.00	3629.00	3629.00	3629.00	3629.00	3629.00	3630.00	3630.00	3630.00	3630.00	3631.00	3631.00	3631.00	3631.00	3632.00	3632.00	3632.00	3632.00	3632.00	3632.00	3633.00	3633.00	3633.00	3633.00	3633.00	3633.00	3633.00	3633.00	3634.00	3634.00	3634.00	3634.00	3635.00	3636.00	3636.00	3636.00	3636.00	3637.00	3637.00	3637.00	3638.00	3638.00	3639.00	3639.00	3639.00	3639.00	3639.00	3640.00	3640.00	3640.00	3640.00	3640.00	3641.00	3641.00	3641.00	3641.00	3642.00	3642.00	3642.00	3642.00	3642.00	3642.00	3642.00	3643.00	3643.00	3643.00	3643.00
3586.00	3587.00	3587.00	3587.00	3588.00	3588.00	3588.00	3589.00	3589.00	3589.00	3589.00	3590.00	3590.00	3591.00	3591.00	3591.00	3591.00	3591.00	3592.00	3592.00	3592.00	3592.00	3593.00	3593.00	3593.00	3593.00	3593.00	3593.00	3593.00	3594.00	3594.00	3594.00	3594.00	3594.00	3595.00	3595.00	3595.00	3595.00	3595.00	3595.00	3595.00	3596.00	3596.00	3596.00	3596.00	3596.00	3596.00	3596.00	3597.00	3597.00	3597.00	3597.00	3597.00	3597.00	3598.00	3598.00	3598.00	3598.00	3598.00	3598.00	3598.00	3598.00	3598.00	3598.00	3598.00	3599.00	3599.00	3599.00	3599.00	3599.00	3599.00	3599.00	3599.00	3600.00	3600.00	3600.00	3600.00	3600.00	3600.00	3600.00	3601.00	3601.00	3601.00	3602.00	3602.00	3602.00	3603.00	3603.00	3603.00	3603.00	3603.00	3604.00	3604.00	3604.00	3605.00	3605.00	3606.00	3606.00	3607.00	3607.00	3607.00	3608.00	3608.00	3608.00	3608.00	3609.00	3609.00	3610.00	3610.00	3611.00	3611.00	3611.00	3612.00	3612.00	3612.00	3613.00	3613.00	3613.00	3614.00	3614.00	3614.00	3615.00	3615.00	3616.00	3616.00	3616.00	3617.00	3617.00	3618.00	3618.00	3618.00	3618.00	3619.00	3619.00	3619.00	3619.00	3620.00	3620.00	3620.00	3620.00	3620.00	3620.00	3620.00	3620.00	3621.00	3621.00	3621.00	3621.00	3621.00	3621.00	3621.00	3621.00	3621.00	3621.00	3621.00	3621.00	3622.00	3622.00	3622.00	3622.00	3622.00	3622.00	3623.00	3623.00	3623.00	3623.00	3623.00	3623.00	3623.00	3624.00	3624.00	3624.00	3624.00	3624.00	3625.00	3625.00	3625.00	3625.00	3626.00	3626.00	3626.00	3626.00	3626.00	3627.00	3627.00	3627.00	3627.00	3627.00	3628.00	3628.00	3629.00	3629.00	3629.00	3629.00	3629.00	3630.00	3630.00	3630.00	3630.00	3631.00	3631.00	3631.00	3631.00	3632.00	3632.00	3632.00	3632.00	3632.00	3632.00	3633.00	3633.00	3633.00	3633.00	3633.00	3633.00	3633.00	3633.00	3634.00	3634.00	3634.00	3634.00	3635.00	3636.00	3636.00	3636.00	3636.00	3637.00	3637.00	3637.00	3638.00	3638.00	3639.00	3639.00	3639.00	3639.00	3639.00	3640.00	3640.00	3640.00	3640.00	3640.00	3641.00	3641.00	3641.00	3641.00	3642.00	3642.00	3642.00	3642.00	3642.00	3642.00	3642.00	3643.00	3643.00	3643.00	3643.00
3586.00	3587.00	3587.00	3587.00	3588.00	3588.00	3588.00	3589.00	3589.00	3589.00	3589.00	3590.00	3590.00	3591.00	3591.00	3591.00	3591.00	3591.00	3592.00	3592.00	3592.00	3592.00	3593.00	3593.00	3593.00	3593.00	3593.00	3593.00	3593.00	3594.00	3594.00	3594.00	3594.00	3594.00	3595.00	3595.00	3595.00	3595.00	3595.00	3595.00	3595.00	3596.00	3596.00	3596.00	3596.00	3596.00	3596.00	3596.00	3597.00	3597.00	3597.00	3597.00	3597.00	3597.00	3598.00	3598.00	3598.00	3598.00	3598.00	3598.00	3598.00	3598.00	3598.00	3598.00	3598.00	3599.00	3599.00	3599.00	3599.00	3599.00	3599.00	3599.00	3599.00	3600.00	3600.00	3600.00	3600.00	3600.00	3600.00	3600.00	3601.00	3601.00	3601.00	3602.00	3602.00	3602.00	3603.00	3603.00	3603.00	3603.00	3603.00	3604.00	3604.00	3604.00	3605.00	3605.00	3606.00	3606.00	3607.00	3607.00	3607.00	3608.00	3608.00	3608.00	3608.00	3609.00	3609.00	3610.00	3610.00	3611.00	3611.00	3611.00	3612.00	3612.00	3612.00	3613.00	3613.00	3613.00	3614.00	3614.00	3614.00	3615.00	3615.00	3616.00	3616.00	3616.00	3617.00	3617.00	3618.00	3618.00	3618.00	3618.00	3619.00	3619.00	3619.00	3619.00	3620.00	3620.00	3620.00	3620.00	3620.00	3620.00	3620.00	3620.00	3621.00	3621.00	3621.00	3621.00	3621.00	3621.00	3621.00	3621.00	3621.00	3621.00	3621.00	3621.00	3622.00	3622.00	3622.00	3622.00	3622.00	3622.00	3623.00	3623.00	3623.00	3623.00	3623.00	3623.00	3623.00	3624.00	3624.00	3624.00	3624.00	3624.00	3625.00	3625.00	3625.00	3625.00	3626.00	3626.00	3626.00	3626.00	3626.00	3627.00	3627.00	3627.00	3627.00	3627.00	3628.00	3628.00	3629.00	3629.00	3629.00	3629.00	3629.00	3630.00	3630.00	3630.00	3630.00	3631.00	3631.00	3631.00	3631.00	3632.00	3632.00	3632.00	3632.00	3632.00	3632.00	3633.00	3633.00	3633.00	3633.00	3633.00	3633.00	3633.00	3633.00	3634.00	3634.00	3634.00	3634.00	3635.00	3636.00	3636.00	3636.00	3636.00	3637.00	3637.00	3637.00	3638.00	3638.00	3639.00	3639.00	3639.00	3639.00	3639.00	3640.00	3640.00	3640.00	3640.00	3640.00	3641.00	3641.00	3641.00	3641.00	3642.00	3642.00	3642.00	3642.00	3642.00	3642.00	3642.00	3643.00	3643.00	3643.00	3643.00
3586.00	3587.00	3587.00	3587.00	3588.00	3588.00	3588.00	3589.00	3589.00	3589.00	3589.00	3590.00	3590.00	3591.00	3591.00	3591.00	3591.00	3591.00	3592.00	3592.00	3592.00	3592.00	3593.00	3593.00	3593.00	3593.00	3593.00	3593.00	3593.00	3594.00	3594.00	3594.00	3594.00	3594.00	3595.00	3595.00	3595.00	3595.00	3595.00	3595.00	3595.00	3596.00	3596.00	3596.00	3596.00	3596.00	3596.00	3596.00	3597.00	3597.00	3597.00	3597.00	3597.00	3597.00	3598.00	3598.00	3598.00	3598.00	3598.00	3598.00	3598.00	3598.00	3598.00	3598.00	3598.00	3599.00	3599.00	3599.00	3599.00	3599.00	3599.00	3599.00	3599.00	3600.00	3600.00	3600.00	3600.00	3600.00	3600.00	3600.00	3601.00	3601.00	3601.00	3602.00	3602.00	3602.00	3603.00	3603.00	3603.00	3603.00	3603.00	3604.00	3604.00	3604.00	3605.00	3605.00	3606.00	3606.00	3607.00	3607.00	3607.00	3608.00	3608.00	3608.00	3608.00	3609.00	3609.00	3610.00	3610.00	3611.00	3611.00	3611.00	3612.00	3612.00	3612.00	3613.00	3613.00	3613.00	3614.00	3614.00	3614.00	3615.00	3615.00	3616.00	3616.00	3616.00	3617.00	3617.00	3618.00	3618.00	3618.00	3618.00	3619.00	3619.00	3619.00	3619.00	3620.00	3620.00	3620.00	3620.00	3620.00	3620.00	3620.00	3620.00	3621.00	3621.00	3621.00	3621.00	3621.00	3621.00	3621.00	3621.00	3621.00	3621.00	3621.00	3621.00	3622.00	3622.00	3622.00	3622.00	3622.00	3622.00	3623.00	3623.00	3623.00	3623.00	3623.00	3623.00	3623.00	3624.00	3624.00	3624.00	3624.00	3624.00	3625.00	3625.00	3625.00	3625.00	3626.00	3626.00	3626.00	3626.00	3626.00	3627.00	3627.00	3627.00	3627.00	3627.00	3628.00	3628.00	3629.00	3629.00	3629.00	3629.00	3629.00	3630.00	3630.00	3630.00	3630.00	3631.00	3631.00	3631.00	3631.00	3632.00	3632.00	3632.00	3632.00	3632.00	3632.00	3633.00	3633.00	3633.00	3633.00	3633.00	3633.00	3633.00	3633.00	3634.00	3634.00	3634.00	3634.00	3635.00	3636.00	3636.00	3636.00	3636.00	3637.00	3637.00	3637.00	3638.00	3638.00	3639.00	3639.00	3639.00	3639.00	3639.00	3640.00	3640.00	3640.00	3640.00	3640.00	3641.00	3641.00	3641.00	3641.00	3642.00	3642.00	3642.00	3642.00	3642.00	3642.00	3642.00	3643.00	3643.00	3643.00	3643.00
3586.00	3587.00	3587.00	3587.00	3588.00	3588.00	3588.00	3589.00	3589.00	3589.00	3589.00	3590.00	3590.00	3591.00	3591.00	3591.00	3591.00	3591.00	3592.00	3592.00	3592.00	3592.00	3593.00	3593.00	3593.00	3593.00	3593.00	3593.00	3593.00	3594.00	3594.00	3594.00	3594.00	3594.00	3595.00	3595.00	3595.00	3595.00	3595.00	3595.00	3595.00	3596.00	3596.00	3596.00	3596.00	3596.00	3596.00	3596.00	3597.00	3597.00	3597.00	3597.00	3597.00	3597.00	3598.00	3598.00	3598.00	3598.00	3598.00	3598.00	3598.00	3598.00	3598.00	3598.00	3598.00	3599.00	3599.00	3599.00	3599.00	3599.00	3599.00	3599.00	3599.00	3600.00	3600.00	3600.00	3600.00	3600.00	3600.00	3600.00	3601.00	3601.00	3601.00	3602.00	3602.00	3602.00	3603.00	3603.00	3603.00	3603.00	3603.00	3604.00	3604.00	3604.00	3605.00	3605.00	3606.00	3606.00	3607.00	3607.00	3607.00	3608.00	3608.00	3608.00	3608.00	3609.00	3609.00	3610.00	3610.00	3611.00	3611.00	3611.00	3612.00	3612.00	3612.00	3613.00	3613.00	3613.00	3614.00	3614.00	3614.00	3615.00	3615.00	3616.00	3616.00	3616.00	3617.00	3617.00	3618.00	3618.00	3618.00	3618.00	3619.00	3619.00	3619.00	3619.00	3620.00	3620.00	3620.00	3620.00	3620.00	3620.00	3620.00	3620.00	3621.00	3621.00	3621.00	3621.00	3621.00	3621.00	3621.00	3621.00	3621.00	3621.00	3621.00	3621.00	3622.00	3622.00	3622.00	3622.00	3622.00	3622.00	3623.00	3623.00	3623.00	3623.00	3623.00	3623.00	3623.00	3624.00	3624.00	3624.00	3624.00	3624.00	3625.00	3625.00	3625.00	3625.00	3626.00	3626.00	3626.00	3626.00	3626.00	3627.00	3627.00	3627.00	3627.00	3627.00	3628.00	3628.00	3629.00	3629.00	3629.00	3629.00	3629.00	3630.00	3630.00	3630.00	3630.00	3631.00	3631.00	3631.00	3631.00	3632.00	3632.00	3632.00	3632.00	3632.00	3632.00	3633.00	3633.00	3633.00	3633.00	3633.00	3633.00	3633.00	3633.00	3634.00	3634.00	3634.00	3634.00	3635.00	3636.00	3636.00	3636.00	3636.00	3637.00	3637.00	3637.00	3638.00	3638.00	3639.00	3639.00	3639.00	3639.00	3639.00	3640.00	3640.00	3640.00	3640.00	3640.00	3641.00	3641.00	3641.00	3641.00	3642.00	3642.00	3642.00	3642.00	3642.00	3642.00	3642.00	3643.00	3643.00	3643.00	3643.00
3586.00	3587.00	3587.00	3587.00	3588.00	3588.00	3588.00	3589.00	3589.00	3589.00	3589.00	3590.00	3590.00	3591.00	3591.00	3591.00	3591.00	3591.00	3592.00	3592.00	3592.00	3592.00	3593.00	3593.00	3593.00	3593.00	3593.00	3593.00	3593.00	3594.00	3594.00	3594.00	3594.00	3594.00	3595.00	3595.00	3595.00	3595.00	3595.00	3595.00	3595.00	3596.00	3596.00	3596.00	3596.00	3596.00	3596.00	3596.00	3597.00	3597.00	3597.00	3597.00	3597.00	3597.00	3598.00	3598.00	3598.00	3598.00	3598.00	3598.00	3598.00	3598.00	3598.00	3598.00	3598.00	3599.00	3599.00	3599.00	3599.00	3599.00	3599.00	3599.00	3599.00	3600.00	3600.00	3600.00	3600.00	3600.00	3600.00	3600.00	3601.00	3601.00	3601.00	3602.00	3602.00	3602.00	3603.00	3603.00	3603.00	3603.00	3603.00	3604.00	3604.00	3604.00	3605.00	3605.00	3606.00	3606.00	3607.00	3607.00	3607.00	3608.00	3608.00	3608.00	3608.00	3609.00	3609.00	3610.00	3610.00	3611.00	3611.00	3611.00	3612.00	3612.00	3612.00	3613.00	3613.00	3613.00	3614.00	3614.00	3614.00	3615.00	3615.00	3616.00	3616.00	3616.00	3617.00	3617.00	3618.00	3618.00	3618.00	3618.00	3619.00	3619.00	3619.00	3619.00	3620.00	3620.00	3620.00	3620.00	3620.00	3620.00	3620.00	3620.00	3621.00	3621.00	3621.00	3621.00	3621.00	3621.00	3621.00	3621.00	3621.00	3621.00	3621.00	3621.00	3622.00	3622.00	3622.00	3622.00	3622.00	3622.00	3623.00	3623.00	3623.00	3623.00	3623.00	3623.00	3623.00	3624.00	3624.00	3624.00	3624.00	3624.00	3625.00	3625.00	3625.00	3625.00	3626.00	3626.00	3626.00	3626.00	3626.00	3627.00	3627.00	3627.00	3627.00	3627.00	3628.00	3628.00	3629.00	3629.00	3629.00	3629.00	3629.00	3630.00	3630.00	3630.00	3630.00	3631.00	3631.00	3631.00	3631.00	3632.00	3632.00	3632.00	3632.00	3632.00	3632.00	3633.00	3633.00	3633.00	3633.00	3633.00	3633.00	3633.00	3633.00	3634.00	3634.00	3634.00	3634.00	3635.00	3636.00	3636.00	3636.00	3636.00	3637.00	3637.00	3637.00	3638.00	3638.00	3639.00	3639.00	3639.00	3639.00	3639.00	3640.00	3640.00	3640.00	3640.00	3640.00	3641.00	3641.00	3641.00	3641.00	3642.00	3642.00	3642.00	3642.00	3642.00	3642.00	3642.00	3643.00	3643.00	3643.00	3643.00
3586.00	3587.00	3587.00	3587.00	3588.00	3588.00	3588.00	3589.00	3589.00	3589.00	3589.00	3590.00	3590.00	3590.00	3590.00	3591.00	3591.00	3591.00	3592.00	3592.00	3592.00	3592.00	3593.00	3593.00	3593.00	3593.00	3593.00	3594.00	3594.00	3594.00	3595.00	3595.00	3595.00	3595.00	3596.00	3596.00	3596.00	3596.00	3596.00	3596.00	3596.00	3596.00	3597.00	3597.00	3597.00	3597.00	3597.00	3597.00	3598.00	3598.00	3598.00	3598.00	3598.00	3598.00	3599.00	3599.00	3599.00	3599.00	3599.00	3599.00	3600.00	3600.00	3600.00	3600.00	3600.00	3600.00	3601.00	3601.00	3601.00	3601.00	3601.00	3601.00	3601.00	3601.00	3601.00	3601.00	3601.00	3601.00	3601.00	3601.00	3602.00	3602.00	3602.00	3603.00	3603.00	3603.00	3603.00	3604.00	3604.00	3604.00	3604.00	3604.00	3604.00	3604.00	3605.00	3605.00	3606.00	3606.00	3606.00	3606.00	3607.00	3607.00	3607.00	3608.00	3608.00	3609.00	3609.00	3609.00	3609.00	3610.00	3610.00	3610.00	3611.00	3611.00	3612.00	3612.00	3613.00	3613.00	3614.00	3614.00	3614.00	3615.00	3615.00	3615.00	3616.00	3616.00	3616.00	3617.00	3617.00	3617.00	3618.00	3618.00	3618.00	3618.00	3618.00	3619.00	3619.00	3620.00	3620.00	3620.00	3620.00	3620.00	3620.00	3620.00	3620.00	3620.00	3620.00	3620.00	3620.00	3620.00	3621.00	3621.00	3621.00	3621.00	3621.00	3621.00	3621.00	3622.00	3622.00	3622.00	3622.00	3622.00	3622.00	3623.00	3623.00	3623.00	3623.00	3623.00	3623.00	3624.00	3624.00	3624.00	3624.00	3624.00	3624.00	3624.00	3625.00	3625.00	3625.00	3625.00	3626.00	3626.00	3626.00	3626.00	3626.00	3627.00	3627.00	3627.00	3628.00	3628.00	3629.00	3629.00	3629.00	3629.00	3629.00	3630.00	3630.00	3630.00	3630.00	3630.00	3630.00	3631.00	3631.00	3631.00	3632.00	3632.00	3632.00	3632.00	3632.00	3633.00	3633.00	3633.00	3634.00	3634.00	3634.00	3634.00	3634.00	3635.00	3635.00	3635.00	3635.00	3636.00	3637.00	3637.00	3638.00	3638.00	3638.00	3639.00	3639.00	3639.00	3640.00	3640.00	3640.00	3640.00	3640.00	3641.00	3641.00	3641.00	3642.00	3642.00	3642.00	3642.00	3643.00	3643.00	3643.00	3643.00	3643.00	3643.00	3644.00	3644.00	3644.00	3644.00	3644.00	3644.00	3645.00	3645.00
3586.00	3587.00	3587.00	3587.00	3588.00	3588.00	3588.00	3589.00	3589.00	3589.00	3589.00	3590.00	3590.00	3590.00	3590.00	3591.00	3591.00	3591.00	3592.00	3592.00	3592.00	3592.00	3593.00	3593.00	3593.00	3593.00	3593.00	3594.00	3594.00	3594.00	3595.00	3595.00	3595.00	3595.00	3596.00	3596.00	3596.00	3596.00	3596.00	3596.00	3596.00	3596.00	3597.00	3597.00	3597.00	3597.00	3597.00	3597.00	3598.00	3598.00	3598.00	3598.00	3598.00	3598.00	3599.00	3599.00	3599.00	3599.00	3599.00	3599.00	3600.00	3600.00	3600.00	3600.00	3600.00	3600.00	3601.00	3601.00	3601.00	3601.00	3601.00	3601.00	3601.00	3601.00	3601.00	3601.00	3601.00	3601.00	3601.00	3601.00	3602.00	3602.00	3602.00	3603.00	3603.00	3603.00	3603.00	3604.00	3604.00	3604.00	3604.00	3604.00	3604.00	3604.00	3605.00	3605.00	3606.00	3606.00	3606.00	3606.00	3607.00	3607.00	3607.00	3608.00	3608.00	3609.00	3609.00	3609.00	3609.00	3610.00	3610.00	3610.00	3611.00	3611.00	3612.00	3612.00	3613.00	3613.00	3614.00	3614.00	3614.00	3615.00	3615.00	3615.00	3616.00	3616.00	3616.00	3617.00	3617.00	3617.00	3618.00	3618.00	3618.00	3618.00	3618.00	3619.00	3619.00	3620.00	3620.00	3620.00	3620.00	3620.00	3620.00	3620.00	3620.00	3620.00	3620.00	3620.00	3620.00	3620.00	3621.00	3621.00	3621.00	3621.00	3621.00	3621.00	3621.00	3622.00	3622.00	3622.00	3622.00	3622.00	3622.00	3623.00	3623.00	3623.00	3623.00	3623.00	3623.00	3624.00	3624.00	3624.00	3624.00	3624.00	3624.00	3624.00	3625.00	3625.00	3625.00	3625.00	3626.00	3626.00	3626.00	3626.00	3626.00	3627.00	3627.00	3627.00	3628.00	3628.00	3629.00	3629.00	3629.00	3629.00	3629.00	3630.00	3630.00	3630.00	3630.00	3630.00	3630.00	3631.00	3631.00	3631.00	3632.00	3632.00	3632.00	3632.00	3632.00	3633.00	3633.00	3633.00	3634.00	3634.00	3634.00	3634.00	3634.00	3635.00	3635.00	3635.00	3635.00	3636.00	3637.00	3637.00	3638.00	3638.00	3638.00	3639.00	3639.00	3639.00	3640.00	3640.00	3640.00	3640.00	3640.00	3641.00	3641.00	3641.00	3642.00	3642.00	3642.00	3642.00	3643.00	3643.00	3643.00	3643.00	3643.00	3643.00	3644.00	3644.00	3644.00	3644.00	3644.00	3644.00	3645.00	3645.00
3586.00	3587.00	3587.00	3587.00	3588.00	3588.00	3588.00	3589.00	3589.00	3589.00	3589.00	3590.00	3590.00	3590.00	3590.00	3591.00	3591.00	3591.00	3592.00	3592.00	3592.00	3592.00	3593.00	3593.00	3593.00	3593.00	3593.00	3594.00	3594.00	3594.00	3595.00	3595.00	3595.00	3595.00	3596.00	3596.00	3596.00	3596.00	3596.00	3596.00	3596.00	3596.00	3597.00	3597.00	3597.00	3597.00	3597.00	3597.00	3598.00	3598.00	3598.00	3598.00	3598.00	3598.00	3599.00	3599.00	3599.00	3599.00	3599.00	3599.00	3600.00	3600.00	3600.00	3600.00	3600.00	3600.00	3601.00	3601.00	3601.00	3601.00	3601.00	3601.00	3601.00	3601.00	3601.00	3601.00	3601.00	3601.00	3601.00	3601.00	3602.00	3602.00	3602.00	3603.00	3603.00	3603.00	3603.00	3604.00	3604.00	3604.00	3604.00	3604.00	3604.00	3604.00	3605.00	3605.00	3606.00	3606.00	3606.00	3606.00	3607.00	3607.00	3607.00	3608.00	3608.00	3609.00	3609.00	3609.00	3609.00	3610.00	3610.00	3610.00	3611.00	3611.00	3612.00	3612.00	3613.00	3613.00	3614.00	3614.00	3614.00	3615.00	3615.00	3615.00	3616.00	3616.00	3616.00	3617.00	3617.00	3617.00	3618.00	3618.00	3618.00	3618.00	3618.00	3619.00	3619.00	3620.00	3620.00	3620.00	3620.00	3620.00	3620.00	3620.00	3620.00	3620.00	3620.00	3620.00	3620.00	3620.00	3621.00	3621.00	3621.00	3621.00	3621.00	3621.00	3621.00	3622.00	3622.00	3622.00	3622.00	3622.00	3622.00	3623.00	3623.00	3623.00	3623.00	3623.00	3623.00	3624.00	3624.00	3624.00	3624.00	3624.00	3624.00	3624.00	3625.00	3625.00	3625.00	3625.00	3626.00	3626.00	3626.00	3626.00	3626.00	3627.00	3627.00	3627.00	3628.00	3628.00	3629.00	3629.00	3629.00	3629.00	3629.00	3630.00	3630.00	3630.00	3630.00	3630.00	3630.00	3631.00	3631.00	3631.00	3632.00	3632.00	3632.00	3632.00	3632.00	3633.00	3633.00	3633.00	3634.00	3634.00	3634.00	3634.00	3634.00	3635.00	3635.00	3635.00	3635.00	3636.00	3637.00	3637.00	3638.00	3638.00	3638.00	3639.00	3639.00	3639.00	3640.00	3640.00	3640.00	3640.00	3640.00	3641.00	3641.00	3641.00	3642.00	3642.00	3642.00	3642.00	3643.00	3643.00	3643.00	3643.00	3643.00	3643.00	3644.00	3644.00	3644.00	3644.00	3644.00	3644.00	3645.00	3645.00
3586.00	3587.00	3587.00	3587.00	3588.00	3588.00	3588.00	3589.00	3589.00	3589.00	3589.00	3590.00	3590.00	3590.00	3590.00	3591.00	3591.00	3591.00	3592.00	3592.00	3592.00	3592.00	3593.00	3593.00	3593.00	3593.00	3593.00	3594.00	3594.00	3594.00	3595.00	3595.00	3595.00	3595.00	3596.00	3596.00	3596.00	3596.00	3596.00	3596.00	3596.00	3596.00	3597.00	3597.00	3597.00	3597.00	3597.00	3597.00	3598.00	3598.00	3598.00	3598.00	3598.00	3598.00	3599.00	3599.00	3599.00	3599.00	3599.00	3599.00	3600.00	3600.00	3600.00	3600.00	3600.00	3600.00	3601.00	3601.00	3601.00	3601.00	3601.00	3601.00	3601.00	3601.00	3601.00	3601.00	3601.00	3601.00	3601.00	3601.00	3602.00	3602.00	3602.00	3603.00	3603.00	3603.00	3603.00	3604.00	3604.00	3604.00	3604.00	3604.00	3604.00	3604.00	3605.00	3605.00	3606.00	3606.00	3606.00	3606.00	3607.00	3607.00	3607.00	3608.00	3608.00	3609.00	3609.00	3609.00	3609.00	3610.00	3610.00	3610.00	3611.00	3611.00	3612.00	3612.00	3613.00	3613.00	3614.00	3614.00	3614.00	3615.00	3615.00	3615.00	3616.00	3616.00	3616.00	3617.00	3617.00	3617.00	3618.00	3618.00	3618.00	3618.00	3618.00	3619.00	3619.00	3620.00	3620.00	3620.00	3620.00	3620.00	3620.00	3620.00	3620.00	3620.00	3620.00	3620.00	3620.00	3620.00	3621.00	3621.00	3621.00	3621.00	3621.00	3621.00	3621.00	3622.00	3622.00	3622.00	3622.00	3622.00	3622.00	3623.00	3623.00	3623.00	3623.00	3623.00	3623.00	3624.00	3624.00	3624.00	3624.00	3624.00	3624.00	3624.00	3625.00	3625.00	3625.00	3625.00	3626.00	3626.00	3626.00	3626.00	3626.00	3627.00	3627.00	3627.00	3628.00	3628.00	3629.00	3629.00	3629.00	3629.00	3629.00	3630.00	3630.00	3630.00	3630.00	3630.00	3630.00	3631.00	3631.00	3631.00	3632.00	3632.00	3632.00	3632.00	3632.00	3633.00	3633.00	3633.00	3634.00	3634.00	3634.00	3634.00	3634.00	3635.00	3635.00	3635.00	3635.00	3636.00	3637.00	3637.00	3638.00	3638.00	3638.00	3639.00	3639.00	3639.00	3640.00	3640.00	3640.00	3640.00	3640.00	3641.00	3641.00	3641.00	3642.00	3642.00	3642.00	3642.00	3643.00	3643.00	3643.00	3643.00	3643.00	3643.00	3644.00	3644.00	3644.00	3644.00	3644.00	3644.00	3645.00	3645.00
3586.00	3587.00	3587.00	3587.00	3588.00	3588.00	3588.00	3589.00	3589.00	3589.00	3589.00	3590.00	3590.00	3590.00	3590.00	3591.00	3591.00	3591.00	3592.00	3592.00	3592.00	3592.00	3593.00	3593.00	3593.00	3593.00	3593.00	3594.00	3594.00	3594.00	3595.00	3595.00	3595.00	3595.00	3596.00	3596.00	3596.00	3596.00	3596.00	3596.00	3596.00	3596.00	3597.00	3597.00	3597.00	3597.00	3597.00	3597.00	3598.00	3598.00	3598.00	3598.00	3598.00	3598.00	3599.00	3599.00	3599.00	3599.00	3599.00	3599.00	3600.00	3600.00	3600.00	3600.00	3600.00	3600.00	3601.00	3601.00	3601.00	3601.00	3601.00	3601.00	3601.00	3601.00	3601.00	3601.00	3601.00	3601.00	3601.00	3601.00	3602.00	3602.00	3602.00	3603.00	3603.00	3603.00	3603.00	3604.00	3604.00	3604.00	3604.00	3604.00	3604.00	3604.00	3605.00	3605.00	3606.00	3606.00	3606.00	3606.00	3607.00	3607.00	3607.00	3608.00	3608.00	3609.00	3609.00	3609.00	3609.00	3610.00	3610.00	3610.00	3611.00	3611.00	3612.00	3612.00	3613.00	3613.00	3614.00	3614.00	3614.00	3615.00	3615.00	3615.00	3616.00	3616.00	3616.00	3617.00	3617.00	3617.00	3618.00	3618.00	3618.00	3618.00	3618.00	3619.00	3619.00	3620.00	3620.00	3620.00	3620.00	3620.00	3620.00	3620.00	3620.00	3620.00	3620.00	3620.00	3620.00	3620.00	3621.00	3621.00	3621.00	3621.00	3621.00	3621.00	3621.00	3622.00	3622.00	3622.00	3622.00	3622.00	3622.00	3623.00	3623.00	3623.00	3623.00	3623.00	3623.00	3624.00	3624.00	3624.00	3624.00	3624.00	3624.00	3624.00	3625.00	3625.00	3625.00	3625.00	3626.00	3626.00	3626.00	3626.00	3626.00	3627.00	3627.00	3627.00	3628.00	3628.00	3629.00	3629.00	3629.00	3629.00	3629.00	3630.00	3630.00	3630.00	3630.00	3630.00	3630.00	3631.00	3631.00	3631.00	3632.00	3632.00	3632.00	3632.00	3632.00	3633.00	3633.00	3633.00	3634.00	3634.00	3634.00	3634.00	3634.00	3635.00	3635.00	3635.00	3635.00	3636.00	3637.00	3637.00	3638.00	3638.00	3638.00	3639.00	3639.00	3639.00	3640.00	3640.00	3640.00	3640.00	3640.00	3641.00	3641.00	3641.00	3642.00	3642.00	3642.00	3642.00	3643.00	3643.00	3643.00	3643.00	3643.00	3643.00	3644.00	3644.00	3644.00	3644.00	3644.00	3644.00	3645.00	3645.00
3586.00	3587.00	3587.00	3587.00	3588.00	3588.00	3588.00	3589.00	3589.00	3589.00	3589.00	3590.00	3590.00	3590.00	3590.00	3591.00	3591.00	3591.00	3592.00	3592.00	3592.00	3592.00	3593.00	3593.00	3593.00	3593.00	3593.00	3594.00	3594.00	3594.00	3595.00	3595.00	3595.00	3595.00	3596.00	3596.00	3596.00	3596.00	3596.00	3596.00	3596.00	3596.00	3597.00	3597.00	3597.00	3597.00	3597.00	3597.00	3598.00	3598.00	3598.00	3598.00	3598.00	3598.00	3599.00	3599.00	3599.00	3599.00	3599.00	3599.00	3600.00	3600.00	3600.00	3600.00	3600.00	3600.00	3601.00	3601.00	3601.00	3601.00	3601.00	3601.00	3601.00	3601.00	3601.00	3601.00	3601.00	3601.00	3601.00	3601.00	3602.00	3602.00	3602.00	3603.00	3603.00	3603.00	3603.00	3604.00	3604.00	3604.00	3604.00	3604.00	3604.00	3604.00	3605.00	3605.00	3606.00	3606.00	3606.00	3606.00	3607.00	3607.00	3607.00	3608.00	3608.00	3609.00	3609.00	3609.00	3609.00	3610.00	3610.00	3610.00	3611.00	3611.00	3612.00	3612.00	3613.00	3613.00	3614.00	3614.00	3614.00	3615.00	3615.00	3615.00	3616.00	3616.00	3616.00	3617.00	3617.00	3617.00	3618.00	3618.00	3618.00	3618.00	3618.00	3619.00	3619.00	3620.00	3620.00	3620.00	3620.00	3620.00	3620.00	3620.00	3620.00	3620.00	3620.00	3620.00	3620.00	3620.00	3621.00	3621.00	3621.00	3621.00	3621.00	3621.00	3621.00	3622.00	3622.00	3622.00	3622.00	3622.00	3622.00	3623.00	3623.00	3623.00	3623.00	3623.00	3623.00	3624.00	3624.00	3624.00	3624.00	3624.00	3624.00	3624.00	3625.00	3625.00	3625.00	3625.00	3626.00	3626.00	3626.00	3626.00	3626.00	3627.00	3627.00	3627.00	3628.00	3628.00	3629.00	3629.00	3629.00	3629.00	3629.00	3630.00	3630.00	3630.00	3630.00	3630.00	3630.00	3631.00	3631.00	3631.00	3632.00	3632.00	3632.00	3632.00	3632.00	3633.00	3633.00	3633.00	3634.00	3634.00	3634.00	3634.00	3634.00	3635.00	3635.00	3635.00	3635.00	3636.00	3637.00	3637.00	3638.00	3638.00	3638.00	3639.00	3639.00	3639.00	3640.00	3640.00	3640.00	3640.00	3640.00	3641.00	3641.00	3641.00	3642.00	3642.00	3642.00	3642.00	3643.00	3643.00	3643.00	3643.00	3643.00	3643.00	3644.00	3644.00	3644.00	3644.00	3644.00	3644.00	3645.00	3645.00
3586.00	3587.00	3587.00	3587.00	3588.00	3588.00	3588.00	3589.00	3589.00	3589.00	3589.00	3590.00	3590.00	3590.00	3590.00	3591.00	3591.00	3591.00	3592.00	3592.00	3592.00	3592.00	3593.00	3593.00	3593.00	3593.00	3593.00	3594.00	3594.00	3594.00	3595.00	3595.00	3595.00	3595.00	3596.00	3596.00	3596.00	3596.00	3596.00	3596.00	3596.00	3596.00	3597.00	3597.00	3597.00	3597.00	3597.00	3597.00	3598.00	3598.00	3598.00	3598.00	3598.00	3598.00	3599.00	3599.00	3599.00	3599.00	3599.00	3599.00	3600.00	3600.00	3600.00	3600.00	3600.00	3600.00	3601.00	3601.00	3601.00	3601.00	3601.00	3601.00	3601.00	3601.00	3601.00	3601.00	3601.00	3601.00	3601.00	3601.00	3602.00	3602.00	3602.00	3603.00	3603.00	3603.00	3603.00	3604.00	3604.00	3604.00	3604.00	3604.00	3604.00	3604.00	3605.00	3605.00	3606.00	3606.00	3606.00	3606.00	3607.00	3607.00	3607.00	3608.00	3608.00	3609.00	3609.00	3609.00	3609.00	3610.00	3610.00	3610.00	3611.00	3611.00	3612.00	3612.00	3613.00	3613.00	3614.00	3614.00	3614.00	3615.00	3615.00	3615.00	3616.00	3616.00	3616.00	3617.00	3617.00	3617.00	3618.00	3618.00	3618.00	3618.00	3618.00	3619.00	3619.00	3620.00	3620.00	3620.00	3620.00	3620.00	3620.00	3620.00	3620.00	3620.00	3620.00	3620.00	3620.00	3620.00	3621.00	3621.00	3621.00	3621.00	3621.00	3621.00	3621.00	3622.00	3622.00	3622.00	3622.00	3622.00	3622.00	3623.00	3623.00	3623.00	3623.00	3623.00	3623.00	3624.00	3624.00	3624.00	3624.00	3624.00	3624.00	3624.00	3625.00	3625.00	3625.00	3625.00	3626.00	3626.00	3626.00	3626.00	3626.00	3627.00	3627.00	3627.00	3628.00	3628.00	3629.00	3629.00	3629.00	3629.00	3629.00	3630.00	3630.00	3630.00	3630.00	3630.00	3630.00	3631.00	3631.00	3631.00	3632.00	3632.00	3632.00	3632.00	3632.00	3633.00	3633.00	3633.00	3634.00	3634.00	3634.00	3634.00	3634.00	3635.00	3635.00	3635.00	3635.00	3636.00	3637.00	3637.00	3638.00	3638.00	3638.00	3639.00	3639.00	3639.00	3640.00	3640.00	3640.00	3640.00	3640.00	3641.00	3641.00	3641.00	3642.00	3642.00	3642.00	3642.00	3643.00	3643.00	3643.00	3643.00	3643.00	3643.00	3644.00	3644.00	3644.00	3644.00	3644.00	3644.00	3645.00	3645.00
3586.00	3586.00	3587.00	3587.00	3588.00	3588.00	3588.00	3589.00	3589.00	3589.00	3589.00	3590.00	3590.00	3590.00	3590.00	3591.00	3591.00	3591.00	3592.00	3592.00	3593.00	3593.00	3593.00	3593.00	3594.00	3594.00	3594.00	3595.00	3595.00	3595.00	3595.00	3596.00	3596.00	3596.00	3596.00	3596.00	3597.00	3597.00	3597.00	3597.00	3597.00	3597.00	3598.00	3598.00	3598.00	3598.00	3598.00	3599.00	3599.00	3599.00	3599.00	3600.00	3600.00	3600.00	3600.00	3600.00	3601.00	3601.00	3601.00	3601.00	3601.00	3601.00	3602.00	3602.00	3602.00	3602.00	3602.00	3602.00	3602.00	3602.00	3602.00	3602.00	3602.00	3603.00	3603.00	3603.00	3603.00	3603.00	3603.00	3603.00	3603.00	3603.00	3604.00	3604.00	3604.00	3604.00	3604.00	3604.00	3604.00	3605.00	3605.00	3605.00	3605.00	3605.00	3605.00	3606.00	3606.00	3606.00	3606.00	3606.00	3606.00	3607.00	3607.00	3607.00	3607.00	3608.00	3608.00	3609.00	3609.00	3609.00	3610.00	3610.00	3610.00	3610.00	3611.00	3611.00	3612.00	3612.00	3613.00	3613.00	3613.00	3614.00	3614.00	3615.00	3615.00	3615.00	3616.00	3616.00	3617.00	3617.00	3617.00	3617.00	3618.00	3618.00	3618.00	3618.00	3619.00	3619.00	3619.00	3619.00	3619.00	3619.00	3620.00	3620.00	3620.00	3620.00	3620.00	3620.00	3620.00	3620.00	3621.00	3621.00	3621.00	3621.00	3621.00	3621.00	3621.00	3621.00	3621.00	3621.00	3622.00	3622.00	3622.00	3622.00	3622.00	3623.00	3623.00	3623.00	3623.00	3624.00	3624.00	3624.00	3624.00	3624.00	3624.00	3624.00	3625.00	3625.00	3625.00	3625.00	3626.00	3626.00	3626.00	3626.00	3626.00	3627.00	3627.00	3627.00	3628.00	3628.00	3629.00	3629.00	3629.00	3629.00	3629.00	3630.00	3630.00	3630.00	3630.00	3631.00	3631.00	3631.00	3631.00	3632.00	3632.00	3632.00	3633.00	3633.00	3633.00	3633.00	3634.00	3634.00	3634.00	3635.00	3635.00	3635.00	3635.00	3636.00	3636.00	3636.00	3637.00	3638.00	3638.00	3638.00	3639.00	3639.00	3640.00	3640.00	3640.00	3641.00	3641.00	3642.00	3642.00	3642.00	3642.00	3643.00	3643.00	3643.00	3644.00	3644.00	3644.00	3644.00	3645.00	3645.00	3645.00	3645.00	3645.00	3645.00	3645.00	3645.00	3646.00	3646.00	3646.00	3646.00	3646.00	3646.00
3586.00	3586.00	3587.00	3587.00	3588.00	3588.00	3588.00	3589.00	3589.00	3589.00	3589.00	3590.00	3590.00	3590.00	3590.00	3591.00	3591.00	3591.00	3592.00	3592.00	3593.00	3593.00	3593.00	3593.00	3594.00	3594.00	3594.00	3595.00	3595.00	3595.00	3595.00	3596.00	3596.00	3596.00	3596.00	3596.00	3597.00	3597.00	3597.00	3597.00	3597.00	3597.00	3598.00	3598.00	3598.00	3598.00	3598.00	3599.00	3599.00	3599.00	3599.00	3600.00	3600.00	3600.00	3600.00	3600.00	3601.00	3601.00	3601.00	3601.00	3601.00	3601.00	3602.00	3602.00	3602.00	3602.00	3602.00	3602.00	3602.00	3602.00	3602.00	3602.00	3602.00	3603.00	3603.00	3603.00	3603.00	3603.00	3603.00	3603.00	3603.00	3603.00	3604.00	3604.00	3604.00	3604.00	3604.00	3604.00	3604.00	3605.00	3605.00	3605.00	3605.00	3605.00	3605.00	3606.00	3606.00	3606.00	3606.00	3606.00	3606.00	3607.00	3607.00	3607.00	3607.00	3608.00	3608.00	3609.00	3609.00	3609.00	3610.00	3610.00	3610.00	3610.00	3611.00	3611.00	3612.00	3612.00	3613.00	3613.00	3613.00	3614.00	3614.00	3615.00	3615.00	3615.00	3616.00	3616.00	3617.00	3617.00	3617.00	3617.00	3618.00	3618.00	3618.00	3618.00	3619.00	3619.00	3619.00	3619.00	3619.00	3619.00	3620.00	3620.00	3620.00	3620.00	3620.00	3620.00	3620.00	3620.00	3621.00	3621.00	3621.00	3621.00	3621.00	3621.00	3621.00	3621.00	3621.00	3621.00	3622.00	3622.00	3622.00	3622.00	3622.00	3623.00	3623.00	3623.00	3623.00	3624.00	3624.00	3624.00	3624.00	3624.00	3624.00	3624.00	3625.00	3625.00	3625.00	3625.00	3626.00	3626.00	3626.00	3626.00	3626.00	3627.00	3627.00	3627.00	3628.00	3628.00	3629.00	3629.00	3629.00	3629.00	3629.00	3630.00	3630.00	3630.00	3630.00	3631.00	3631.00	3631.00	3631.00	3632.00	3632.00	3632.00	3633.00	3633.00	3633.00	3633.00	3634.00	3634.00	3634.00	3635.00	3635.00	3635.00	3635.00	3636.00	3636.00	3636.00	3637.00	3638.00	3638.00	3638.00	3639.00	3639.00	3640.00	3640.00	3640.00	3641.00	3641.00	3642.00	3642.00	3642.00	3642.00	3643.00	3643.00	3643.00	3644.00	3644.00	3644.00	3644.00	3645.00	3645.00	3645.00	3645.00	3645.00	3645.00	3645.00	3645.00	3646.00	3646.00	3646.00	3646.00	3646.00	3646.00
3586.00	3586.00	3587.00	3587.00	3588.00	3588.00	3588.00	3589.00	3589.00	3589.00	3589.00	3590.00	3590.00	3590.00	3590.00	3591.00	3591.00	3591.00	3592.00	3592.00	3593.00	3593.00	3593.00	3593.00	3594.00	3594.00	3594.00	3595.00	3595.00	3595.00	3595.00	3596.00	3596.00	3596.00	3596.00	3596.00	3597.00	3597.00	3597.00	3597.00	3597.00	3597.00	3598.00	3598.00	3598.00	3598.00	3598.00	3599.00	3599.00	3599.00	3599.00	3600.00	3600.00	3600.00	3600.00	3600.00	3601.00	3601.00	3601.00	3601.00	3601.00	3601.00	3602.00	3602.00	3602.00	3602.00	3602.00	3602.00	3602.00	3602.00	3602.00	3602.00	3602.00	3603.00	3603.00	3603.00	3603.00	3603.00	3603.00	3603.00	3603.00	3603.00	3604.00	3604.00	3604.00	3604.00	3604.00	3604.00	3604.00	3605.00	3605.00	3605.00	3605.00	3605.00	3605.00	3606.00	3606.00	3606.00	3606.00	3606.00	3606.00	3607.00	3607.00	3607.00	3607.00	3608.00	3608.00	3609.00	3609.00	3609.00	3610.00	3610.00	3610.00	3610.00	3611.00	3611.00	3612.00	3612.00	3613.00	3613.00	3613.00	3614.00	3614.00	3615.00	3615.00	3615.00	3616.00	3616.00	3617.00	3617.00	3617.00	3617.00	3618.00	3618.00	3618.00	3618.00	3619.00	3619.00	3619.00	3619.00	3619.00	3619.00	3620.00	3620.00	3620.00	3620.00	3620.00	3620.00	3620.00	3620.00	3621.00	3621.00	3621.00	3621.00	3621.00	3621.00	3621.00	3621.00	3621.00	3621.00	3622.00	3622.00	3622.00	3622.00	3622.00	3623.00	3623.00	3623.00	3623.00	3624.00	3624.00	3624.00	3624.00	3624.00	3624.00	3624.00	3625.00	3625.00	3625.00	3625.00	3626.00	3626.00	3626.00	3626.00	3626.00	3627.00	3627.00	3627.00	3628.00	3628.00	3629.00	3629.00	3629.00	3629.00	3629.00	3630.00	3630.00	3630.00	3630.00	3631.00	3631.00	3631.00	3631.00	3632.00	3632.00	3632.00	3633.00	3633.00	3633.00	3633.00	3634.00	3634.00	3634.00	3635.00	3635.00	3635.00	3635.00	3636.00	3636.00	3636.00	3637.00	3638.00	3638.00	3638.00	3639.00	3639.00	3640.00	3640.00	3640.00	3641.00	3641.00	3642.00	3642.00	3642.00	3642.00	3643.00	3643.00	3643.00	3644.00	3644.00	3644.00	3644.00	3645.00	3645.00	3645.00	3645.00	3645.00	3645.00	3645.00	3645.00	3646.00	3646.00	3646.00	3646.00	3646.00	3646.00
3586.00	3586.00	3587.00	3587.00	3588.00	3588.00	3588.00	3589.00	3589.00	3589.00	3589.00	3590.00	3590.00	3590.00	3590.00	3591.00	3591.00	3591.00	3592.00	3592.00	3593.00	3593.00	3593.00	3593.00	3594.00	3594.00	3594.00	3595.00	3595.00	3595.00	3595.00	3596.00	3596.00	3596.00	3596.00	3596.00	3597.00	3597.00	3597.00	3597.00	3597.00	3597.00	3598.00	3598.00	3598.00	3598.00	3598.00	3599.00	3599.00	3599.00	3599.00	3600.00	3600.00	3600.00	3600.00	3600.00	3601.00	3601.00	3601.00	3601.00	3601.00	3601.00	3602.00	3602.00	3602.00	3602.00	3602.00	3602.00	3602.00	3602.00	3602.00	3602.00	3602.00	3603.00	3603.00	3603.00	3603.00	3603.00	3603.00	3603.00	3603.00	3603.00	3604.00	3604.00	3604.00	3604.00	3604.00	3604.00	3604.00	3605.00	3605.00	3605.00	3605.00	3605.00	3605.00	3606.00	3606.00	3606.00	3606.00	3606.00	3606.00	3607.00	3607.00	3607.00	3607.00	3608.00	3608.00	3609.00	3609.00	3609.00	3610.00	3610.00	3610.00	3610.00	3611.00	3611.00	3612.00	3612.00	3613.00	3613.00	3613.00	3614.00	3614.00	3615.00	3615.00	3615.00	3616.00	3616.00	3617.00	3617.00	3617.00	3617.00	3618.00	3618.00	3618.00	3618.00	3619.00	3619.00	3619.00	3619.00	3619.00	3619.00	3620.00	3620.00	3620.00	3620.00	3620.00	3620.00	3620.00	3620.00	3621.00	3621.00	3621.00	3621.00	3621.00	3621.00	3621.00	3621.00	3621.00	3621.00	3622.00	3622.00	3622.00	3622.00	3622.00	3623.00	3623.00	3623.00	3623.00	3624.00	3624.00	3624.00	3624.00	3624.00	3624.00	3624.00	3625.00	3625.00	3625.00	3625.00	3626.00	3626.00	3626.00	3626.00	3626.00	3627.00	3627.00	3627.00	3628.00	3628.00	3629.00	3629.00	3629.00	3629.00	3629.00	3630.00	3630.00	3630.00	3630.00	3631.00	3631.00	3631.00	3631.00	3632.00	3632.00	3632.00	3633.00	3633.00	3633.00	3633.00	3634.00	3634.00	3634.00	3635.00	3635.00	3635.00	3635.00	3636.00	3636.00	3636.00	3637.00	3638.00	3638.00	3638.00	3639.00	3639.00	3640.00	3640.00	3640.00	3641.00	3641.00	3642.00	3642.00	3642.00	3642.00	3643.00	3643.00	3643.00	3644.00	3644.00	3644.00	3644.00	3645.00	3645.00	3645.00	3645.00	3645.00	3645.00	3645.00	3645.00	3646.00	3646.00	3646.00	3646.00	3646.00	3646.00
3586.00	3586.00	3587.00	3587.00	3588.00	3588.00	3588.00	3589.00	3589.00	3589.00	3589.00	3590.00	3590.00	3590.00	3590.00	3591.00	3591.00	3591.00	3592.00	3592.00	3593.00	3593.00	3593.00	3593.00	3594.00	3594.00	3594.00	3595.00	3595.00	3595.00	3595.00	3596.00	3596.00	3596.00	3596.00	3596.00	3597.00	3597.00	3597.00	3597.00	3597.00	3597.00	3598.00	3598.00	3598.00	3598.00	3598.00	3599.00	3599.00	3599.00	3599.00	3600.00	3600.00	3600.00	3600.00	3600.00	3601.00	3601.00	3601.00	3601.00	3601.00	3601.00	3602.00	3602.00	3602.00	3602.00	3602.00	3602.00	3602.00	3602.00	3602.00	3602.00	3602.00	3603.00	3603.00	3603.00	3603.00	3603.00	3603.00	3603.00	3603.00	3603.00	3604.00	3604.00	3604.00	3604.00	3604.00	3604.00	3604.00	3605.00	3605.00	3605.00	3605.00	3605.00	3605.00	3606.00	3606.00	3606.00	3606.00	3606.00	3606.00	3607.00	3607.00	3607.00	3607.00	3608.00	3608.00	3609.00	3609.00	3609.00	3610.00	3610.00	3610.00	3610.00	3611.00	3611.00	3612.00	3612.00	3613.00	3613.00	3613.00	3614.00	3614.00	3615.00	3615.00	3615.00	3616.00	3616.00	3617.00	3617.00	3617.00	3617.00	3618.00	3618.00	3618.00	3618.00	3619.00	3619.00	3619.00	3619.00	3619.00	3619.00	3620.00	3620.00	3620.00	3620.00	3620.00	3620.00	3620.00	3620.00	3621.00	3621.00	3621.00	3621.00	3621.00	3621.00	3621.00	3621.00	3621.00	3621.00	3622.00	3622.00	3622.00	3622.00	3622.00	3623.00	3623.00	3623.00	3623.00	3624.00	3624.00	3624.00	3624.00	3624.00	3624.00	3624.00	3625.00	3625.00	3625.00	3625.00	3626.00	3626.00	3626.00	3626.00	3626.00	3627.00	3627.00	3627.00	3628.00	3628.00	3629.00	3629.00	3629.00	3629.00	3629.00	3630.00	3630.00	3630.00	3630.00	3631.00	3631.00	3631.00	3631.00	3632.00	3632.00	3632.00	3633.00	3633.00	3633.00	3633.00	3634.00	3634.00	3634.00	3635.00	3635.00	3635.00	3635.00	3636.00	3636.00	3636.00	3637.00	3638.00	3638.00	3638.00	3639.00	3639.00	3640.00	3640.00	3640.00	3641.00	3641.00	3642.00	3642.00	3642.00	3642.00	3643.00	3643.00	3643.00	3644.00	3644.00	3644.00	3644.00	3645.00	3645.00	3645.00	3645.00	3645.00	3645.00	3645.00	3645.00	3646.00	3646.00	3646.00	3646.00	3646.00	3646.00
3586.00	3586.00	3587.00	3587.00	3588.00	3588.00	3588.00	3589.00	3589.00	3589.00	3589.00	3590.00	3590.00	3590.00	3590.00	3591.00	3591.00	3591.00	3592.00	3592.00	3593.00	3593.00	3593.00	3593.00	3594.00	3594.00	3594.00	3595.00	3595.00	3595.00	3595.00	3596.00	3596.00	3596.00	3596.00	3596.00	3597.00	3597.00	3597.00	3597.00	3597.00	3597.00	3598.00	3598.00	3598.00	3598.00	3598.00	3599.00	3599.00	3599.00	3599.00	3600.00	3600.00	3600.00	3600.00	3600.00	3601.00	3601.00	3601.00	3601.00	3601.00	3601.00	3602.00	3602.00	3602.00	3602.00	3602.00	3602.00	3602.00	3602.00	3602.00	3602.00	3602.00	3603.00	3603.00	3603.00	3603.00	3603.00	3603.00	3603.00	3603.00	3603.00	3604.00	3604.00	3604.00	3604.00	3604.00	3604.00	3604.00	3605.00	3605.00	3605.00	3605.00	3605.00	3605.00	3606.00	3606.00	3606.00	3606.00	3606.00	3606.00	3607.00	3607.00	3607.00	3607.00	3608.00	3608.00	3609.00	3609.00	3609.00	3610.00	3610.00	3610.00	3610.00	3611.00	3611.00	3612.00	3612.00	3613.00	3613.00	3613.00	3614.00	3614.00	3615.00	3615.00	3615.00	3616.00	3616.00	3617.00	3617.00	3617.00	3617.00	3618.00	3618.00	3618.00	3618.00	3619.00	3619.00	3619.00	3619.00	3619.00	3619.00	3620.00	3620.00	3620.00	3620.00	3620.00	3620.00	3620.00	3620.00	3621.00	3621.00	3621.00	3621.00	3621.00	3621.00	3621.00	3621.00	3621.00	3621.00	3622.00	3622.00	3622.00	3622.00	3622.00	3623.00	3623.00	3623.00	3623.00	3624.00	3624.00	3624.00	3624.00	3624.00	3624.00	3624.00	3625.00	3625.00	3625.00	3625.00	3626.00	3626.00	3626.00	3626.00	3626.00	3627.00	3627.00	3627.00	3628.00	3628.00	3629.00	3629.00	3629.00	3629.00	3629.00	3630.00	3630.00	3630.00	3630.00	3631.00	3631.00	3631.00	3631.00	3632.00	3632.00	3632.00	3633.00	3633.00	3633.00	3633.00	3634.00	3634.00	3634.00	3635.00	3635.00	3635.00	3635.00	3636.00	3636.00	3636.00	3637.00	3638.00	3638.00	3638.00	3639.00	3639.00	3640.00	3640.00	3640.00	3641.00	3641.00	3642.00	3642.00	3642.00	3642.00	3643.00	3643.00	3643.00	3644.00	3644.00	3644.00	3644.00	3645.00	3645.00	3645.00	3645.00	3645.00	3645.00	3645.00	3645.00	3646.00	3646.00	3646.00	3646.00	3646.00	3646.00
3586.00	3587.00	3587.00	3587.00	3588.00	3588.00	3588.00	3589.00	3589.00	3589.00	3589.00	3590.00	3590.00	3590.00	3590.00	3591.00	3591.00	3591.00	3592.00	3592.00	3593.00	3593.00	3593.00	3593.00	3594.00	3594.00	3594.00	3595.00	3595.00	3595.00	3595.00	3596.00	3596.00	3596.00	3597.00	3597.00	3597.00	3597.00	3598.00	3598.00	3598.00	3598.00	3599.00	3599.00	3599.00	3599.00	3599.00	3599.00	3600.00	3600.00	3600.00	3601.00	3601.00	3601.00	3601.00	3601.00	3602.00	3602.00	3602.00	3602.00	3602.00	3602.00	3603.00	3603.00	3603.00	3603.00	3603.00	3603.00	3603.00	3604.00	3604.00	3604.00	3604.00	3604.00	3604.00	3604.00	3604.00	3604.00	3604.00	3604.00	3604.00	3604.00	3604.00	3605.00	3605.00	3605.00	3605.00	3605.00	3605.00	3605.00	3605.00	3605.00	3605.00	3605.00	3605.00	3606.00	3606.00	3606.00	3606.00	3606.00	3606.00	3607.00	3607.00	3607.00	3607.00	3608.00	3608.00	3609.00	3609.00	3609.00	3610.00	3610.00	3610.00	3610.00	3610.00	3611.00	3611.00	3611.00	3612.00	3612.00	3612.00	3613.00	3613.00	3614.00	3614.00	3614.00	3615.00	3615.00	3616.00	3616.00	3616.00	3616.00	3617.00	3617.00	3617.00	3618.00	3618.00	3619.00	3619.00	3619.00	3619.00	3619.00	3619.00	3619.00	3620.00	3620.00	3620.00	3620.00	3620.00	3620.00	3620.00	3620.00	3620.00	3620.00	3620.00	3620.00	3621.00	3621.00	3621.00	3621.00	3622.00	3622.00	3622.00	3622.00	3622.00	3623.00	3623.00	3623.00	3623.00	3624.00	3624.00	3624.00	3624.00	3624.00	3625.00	3625.00	3625.00	3626.00	3626.00	3626.00	3626.00	3627.00	3627.00	3627.00	3627.00	3627.00	3627.00	3627.00	3628.00	3628.00	3629.00	3629.00	3629.00	3629.00	3630.00	3630.00	3630.00	3631.00	3631.00	3631.00	3631.00	3632.00	3632.00	3632.00	3633.00	3633.00	3633.00	3633.00	3634.00	3634.00	3635.00	3635.00	3635.00	3636.00	3636.00	3636.00	3636.00	3637.00	3637.00	3637.00	3638.00	3639.00	3640.00	3640.00	3641.00	3641.00	3642.00	3642.00	3642.00	3643.00	3643.00	3644.00	3644.00	3644.00	3644.00	3645.00	3645.00	3645.00	3646.00	3646.00	3646.00	3646.00	3647.00	3647.00	3647.00	3647.00	3647.00	3647.00	3647.00	3647.00	3648.00	3648.00	3648.00	3648.00	3648.00	3648.00
3586.00	3587.00	3587.00	3587.00	3588.00	3588.00	3588.00	3589.00	3589.00	3589.00	3589.00	3590.00	3590.00	3590.00	3590.00	3591.00	3591.00	3591.00	3592.00	3592.00	3593.00	3593.00	3593.00	3593.00	3594.00	3594.00	3594.00	3595.00	3595.00	3595.00	3595.00	3596.00	3596.00	3596.00	3597.00	3597.00	3597.00	3597.00	3598.00	3598.00	3598.00	3598.00	3599.00	3599.00	3599.00	3599.00	3599.00	3599.00	3600.00	3600.00	3600.00	3601.00	3601.00	3601.00	3601.00	3601.00	3602.00	3602.00	3602.00	3602.00	3602.00	3602.00	3603.00	3603.00	3603.00	3603.00	3603.00	3603.00	3603.00	3604.00	3604.00	3604.00	3604.00	3604.00	3604.00	3604.00	3604.00	3604.00	3604.00	3604.00	3604.00	3604.00	3604.00	3605.00	3605.00	3605.00	3605.00	3605.00	3605.00	3605.00	3605.00	3605.00	3605.00	3605.00	3605.00	3606.00	3606.00	3606.00	3606.00	3606.00	3606.00	3607.00	3607.00	3607.00	3607.00	3608.00	3608.00	3609.00	3609.00	3609.00	3610.00	3610.00	3610.00	3610.00	3610.00	3611.00	3611.00	3611.00	3612.00	3612.00	3612.00	3613.00	3613.00	3614.00	3614.00	3614.00	3615.00	3615.00	3616.00	3616.00	3616.00	3616.00	3617.00	3617.00	3617.00	3618.00	3618.00	3619.00	3619.00	3619.00	3619.00	3619.00	3619.00	3619.00	3620.00	3620.00	3620.00	3620.00	3620.00	3620.00	3620.00	3620.00	3620.00	3620.00	3620.00	3620.00	3621.00	3621.00	3621.00	3621.00	3622.00	3622.00	3622.00	3622.00	3622.00	3623.00	3623.00	3623.00	3623.00	3624.00	3624.00	3624.00	3624.00	3624.00	3625.00	3625.00	3625.00	3626.00	3626.00	3626.00	3626.00	3627.00	3627.00	3627.00	3627.00	3627.00	3627.00	3627.00	3628.00	3628.00	3629.00	3629.00	3629.00	3629.00	3630.00	3630.00	3630.00	3631.00	3631.00	3631.00	3631.00	3632.00	3632.00	3632.00	3633.00	3633.00	3633.00	3633.00	3634.00	3634.00	3635.00	3635.00	3635.00	3636.00	3636.00	3636.00	3636.00	3637.00	3637.00	3637.00	3638.00	3639.00	3640.00	3640.00	3641.00	3641.00	3642.00	3642.00	3642.00	3643.00	3643.00	3644.00	3644.00	3644.00	3644.00	3645.00	3645.00	3645.00	3646.00	3646.00	3646.00	3646.00	3647.00	3647.00	3647.00	3647.00	3647.00	3647.00	3647.00	3647.00	3648.00	3648.00	3648.00	3648.00	3648.00	3648.00
3586.00	3587.00	3587.00	3587.00	3588.00	3588.00	3588.00	3589.00	3589.00	3589.00	3589.00	3590.00	3590.00	3590.00	3590.00	3591.00	3591.00	3591.00	3592.00	3592.00	3593.00	3593.00	3593.00	3593.00	3594.00	3594.00	3594.00	3595.00	3595.00	3595.00	3595.00	3596.00	3596.00	3596.00	3597.00	3597.00	3597.00	3597.00	3598.00	3598.00	3598.00	3598.00	3599.00	3599.00	3599.00	3599.00	3599.00	3599.00	3600.00	3600.00	3600.00	3601.00	3601.00	3601.00	3601.00	3601.00	3602.00	3602.00	3602.00	3602.00	3602.00	3602.00	3603.00	3603.00	3603.00	3603.00	3603.00	3603.00	3603.00	3604.00	3604.00	3604.00	3604.00	3604.00	3604.00	3604.00	3604.00	3604.00	3604.00	3604.00	3604.00	3604.00	3604.00	3605.00	3605.00	3605.00	3605.00	3605.00	3605.00	3605.00	3605.00	3605.00	3605.00	3605.00	3605.00	3606.00	3606.00	3606.00	3606.00	3606.00	3606.00	3607.00	3607.00	3607.00	3607.00	3608.00	3608.00	3609.00	3609.00	3609.00	3610.00	3610.00	3610.00	3610.00	3610.00	3611.00	3611.00	3611.00	3612.00	3612.00	3612.00	3613.00	3613.00	3614.00	3614.00	3614.00	3615.00	3615.00	3616.00	3616.00	3616.00	3616.00	3617.00	3617.00	3617.00	3618.00	3618.00	3619.00	3619.00	3619.00	3619.00	3619.00	3619.00	3619.00	3620.00	3620.00	3620.00	3620.00	3620.00	3620.00	3620.00	3620.00	3620.00	3620.00	3620.00	3620.00	3621.00	3621.00	3621.00	3621.00	3622.00	3622.00	3622.00	3622.00	3622.00	3623.00	3623.00	3623.00	3623.00	3624.00	3624.00	3624.00	3624.00	3624.00	3625.00	3625.00	3625.00	3626.00	3626.00	3626.00	3626.00	3627.00	3627.00	3627.00	3627.00	3627.00	3627.00	3627.00	3628.00	3628.00	3629.00	3629.00	3629.00	3629.00	3630.00	3630.00	3630.00	3631.00	3631.00	3631.00	3631.00	3632.00	3632.00	3632.00	3633.00	3633.00	3633.00	3633.00	3634.00	3634.00	3635.00	3635.00	3635.00	3636.00	3636.00	3636.00	3636.00	3637.00	3637.00	3637.00	3638.00	3639.00	3640.00	3640.00	3641.00	3641.00	3642.00	3642.00	3642.00	3643.00	3643.00	3644.00	3644.00	3644.00	3644.00	3645.00	3645.00	3645.00	3646.00	3646.00	3646.00	3646.00	3647.00	3647.00	3647.00	3647.00	3647.00	3647.00	3647.00	3647.00	3648.00	3648.00	3648.00	3648.00	3648.00	3648.00
3586.00	3587.00	3587.00	3587.00	3588.00	3588.00	3588.00	3589.00	3589.00	3589.00	3589.00	3590.00	3590.00	3590.00	3590.00	3591.00	3591.00	3591.00	3592.00	3592.00	3593.00	3593.00	3593.00	3593.00	3594.00	3594.00	3594.00	3595.00	3595.00	3595.00	3595.00	3596.00	3596.00	3596.00	3597.00	3597.00	3597.00	3597.00	3598.00	3598.00	3598.00	3598.00	3599.00	3599.00	3599.00	3599.00	3599.00	3599.00	3600.00	3600.00	3600.00	3601.00	3601.00	3601.00	3601.00	3601.00	3602.00	3602.00	3602.00	3602.00	3602.00	3602.00	3603.00	3603.00	3603.00	3603.00	3603.00	3603.00	3603.00	3604.00	3604.00	3604.00	3604.00	3604.00	3604.00	3604.00	3604.00	3604.00	3604.00	3604.00	3604.00	3604.00	3604.00	3605.00	3605.00	3605.00	3605.00	3605.00	3605.00	3605.00	3605.00	3605.00	3605.00	3605.00	3605.00	3606.00	3606.00	3606.00	3606.00	3606.00	3606.00	3607.00	3607.00	3607.00	3607.00	3608.00	3608.00	3609.00	3609.00	3609.00	3610.00	3610.00	3610.00	3610.00	3610.00	3611.00	3611.00	3611.00	3612.00	3612.00	3612.00	3613.00	3613.00	3614.00	3614.00	3614.00	3615.00	3615.00	3616.00	3616.00	3616.00	3616.00	3617.00	3617.00	3617.00	3618.00	3618.00	3619.00	3619.00	3619.00	3619.00	3619.00	3619.00	3619.00	3620.00	3620.00	3620.00	3620.00	3620.00	3620.00	3620.00	3620.00	3620.00	3620.00	3620.00	3620.00	3621.00	3621.00	3621.00	3621.00	3622.00	3622.00	3622.00	3622.00	3622.00	3623.00	3623.00	3623.00	3623.00	3624.00	3624.00	3624.00	3624.00	3624.00	3625.00	3625.00	3625.00	3626.00	3626.00	3626.00	3626.00	3627.00	3627.00	3627.00	3627.00	3627.00	3627.00	3627.00	3628.00	3628.00	3629.00	3629.00	3629.00	3629.00	3630.00	3630.00	3630.00	3631.00	3631.00	3631.00	3631.00	3632.00	3632.00	3632.00	3633.00	3633.00	3633.00	3633.00	3634.00	3634.00	3635.00	3635.00	3635.00	3636.00	3636.00	3636.00	3636.00	3637.00	3637.00	3637.00	3638.00	3639.00	3640.00	3640.00	3641.00	3641.00	3642.00	3642.00	3642.00	3643.00	3643.00	3644.00	3644.00	3644.00	3644.00	3645.00	3645.00	3645.00	3646.00	3646.00	3646.00	3646.00	3647.00	3647.00	3647.00	3647.00	3647.00	3647.00	3647.00	3647.00	3648.00	3648.00	3648.00	3648.00	3648.00	3648.00
3586.00	3587.00	3587.00	3587.00	3588.00	3588.00	3588.00	3589.00	3589.00	3589.00	3589.00	3590.00	3590.00	3590.00	3590.00	3591.00	3591.00	3591.00	3592.00	3592.00	3593.00	3593.00	3593.00	3593.00	3594.00	3594.00	3594.00	3595.00	3595.00	3595.00	3595.00	3596.00	3596.00	3596.00	3597.00	3597.00	3597.00	3597.00	3598.00	3598.00	3598.00	3598.00	3599.00	3599.00	3599.00	3599.00	3599.00	3599.00	3600.00	3600.00	3600.00	3601.00	3601.00	3601.00	3601.00	3601.00	3602.00	3602.00	3602.00	3602.00	3602.00	3602.00	3603.00	3603.00	3603.00	3603.00	3603.00	3603.00	3603.00	3604.00	3604.00	3604.00	3604.00	3604.00	3604.00	3604.00	3604.00	3604.00	3604.00	3604.00	3604.00	3604.00	3604.00	3605.00	3605.00	3605.00	3605.00	3605.00	3605.00	3605.00	3605.00	3605.00	3605.00	3605.00	3605.00	3606.00	3606.00	3606.00	3606.00	3606.00	3606.00	3607.00	3607.00	3607.00	3607.00	3608.00	3608.00	3609.00	3609.00	3609.00	3610.00	3610.00	3610.00	3610.00	3610.00	3611.00	3611.00	3611.00	3612.00	3612.00	3612.00	3613.00	3613.00	3614.00	3614.00	3614.00	3615.00	3615.00	3616.00	3616.00	3616.00	3616.00	3617.00	3617.00	3617.00	3618.00	3618.00	3619.00	3619.00	3619.00	3619.00	3619.00	3619.00	3619.00	3620.00	3620.00	3620.00	3620.00	3620.00	3620.00	3620.00	3620.00	3620.00	3620.00	3620.00	3620.00	3621.00	3621.00	3621.00	3621.00	3622.00	3622.00	3622.00	3622.00	3622.00	3623.00	3623.00	3623.00	3623.00	3624.00	3624.00	3624.00	3624.00	3624.00	3625.00	3625.00	3625.00	3626.00	3626.00	3626.00	3626.00	3627.00	3627.00	3627.00	3627.00	3627.00	3627.00	3627.00	3628.00	3628.00	3629.00	3629.00	3629.00	3629.00	3630.00	3630.00	3630.00	3631.00	3631.00	3631.00	3631.00	3632.00	3632.00	3632.00	3633.00	3633.00	3633.00	3633.00	3634.00	3634.00	3635.00	3635.00	3635.00	3636.00	3636.00	3636.00	3636.00	3637.00	3637.00	3637.00	3638.00	3639.00	3640.00	3640.00	3641.00	3641.00	3642.00	3642.00	3642.00	3643.00	3643.00	3644.00	3644.00	3644.00	3644.00	3645.00	3645.00	3645.00	3646.00	3646.00	3646.00	3646.00	3647.00	3647.00	3647.00	3647.00	3647.00	3647.00	3647.00	3647.00	3648.00	3648.00	3648.00	3648.00	3648.00	3648.00
3586.00	3587.00	3587.00	3587.00	3588.00	3588.00	3588.00	3589.00	3589.00	3589.00	3589.00	3590.00	3590.00	3590.00	3590.00	3591.00	3591.00	3591.00	3592.00	3592.00	3593.00	3593.00	3593.00	3593.00	3594.00	3594.00	3594.00	3595.00	3595.00	3595.00	3595.00	3596.00	3596.00	3596.00	3597.00	3597.00	3597.00	3597.00	3598.00	3598.00	3598.00	3598.00	3599.00	3599.00	3599.00	3599.00	3599.00	3599.00	3600.00	3600.00	3600.00	3601.00	3601.00	3601.00	3601.00	3601.00	3602.00	3602.00	3602.00	3602.00	3602.00	3602.00	3603.00	3603.00	3603.00	3603.00	3603.00	3603.00	3603.00	3604.00	3604.00	3604.00	3604.00	3604.00	3604.00	3604.00	3604.00	3604.00	3604.00	3604.00	3604.00	3604.00	3604.00	3605.00	3605.00	3605.00	3605.00	3605.00	3605.00	3605.00	3605.00	3605.00	3605.00	3605.00	3605.00	3606.00	3606.00	3606.00	3606.00	3606.00	3606.00	3607.00	3607.00	3607.00	3607.00	3608.00	3608.00	3609.00	3609.00	3609.00	3610.00	3610.00	3610.00	3610.00	3610.00	3611.00	3611.00	3611.00	3612.00	3612.00	3612.00	3613.00	3613.00	3614.00	3614.00	3614.00	3615.00	3615.00	3616.00	3616.00	3616.00	3616.00	3617.00	3617.00	3617.00	3618.00	3618.00	3619.00	3619.00	3619.00	3619.00	3619.00	3619.00	3619.00	3620.00	3620.00	3620.00	3620.00	3620.00	3620.00	3620.00	3620.00	3620.00	3620.00	3620.00	3620.00	3621.00	3621.00	3621.00	3621.00	3622.00	3622.00	3622.00	3622.00	3622.00	3623.00	3623.00	3623.00	3623.00	3624.00	3624.00	3624.00	3624.00	3624.00	3625.00	3625.00	3625.00	3626.00	3626.00	3626.00	3626.00	3627.00	3627.00	3627.00	3627.00	3627.00	3627.00	3627.00	3628.00	3628.00	3629.00	3629.00	3629.00	3629.00	3630.00	3630.00	3630.00	3631.00	3631.00	3631.00	3631.00	3632.00	3632.00	3632.00	3633.00	3633.00	3633.00	3633.00	3634.00	3634.00	3635.00	3635.00	3635.00	3636.00	3636.00	3636.00	3636.00	3637.00	3637.00	3637.00	3638.00	3639.00	3640.00	3640.00	3641.00	3641.00	3642.00	3642.00	3642.00	3643.00	3643.00	3644.00	3644.00	3644.00	3644.00	3645.00	3645.00	3645.00	3646.00	3646.00	3646.00	3646.00	3647.00	3647.00	3647.00	3647.00	3647.00	3647.00	3647.00	3647.00	3648.00	3648.00	3648.00	3648.00	3648.00	3648.00
3587.00	3588.00	3588.00	3588.00	3589.00	3589.00	3589.00	3590.00	3590.00	3590.00	3590.00	3591.00	3591.00	3591.00	3591.00	3592.00	3592.00	3592.00	3593.00	3593.00	3593.00	3593.00	3594.00	3594.00	3594.00	3594.00	3594.00	3595.00	3595.00	3595.00	3596.00	3597.00	3597.00	3597.00	3598.00	3598.00	3598.00	3598.00	3599.00	3599.00	3599.00	3599.00	3599.00	3600.00	3600.00	3600.00	3600.00	3600.00	3601.00	3601.00	3601.00	3602.00	3602.00	3602.00	3602.00	3602.00	3603.00	3603.00	3603.00	3603.00	3603.00	3603.00	3603.00	3604.00	3604.00	3604.00	3604.00	3604.00	3604.00	3605.00	3605.00	3605.00	3605.00	3605.00	3605.00	3605.00	3605.00	3605.00	3605.00	3605.00	3605.00	3605.00	3605.00	3606.00	3606.00	3606.00	3606.00	3606.00	3606.00	3606.00	3606.00	3606.00	3606.00	3606.00	3606.00	3606.00	3607.00	3607.00	3607.00	3607.00	3607.00	3607.00	3607.00	3608.00	3608.00	3608.00	3608.00	3609.00	3609.00	3609.00	3610.00	3610.00	3610.00	3610.00	3610.00	3611.00	3611.00	3611.00	3612.00	3612.00	3612.00	3613.00	3613.00	3613.00	3614.00	3614.00	3614.00	3615.00	3615.00	3615.00	3615.00	3615.00	3616.00	3616.00	3616.00	3617.00	3617.00	3618.00	3618.00	3618.00	3618.00	3618.00	3618.00	3618.00	3619.00	3619.00	3619.00	3619.00	3619.00	3619.00	3620.00	3620.00	3620.00	3620.00	3621.00	3621.00	3621.00	3622.00	3622.00	3622.00	3622.00	3622.00	3623.00	3623.00	3623.00	3623.00	3623.00	3623.00	3624.00	3624.00	3624.00	3625.00	3625.00	3625.00	3626.00	3626.00	3626.00	3627.00	3627.00	3627.00	3627.00	3628.00	3628.00	3628.00	3628.00	3628.00	3628.00	3628.00	3629.00	3629.00	3630.00	3630.00	3630.00	3630.00	3630.00	3631.00	3631.00	3631.00	3631.00	3631.00	3631.00	3632.00	3632.00	3632.00	3633.00	3633.00	3633.00	3633.00	3634.00	3635.00	3635.00	3635.00	3636.00	3637.00	3637.00	3638.00	3638.00	3638.00	3639.00	3639.00	3640.00	3641.00	3642.00	3642.00	3642.00	3642.00	3643.00	3644.00	3644.00	3645.00	3645.00	3646.00	3646.00	3647.00	3647.00	3647.00	3648.00	3648.00	3648.00	3648.00	3648.00	3648.00	3648.00	3648.00	3649.00	3649.00	3649.00	3649.00	3649.00	3649.00	3649.00	3649.00	3650.00	3650.00	3650.00	3650.00
3587.00	3588.00	3588.00	3588.00	3589.00	3589.00	3589.00	3590.00	3590.00	3590.00	3590.00	3591.00	3591.00	3591.00	3591.00	3592.00	3592.00	3592.00	3593.00	3593.00	3593.00	3593.00	3594.00	3594.00	3594.00	3594.00	3594.00	3595.00	3595.00	3595.00	3596.00	3597.00	3597.00	3597.00	3598.00	3598.00	3598.00	3598.00	3599.00	3599.00	3599.00	3599.00	3599.00	3600.00	3600.00	3600.00	3600.00	3600.00	3601.00	3601.00	3601.00	3602.00	3602.00	3602.00	3602.00	3602.00	3603.00	3603.00	3603.00	3603.00	3603.00	3603.00	3603.00	3604.00	3604.00	3604.00	3604.00	3604.00	3604.00	3605.00	3605.00	3605.00	3605.00	3605.00	3605.00	3605.00	3605.00	3605.00	3605.00	3605.00	3605.00	3605.00	3605.00	3606.00	3606.00	3606.00	3606.00	3606.00	3606.00	3606.00	3606.00	3606.00	3606.00	3606.00	3606.00	3606.00	3607.00	3607.00	3607.00	3607.00	3607.00	3607.00	3607.00	3608.00	3608.00	3608.00	3608.00	3609.00	3609.00	3609.00	3610.00	3610.00	3610.00	3610.00	3610.00	3611.00	3611.00	3611.00	3612.00	3612.00	3612.00	3613.00	3613.00	3613.00	3614.00	3614.00	3614.00	3615.00	3615.00	3615.00	3615.00	3615.00	3616.00	3616.00	3616.00	3617.00	3617.00	3618.00	3618.00	3618.00	3618.00	3618.00	3618.00	3618.00	3619.00	3619.00	3619.00	3619.00	3619.00	3619.00	3620.00	3620.00	3620.00	3620.00	3621.00	3621.00	3621.00	3622.00	3622.00	3622.00	3622.00	3622.00	3623.00	3623.00	3623.00	3623.00	3623.00	3623.00	3624.00	3624.00	3624.00	3625.00	3625.00	3625.00	3626.00	3626.00	3626.00	3627.00	3627.00	3627.00	3627.00	3628.00	3628.00	3628.00	3628.00	3628.00	3628.00	3628.00	3629.00	3629.00	3630.00	3630.00	3630.00	3630.00	3630.00	3631.00	3631.00	3631.00	3631.00	3631.00	3631.00	3632.00	3632.00	3632.00	3633.00	3633.00	3633.00	3633.00	3634.00	3635.00	3635.00	3635.00	3636.00	3637.00	3637.00	3638.00	3638.00	3638.00	3639.00	3639.00	3640.00	3641.00	3642.00	3642.00	3642.00	3642.00	3643.00	3644.00	3644.00	3645.00	3645.00	3646.00	3646.00	3647.00	3647.00	3647.00	3648.00	3648.00	3648.00	3648.00	3648.00	3648.00	3648.00	3648.00	3649.00	3649.00	3649.00	3649.00	3649.00	3649.00	3649.00	3649.00	3650.00	3650.00	3650.00	3650.00
3587.00	3588.00	3588.00	3588.00	3589.00	3589.00	3589.00	3590.00	3590.00	3590.00	3590.00	3591.00	3591.00	3591.00	3591.00	3592.00	3592.00	3592.00	3593.00	3593.00	3593.00	3593.00	3594.00	3594.00	3594.00	3594.00	3594.00	3595.00	3595.00	3595.00	3596.00	3597.00	3597.00	3597.00	3598.00	3598.00	3598.00	3598.00	3599.00	3599.00	3599.00	3599.00	3599.00	3600.00	3600.00	3600.00	3600.00	3600.00	3601.00	3601.00	3601.00	3602.00	3602.00	3602.00	3602.00	3602.00	3603.00	3603.00	3603.00	3603.00	3603.00	3603.00	3603.00	3604.00	3604.00	3604.00	3604.00	3604.00	3604.00	3605.00	3605.00	3605.00	3605.00	3605.00	3605.00	3605.00	3605.00	3605.00	3605.00	3605.00	3605.00	3605.00	3605.00	3606.00	3606.00	3606.00	3606.00	3606.00	3606.00	3606.00	3606.00	3606.00	3606.00	3606.00	3606.00	3606.00	3607.00	3607.00	3607.00	3607.00	3607.00	3607.00	3607.00	3608.00	3608.00	3608.00	3608.00	3609.00	3609.00	3609.00	3610.00	3610.00	3610.00	3610.00	3610.00	3611.00	3611.00	3611.00	3612.00	3612.00	3612.00	3613.00	3613.00	3613.00	3614.00	3614.00	3614.00	3615.00	3615.00	3615.00	3615.00	3615.00	3616.00	3616.00	3616.00	3617.00	3617.00	3618.00	3618.00	3618.00	3618.00	3618.00	3618.00	3618.00	3619.00	3619.00	3619.00	3619.00	3619.00	3619.00	3620.00	3620.00	3620.00	3620.00	3621.00	3621.00	3621.00	3622.00	3622.00	3622.00	3622.00	3622.00	3623.00	3623.00	3623.00	3623.00	3623.00	3623.00	3624.00	3624.00	3624.00	3625.00	3625.00	3625.00	3626.00	3626.00	3626.00	3627.00	3627.00	3627.00	3627.00	3628.00	3628.00	3628.00	3628.00	3628.00	3628.00	3628.00	3629.00	3629.00	3630.00	3630.00	3630.00	3630.00	3630.00	3631.00	3631.00	3631.00	3631.00	3631.00	3631.00	3632.00	3632.00	3632.00	3633.00	3633.00	3633.00	3633.00	3634.00	3635.00	3635.00	3635.00	3636.00	3637.00	3637.00	3638.00	3638.00	3638.00	3639.00	3639.00	3640.00	3641.00	3642.00	3642.00	3642.00	3642.00	3643.00	3644.00	3644.00	3645.00	3645.00	3646.00	3646.00	3647.00	3647.00	3647.00	3648.00	3648.00	3648.00	3648.00	3648.00	3648.00	3648.00	3648.00	3649.00	3649.00	3649.00	3649.00	3649.00	3649.00	3649.00	3649.00	3650.00	3650.00	3650.00	3650.00
3587.00	3588.00	3588.00	3588.00	3589.00	3589.00	3589.00	3590.00	3590.00	3590.00	3590.00	3591.00	3591.00	3591.00	3591.00	3592.00	3592.00	3592.00	3593.00	3593.00	3593.00	3593.00	3594.00	3594.00	3594.00	3594.00	3594.00	3595.00	3595.00	3595.00	3596.00	3597.00	3597.00	3597.00	3598.00	3598.00	3598.00	3598.00	3599.00	3599.00	3599.00	3599.00	3599.00	3600.00	3600.00	3600.00	3600.00	3600.00	3601.00	3601.00	3601.00	3602.00	3602.00	3602.00	3602.00	3602.00	3603.00	3603.00	3603.00	3603.00	3603.00	3603.00	3603.00	3604.00	3604.00	3604.00	3604.00	3604.00	3604.00	3605.00	3605.00	3605.00	3605.00	3605.00	3605.00	3605.00	3605.00	3605.00	3605.00	3605.00	3605.00	3605.00	3605.00	3606.00	3606.00	3606.00	3606.00	3606.00	3606.00	3606.00	3606.00	3606.00	3606.00	3606.00	3606.00	3606.00	3607.00	3607.00	3607.00	3607.00	3607.00	3607.00	3607.00	3608.00	3608.00	3608.00	3608.00	3609.00	3609.00	3609.00	3610.00	3610.00	3610.00	3610.00	3610.00	3611.00	3611.00	3611.00	3612.00	3612.00	3612.00	3613.00	3613.00	3613.00	3614.00	3614.00	3614.00	3615.00	3615.00	3615.00	3615.00	3615.00	3616.00	3616.00	3616.00	3617.00	3617.00	3618.00	3618.00	3618.00	3618.00	3618.00	3618.00	3618.00	3619.00	3619.00	3619.00	3619.00	3619.00	3619.00	3620.00	3620.00	3620.00	3620.00	3621.00	3621.00	3621.00	3622.00	3622.00	3622.00	3622.00	3622.00	3623.00	3623.00	3623.00	3623.00	3623.00	3623.00	3624.00	3624.00	3624.00	3625.00	3625.00	3625.00	3626.00	3626.00	3626.00	3627.00	3627.00	3627.00	3627.00	3628.00	3628.00	3628.00	3628.00	3628.00	3628.00	3628.00	3629.00	3629.00	3630.00	3630.00	3630.00	3630.00	3630.00	3631.00	3631.00	3631.00	3631.00	3631.00	3631.00	3632.00	3632.00	3632.00	3633.00	3633.00	3633.00	3633.00	3634.00	3635.00	3635.00	3635.00	3636.00	3637.00	3637.00	3638.00	3638.00	3638.00	3639.00	3639.00	3640.00	3641.00	3642.00	3642.00	3642.00	3642.00	3643.00	3644.00	3644.00	3645.00	3645.00	3646.00	3646.00	3647.00	3647.00	3647.00	3648.00	3648.00	3648.00	3648.00	3648.00	3648.00	3648.00	3648.00	3649.00	3649.00	3649.00	3649.00	3649.00	3649.00	3649.00	3649.00	3650.00	3650.00	3650.00	3650.00
3587.00	3588.00	3588.00	3588.00	3589.00	3589.00	3589.00	3590.00	3590.00	3590.00	3590.00	3591.00	3591.00	3591.00	3591.00	3592.00	3592.00	3592.00	3593.00	3593.00	3593.00	3593.00	3594.00	3594.00	3594.00	3594.00	3594.00	3595.00	3595.00	3595.00	3596.00	3597.00	3597.00	3597.00	3598.00	3598.00	3598.00	3598.00	3599.00	3599.00	3599.00	3599.00	3599.00	3600.00	3600.00	3600.00	3600.00	3600.00	3601.00	3601.00	3601.00	3602.00	3602.00	3602.00	3602.00	3602.00	3603.00	3603.00	3603.00	3603.00	3603.00	3603.00	3603.00	3604.00	3604.00	3604.00	3604.00	3604.00	3604.00	3605.00	3605.00	3605.00	3605.00	3605.00	3605.00	3605.00	3605.00	3605.00	3605.00	3605.00	3605.00	3605.00	3605.00	3606.00	3606.00	3606.00	3606.00	3606.00	3606.00	3606.00	3606.00	3606.00	3606.00	3606.00	3606.00	3606.00	3607.00	3607.00	3607.00	3607.00	3607.00	3607.00	3607.00	3608.00	3608.00	3608.00	3608.00	3609.00	3609.00	3609.00	3610.00	3610.00	3610.00	3610.00	3610.00	3611.00	3611.00	3611.00	3612.00	3612.00	3612.00	3613.00	3613.00	3613.00	3614.00	3614.00	3614.00	3615.00	3615.00	3615.00	3615.00	3615.00	3616.00	3616.00	3616.00	3617.00	3617.00	3618.00	3618.00	3618.00	3618.00	3618.00	3618.00	3618.00	3619.00	3619.00	3619.00	3619.00	3619.00	3619.00	3620.00	3620.00	3620.00	3620.00	3621.00	3621.00	3621.00	3622.00	3622.00	3622.00	3622.00	3622.00	3623.00	3623.00	3623.00	3623.00	3623.00	3623.00	3624.00	3624.00	3624.00	3625.00	3625.00	3625.00	3626.00	3626.00	3626.00	3627.00	3627.00	3627.00	3627.00	3628.00	3628.00	3628.00	3628.00	3628.00	3628.00	3628.00	3629.00	3629.00	3630.00	3630.00	3630.00	3630.00	3630.00	3631.00	3631.00	3631.00	3631.00	3631.00	3631.00	3632.00	3632.00	3632.00	3633.00	3633.00	3633.00	3633.00	3634.00	3635.00	3635.00	3635.00	3636.00	3637.00	3637.00	3638.00	3638.00	3638.00	3639.00	3639.00	3640.00	3641.00	3642.00	3642.00	3642.00	3642.00	3643.00	3644.00	3644.00	3645.00	3645.00	3646.00	3646.00	3647.00	3647.00	3647.00	3648.00	3648.00	3648.00	3648.00	3648.00	3648.00	3648.00	3648.00	3649.00	3649.00	3649.00	3649.00	3649.00	3649.00	3649.00	3649.00	3650.00	3650.00	3650.00	3650.00
3587.00	3588.00	3588.00	3588.00	3589.00	3589.00	3589.00	3590.00	3590.00	3590.00	3590.00	3591.00	3591.00	3591.00	3591.00	3592.00	3592.00	3592.00	3593.00	3593.00	3593.00	3593.00	3594.00	3594.00	3594.00	3594.00	3594.00	3595.00	3595.00	3595.00	3596.00	3597.00	3597.00	3597.00	3598.00	3598.00	3598.00	3598.00	3599.00	3599.00	3599.00	3599.00	3599.00	3600.00	3600.00	3600.00	3600.00	3600.00	3601.00	3601.00	3601.00	3602.00	3602.00	3602.00	3602.00	3602.00	3603.00	3603.00	3603.00	3603.00	3603.00	3603.00	3603.00	3604.00	3604.00	3604.00	3604.00	3604.00	3604.00	3605.00	3605.00	3605.00	3605.00	3605.00	3605.00	3605.00	3605.00	3605.00	3605.00	3605.00	3605.00	3605.00	3605.00	3606.00	3606.00	3606.00	3606.00	3606.00	3606.00	3606.00	3606.00	3606.00	3606.00	3606.00	3606.00	3606.00	3607.00	3607.00	3607.00	3607.00	3607.00	3607.00	3607.00	3608.00	3608.00	3608.00	3608.00	3609.00	3609.00	3609.00	3610.00	3610.00	3610.00	3610.00	3610.00	3611.00	3611.00	3611.00	3612.00	3612.00	3612.00	3613.00	3613.00	3613.00	3614.00	3614.00	3614.00	3615.00	3615.00	3615.00	3615.00	3615.00	3616.00	3616.00	3616.00	3617.00	3617.00	3618.00	3618.00	3618.00	3618.00	3618.00	3618.00	3618.00	3619.00	3619.00	3619.00	3619.00	3619.00	3619.00	3620.00	3620.00	3620.00	3620.00	3621.00	3621.00	3621.00	3622.00	3622.00	3622.00	3622.00	3622.00	3623.00	3623.00	3623.00	3623.00	3623.00	3623.00	3624.00	3624.00	3624.00	3625.00	3625.00	3625.00	3626.00	3626.00	3626.00	3627.00	3627.00	3627.00	3627.00	3628.00	3628.00	3628.00	3628.00	3628.00	3628.00	3628.00	3629.00	3629.00	3630.00	3630.00	3630.00	3630.00	3630.00	3631.00	3631.00	3631.00	3631.00	3631.00	3631.00	3632.00	3632.00	3632.00	3633.00	3633.00	3633.00	3633.00	3634.00	3635.00	3635.00	3635.00	3636.00	3637.00	3637.00	3638.00	3638.00	3638.00	3639.00	3639.00	3640.00	3641.00	3642.00	3642.00	3642.00	3642.00	3643.00	3644.00	3644.00	3645.00	3645.00	3646.00	3646.00	3647.00	3647.00	3647.00	3648.00	3648.00	3648.00	3648.00	3648.00	3648.00	3648.00	3648.00	3649.00	3649.00	3649.00	3649.00	3649.00	3649.00	3649.00	3649.00	3650.00	3650.00	3650.00	3650.00
3588.00	3589.00	3589.00	3589.00	3590.00	3590.00	3590.00	3590.00	3590.00	3590.00	3590.00	3591.00	3591.00	3591.00	3591.00	3592.00	3592.00	3592.00	3593.00	3593.00	3594.00	3594.00	3594.00	3594.00	3595.00	3595.00	3595.00	3595.00	3595.00	3596.00	3596.00	3597.00	3597.00	3597.00	3598.00	3598.00	3598.00	3598.00	3599.00	3599.00	3599.00	3600.00	3600.00	3600.00	3600.00	3601.00	3601.00	3601.00	3601.00	3601.00	3602.00	3602.00	3602.00	3602.00	3603.00	3603.00	3603.00	3604.00	3604.00	3604.00	3604.00	3604.00	3604.00	3605.00	3605.00	3605.00	3605.00	3605.00	3605.00	3605.00	3605.00	3606.00	3606.00	3606.00	3606.00	3606.00	3606.00	3606.00	3606.00	3606.00	3606.00	3606.00	3606.00	3607.00	3607.00	3607.00	3607.00	3607.00	3607.00	3607.00	3607.00	3607.00	3607.00	3607.00	3607.00	3607.00	3608.00	3608.00	3608.00	3608.00	3608.00	3608.00	3608.00	3609.00	3609.00	3609.00	3609.00	3609.00	3609.00	3609.00	3610.00	3610.00	3610.00	3610.00	3610.00	3611.00	3611.00	3611.00	3612.00	3612.00	3612.00	3613.00	3613.00	3613.00	3614.00	3614.00	3614.00	3614.00	3615.00	3615.00	3615.00	3615.00	3615.00	3615.00	3615.00	3616.00	3616.00	3617.00	3617.00	3617.00	3617.00	3617.00	3618.00	3618.00	3618.00	3618.00	3618.00	3618.00	3619.00	3619.00	3619.00	3620.00	3620.00	3620.00	3621.00	3621.00	3621.00	3622.00	3622.00	3622.00	3622.00	3622.00	3623.00	3623.00	3623.00	3624.00	3624.00	3624.00	3625.00	3625.00	3625.00	3626.00	3626.00	3626.00	3627.00	3627.00	3627.00	3628.00	3628.00	3628.00	3628.00	3629.00	3629.00	3629.00	3629.00	3629.00	3629.00	3629.00	3630.00	3630.00	3631.00	3631.00	3631.00	3631.00	3631.00	3632.00	3632.00	3632.00	3632.00	3632.00	3632.00	3633.00	3633.00	3633.00	3634.00	3634.00	3634.00	3634.00	3635.00	3636.00	3636.00	3636.00	3637.00	3638.00	3638.00	3639.00	3639.00	3640.00	3641.00	3641.00	3641.00	3642.00	3643.00	3643.00	3643.00	3643.00	3644.00	3645.00	3645.00	3646.00	3646.00	3647.00	3647.00	3647.00	3647.00	3648.00	3648.00	3648.00	3649.00	3649.00	3649.00	3650.00	3650.00	3650.00	3650.00	3650.00	3650.00	3651.00	3651.00	3651.00	3651.00	3651.00	3651.00	3651.00	3651.00	3651.00
3588.00	3589.00	3589.00	3589.00	3590.00	3590.00	3590.00	3590.00	3590.00	3590.00	3590.00	3591.00	3591.00	3591.00	3591.00	3592.00	3592.00	3592.00	3593.00	3593.00	3594.00	3594.00	3594.00	3594.00	3595.00	3595.00	3595.00	3595.00	3595.00	3596.00	3596.00	3597.00	3597.00	3597.00	3598.00	3598.00	3598.00	3598.00	3599.00	3599.00	3599.00	3600.00	3600.00	3600.00	3600.00	3601.00	3601.00	3601.00	3601.00	3601.00	3602.00	3602.00	3602.00	3602.00	3603.00	3603.00	3603.00	3604.00	3604.00	3604.00	3604.00	3604.00	3604.00	3605.00	3605.00	3605.00	3605.00	3605.00	3605.00	3605.00	3605.00	3606.00	3606.00	3606.00	3606.00	3606.00	3606.00	3606.00	3606.00	3606.00	3606.00	3606.00	3606.00	3607.00	3607.00	3607.00	3607.00	3607.00	3607.00	3607.00	3607.00	3607.00	3607.00	3607.00	3607.00	3607.00	3608.00	3608.00	3608.00	3608.00	3608.00	3608.00	3608.00	3609.00	3609.00	3609.00	3609.00	3609.00	3609.00	3609.00	3610.00	3610.00	3610.00	3610.00	3610.00	3611.00	3611.00	3611.00	3612.00	3612.00	3612.00	3613.00	3613.00	3613.00	3614.00	3614.00	3614.00	3614.00	3615.00	3615.00	3615.00	3615.00	3615.00	3615.00	3615.00	3616.00	3616.00	3617.00	3617.00	3617.00	3617.00	3617.00	3618.00	3618.00	3618.00	3618.00	3618.00	3618.00	3619.00	3619.00	3619.00	3620.00	3620.00	3620.00	3621.00	3621.00	3621.00	3622.00	3622.00	3622.00	3622.00	3622.00	3623.00	3623.00	3623.00	3624.00	3624.00	3624.00	3625.00	3625.00	3625.00	3626.00	3626.00	3626.00	3627.00	3627.00	3627.00	3628.00	3628.00	3628.00	3628.00	3629.00	3629.00	3629.00	3629.00	3629.00	3629.00	3629.00	3630.00	3630.00	3631.00	3631.00	3631.00	3631.00	3631.00	3632.00	3632.00	3632.00	3632.00	3632.00	3632.00	3633.00	3633.00	3633.00	3634.00	3634.00	3634.00	3634.00	3635.00	3636.00	3636.00	3636.00	3637.00	3638.00	3638.00	3639.00	3639.00	3640.00	3641.00	3641.00	3641.00	3642.00	3643.00	3643.00	3643.00	3643.00	3644.00	3645.00	3645.00	3646.00	3646.00	3647.00	3647.00	3647.00	3647.00	3648.00	3648.00	3648.00	3649.00	3649.00	3649.00	3650.00	3650.00	3650.00	3650.00	3650.00	3650.00	3651.00	3651.00	3651.00	3651.00	3651.00	3651.00	3651.00	3651.00	3651.00
3588.00	3589.00	3589.00	3589.00	3590.00	3590.00	3590.00	3590.00	3590.00	3590.00	3590.00	3591.00	3591.00	3591.00	3591.00	3592.00	3592.00	3592.00	3593.00	3593.00	3594.00	3594.00	3594.00	3594.00	3595.00	3595.00	3595.00	3595.00	3595.00	3596.00	3596.00	3597.00	3597.00	3597.00	3598.00	3598.00	3598.00	3598.00	3599.00	3599.00	3599.00	3600.00	3600.00	3600.00	3600.00	3601.00	3601.00	3601.00	3601.00	3601.00	3602.00	3602.00	3602.00	3602.00	3603.00	3603.00	3603.00	3604.00	3604.00	3604.00	3604.00	3604.00	3604.00	3605.00	3605.00	3605.00	3605.00	3605.00	3605.00	3605.00	3605.00	3606.00	3606.00	3606.00	3606.00	3606.00	3606.00	3606.00	3606.00	3606.00	3606.00	3606.00	3606.00	3607.00	3607.00	3607.00	3607.00	3607.00	3607.00	3607.00	3607.00	3607.00	3607.00	3607.00	3607.00	3607.00	3608.00	3608.00	3608.00	3608.00	3608.00	3608.00	3608.00	3609.00	3609.00	3609.00	3609.00	3609.00	3609.00	3609.00	3610.00	3610.00	3610.00	3610.00	3610.00	3611.00	3611.00	3611.00	3612.00	3612.00	3612.00	3613.00	3613.00	3613.00	3614.00	3614.00	3614.00	3614.00	3615.00	3615.00	3615.00	3615.00	3615.00	3615.00	3615.00	3616.00	3616.00	3617.00	3617.00	3617.00	3617.00	3617.00	3618.00	3618.00	3618.00	3618.00	3618.00	3618.00	3619.00	3619.00	3619.00	3620.00	3620.00	3620.00	3621.00	3621.00	3621.00	3622.00	3622.00	3622.00	3622.00	3622.00	3623.00	3623.00	3623.00	3624.00	3624.00	3624.00	3625.00	3625.00	3625.00	3626.00	3626.00	3626.00	3627.00	3627.00	3627.00	3628.00	3628.00	3628.00	3628.00	3629.00	3629.00	3629.00	3629.00	3629.00	3629.00	3629.00	3630.00	3630.00	3631.00	3631.00	3631.00	3631.00	3631.00	3632.00	3632.00	3632.00	3632.00	3632.00	3632.00	3633.00	3633.00	3633.00	3634.00	3634.00	3634.00	3634.00	3635.00	3636.00	3636.00	3636.00	3637.00	3638.00	3638.00	3639.00	3639.00	3640.00	3641.00	3641.00	3641.00	3642.00	3643.00	3643.00	3643.00	3643.00	3644.00	3645.00	3645.00	3646.00	3646.00	3647.00	3647.00	3647.00	3647.00	3648.00	3648.00	3648.00	3649.00	3649.00	3649.00	3650.00	3650.00	3650.00	3650.00	3650.00	3650.00	3651.00	3651.00	3651.00	3651.00	3651.00	3651.00	3651.00	3651.00	3651.00
3589.00	3590.00	3590.00	3590.00	3591.00	3591.00	3591.00	3591.00	3591.00	3591.00	3591.00	3592.00	3592.00	3592.00	3592.00	3592.00	3593.00	3593.00	3593.00	3593.00	3594.00	3594.00	3594.00	3594.00	3595.00	3595.00	3595.00	3595.00	3595.00	3596.00	3596.00	3596.00	3596.00	3597.00	3597.00	3597.00	3598.00	3598.00	3598.00	3598.00	3598.00	3599.00	3599.00	3600.00	3600.00	3600.00	3600.00	3601.00	3601.00	3601.00	3601.00	3602.00	3602.00	3602.00	3603.00	3603.00	3603.00	3604.00	3604.00	3604.00	3604.00	3604.00	3604.00	3605.00	3605.00	3605.00	3605.00	3605.00	3605.00	3606.00	3606.00	3606.00	3606.00	3606.00	3606.00	3606.00	3606.00	3607.00	3607.00	3607.00	3607.00	3607.00	3607.00	3607.00	3608.00	3608.00	3608.00	3608.00	3608.00	3608.00	3608.00	3608.00	3609.00	3609.00	3609.00	3609.00	3609.00	3609.00	3610.00	3610.00	3610.00	3610.00	3610.00	3610.00	3610.00	3611.00	3611.00	3611.00	3611.00	3611.00	3611.00	3611.00	3612.00	3612.00	3612.00	3612.00	3612.00	3612.00	3613.00	3613.00	3613.00	3613.00	3613.00	3613.00	3614.00	3614.00	3614.00	3614.00	3614.00	3614.00	3615.00	3615.00	3615.00	3615.00	3615.00	3615.00	3616.00	3616.00	3616.00	3616.00	3616.00	3617.00	3617.00	3617.00	3617.00	3618.00	3619.00	3619.00	3619.00	3619.00	3620.00	3621.00	3621.00	3621.00	3622.00	3622.00	3622.00	3622.00	3622.00	3623.00	3623.00	3623.00	3624.00	3624.00	3624.00	3625.00	3625.00	3625.00	3626.00	3626.00	3626.00	3627.00	3627.00	3627.00	3627.00	3627.00	3628.00	3628.00	3629.00	3629.00	3629.00	3630.00	3630.00	3630.00	3630.00	3631.00	3631.00	3631.00	3631.00	3632.00	3632.00	3632.00	3632.00	3632.00	3632.00	3632.00	3632.00	3633.00	3633.00	3633.00	3633.00	3634.00	3634.00	3634.00	3635.00	3635.00	3635.00	3635.00	3636.00	3636.00	3637.00	3637.00	3638.00	3639.00	3639.00	3640.00	3640.00	3640.00	3641.00	3641.00	3642.00	3643.00	3644.00	3644.00	3644.00	3644.00	3645.00	3646.00	3646.00	3646.00	3647.00	3648.00	3648.00	3648.00	3648.00	3649.00	3649.00	3649.00	3650.00	3650.00	3650.00	3651.00	3651.00	3651.00	3652.00	3652.00	3652.00	3652.00	3652.00	3652.00	3652.00	3652.00	3652.00	3652.00	3653.00	3653.00
3589.00	3590.00	3590.00	3590.00	3591.00	3591.00	3591.00	3591.00	3591.00	3591.00	3591.00	3592.00	3592.00	3592.00	3592.00	3592.00	3593.00	3593.00	3593.00	3593.00	3594.00	3594.00	3594.00	3594.00	3595.00	3595.00	3595.00	3595.00	3595.00	3596.00	3596.00	3596.00	3596.00	3597.00	3597.00	3597.00	3598.00	3598.00	3598.00	3598.00	3598.00	3599.00	3599.00	3600.00	3600.00	3600.00	3600.00	3601.00	3601.00	3601.00	3601.00	3602.00	3602.00	3602.00	3603.00	3603.00	3603.00	3604.00	3604.00	3604.00	3604.00	3604.00	3604.00	3605.00	3605.00	3605.00	3605.00	3605.00	3605.00	3606.00	3606.00	3606.00	3606.00	3606.00	3606.00	3606.00	3606.00	3607.00	3607.00	3607.00	3607.00	3607.00	3607.00	3607.00	3608.00	3608.00	3608.00	3608.00	3608.00	3608.00	3608.00	3608.00	3609.00	3609.00	3609.00	3609.00	3609.00	3609.00	3610.00	3610.00	3610.00	3610.00	3610.00	3610.00	3610.00	3611.00	3611.00	3611.00	3611.00	3611.00	3611.00	3611.00	3612.00	3612.00	3612.00	3612.00	3612.00	3612.00	3613.00	3613.00	3613.00	3613.00	3613.00	3613.00	3614.00	3614.00	3614.00	3614.00	3614.00	3614.00	3615.00	3615.00	3615.00	3615.00	3615.00	3615.00	3616.00	3616.00	3616.00	3616.00	3616.00	3617.00	3617.00	3617.00	3617.00	3618.00	3619.00	3619.00	3619.00	3619.00	3620.00	3621.00	3621.00	3621.00	3622.00	3622.00	3622.00	3622.00	3622.00	3623.00	3623.00	3623.00	3624.00	3624.00	3624.00	3625.00	3625.00	3625.00	3626.00	3626.00	3626.00	3627.00	3627.00	3627.00	3627.00	3627.00	3628.00	3628.00	3629.00	3629.00	3629.00	3630.00	3630.00	3630.00	3630.00	3631.00	3631.00	3631.00	3631.00	3632.00	3632.00	3632.00	3632.00	3632.00	3632.00	3632.00	3632.00	3633.00	3633.00	3633.00	3633.00	3634.00	3634.00	3634.00	3635.00	3635.00	3635.00	3635.00	3636.00	3636.00	3637.00	3637.00	3638.00	3639.00	3639.00	3640.00	3640.00	3640.00	3641.00	3641.00	3642.00	3643.00	3644.00	3644.00	3644.00	3644.00	3645.00	3646.00	3646.00	3646.00	3647.00	3648.00	3648.00	3648.00	3648.00	3649.00	3649.00	3649.00	3650.00	3650.00	3650.00	3651.00	3651.00	3651.00	3652.00	3652.00	3652.00	3652.00	3652.00	3652.00	3652.00	3652.00	3652.00	3652.00	3653.00	3653.00
3589.00	3590.00	3590.00	3590.00	3591.00	3591.00	3591.00	3591.00	3591.00	3591.00	3591.00	3592.00	3592.00	3592.00	3592.00	3592.00	3593.00	3593.00	3593.00	3593.00	3594.00	3594.00	3594.00	3594.00	3595.00	3595.00	3595.00	3595.00	3595.00	3596.00	3596.00	3596.00	3596.00	3597.00	3597.00	3597.00	3598.00	3598.00	3598.00	3598.00	3598.00	3599.00	3599.00	3600.00	3600.00	3600.00	3600.00	3601.00	3601.00	3601.00	3601.00	3602.00	3602.00	3602.00	3603.00	3603.00	3603.00	3604.00	3604.00	3604.00	3604.00	3604.00	3604.00	3605.00	3605.00	3605.00	3605.00	3605.00	3605.00	3606.00	3606.00	3606.00	3606.00	3606.00	3606.00	3606.00	3606.00	3607.00	3607.00	3607.00	3607.00	3607.00	3607.00	3607.00	3608.00	3608.00	3608.00	3608.00	3608.00	3608.00	3608.00	3608.00	3609.00	3609.00	3609.00	3609.00	3609.00	3609.00	3610.00	3610.00	3610.00	3610.00	3610.00	3610.00	3610.00	3611.00	3611.00	3611.00	3611.00	3611.00	3611.00	3611.00	3612.00	3612.00	3612.00	3612.00	3612.00	3612.00	3613.00	3613.00	3613.00	3613.00	3613.00	3613.00	3614.00	3614.00	3614.00	3614.00	3614.00	3614.00	3615.00	3615.00	3615.00	3615.00	3615.00	3615.00	3616.00	3616.00	3616.00	3616.00	3616.00	3617.00	3617.00	3617.00	3617.00	3618.00	3619.00	3619.00	3619.00	3619.00	3620.00	3621.00	3621.00	3621.00	3622.00	3622.00	3622.00	3622.00	3622.00	3623.00	3623.00	3623.00	3624.00	3624.00	3624.00	3625.00	3625.00	3625.00	3626.00	3626.00	3626.00	3627.00	3627.00	3627.00	3627.00	3627.00	3628.00	3628.00	3629.00	3629.00	3629.00	3630.00	3630.00	3630.00	3630.00	3631.00	3631.00	3631.00	3631.00	3632.00	3632.00	3632.00	3632.00	3632.00	3632.00	3632.00	3632.00	3633.00	3633.00	3633.00	3633.00	3634.00	3634.00	3634.00	3635.00	3635.00	3635.00	3635.00	3636.00	3636.00	3637.00	3637.00	3638.00	3639.00	3639.00	3640.00	3640.00	3640.00	3641.00	3641.00	3642.00	3643.00	3644.00	3644.00	3644.00	3644.00	3645.00	3646.00	3646.00	3646.00	3647.00	3648.00	3648.00	3648.00	3648.00	3649.00	3649.00	3649.00	3650.00	3650.00	3650.00	3651.00	3651.00	3651.00	3652.00	3652.00	3652.00	3652.00	3652.00	3652.00	3652.00	3652.00	3652.00	3652.00	3653.00	3653.00
3589.00	3590.00	3590.00	3590.00	3591.00	3591.00	3591.00	3591.00	3591.00	3591.00	3591.00	3592.00	3592.00	3592.00	3592.00	3592.00	3593.00	3593.00	3593.00	3593.00	3594.00	3594.00	3594.00	3594.00	3595.00	3595.00	3595.00	3595.00	3595.00	3596.00	3596.00	3596.00	3596.00	3597.00	3597.00	3597.00	3598.00	3598.00	3598.00	3598.00	3598.00	3599.00	3599.00	3600.00	3600.00	3600.00	3600.00	3601.00	3601.00	3601.00	3601.00	3602.00	3602.00	3602.00	3603.00	3603.00	3603.00	3604.00	3604.00	3604.00	3604.00	3604.00	3604.00	3605.00	3605.00	3605.00	3605.00	3605.00	3605.00	3606.00	3606.00	3606.00	3606.00	3606.00	3606.00	3606.00	3606.00	3607.00	3607.00	3607.00	3607.00	3607.00	3607.00	3607.00	3608.00	3608.00	3608.00	3608.00	3608.00	3608.00	3608.00	3608.00	3609.00	3609.00	3609.00	3609.00	3609.00	3609.00	3610.00	3610.00	3610.00	3610.00	3610.00	3610.00	3610.00	3611.00	3611.00	3611.00	3611.00	3611.00	3611.00	3611.00	3612.00	3612.00	3612.00	3612.00	3612.00	3612.00	3613.00	3613.00	3613.00	3613.00	3613.00	3613.00	3614.00	3614.00	3614.00	3614.00	3614.00	3614.00	3615.00	3615.00	3615.00	3615.00	3615.00	3615.00	3616.00	3616.00	3616.00	3616.00	3616.00	3617.00	3617.00	3617.00	3617.00	3618.00	3619.00	3619.00	3619.00	3619.00	3620.00	3621.00	3621.00	3621.00	3622.00	3622.00	3622.00	3622.00	3622.00	3623.00	3623.00	3623.00	3624.00	3624.00	3624.00	3625.00	3625.00	3625.00	3626.00	3626.00	3626.00	3627.00	3627.00	3627.00	3627.00	3627.00	3628.00	3628.00	3629.00	3629.00	3629.00	3630.00	3630.00	3630.00	3630.00	3631.00	3631.00	3631.00	3631.00	3632.00	3632.00	3632.00	3632.00	3632.00	3632.00	3632.00	3632.00	3633.00	3633.00	3633.00	3633.00	3634.00	3634.00	3634.00	3635.00	3635.00	3635.00	3635.00	3636.00	3636.00	3637.00	3637.00	3638.00	3639.00	3639.00	3640.00	3640.00	3640.00	3641.00	3641.00	3642.00	3643.00	3644.00	3644.00	3644.00	3644.00	3645.00	3646.00	3646.00	3646.00	3647.00	3648.00	3648.00	3648.00	3648.00	3649.00	3649.00	3649.00	3650.00	3650.00	3650.00	3651.00	3651.00	3651.00	3652.00	3652.00	3652.00	3652.00	3652.00	3652.00	3652.00	3652.00	3652.00	3652.00	3653.00	3653.00
3589.00	3590.00	3590.00	3590.00	3591.00	3591.00	3591.00	3591.00	3591.00	3591.00	3591.00	3592.00	3592.00	3592.00	3592.00	3592.00	3593.00	3593.00	3593.00	3593.00	3594.00	3594.00	3594.00	3594.00	3595.00	3595.00	3595.00	3595.00	3595.00	3596.00	3596.00	3596.00	3596.00	3597.00	3597.00	3597.00	3598.00	3598.00	3598.00	3598.00	3598.00	3599.00	3599.00	3600.00	3600.00	3600.00	3600.00	3601.00	3601.00	3601.00	3601.00	3602.00	3602.00	3602.00	3603.00	3603.00	3603.00	3604.00	3604.00	3604.00	3604.00	3604.00	3604.00	3605.00	3605.00	3605.00	3605.00	3605.00	3605.00	3606.00	3606.00	3606.00	3606.00	3606.00	3606.00	3606.00	3606.00	3607.00	3607.00	3607.00	3607.00	3607.00	3607.00	3607.00	3608.00	3608.00	3608.00	3608.00	3608.00	3608.00	3608.00	3608.00	3609.00	3609.00	3609.00	3609.00	3609.00	3609.00	3610.00	3610.00	3610.00	3610.00	3610.00	3610.00	3610.00	3611.00	3611.00	3611.00	3611.00	3611.00	3611.00	3611.00	3612.00	3612.00	3612.00	3612.00	3612.00	3612.00	3613.00	3613.00	3613.00	3613.00	3613.00	3613.00	3614.00	3614.00	3614.00	3614.00	3614.00	3614.00	3615.00	3615.00	3615.00	3615.00	3615.00	3615.00	3616.00	3616.00	3616.00	3616.00	3616.00	3617.00	3617.00	3617.00	3617.00	3618.00	3619.00	3619.00	3619.00	3619.00	3620.00	3621.00	3621.00	3621.00	3622.00	3622.00	3622.00	3622.00	3622.00	3623.00	3623.00	3623.00	3624.00	3624.00	3624.00	3625.00	3625.00	3625.00	3626.00	3626.00	3626.00	3627.00	3627.00	3627.00	3627.00	3627.00	3628.00	3628.00	3629.00	3629.00	3629.00	3630.00	3630.00	3630.00	3630.00	3631.00	3631.00	3631.00	3631.00	3632.00	3632.00	3632.00	3632.00	3632.00	3632.00	3632.00	3632.00	3633.00	3633.00	3633.00	3633.00	3634.00	3634.00	3634.00	3635.00	3635.00	3635.00	3635.00	3636.00	3636.00	3637.00	3637.00	3638.00	3639.00	3639.00	3640.00	3640.00	3640.00	3641.00	3641.00	3642.00	3643.00	3644.00	3644.00	3644.00	3644.00	3645.00	3646.00	3646.00	3646.00	3647.00	3648.00	3648.00	3648.00	3648.00	3649.00	3649.00	3649.00	3650.00	3650.00	3650.00	3651.00	3651.00	3651.00	3652.00	3652.00	3652.00	3652.00	3652.00	3652.00	3652.00	3652.00	3652.00	3652.00	3653.00	3653.00
3589.00	3590.00	3590.00	3590.00	3591.00	3591.00	3591.00	3591.00	3591.00	3591.00	3591.00	3592.00	3592.00	3592.00	3592.00	3592.00	3593.00	3593.00	3593.00	3593.00	3594.00	3594.00	3594.00	3594.00	3595.00	3595.00	3595.00	3595.00	3595.00	3596.00	3596.00	3596.00	3596.00	3597.00	3597.00	3597.00	3598.00	3598.00	3598.00	3598.00	3598.00	3599.00	3599.00	3600.00	3600.00	3600.00	3600.00	3601.00	3601.00	3601.00	3601.00	3602.00	3602.00	3602.00	3603.00	3603.00	3603.00	3604.00	3604.00	3604.00	3604.00	3604.00	3604.00	3605.00	3605.00	3605.00	3605.00	3605.00	3605.00	3606.00	3606.00	3606.00	3606.00	3606.00	3606.00	3606.00	3606.00	3607.00	3607.00	3607.00	3607.00	3607.00	3607.00	3607.00	3608.00	3608.00	3608.00	3608.00	3608.00	3608.00	3608.00	3608.00	3609.00	3609.00	3609.00	3609.00	3609.00	3609.00	3610.00	3610.00	3610.00	3610.00	3610.00	3610.00	3610.00	3611.00	3611.00	3611.00	3611.00	3611.00	3611.00	3611.00	3612.00	3612.00	3612.00	3612.00	3612.00	3612.00	3613.00	3613.00	3613.00	3613.00	3613.00	3613.00	3614.00	3614.00	3614.00	3614.00	3614.00	3614.00	3615.00	3615.00	3615.00	3615.00	3615.00	3615.00	3616.00	3616.00	3616.00	3616.00	3616.00	3617.00	3617.00	3617.00	3617.00	3618.00	3619.00	3619.00	3619.00	3619.00	3620.00	3621.00	3621.00	3621.00	3622.00	3622.00	3622.00	3622.00	3622.00	3623.00	3623.00	3623.00	3624.00	3624.00	3624.00	3625.00	3625.00	3625.00	3626.00	3626.00	3626.00	3627.00	3627.00	3627.00	3627.00	3627.00	3628.00	3628.00	3629.00	3629.00	3629.00	3630.00	3630.00	3630.00	3630.00	3631.00	3631.00	3631.00	3631.00	3632.00	3632.00	3632.00	3632.00	3632.00	3632.00	3632.00	3632.00	3633.00	3633.00	3633.00	3633.00	3634.00	3634.00	3634.00	3635.00	3635.00	3635.00	3635.00	3636.00	3636.00	3637.00	3637.00	3638.00	3639.00	3639.00	3640.00	3640.00	3640.00	3641.00	3641.00	3642.00	3643.00	3644.00	3644.00	3644.00	3644.00	3645.00	3646.00	3646.00	3646.00	3647.00	3648.00	3648.00	3648.00	3648.00	3649.00	3649.00	3649.00	3650.00	3650.00	3650.00	3651.00	3651.00	3651.00	3652.00	3652.00	3652.00	3652.00	3652.00	3652.00	3652.00	3652.00	3652.00	3652.00	3653.00	3653.00
3589.00	3590.00	3590.00	3590.00	3591.00	3591.00	3591.00	3591.00	3591.00	3591.00	3591.00	3592.00	3592.00	3592.00	3592.00	3592.00	3593.00	3593.00	3593.00	3593.00	3594.00	3594.00	3594.00	3594.00	3595.00	3595.00	3595.00	3595.00	3595.00	3596.00	3596.00	3596.00	3596.00	3597.00	3597.00	3597.00	3598.00	3598.00	3598.00	3598.00	3598.00	3599.00	3599.00	3600.00	3600.00	3600.00	3600.00	3601.00	3601.00	3601.00	3601.00	3602.00	3602.00	3602.00	3603.00	3603.00	3603.00	3604.00	3604.00	3604.00	3604.00	3604.00	3604.00	3605.00	3605.00	3605.00	3605.00	3605.00	3605.00	3606.00	3606.00	3606.00	3606.00	3606.00	3606.00	3606.00	3606.00	3607.00	3607.00	3607.00	3607.00	3607.00	3607.00	3607.00	3608.00	3608.00	3608.00	3608.00	3608.00	3608.00	3608.00	3608.00	3609.00	3609.00	3609.00	3609.00	3609.00	3609.00	3610.00	3610.00	3610.00	3610.00	3610.00	3610.00	3610.00	3611.00	3611.00	3611.00	3611.00	3611.00	3611.00	3611.00	3612.00	3612.00	3612.00	3612.00	3612.00	3612.00	3613.00	3613.00	3613.00	3613.00	3613.00	3613.00	3614.00	3614.00	3614.00	3614.00	3614.00	3614.00	3615.00	3615.00	3615.00	3615.00	3615.00	3615.00	3616.00	3616.00	3616.00	3616.00	3616.00	3617.00	3617.00	3617.00	3617.00	3618.00	3619.00	3619.00	3619.00	3619.00	3620.00	3621.00	3621.00	3621.00	3622.00	3622.00	3622.00	3622.00	3622.00	3623.00	3623.00	3623.00	3624.00	3624.00	3624.00	3625.00	3625.00	3625.00	3626.00	3626.00	3626.00	3627.00	3627.00	3627.00	3627.00	3627.00	3628.00	3628.00	3629.00	3629.00	3629.00	3630.00	3630.00	3630.00	3630.00	3631.00	3631.00	3631.00	3631.00	3632.00	3632.00	3632.00	3632.00	3632.00	3632.00	3632.00	3632.00	3633.00	3633.00	3633.00	3633.00	3634.00	3634.00	3634.00	3635.00	3635.00	3635.00	3635.00	3636.00	3636.00	3637.00	3637.00	3638.00	3639.00	3639.00	3640.00	3640.00	3640.00	3641.00	3641.00	3642.00	3643.00	3644.00	3644.00	3644.00	3644.00	3645.00	3646.00	3646.00	3646.00	3647.00	3648.00	3648.00	3648.00	3648.00	3649.00	3649.00	3649.00	3650.00	3650.00	3650.00	3651.00	3651.00	3651.00	3652.00	3652.00	3652.00	3652.00	3652.00	3652.00	3652.00	3652.00	3652.00	3652.00	3653.00	3653.00
3590.00	3591.00	3591.00	3591.00	3591.00	3591.00	3592.00	3592.00	3592.00	3592.00	3592.00	3593.00	3593.00	3593.00	3593.00	3593.00	3593.00	3593.00	3594.00	3594.00	3594.00	3594.00	3594.00	3594.00	3595.00	3595.00	3595.00	3595.00	3595.00	3596.00	3596.00	3596.00	3596.00	3596.00	3597.00	3597.00	3597.00	3597.00	3598.00	3598.00	3598.00	3599.00	3599.00	3600.00	3600.00	3600.00	3600.00	3600.00	3601.00	3601.00	3601.00	3602.00	3602.00	3602.00	3602.00	3602.00	3603.00	3603.00	3603.00	3603.00	3604.00	3604.00	3604.00	3604.00	3604.00	3604.00	3605.00	3605.00	3605.00	3605.00	3605.00	3606.00	3606.00	3606.00	3606.00	3607.00	3607.00	3607.00	3607.00	3607.00	3607.00	3607.00	3608.00	3608.00	3609.00	3609.00	3609.00	3609.00	3609.00	3609.00	3609.00	3610.00	3610.00	3610.00	3610.00	3610.00	3610.00	3610.00	3611.00	3611.00	3611.00	3611.00	3611.00	3612.00	3612.00	3612.00	3612.00	3613.00	3613.00	3613.00	3613.00	3613.00	3613.00	3613.00	3613.00	3613.00	3613.00	3613.00	3614.00	3614.00	3614.00	3614.00	3614.00	3614.00	3615.00	3615.00	3615.00	3615.00	3615.00	3615.00	3615.00	3615.00	3615.00	3615.00	3615.00	3616.00	3616.00	3616.00	3616.00	3617.00	3617.00	3617.00	3618.00	3618.00	3618.00	3619.00	3619.00	3619.00	3620.00	3620.00	3620.00	3621.00	3621.00	3621.00	3622.00	3622.00	3623.00	3623.00	3623.00	3624.00	3624.00	3624.00	3625.00	3625.00	3625.00	3626.00	3626.00	3626.00	3627.00	3628.00	3628.00	3628.00	3629.00	3629.00	3629.00	3629.00	3630.00	3630.00	3631.00	3631.00	3631.00	3631.00	3631.00	3631.00	3631.00	3632.00	3632.00	3632.00	3632.00	3632.00	3633.00	3633.00	3633.00	3633.00	3633.00	3633.00	3633.00	3634.00	3634.00	3634.00	3634.00	3634.00	3634.00	3635.00	3635.00	3635.00	3635.00	3635.00	3636.00	3636.00	3637.00	3637.00	3638.00	3639.00	3639.00	3639.00	3639.00	3640.00	3641.00	3641.00	3642.00	3643.00	3644.00	3644.00	3645.00	3645.00	3646.00	3646.00	3646.00	3647.00	3648.00	3649.00	3649.00	3649.00	3649.00	3650.00	3650.00	3650.00	3651.00	3651.00	3651.00	3651.00	3652.00	3652.00	3652.00	3653.00	3653.00	3653.00	3653.00	3653.00	3654.00	3654.00	3654.00	3654.00	3654.00	3654.00
3590.00	3591.00	3591.00	3591.00	3591.00	3591.00	3592.00	3592.00	3592.00	3592.00	3592.00	3593.00	3593.00	3593.00	3593.00	3593.00	3593.00	3593.00	3594.00	3594.00	3594.00	3594.00	3594.00	3594.00	3595.00	3595.00	3595.00	3595.00	3595.00	3596.00	3596.00	3596.00	3596.00	3596.00	3597.00	3597.00	3597.00	3597.00	3598.00	3598.00	3598.00	3599.00	3599.00	3600.00	3600.00	3600.00	3600.00	3600.00	3601.00	3601.00	3601.00	3602.00	3602.00	3602.00	3602.00	3602.00	3603.00	3603.00	3603.00	3603.00	3604.00	3604.00	3604.00	3604.00	3604.00	3604.00	3605.00	3605.00	3605.00	3605.00	3605.00	3606.00	3606.00	3606.00	3606.00	3607.00	3607.00	3607.00	3607.00	3607.00	3607.00	3607.00	3608.00	3608.00	3609.00	3609.00	3609.00	3609.00	3609.00	3609.00	3609.00	3610.00	3610.00	3610.00	3610.00	3610.00	3610.00	3610.00	3611.00	3611.00	3611.00	3611.00	3611.00	3612.00	3612.00	3612.00	3612.00	3613.00	3613.00	3613.00	3613.00	3613.00	3613.00	3613.00	3613.00	3613.00	3613.00	3613.00	3614.00	3614.00	3614.00	3614.00	3614.00	3614.00	3615.00	3615.00	3615.00	3615.00	3615.00	3615.00	3615.00	3615.00	3615.00	3615.00	3615.00	3616.00	3616.00	3616.00	3616.00	3617.00	3617.00	3617.00	3618.00	3618.00	3618.00	3619.00	3619.00	3619.00	3620.00	3620.00	3620.00	3621.00	3621.00	3621.00	3622.00	3622.00	3623.00	3623.00	3623.00	3624.00	3624.00	3624.00	3625.00	3625.00	3625.00	3626.00	3626.00	3626.00	3627.00	3628.00	3628.00	3628.00	3629.00	3629.00	3629.00	3629.00	3630.00	3630.00	3631.00	3631.00	3631.00	3631.00	3631.00	3631.00	3631.00	3632.00	3632.00	3632.00	3632.00	3632.00	3633.00	3633.00	3633.00	3633.00	3633.00	3633.00	3633.00	3634.00	3634.00	3634.00	3634.00	3634.00	3634.00	3635.00	3635.00	3635.00	3635.00	3635.00	3636.00	3636.00	3637.00	3637.00	3638.00	3639.00	3639.00	3639.00	3639.00	3640.00	3641.00	3641.00	3642.00	3643.00	3644.00	3644.00	3645.00	3645.00	3646.00	3646.00	3646.00	3647.00	3648.00	3649.00	3649.00	3649.00	3649.00	3650.00	3650.00	3650.00	3651.00	3651.00	3651.00	3651.00	3652.00	3652.00	3652.00	3653.00	3653.00	3653.00	3653.00	3653.00	3654.00	3654.00	3654.00	3654.00	3654.00	3654.00
3590.00	3591.00	3591.00	3591.00	3591.00	3591.00	3592.00	3592.00	3592.00	3592.00	3592.00	3593.00	3593.00	3593.00	3593.00	3593.00	3593.00	3593.00	3594.00	3594.00	3594.00	3594.00	3594.00	3594.00	3595.00	3595.00	3595.00	3595.00	3595.00	3596.00	3596.00	3596.00	3596.00	3596.00	3597.00	3597.00	3597.00	3597.00	3598.00	3598.00	3598.00	3599.00	3599.00	3600.00	3600.00	3600.00	3600.00	3600.00	3601.00	3601.00	3601.00	3602.00	3602.00	3602.00	3602.00	3602.00	3603.00	3603.00	3603.00	3603.00	3604.00	3604.00	3604.00	3604.00	3604.00	3604.00	3605.00	3605.00	3605.00	3605.00	3605.00	3606.00	3606.00	3606.00	3606.00	3607.00	3607.00	3607.00	3607.00	3607.00	3607.00	3607.00	3608.00	3608.00	3609.00	3609.00	3609.00	3609.00	3609.00	3609.00	3609.00	3610.00	3610.00	3610.00	3610.00	3610.00	3610.00	3610.00	3611.00	3611.00	3611.00	3611.00	3611.00	3612.00	3612.00	3612.00	3612.00	3613.00	3613.00	3613.00	3613.00	3613.00	3613.00	3613.00	3613.00	3613.00	3613.00	3613.00	3614.00	3614.00	3614.00	3614.00	3614.00	3614.00	3615.00	3615.00	3615.00	3615.00	3615.00	3615.00	3615.00	3615.00	3615.00	3615.00	3615.00	3616.00	3616.00	3616.00	3616.00	3617.00	3617.00	3617.00	3618.00	3618.00	3618.00	3619.00	3619.00	3619.00	3620.00	3620.00	3620.00	3621.00	3621.00	3621.00	3622.00	3622.00	3623.00	3623.00	3623.00	3624.00	3624.00	3624.00	3625.00	3625.00	3625.00	3626.00	3626.00	3626.00	3627.00	3628.00	3628.00	3628.00	3629.00	3629.00	3629.00	3629.00	3630.00	3630.00	3631.00	3631.00	3631.00	3631.00	3631.00	3631.00	3631.00	3632.00	3632.00	3632.00	3632.00	3632.00	3633.00	3633.00	3633.00	3633.00	3633.00	3633.00	3633.00	3634.00	3634.00	3634.00	3634.00	3634.00	3634.00	3635.00	3635.00	3635.00	3635.00	3635.00	3636.00	3636.00	3637.00	3637.00	3638.00	3639.00	3639.00	3639.00	3639.00	3640.00	3641.00	3641.00	3642.00	3643.00	3644.00	3644.00	3645.00	3645.00	3646.00	3646.00	3646.00	3647.00	3648.00	3649.00	3649.00	3649.00	3649.00	3650.00	3650.00	3650.00	3651.00	3651.00	3651.00	3651.00	3652.00	3652.00	3652.00	3653.00	3653.00	3653.00	3653.00	3653.00	3654.00	3654.00	3654.00	3654.00	3654.00	3654.00
3590.00	3591.00	3591.00	3591.00	3591.00	3591.00	3592.00	3592.00	3592.00	3592.00	3592.00	3593.00	3593.00	3593.00	3593.00	3593.00	3593.00	3593.00	3594.00	3594.00	3594.00	3594.00	3594.00	3594.00	3595.00	3595.00	3595.00	3595.00	3595.00	3596.00	3596.00	3596.00	3596.00	3596.00	3597.00	3597.00	3597.00	3597.00	3598.00	3598.00	3598.00	3599.00	3599.00	3600.00	3600.00	3600.00	3600.00	3600.00	3601.00	3601.00	3601.00	3602.00	3602.00	3602.00	3602.00	3602.00	3603.00	3603.00	3603.00	3603.00	3604.00	3604.00	3604.00	3604.00	3604.00	3604.00	3605.00	3605.00	3605.00	3605.00	3605.00	3606.00	3606.00	3606.00	3606.00	3607.00	3607.00	3607.00	3607.00	3607.00	3607.00	3607.00	3608.00	3608.00	3609.00	3609.00	3609.00	3609.00	3609.00	3609.00	3609.00	3610.00	3610.00	3610.00	3610.00	3610.00	3610.00	3610.00	3611.00	3611.00	3611.00	3611.00	3611.00	3612.00	3612.00	3612.00	3612.00	3613.00	3613.00	3613.00	3613.00	3613.00	3613.00	3613.00	3613.00	3613.00	3613.00	3613.00	3614.00	3614.00	3614.00	3614.00	3614.00	3614.00	3615.00	3615.00	3615.00	3615.00	3615.00	3615.00	3615.00	3615.00	3615.00	3615.00	3615.00	3616.00	3616.00	3616.00	3616.00	3617.00	3617.00	3617.00	3618.00	3618.00	3618.00	3619.00	3619.00	3619.00	3620.00	3620.00	3620.00	3621.00	3621.00	3621.00	3622.00	3622.00	3623.00	3623.00	3623.00	3624.00	3624.00	3624.00	3625.00	3625.00	3625.00	3626.00	3626.00	3626.00	3627.00	3628.00	3628.00	3628.00	3629.00	3629.00	3629.00	3629.00	3630.00	3630.00	3631.00	3631.00	3631.00	3631.00	3631.00	3631.00	3631.00	3632.00	3632.00	3632.00	3632.00	3632.00	3633.00	3633.00	3633.00	3633.00	3633.00	3633.00	3633.00	3634.00	3634.00	3634.00	3634.00	3634.00	3634.00	3635.00	3635.00	3635.00	3635.00	3635.00	3636.00	3636.00	3637.00	3637.00	3638.00	3639.00	3639.00	3639.00	3639.00	3640.00	3641.00	3641.00	3642.00	3643.00	3644.00	3644.00	3645.00	3645.00	3646.00	3646.00	3646.00	3647.00	3648.00	3649.00	3649.00	3649.00	3649.00	3650.00	3650.00	3650.00	3651.00	3651.00	3651.00	3651.00	3652.00	3652.00	3652.00	3653.00	3653.00	3653.00	3653.00	3653.00	3654.00	3654.00	3654.00	3654.00	3654.00	3654.00
3590.00	3591.00	3591.00	3591.00	3591.00	3591.00	3592.00	3592.00	3592.00	3592.00	3592.00	3593.00	3593.00	3593.00	3593.00	3593.00	3593.00	3593.00	3594.00	3594.00	3594.00	3594.00	3594.00	3594.00	3595.00	3595.00	3595.00	3595.00	3595.00	3596.00	3596.00	3596.00	3596.00	3596.00	3597.00	3597.00	3597.00	3597.00	3598.00	3598.00	3598.00	3599.00	3599.00	3600.00	3600.00	3600.00	3600.00	3600.00	3601.00	3601.00	3601.00	3602.00	3602.00	3602.00	3602.00	3602.00	3603.00	3603.00	3603.00	3603.00	3604.00	3604.00	3604.00	3604.00	3604.00	3604.00	3605.00	3605.00	3605.00	3605.00	3605.00	3606.00	3606.00	3606.00	3606.00	3607.00	3607.00	3607.00	3607.00	3607.00	3607.00	3607.00	3608.00	3608.00	3609.00	3609.00	3609.00	3609.00	3609.00	3609.00	3609.00	3610.00	3610.00	3610.00	3610.00	3610.00	3610.00	3610.00	3611.00	3611.00	3611.00	3611.00	3611.00	3612.00	3612.00	3612.00	3612.00	3613.00	3613.00	3613.00	3613.00	3613.00	3613.00	3613.00	3613.00	3613.00	3613.00	3613.00	3614.00	3614.00	3614.00	3614.00	3614.00	3614.00	3615.00	3615.00	3615.00	3615.00	3615.00	3615.00	3615.00	3615.00	3615.00	3615.00	3615.00	3616.00	3616.00	3616.00	3616.00	3617.00	3617.00	3617.00	3618.00	3618.00	3618.00	3619.00	3619.00	3619.00	3620.00	3620.00	3620.00	3621.00	3621.00	3621.00	3622.00	3622.00	3623.00	3623.00	3623.00	3624.00	3624.00	3624.00	3625.00	3625.00	3625.00	3626.00	3626.00	3626.00	3627.00	3628.00	3628.00	3628.00	3629.00	3629.00	3629.00	3629.00	3630.00	3630.00	3631.00	3631.00	3631.00	3631.00	3631.00	3631.00	3631.00	3632.00	3632.00	3632.00	3632.00	3632.00	3633.00	3633.00	3633.00	3633.00	3633.00	3633.00	3633.00	3634.00	3634.00	3634.00	3634.00	3634.00	3634.00	3635.00	3635.00	3635.00	3635.00	3635.00	3636.00	3636.00	3637.00	3637.00	3638.00	3639.00	3639.00	3639.00	3639.00	3640.00	3641.00	3641.00	3642.00	3643.00	3644.00	3644.00	3645.00	3645.00	3646.00	3646.00	3646.00	3647.00	3648.00	3649.00	3649.00	3649.00	3649.00	3650.00	3650.00	3650.00	3651.00	3651.00	3651.00	3651.00	3652.00	3652.00	3652.00	3653.00	3653.00	3653.00	3653.00	3653.00	3654.00	3654.00	3654.00	3654.00	3654.00	3654.00
3590.00	3591.00	3591.00	3591.00	3591.00	3591.00	3592.00	3592.00	3592.00	3592.00	3592.00	3593.00	3593.00	3593.00	3593.00	3593.00	3593.00	3593.00	3594.00	3594.00	3594.00	3594.00	3594.00	3594.00	3595.00	3595.00	3595.00	3595.00	3595.00	3596.00	3596.00	3596.00	3596.00	3596.00	3597.00	3597.00	3597.00	3597.00	3598.00	3598.00	3598.00	3599.00	3599.00	3600.00	3600.00	3600.00	3600.00	3600.00	3601.00	3601.00	3601.00	3602.00	3602.00	3602.00	3602.00	3602.00	3603.00	3603.00	3603.00	3603.00	3604.00	3604.00	3604.00	3604.00	3604.00	3604.00	3605.00	3605.00	3605.00	3605.00	3605.00	3606.00	3606.00	3606.00	3606.00	3607.00	3607.00	3607.00	3607.00	3607.00	3607.00	3607.00	3608.00	3608.00	3609.00	3609.00	3609.00	3609.00	3609.00	3609.00	3609.00	3610.00	3610.00	3610.00	3610.00	3610.00	3610.00	3610.00	3611.00	3611.00	3611.00	3611.00	3611.00	3612.00	3612.00	3612.00	3612.00	3613.00	3613.00	3613.00	3613.00	3613.00	3613.00	3613.00	3613.00	3613.00	3613.00	3613.00	3614.00	3614.00	3614.00	3614.00	3614.00	3614.00	3615.00	3615.00	3615.00	3615.00	3615.00	3615.00	3615.00	3615.00	3615.00	3615.00	3615.00	3616.00	3616.00	3616.00	3616.00	3617.00	3617.00	3617.00	3618.00	3618.00	3618.00	3619.00	3619.00	3619.00	3620.00	3620.00	3620.00	3621.00	3621.00	3621.00	3622.00	3622.00	3623.00	3623.00	3623.00	3624.00	3624.00	3624.00	3625.00	3625.00	3625.00	3626.00	3626.00	3626.00	3627.00	3628.00	3628.00	3628.00	3629.00	3629.00	3629.00	3629.00	3630.00	3630.00	3631.00	3631.00	3631.00	3631.00	3631.00	3631.00	3631.00	3632.00	3632.00	3632.00	3632.00	3632.00	3633.00	3633.00	3633.00	3633.00	3633.00	3633.00	3633.00	3634.00	3634.00	3634.00	3634.00	3634.00	3634.00	3635.00	3635.00	3635.00	3635.00	3635.00	3636.00	3636.00	3637.00	3637.00	3638.00	3639.00	3639.00	3639.00	3639.00	3640.00	3641.00	3641.00	3642.00	3643.00	3644.00	3644.00	3645.00	3645.00	3646.00	3646.00	3646.00	3647.00	3648.00	3649.00	3649.00	3649.00	3649.00	3650.00	3650.00	3650.00	3651.00	3651.00	3651.00	3651.00	3652.00	3652.00	3652.00	3653.00	3653.00	3653.00	3653.00	3653.00	3654.00	3654.00	3654.00	3654.00	3654.00	3654.00
3591.00	3591.00	3592.00	3592.00	3592.00	3592.00	3592.00	3593.00	3593.00	3593.00	3593.00	3594.00	3594.00	3594.00	3594.00	3594.00	3594.00	3594.00	3595.00	3595.00	3595.00	3595.00	3595.00	3595.00	3595.00	3596.00	3596.00	3596.00	3596.00	3596.00	3596.00	3597.00	3597.00	3597.00	3597.00	3597.00	3597.00	3597.00	3598.00	3598.00	3598.00	3598.00	3599.00	3599.00	3599.00	3599.00	3599.00	3600.00	3600.00	3600.00	3601.00	3601.00	3602.00	3602.00	3602.00	3602.00	3602.00	3602.00	3602.00	3602.00	3603.00	3603.00	3603.00	3604.00	3604.00	3604.00	3604.00	3604.00	3605.00	3605.00	3605.00	3606.00	3606.00	3606.00	3606.00	3607.00	3607.00	3607.00	3608.00	3608.00	3608.00	3608.00	3608.00	3609.00	3609.00	3609.00	3610.00	3610.00	3610.00	3610.00	3610.00	3610.00	3611.00	3611.00	3611.00	3611.00	3612.00	3612.00	3612.00	3612.00	3612.00	3613.00	3613.00	3613.00	3613.00	3614.00	3614.00	3614.00	3614.00	3614.00	3614.00	3614.00	3614.00	3614.00	3615.00	3615.00	3615.00	3615.00	3615.00	3615.00	3615.00	3615.00	3615.00	3616.00	3616.00	3616.00	3616.00	3616.00	3616.00	3616.00	3616.00	3616.00	3616.00	3617.00	3617.00	3617.00	3617.00	3617.00	3617.00	3618.00	3618.00	3618.00	3619.00	3619.00	3619.00	3620.00	3620.00	3620.00	3621.00	3621.00	3621.00	3621.00	3621.00	3622.00	3623.00	3623.00	3623.00	3624.00	3624.00	3625.00	3625.00	3625.00	3626.00	3626.00	3626.00	3627.00	3627.00	3627.00	3628.00	3628.00	3628.00	3629.00	3629.00	3629.00	3629.00	3629.00	3630.00	3630.00	3631.00	3631.00	3631.00	3632.00	3632.00	3632.00	3632.00	3632.00	3633.00	3633.00	3633.00	3633.00	3633.00	3633.00	3633.00	3633.00	3633.00	3633.00	3633.00	3634.00	3634.00	3634.00	3634.00	3634.00	3634.00	3635.00	3635.00	3635.00	3635.00	3635.00	3636.00	3636.00	3637.00	3637.00	3638.00	3638.00	3638.00	3639.00	3639.00	3640.00	3641.00	3641.00	3642.00	3643.00	3643.00	3643.00	3644.00	3644.00	3645.00	3646.00	3646.00	3646.00	3647.00	3648.00	3648.00	3648.00	3648.00	3649.00	3650.00	3650.00	3650.00	3651.00	3651.00	3651.00	3652.00	3652.00	3652.00	3653.00	3653.00	3653.00	3654.00	3654.00	3654.00	3654.00	3655.00	3655.00	3655.00	3655.00
3591.00	3591.00	3592.00	3592.00	3592.00	3592.00	3592.00	3593.00	3593.00	3593.00	3593.00	3594.00	3594.00	3594.00	3594.00	3594.00	3594.00	3594.00	3595.00	3595.00	3595.00	3595.00	3595.00	3595.00	3595.00	3596.00	3596.00	3596.00	3596.00	3596.00	3596.00	3597.00	3597.00	3597.00	3597.00	3597.00	3597.00	3597.00	3598.00	3598.00	3598.00	3598.00	3599.00	3599.00	3599.00	3599.00	3599.00	3600.00	3600.00	3600.00	3601.00	3601.00	3602.00	3602.00	3602.00	3602.00	3602.00	3602.00	3602.00	3602.00	3603.00	3603.00	3603.00	3604.00	3604.00	3604.00	3604.00	3604.00	3605.00	3605.00	3605.00	3606.00	3606.00	3606.00	3606.00	3607.00	3607.00	3607.00	3608.00	3608.00	3608.00	3608.00	3608.00	3609.00	3609.00	3609.00	3610.00	3610.00	3610.00	3610.00	3610.00	3610.00	3611.00	3611.00	3611.00	3611.00	3612.00	3612.00	3612.00	3612.00	3612.00	3613.00	3613.00	3613.00	3613.00	3614.00	3614.00	3614.00	3614.00	3614.00	3614.00	3614.00	3614.00	3614.00	3615.00	3615.00	3615.00	3615.00	3615.00	3615.00	3615.00	3615.00	3615.00	3616.00	3616.00	3616.00	3616.00	3616.00	3616.00	3616.00	3616.00	3616.00	3616.00	3617.00	3617.00	3617.00	3617.00	3617.00	3617.00	3618.00	3618.00	3618.00	3619.00	3619.00	3619.00	3620.00	3620.00	3620.00	3621.00	3621.00	3621.00	3621.00	3621.00	3622.00	3623.00	3623.00	3623.00	3624.00	3624.00	3625.00	3625.00	3625.00	3626.00	3626.00	3626.00	3627.00	3627.00	3627.00	3628.00	3628.00	3628.00	3629.00	3629.00	3629.00	3629.00	3629.00	3630.00	3630.00	3631.00	3631.00	3631.00	3632.00	3632.00	3632.00	3632.00	3632.00	3633.00	3633.00	3633.00	3633.00	3633.00	3633.00	3633.00	3633.00	3633.00	3633.00	3633.00	3634.00	3634.00	3634.00	3634.00	3634.00	3634.00	3635.00	3635.00	3635.00	3635.00	3635.00	3636.00	3636.00	3637.00	3637.00	3638.00	3638.00	3638.00	3639.00	3639.00	3640.00	3641.00	3641.00	3642.00	3643.00	3643.00	3643.00	3644.00	3644.00	3645.00	3646.00	3646.00	3646.00	3647.00	3648.00	3648.00	3648.00	3648.00	3649.00	3650.00	3650.00	3650.00	3651.00	3651.00	3651.00	3652.00	3652.00	3652.00	3653.00	3653.00	3653.00	3654.00	3654.00	3654.00	3654.00	3655.00	3655.00	3655.00	3655.00
3591.00	3591.00	3592.00	3592.00	3592.00	3592.00	3592.00	3593.00	3593.00	3593.00	3593.00	3594.00	3594.00	3594.00	3594.00	3594.00	3594.00	3594.00	3595.00	3595.00	3595.00	3595.00	3595.00	3595.00	3595.00	3596.00	3596.00	3596.00	3596.00	3596.00	3596.00	3597.00	3597.00	3597.00	3597.00	3597.00	3597.00	3597.00	3598.00	3598.00	3598.00	3598.00	3599.00	3599.00	3599.00	3599.00	3599.00	3600.00	3600.00	3600.00	3601.00	3601.00	3602.00	3602.00	3602.00	3602.00	3602.00	3602.00	3602.00	3602.00	3603.00	3603.00	3603.00	3604.00	3604.00	3604.00	3604.00	3604.00	3605.00	3605.00	3605.00	3606.00	3606.00	3606.00	3606.00	3607.00	3607.00	3607.00	3608.00	3608.00	3608.00	3608.00	3608.00	3609.00	3609.00	3609.00	3610.00	3610.00	3610.00	3610.00	3610.00	3610.00	3611.00	3611.00	3611.00	3611.00	3612.00	3612.00	3612.00	3612.00	3612.00	3613.00	3613.00	3613.00	3613.00	3614.00	3614.00	3614.00	3614.00	3614.00	3614.00	3614.00	3614.00	3614.00	3615.00	3615.00	3615.00	3615.00	3615.00	3615.00	3615.00	3615.00	3615.00	3616.00	3616.00	3616.00	3616.00	3616.00	3616.00	3616.00	3616.00	3616.00	3616.00	3617.00	3617.00	3617.00	3617.00	3617.00	3617.00	3618.00	3618.00	3618.00	3619.00	3619.00	3619.00	3620.00	3620.00	3620.00	3621.00	3621.00	3621.00	3621.00	3621.00	3622.00	3623.00	3623.00	3623.00	3624.00	3624.00	3625.00	3625.00	3625.00	3626.00	3626.00	3626.00	3627.00	3627.00	3627.00	3628.00	3628.00	3628.00	3629.00	3629.00	3629.00	3629.00	3629.00	3630.00	3630.00	3631.00	3631.00	3631.00	3632.00	3632.00	3632.00	3632.00	3632.00	3633.00	3633.00	3633.00	3633.00	3633.00	3633.00	3633.00	3633.00	3633.00	3633.00	3633.00	3634.00	3634.00	3634.00	3634.00	3634.00	3634.00	3635.00	3635.00	3635.00	3635.00	3635.00	3636.00	3636.00	3637.00	3637.00	3638.00	3638.00	3638.00	3639.00	3639.00	3640.00	3641.00	3641.00	3642.00	3643.00	3643.00	3643.00	3644.00	3644.00	3645.00	3646.00	3646.00	3646.00	3647.00	3648.00	3648.00	3648.00	3648.00	3649.00	3650.00	3650.00	3650.00	3651.00	3651.00	3651.00	3652.00	3652.00	3652.00	3653.00	3653.00	3653.00	3654.00	3654.00	3654.00	3654.00	3655.00	3655.00	3655.00	3655.00
3591.00	3591.00	3592.00	3592.00	3592.00	3592.00	3592.00	3593.00	3593.00	3593.00	3593.00	3594.00	3594.00	3594.00	3594.00	3594.00	3594.00	3594.00	3595.00	3595.00	3595.00	3595.00	3595.00	3595.00	3595.00	3596.00	3596.00	3596.00	3596.00	3596.00	3596.00	3597.00	3597.00	3597.00	3597.00	3597.00	3597.00	3597.00	3598.00	3598.00	3598.00	3598.00	3599.00	3599.00	3599.00	3599.00	3599.00	3600.00	3600.00	3600.00	3601.00	3601.00	3602.00	3602.00	3602.00	3602.00	3602.00	3602.00	3602.00	3602.00	3603.00	3603.00	3603.00	3604.00	3604.00	3604.00	3604.00	3604.00	3605.00	3605.00	3605.00	3606.00	3606.00	3606.00	3606.00	3607.00	3607.00	3607.00	3608.00	3608.00	3608.00	3608.00	3608.00	3609.00	3609.00	3609.00	3610.00	3610.00	3610.00	3610.00	3610.00	3610.00	3611.00	3611.00	3611.00	3611.00	3612.00	3612.00	3612.00	3612.00	3612.00	3613.00	3613.00	3613.00	3613.00	3614.00	3614.00	3614.00	3614.00	3614.00	3614.00	3614.00	3614.00	3614.00	3615.00	3615.00	3615.00	3615.00	3615.00	3615.00	3615.00	3615.00	3615.00	3616.00	3616.00	3616.00	3616.00	3616.00	3616.00	3616.00	3616.00	3616.00	3616.00	3617.00	3617.00	3617.00	3617.00	3617.00	3617.00	3618.00	3618.00	3618.00	3619.00	3619.00	3619.00	3620.00	3620.00	3620.00	3621.00	3621.00	3621.00	3621.00	3621.00	3622.00	3623.00	3623.00	3623.00	3624.00	3624.00	3625.00	3625.00	3625.00	3626.00	3626.00	3626.00	3627.00	3627.00	3627.00	3628.00	3628.00	3628.00	3629.00	3629.00	3629.00	3629.00	3629.00	3630.00	3630.00	3631.00	3631.00	3631.00	3632.00	3632.00	3632.00	3632.00	3632.00	3633.00	3633.00	3633.00	3633.00	3633.00	3633.00	3633.00	3633.00	3633.00	3633.00	3633.00	3634.00	3634.00	3634.00	3634.00	3634.00	3634.00	3635.00	3635.00	3635.00	3635.00	3635.00	3636.00	3636.00	3637.00	3637.00	3638.00	3638.00	3638.00	3639.00	3639.00	3640.00	3641.00	3641.00	3642.00	3643.00	3643.00	3643.00	3644.00	3644.00	3645.00	3646.00	3646.00	3646.00	3647.00	3648.00	3648.00	3648.00	3648.00	3649.00	3650.00	3650.00	3650.00	3651.00	3651.00	3651.00	3652.00	3652.00	3652.00	3653.00	3653.00	3653.00	3654.00	3654.00	3654.00	3654.00	3655.00	3655.00	3655.00	3655.00
3591.00	3591.00	3592.00	3592.00	3592.00	3592.00	3592.00	3593.00	3593.00	3593.00	3593.00	3594.00	3594.00	3594.00	3594.00	3594.00	3594.00	3594.00	3595.00	3595.00	3595.00	3595.00	3595.00	3595.00	3595.00	3596.00	3596.00	3596.00	3596.00	3596.00	3596.00	3597.00	3597.00	3597.00	3597.00	3597.00	3597.00	3597.00	3598.00	3598.00	3598.00	3598.00	3599.00	3599.00	3599.00	3599.00	3599.00	3600.00	3600.00	3600.00	3601.00	3601.00	3602.00	3602.00	3602.00	3602.00	3602.00	3602.00	3602.00	3602.00	3603.00	3603.00	3603.00	3604.00	3604.00	3604.00	3604.00	3604.00	3605.00	3605.00	3605.00	3606.00	3606.00	3606.00	3606.00	3607.00	3607.00	3607.00	3608.00	3608.00	3608.00	3608.00	3608.00	3609.00	3609.00	3609.00	3610.00	3610.00	3610.00	3610.00	3610.00	3610.00	3611.00	3611.00	3611.00	3611.00	3612.00	3612.00	3612.00	3612.00	3612.00	3613.00	3613.00	3613.00	3613.00	3614.00	3614.00	3614.00	3614.00	3614.00	3614.00	3614.00	3614.00	3614.00	3615.00	3615.00	3615.00	3615.00	3615.00	3615.00	3615.00	3615.00	3615.00	3616.00	3616.00	3616.00	3616.00	3616.00	3616.00	3616.00	3616.00	3616.00	3616.00	3617.00	3617.00	3617.00	3617.00	3617.00	3617.00	3618.00	3618.00	3618.00	3619.00	3619.00	3619.00	3620.00	3620.00	3620.00	3621.00	3621.00	3621.00	3621.00	3621.00	3622.00	3623.00	3623.00	3623.00	3624.00	3624.00	3625.00	3625.00	3625.00	3626.00	3626.00	3626.00	3627.00	3627.00	3627.00	3628.00	3628.00	3628.00	3629.00	3629.00	3629.00	3629.00	3629.00	3630.00	3630.00	3631.00	3631.00	3631.00	3632.00	3632.00	3632.00	3632.00	3632.00	3633.00	3633.00	3633.00	3633.00	3633.00	3633.00	3633.00	3633.00	3633.00	3633.00	3633.00	3634.00	3634.00	3634.00	3634.00	3634.00	3634.00	3635.00	3635.00	3635.00	3635.00	3635.00	3636.00	3636.00	3637.00	3637.00	3638.00	3638.00	3638.00	3639.00	3639.00	3640.00	3641.00	3641.00	3642.00	3643.00	3643.00	3643.00	3644.00	3644.00	3645.00	3646.00	3646.00	3646.00	3647.00	3648.00	3648.00	3648.00	3648.00	3649.00	3650.00	3650.00	3650.00	3651.00	3651.00	3651.00	3652.00	3652.00	3652.00	3653.00	3653.00	3653.00	3654.00	3654.00	3654.00	3654.00	3655.00	3655.00	3655.00	3655.00
3591.00	3591.00	3592.00	3592.00	3592.00	3592.00	3592.00	3593.00	3593.00	3593.00	3593.00	3594.00	3594.00	3594.00	3594.00	3594.00	3594.00	3594.00	3595.00	3595.00	3595.00	3595.00	3595.00	3595.00	3595.00	3596.00	3596.00	3596.00	3596.00	3596.00	3596.00	3597.00	3597.00	3597.00	3597.00	3597.00	3597.00	3597.00	3598.00	3598.00	3598.00	3598.00	3599.00	3599.00	3599.00	3599.00	3599.00	3600.00	3600.00	3600.00	3601.00	3601.00	3602.00	3602.00	3602.00	3602.00	3602.00	3602.00	3602.00	3602.00	3603.00	3603.00	3603.00	3604.00	3604.00	3604.00	3604.00	3604.00	3605.00	3605.00	3605.00	3606.00	3606.00	3606.00	3606.00	3607.00	3607.00	3607.00	3608.00	3608.00	3608.00	3608.00	3608.00	3609.00	3609.00	3609.00	3610.00	3610.00	3610.00	3610.00	3610.00	3610.00	3611.00	3611.00	3611.00	3611.00	3612.00	3612.00	3612.00	3612.00	3612.00	3613.00	3613.00	3613.00	3613.00	3614.00	3614.00	3614.00	3614.00	3614.00	3614.00	3614.00	3614.00	3614.00	3615.00	3615.00	3615.00	3615.00	3615.00	3615.00	3615.00	3615.00	3615.00	3616.00	3616.00	3616.00	3616.00	3616.00	3616.00	3616.00	3616.00	3616.00	3616.00	3617.00	3617.00	3617.00	3617.00	3617.00	3617.00	3618.00	3618.00	3618.00	3619.00	3619.00	3619.00	3620.00	3620.00	3620.00	3621.00	3621.00	3621.00	3621.00	3621.00	3622.00	3623.00	3623.00	3623.00	3624.00	3624.00	3625.00	3625.00	3625.00	3626.00	3626.00	3626.00	3627.00	3627.00	3627.00	3628.00	3628.00	3628.00	3629.00	3629.00	3629.00	3629.00	3629.00	3630.00	3630.00	3631.00	3631.00	3631.00	3632.00	3632.00	3632.00	3632.00	3632.00	3633.00	3633.00	3633.00	3633.00	3633.00	3633.00	3633.00	3633.00	3633.00	3633.00	3633.00	3634.00	3634.00	3634.00	3634.00	3634.00	3634.00	3635.00	3635.00	3635.00	3635.00	3635.00	3636.00	3636.00	3637.00	3637.00	3638.00	3638.00	3638.00	3639.00	3639.00	3640.00	3641.00	3641.00	3642.00	3643.00	3643.00	3643.00	3644.00	3644.00	3645.00	3646.00	3646.00	3646.00	3647.00	3648.00	3648.00	3648.00	3648.00	3649.00	3650.00	3650.00	3650.00	3651.00	3651.00	3651.00	3652.00	3652.00	3652.00	3653.00	3653.00	3653.00	3654.00	3654.00	3654.00	3654.00	3655.00	3655.00	3655.00	3655.00
3592.00	3592.00	3592.00	3592.00	3593.00	3593.00	3593.00	3593.00	3593.00	3594.00	3594.00	3595.00	3595.00	3595.00	3595.00	3595.00	3595.00	3595.00	3595.00	3595.00	3596.00	3596.00	3596.00	3596.00	3596.00	3597.00	3597.00	3597.00	3597.00	3597.00	3597.00	3597.00	3597.00	3598.00	3598.00	3598.00	3598.00	3598.00	3598.00	3598.00	3598.00	3598.00	3599.00	3599.00	3599.00	3599.00	3599.00	3599.00	3600.00	3600.00	3600.00	3601.00	3601.00	3601.00	3601.00	3601.00	3602.00	3602.00	3602.00	3602.00	3603.00	3603.00	3603.00	3603.00	3603.00	3604.00	3604.00	3604.00	3605.00	3605.00	3605.00	3606.00	3606.00	3607.00	3607.00	3607.00	3607.00	3607.00	3608.00	3608.00	3608.00	3608.00	3609.00	3610.00	3610.00	3610.00	3611.00	3611.00	3611.00	3611.00	3611.00	3612.00	3612.00	3612.00	3613.00	3613.00	3613.00	3613.00	3614.00	3614.00	3614.00	3615.00	3615.00	3615.00	3615.00	3615.00	3615.00	3615.00	3615.00	3616.00	3616.00	3616.00	3616.00	3616.00	3616.00	3617.00	3617.00	3617.00	3617.00	3617.00	3617.00	3617.00	3617.00	3617.00	3617.00	3617.00	3617.00	3617.00	3618.00	3618.00	3618.00	3618.00	3618.00	3618.00	3618.00	3618.00	3618.00	3619.00	3619.00	3619.00	3619.00	3619.00	3620.00	3620.00	3620.00	3620.00	3621.00	3621.00	3621.00	3621.00	3622.00	3622.00	3622.00	3623.00	3623.00	3623.00	3624.00	3624.00	3624.00	3625.00	3625.00	3625.00	3626.00	3627.00	3627.00	3627.00	3627.00	3628.00	3628.00	3629.00	3629.00	3629.00	3630.00	3630.00	3630.00	3630.00	3631.00	3631.00	3632.00	3632.00	3632.00	3632.00	3632.00	3632.00	3632.00	3633.00	3633.00	3633.00	3633.00	3633.00	3633.00	3633.00	3633.00	3633.00	3633.00	3633.00	3633.00	3634.00	3634.00	3634.00	3634.00	3634.00	3634.00	3635.00	3635.00	3635.00	3635.00	3635.00	3636.00	3636.00	3637.00	3637.00	3638.00	3638.00	3638.00	3639.00	3639.00	3640.00	3640.00	3640.00	3641.00	3642.00	3643.00	3643.00	3644.00	3644.00	3645.00	3645.00	3645.00	3646.00	3647.00	3647.00	3647.00	3648.00	3648.00	3649.00	3649.00	3649.00	3650.00	3651.00	3651.00	3651.00	3652.00	3652.00	3652.00	3653.00	3653.00	3653.00	3654.00	3654.00	3655.00	3655.00	3655.00	3656.00	3656.00	3656.00
3592.00	3592.00	3592.00	3592.00	3593.00	3593.00	3593.00	3593.00	3593.00	3594.00	3594.00	3595.00	3595.00	3595.00	3595.00	3595.00	3595.00	3595.00	3595.00	3595.00	3596.00	3596.00	3596.00	3596.00	3596.00	3597.00	3597.00	3597.00	3597.00	3597.00	3597.00	3597.00	3597.00	3598.00	3598.00	3598.00	3598.00	3598.00	3598.00	3598.00	3598.00	3598.00	3599.00	3599.00	3599.00	3599.00	3599.00	3599.00	3600.00	3600.00	3600.00	3601.00	3601.00	3601.00	3601.00	3601.00	3602.00	3602.00	3602.00	3602.00	3603.00	3603.00	3603.00	3603.00	3603.00	3604.00	3604.00	3604.00	3605.00	3605.00	3605.00	3606.00	3606.00	3607.00	3607.00	3607.00	3607.00	3607.00	3608.00	3608.00	3608.00	3608.00	3609.00	3610.00	3610.00	3610.00	3611.00	3611.00	3611.00	3611.00	3611.00	3612.00	3612.00	3612.00	3613.00	3613.00	3613.00	3613.00	3614.00	3614.00	3614.00	3615.00	3615.00	3615.00	3615.00	3615.00	3615.00	3615.00	3615.00	3616.00	3616.00	3616.00	3616.00	3616.00	3616.00	3617.00	3617.00	3617.00	3617.00	3617.00	3617.00	3617.00	3617.00	3617.00	3617.00	3617.00	3617.00	3617.00	3618.00	3618.00	3618.00	3618.00	3618.00	3618.00	3618.00	3618.00	3618.00	3619.00	3619.00	3619.00	3619.00	3619.00	3620.00	3620.00	3620.00	3620.00	3621.00	3621.00	3621.00	3621.00	3622.00	3622.00	3622.00	3623.00	3623.00	3623.00	3624.00	3624.00	3624.00	3625.00	3625.00	3625.00	3626.00	3627.00	3627.00	3627.00	3627.00	3628.00	3628.00	3629.00	3629.00	3629.00	3630.00	3630.00	3630.00	3630.00	3631.00	3631.00	3632.00	3632.00	3632.00	3632.00	3632.00	3632.00	3632.00	3633.00	3633.00	3633.00	3633.00	3633.00	3633.00	3633.00	3633.00	3633.00	3633.00	3633.00	3633.00	3634.00	3634.00	3634.00	3634.00	3634.00	3634.00	3635.00	3635.00	3635.00	3635.00	3635.00	3636.00	3636.00	3637.00	3637.00	3638.00	3638.00	3638.00	3639.00	3639.00	3640.00	3640.00	3640.00	3641.00	3642.00	3643.00	3643.00	3644.00	3644.00	3645.00	3645.00	3645.00	3646.00	3647.00	3647.00	3647.00	3648.00	3648.00	3649.00	3649.00	3649.00	3650.00	3651.00	3651.00	3651.00	3652.00	3652.00	3652.00	3653.00	3653.00	3653.00	3654.00	3654.00	3655.00	3655.00	3655.00	3656.00	3656.00	3656.00
3592.00	3592.00	3592.00	3592.00	3593.00	3593.00	3593.00	3593.00	3593.00	3594.00	3594.00	3595.00	3595.00	3595.00	3595.00	3595.00	3595.00	3595.00	3595.00	3595.00	3596.00	3596.00	3596.00	3596.00	3596.00	3597.00	3597.00	3597.00	3597.00	3597.00	3597.00	3597.00	3597.00	3598.00	3598.00	3598.00	3598.00	3598.00	3598.00	3598.00	3598.00	3598.00	3599.00	3599.00	3599.00	3599.00	3599.00	3599.00	3600.00	3600.00	3600.00	3601.00	3601.00	3601.00	3601.00	3601.00	3602.00	3602.00	3602.00	3602.00	3603.00	3603.00	3603.00	3603.00	3603.00	3604.00	3604.00	3604.00	3605.00	3605.00	3605.00	3606.00	3606.00	3607.00	3607.00	3607.00	3607.00	3607.00	3608.00	3608.00	3608.00	3608.00	3609.00	3610.00	3610.00	3610.00	3611.00	3611.00	3611.00	3611.00	3611.00	3612.00	3612.00	3612.00	3613.00	3613.00	3613.00	3613.00	3614.00	3614.00	3614.00	3615.00	3615.00	3615.00	3615.00	3615.00	3615.00	3615.00	3615.00	3616.00	3616.00	3616.00	3616.00	3616.00	3616.00	3617.00	3617.00	3617.00	3617.00	3617.00	3617.00	3617.00	3617.00	3617.00	3617.00	3617.00	3617.00	3617.00	3618.00	3618.00	3618.00	3618.00	3618.00	3618.00	3618.00	3618.00	3618.00	3619.00	3619.00	3619.00	3619.00	3619.00	3620.00	3620.00	3620.00	3620.00	3621.00	3621.00	3621.00	3621.00	3622.00	3622.00	3622.00	3623.00	3623.00	3623.00	3624.00	3624.00	3624.00	3625.00	3625.00	3625.00	3626.00	3627.00	3627.00	3627.00	3627.00	3628.00	3628.00	3629.00	3629.00	3629.00	3630.00	3630.00	3630.00	3630.00	3631.00	3631.00	3632.00	3632.00	3632.00	3632.00	3632.00	3632.00	3632.00	3633.00	3633.00	3633.00	3633.00	3633.00	3633.00	3633.00	3633.00	3633.00	3633.00	3633.00	3633.00	3634.00	3634.00	3634.00	3634.00	3634.00	3634.00	3635.00	3635.00	3635.00	3635.00	3635.00	3636.00	3636.00	3637.00	3637.00	3638.00	3638.00	3638.00	3639.00	3639.00	3640.00	3640.00	3640.00	3641.00	3642.00	3643.00	3643.00	3644.00	3644.00	3645.00	3645.00	3645.00	3646.00	3647.00	3647.00	3647.00	3648.00	3648.00	3649.00	3649.00	3649.00	3650.00	3651.00	3651.00	3651.00	3652.00	3652.00	3652.00	3653.00	3653.00	3653.00	3654.00	3654.00	3655.00	3655.00	3655.00	3656.00	3656.00	3656.00
3592.00	3592.00	3592.00	3592.00	3593.00	3593.00	3593.00	3593.00	3593.00	3594.00	3594.00	3595.00	3595.00	3595.00	3595.00	3595.00	3595.00	3595.00	3595.00	3595.00	3596.00	3596.00	3596.00	3596.00	3596.00	3597.00	3597.00	3597.00	3597.00	3597.00	3597.00	3597.00	3597.00	3598.00	3598.00	3598.00	3598.00	3598.00	3598.00	3598.00	3598.00	3598.00	3599.00	3599.00	3599.00	3599.00	3599.00	3599.00	3600.00	3600.00	3600.00	3601.00	3601.00	3601.00	3601.00	3601.00	3602.00	3602.00	3602.00	3602.00	3603.00	3603.00	3603.00	3603.00	3603.00	3604.00	3604.00	3604.00	3605.00	3605.00	3605.00	3606.00	3606.00	3607.00	3607.00	3607.00	3607.00	3607.00	3608.00	3608.00	3608.00	3608.00	3609.00	3610.00	3610.00	3610.00	3611.00	3611.00	3611.00	3611.00	3611.00	3612.00	3612.00	3612.00	3613.00	3613.00	3613.00	3613.00	3614.00	3614.00	3614.00	3615.00	3615.00	3615.00	3615.00	3615.00	3615.00	3615.00	3615.00	3616.00	3616.00	3616.00	3616.00	3616.00	3616.00	3617.00	3617.00	3617.00	3617.00	3617.00	3617.00	3617.00	3617.00	3617.00	3617.00	3617.00	3617.00	3617.00	3618.00	3618.00	3618.00	3618.00	3618.00	3618.00	3618.00	3618.00	3618.00	3619.00	3619.00	3619.00	3619.00	3619.00	3620.00	3620.00	3620.00	3620.00	3621.00	3621.00	3621.00	3621.00	3622.00	3622.00	3622.00	3623.00	3623.00	3623.00	3624.00	3624.00	3624.00	3625.00	3625.00	3625.00	3626.00	3627.00	3627.00	3627.00	3627.00	3628.00	3628.00	3629.00	3629.00	3629.00	3630.00	3630.00	3630.00	3630.00	3631.00	3631.00	3632.00	3632.00	3632.00	3632.00	3632.00	3632.00	3632.00	3633.00	3633.00	3633.00	3633.00	3633.00	3633.00	3633.00	3633.00	3633.00	3633.00	3633.00	3633.00	3634.00	3634.00	3634.00	3634.00	3634.00	3634.00	3635.00	3635.00	3635.00	3635.00	3635.00	3636.00	3636.00	3637.00	3637.00	3638.00	3638.00	3638.00	3639.00	3639.00	3640.00	3640.00	3640.00	3641.00	3642.00	3643.00	3643.00	3644.00	3644.00	3645.00	3645.00	3645.00	3646.00	3647.00	3647.00	3647.00	3648.00	3648.00	3649.00	3649.00	3649.00	3650.00	3651.00	3651.00	3651.00	3652.00	3652.00	3652.00	3653.00	3653.00	3653.00	3654.00	3654.00	3655.00	3655.00	3655.00	3656.00	3656.00	3656.00
3592.00	3592.00	3592.00	3592.00	3593.00	3593.00	3593.00	3593.00	3593.00	3594.00	3594.00	3595.00	3595.00	3595.00	3595.00	3595.00	3595.00	3595.00	3595.00	3595.00	3596.00	3596.00	3596.00	3596.00	3596.00	3597.00	3597.00	3597.00	3597.00	3597.00	3597.00	3597.00	3597.00	3598.00	3598.00	3598.00	3598.00	3598.00	3598.00	3598.00	3598.00	3598.00	3599.00	3599.00	3599.00	3599.00	3599.00	3599.00	3600.00	3600.00	3600.00	3601.00	3601.00	3601.00	3601.00	3601.00	3602.00	3602.00	3602.00	3602.00	3603.00	3603.00	3603.00	3603.00	3603.00	3604.00	3604.00	3604.00	3605.00	3605.00	3605.00	3606.00	3606.00	3607.00	3607.00	3607.00	3607.00	3607.00	3608.00	3608.00	3608.00	3608.00	3609.00	3610.00	3610.00	3610.00	3611.00	3611.00	3611.00	3611.00	3611.00	3612.00	3612.00	3612.00	3613.00	3613.00	3613.00	3613.00	3614.00	3614.00	3614.00	3615.00	3615.00	3615.00	3615.00	3615.00	3615.00	3615.00	3615.00	3616.00	3616.00	3616.00	3616.00	3616.00	3616.00	3617.00	3617.00	3617.00	3617.00	3617.00	3617.00	3617.00	3617.00	3617.00	3617.00	3617.00	3617.00	3617.00	3618.00	3618.00	3618.00	3618.00	3618.00	3618.00	3618.00	3618.00	3618.00	3619.00	3619.00	3619.00	3619.00	3619.00	3620.00	3620.00	3620.00	3620.00	3621.00	3621.00	3621.00	3621.00	3622.00	3622.00	3622.00	3623.00	3623.00	3623.00	3624.00	3624.00	3624.00	3625.00	3625.00	3625.00	3626.00	3627.00	3627.00	3627.00	3627.00	3628.00	3628.00	3629.00	3629.00	3629.00	3630.00	3630.00	3630.00	3630.00	3631.00	3631.00	3632.00	3632.00	3632.00	3632.00	3632.00	3632.00	3632.00	3633.00	3633.00	3633.00	3633.00	3633.00	3633.00	3633.00	3633.00	3633.00	3633.00	3633.00	3633.00	3634.00	3634.00	3634.00	3634.00	3634.00	3634.00	3635.00	3635.00	3635.00	3635.00	3635.00	3636.00	3636.00	3637.00	3637.00	3638.00	3638.00	3638.00	3639.00	3639.00	3640.00	3640.00	3640.00	3641.00	3642.00	3643.00	3643.00	3644.00	3644.00	3645.00	3645.00	3645.00	3646.00	3647.00	3647.00	3647.00	3648.00	3648.00	3649.00	3649.00	3649.00	3650.00	3651.00	3651.00	3651.00	3652.00	3652.00	3652.00	3653.00	3653.00	3653.00	3654.00	3654.00	3655.00	3655.00	3655.00	3656.00	3656.00	3656.00
3592.00	3592.00	3592.00	3592.00	3593.00	3593.00	3593.00	3593.00	3593.00	3594.00	3594.00	3595.00	3595.00	3595.00	3595.00	3595.00	3595.00	3595.00	3595.00	3595.00	3596.00	3596.00	3596.00	3596.00	3596.00	3597.00	3597.00	3597.00	3597.00	3597.00	3597.00	3597.00	3597.00	3598.00	3598.00	3598.00	3598.00	3598.00	3598.00	3598.00	3598.00	3598.00	3599.00	3599.00	3599.00	3599.00	3599.00	3599.00	3600.00	3600.00	3600.00	3601.00	3601.00	3601.00	3601.00	3601.00	3602.00	3602.00	3602.00	3602.00	3603.00	3603.00	3603.00	3603.00	3603.00	3604.00	3604.00	3604.00	3605.00	3605.00	3605.00	3606.00	3606.00	3607.00	3607.00	3607.00	3607.00	3607.00	3608.00	3608.00	3608.00	3608.00	3609.00	3610.00	3610.00	3610.00	3611.00	3611.00	3611.00	3611.00	3611.00	3612.00	3612.00	3612.00	3613.00	3613.00	3613.00	3613.00	3614.00	3614.00	3614.00	3615.00	3615.00	3615.00	3615.00	3615.00	3615.00	3615.00	3615.00	3616.00	3616.00	3616.00	3616.00	3616.00	3616.00	3617.00	3617.00	3617.00	3617.00	3617.00	3617.00	3617.00	3617.00	3617.00	3617.00	3617.00	3617.00	3617.00	3618.00	3618.00	3618.00	3618.00	3618.00	3618.00	3618.00	3618.00	3618.00	3619.00	3619.00	3619.00	3619.00	3619.00	3620.00	3620.00	3620.00	3620.00	3621.00	3621.00	3621.00	3621.00	3622.00	3622.00	3622.00	3623.00	3623.00	3623.00	3624.00	3624.00	3624.00	3625.00	3625.00	3625.00	3626.00	3627.00	3627.00	3627.00	3627.00	3628.00	3628.00	3629.00	3629.00	3629.00	3630.00	3630.00	3630.00	3630.00	3631.00	3631.00	3632.00	3632.00	3632.00	3632.00	3632.00	3632.00	3632.00	3633.00	3633.00	3633.00	3633.00	3633.00	3633.00	3633.00	3633.00	3633.00	3633.00	3633.00	3633.00	3634.00	3634.00	3634.00	3634.00	3634.00	3634.00	3635.00	3635.00	3635.00	3635.00	3635.00	3636.00	3636.00	3637.00	3637.00	3638.00	3638.00	3638.00	3639.00	3639.00	3640.00	3640.00	3640.00	3641.00	3642.00	3643.00	3643.00	3644.00	3644.00	3645.00	3645.00	3645.00	3646.00	3647.00	3647.00	3647.00	3648.00	3648.00	3649.00	3649.00	3649.00	3650.00	3651.00	3651.00	3651.00	3652.00	3652.00	3652.00	3653.00	3653.00	3653.00	3654.00	3654.00	3655.00	3655.00	3655.00	3656.00	3656.00	3656.00
3592.00	3593.00	3594.00	3594.00	3594.00	3594.00	3595.00	3595.00	3595.00	3595.00	3595.00	3595.00	3595.00	3596.00	3596.00	3596.00	3596.00	3596.00	3597.00	3597.00	3597.00	3597.00	3597.00	3597.00	3598.00	3598.00	3598.00	3598.00	3598.00	3598.00	3598.00	3598.00	3598.00	3598.00	3598.00	3598.00	3598.00	3598.00	3598.00	3599.00	3599.00	3599.00	3599.00	3599.00	3599.00	3599.00	3599.00	3600.00	3600.00	3600.00	3600.00	3601.00	3601.00	3601.00	3601.00	3601.00	3602.00	3602.00	3602.00	3602.00	3602.00	3602.00	3603.00	3603.00	3603.00	3603.00	3604.00	3604.00	3604.00	3605.00	3605.00	3606.00	3606.00	3607.00	3607.00	3607.00	3607.00	3608.00	3608.00	3608.00	3609.00	3609.00	3610.00	3610.00	3611.00	3611.00	3611.00	3612.00	3612.00	3612.00	3612.00	3613.00	3613.00	3613.00	3614.00	3614.00	3615.00	3615.00	3615.00	3615.00	3616.00	3616.00	3616.00	3616.00	3616.00	3617.00	3617.00	3617.00	3617.00	3617.00	3618.00	3618.00	3618.00	3618.00	3618.00	3618.00	3619.00	3619.00	3619.00	3619.00	3619.00	3619.00	3619.00	3619.00	3619.00	3619.00	3619.00	3619.00	3619.00	3619.00	3619.00	3619.00	3619.00	3620.00	3620.00	3620.00	3620.00	3620.00	3620.00	3620.00	3620.00	3620.00	3621.00	3621.00	3621.00	3621.00	3622.00	3622.00	3622.00	3622.00	3623.00	3623.00	3623.00	3624.00	3624.00	3624.00	3625.00	3625.00	3625.00	3625.00	3626.00	3626.00	3627.00	3627.00	3627.00	3628.00	3628.00	3628.00	3629.00	3629.00	3629.00	3630.00	3630.00	3630.00	3630.00	3630.00	3631.00	3631.00	3632.00	3632.00	3632.00	3632.00	3632.00	3633.00	3633.00	3633.00	3633.00	3633.00	3633.00	3633.00	3633.00	3633.00	3633.00	3633.00	3633.00	3633.00	3633.00	3634.00	3634.00	3634.00	3634.00	3634.00	3634.00	3634.00	3635.00	3635.00	3635.00	3635.00	3635.00	3636.00	3636.00	3636.00	3637.00	3638.00	3638.00	3638.00	3638.00	3639.00	3640.00	3640.00	3641.00	3642.00	3642.00	3642.00	3643.00	3643.00	3644.00	3645.00	3645.00	3645.00	3646.00	3647.00	3647.00	3647.00	3647.00	3648.00	3649.00	3649.00	3650.00	3651.00	3651.00	3651.00	3652.00	3652.00	3652.00	3653.00	3653.00	3653.00	3654.00	3654.00	3655.00	3655.00	3655.00	3656.00	3656.00	3656.00
3592.00	3593.00	3594.00	3594.00	3594.00	3594.00	3595.00	3595.00	3595.00	3595.00	3595.00	3595.00	3595.00	3596.00	3596.00	3596.00	3596.00	3596.00	3597.00	3597.00	3597.00	3597.00	3597.00	3597.00	3598.00	3598.00	3598.00	3598.00	3598.00	3598.00	3598.00	3598.00	3598.00	3598.00	3598.00	3598.00	3598.00	3598.00	3598.00	3599.00	3599.00	3599.00	3599.00	3599.00	3599.00	3599.00	3599.00	3600.00	3600.00	3600.00	3600.00	3601.00	3601.00	3601.00	3601.00	3601.00	3602.00	3602.00	3602.00	3602.00	3602.00	3602.00	3603.00	3603.00	3603.00	3603.00	3604.00	3604.00	3604.00	3605.00	3605.00	3606.00	3606.00	3607.00	3607.00	3607.00	3607.00	3608.00	3608.00	3608.00	3609.00	3609.00	3610.00	3610.00	3611.00	3611.00	3611.00	3612.00	3612.00	3612.00	3612.00	3613.00	3613.00	3613.00	3614.00	3614.00	3615.00	3615.00	3615.00	3615.00	3616.00	3616.00	3616.00	3616.00	3616.00	3617.00	3617.00	3617.00	3617.00	3617.00	3618.00	3618.00	3618.00	3618.00	3618.00	3618.00	3619.00	3619.00	3619.00	3619.00	3619.00	3619.00	3619.00	3619.00	3619.00	3619.00	3619.00	3619.00	3619.00	3619.00	3619.00	3619.00	3619.00	3620.00	3620.00	3620.00	3620.00	3620.00	3620.00	3620.00	3620.00	3620.00	3621.00	3621.00	3621.00	3621.00	3622.00	3622.00	3622.00	3622.00	3623.00	3623.00	3623.00	3624.00	3624.00	3624.00	3625.00	3625.00	3625.00	3625.00	3626.00	3626.00	3627.00	3627.00	3627.00	3628.00	3628.00	3628.00	3629.00	3629.00	3629.00	3630.00	3630.00	3630.00	3630.00	3630.00	3631.00	3631.00	3632.00	3632.00	3632.00	3632.00	3632.00	3633.00	3633.00	3633.00	3633.00	3633.00	3633.00	3633.00	3633.00	3633.00	3633.00	3633.00	3633.00	3633.00	3633.00	3634.00	3634.00	3634.00	3634.00	3634.00	3634.00	3634.00	3635.00	3635.00	3635.00	3635.00	3635.00	3636.00	3636.00	3636.00	3637.00	3638.00	3638.00	3638.00	3638.00	3639.00	3640.00	3640.00	3641.00	3642.00	3642.00	3642.00	3643.00	3643.00	3644.00	3645.00	3645.00	3645.00	3646.00	3647.00	3647.00	3647.00	3647.00	3648.00	3649.00	3649.00	3650.00	3651.00	3651.00	3651.00	3652.00	3652.00	3652.00	3653.00	3653.00	3653.00	3654.00	3654.00	3655.00	3655.00	3655.00	3656.00	3656.00	3656.00
3592.00	3593.00	3594.00	3594.00	3594.00	3594.00	3595.00	3595.00	3595.00	3595.00	3595.00	3595.00	3595.00	3596.00	3596.00	3596.00	3596.00	3596.00	3597.00	3597.00	3597.00	3597.00	3597.00	3597.00	3598.00	3598.00	3598.00	3598.00	3598.00	3598.00	3598.00	3598.00	3598.00	3598.00	3598.00	3598.00	3598.00	3598.00	3598.00	3599.00	3599.00	3599.00	3599.00	3599.00	3599.00	3599.00	3599.00	3600.00	3600.00	3600.00	3600.00	3601.00	3601.00	3601.00	3601.00	3601.00	3602.00	3602.00	3602.00	3602.00	3602.00	3602.00	3603.00	3603.00	3603.00	3603.00	3604.00	3604.00	3604.00	3605.00	3605.00	3606.00	3606.00	3607.00	3607.00	3607.00	3607.00	3608.00	3608.00	3608.00	3609.00	3609.00	3610.00	3610.00	3611.00	3611.00	3611.00	3612.00	3612.00	3612.00	3612.00	3613.00	3613.00	3613.00	3614.00	3614.00	3615.00	3615.00	3615.00	3615.00	3616.00	3616.00	3616.00	3616.00	3616.00	3617.00	3617.00	3617.00	3617.00	3617.00	3618.00	3618.00	3618.00	3618.00	3618.00	3618.00	3619.00	3619.00	3619.00	3619.00	3619.00	3619.00	3619.00	3619.00	3619.00	3619.00	3619.00	3619.00	3619.00	3619.00	3619.00	3619.00	3619.00	3620.00	3620.00	3620.00	3620.00	3620.00	3620.00	3620.00	3620.00	3620.00	3621.00	3621.00	3621.00	3621.00	3622.00	3622.00	3622.00	3622.00	3623.00	3623.00	3623.00	3624.00	3624.00	3624.00	3625.00	3625.00	3625.00	3625.00	3626.00	3626.00	3627.00	3627.00	3627.00	3628.00	3628.00	3628.00	3629.00	3629.00	3629.00	3630.00	3630.00	3630.00	3630.00	3630.00	3631.00	3631.00	3632.00	3632.00	3632.00	3632.00	3632.00	3633.00	3633.00	3633.00	3633.00	3633.00	3633.00	3633.00	3633.00	3633.00	3633.00	3633.00	3633.00	3633.00	3633.00	3634.00	3634.00	3634.00	3634.00	3634.00	3634.00	3634.00	3635.00	3635.00	3635.00	3635.00	3635.00	3636.00	3636.00	3636.00	3637.00	3638.00	3638.00	3638.00	3638.00	3639.00	3640.00	3640.00	3641.00	3642.00	3642.00	3642.00	3643.00	3643.00	3644.00	3645.00	3645.00	3645.00	3646.00	3647.00	3647.00	3647.00	3647.00	3648.00	3649.00	3649.00	3650.00	3651.00	3651.00	3651.00	3652.00	3652.00	3652.00	3653.00	3653.00	3653.00	3654.00	3654.00	3655.00	3655.00	3655.00	3656.00	3656.00	3656.00
3592.00	3593.00	3594.00	3594.00	3594.00	3594.00	3595.00	3595.00	3595.00	3595.00	3595.00	3595.00	3595.00	3596.00	3596.00	3596.00	3596.00	3596.00	3597.00	3597.00	3597.00	3597.00	3597.00	3597.00	3598.00	3598.00	3598.00	3598.00	3598.00	3598.00	3598.00	3598.00	3598.00	3598.00	3598.00	3598.00	3598.00	3598.00	3598.00	3599.00	3599.00	3599.00	3599.00	3599.00	3599.00	3599.00	3599.00	3600.00	3600.00	3600.00	3600.00	3601.00	3601.00	3601.00	3601.00	3601.00	3602.00	3602.00	3602.00	3602.00	3602.00	3602.00	3603.00	3603.00	3603.00	3603.00	3604.00	3604.00	3604.00	3605.00	3605.00	3606.00	3606.00	3607.00	3607.00	3607.00	3607.00	3608.00	3608.00	3608.00	3609.00	3609.00	3610.00	3610.00	3611.00	3611.00	3611.00	3612.00	3612.00	3612.00	3612.00	3613.00	3613.00	3613.00	3614.00	3614.00	3615.00	3615.00	3615.00	3615.00	3616.00	3616.00	3616.00	3616.00	3616.00	3617.00	3617.00	3617.00	3617.00	3617.00	3618.00	3618.00	3618.00	3618.00	3618.00	3618.00	3619.00	3619.00	3619.00	3619.00	3619.00	3619.00	3619.00	3619.00	3619.00	3619.00	3619.00	3619.00	3619.00	3619.00	3619.00	3619.00	3619.00	3620.00	3620.00	3620.00	3620.00	3620.00	3620.00	3620.00	3620.00	3620.00	3621.00	3621.00	3621.00	3621.00	3622.00	3622.00	3622.00	3622.00	3623.00	3623.00	3623.00	3624.00	3624.00	3624.00	3625.00	3625.00	3625.00	3625.00	3626.00	3626.00	3627.00	3627.00	3627.00	3628.00	3628.00	3628.00	3629.00	3629.00	3629.00	3630.00	3630.00	3630.00	3630.00	3630.00	3631.00	3631.00	3632.00	3632.00	3632.00	3632.00	3632.00	3633.00	3633.00	3633.00	3633.00	3633.00	3633.00	3633.00	3633.00	3633.00	3633.00	3633.00	3633.00	3633.00	3633.00	3634.00	3634.00	3634.00	3634.00	3634.00	3634.00	3634.00	3635.00	3635.00	3635.00	3635.00	3635.00	3636.00	3636.00	3636.00	3637.00	3638.00	3638.00	3638.00	3638.00	3639.00	3640.00	3640.00	3641.00	3642.00	3642.00	3642.00	3643.00	3643.00	3644.00	3645.00	3645.00	3645.00	3646.00	3647.00	3647.00	3647.00	3647.00	3648.00	3649.00	3649.00	3650.00	3651.00	3651.00	3651.00	3652.00	3652.00	3652.00	3653.00	3653.00	3653.00	3654.00	3654.00	3655.00	3655.00	3655.00	3656.00	3656.00	3656.00
3592.00	3593.00	3594.00	3594.00	3594.00	3594.00	3595.00	3595.00	3595.00	3595.00	3595.00	3595.00	3595.00	3596.00	3596.00	3596.00	3596.00	3596.00	3597.00	3597.00	3597.00	3597.00	3597.00	3597.00	3598.00	3598.00	3598.00	3598.00	3598.00	3598.00	3598.00	3598.00	3598.00	3598.00	3598.00	3598.00	3598.00	3598.00	3598.00	3599.00	3599.00	3599.00	3599.00	3599.00	3599.00	3599.00	3599.00	3600.00	3600.00	3600.00	3600.00	3601.00	3601.00	3601.00	3601.00	3601.00	3602.00	3602.00	3602.00	3602.00	3602.00	3602.00	3603.00	3603.00	3603.00	3603.00	3604.00	3604.00	3604.00	3605.00	3605.00	3606.00	3606.00	3607.00	3607.00	3607.00	3607.00	3608.00	3608.00	3608.00	3609.00	3609.00	3610.00	3610.00	3611.00	3611.00	3611.00	3612.00	3612.00	3612.00	3612.00	3613.00	3613.00	3613.00	3614.00	3614.00	3615.00	3615.00	3615.00	3615.00	3616.00	3616.00	3616.00	3616.00	3616.00	3617.00	3617.00	3617.00	3617.00	3617.00	3618.00	3618.00	3618.00	3618.00	3618.00	3618.00	3619.00	3619.00	3619.00	3619.00	3619.00	3619.00	3619.00	3619.00	3619.00	3619.00	3619.00	3619.00	3619.00	3619.00	3619.00	3619.00	3619.00	3620.00	3620.00	3620.00	3620.00	3620.00	3620.00	3620.00	3620.00	3620.00	3621.00	3621.00	3621.00	3621.00	3622.00	3622.00	3622.00	3622.00	3623.00	3623.00	3623.00	3624.00	3624.00	3624.00	3625.00	3625.00	3625.00	3625.00	3626.00	3626.00	3627.00	3627.00	3627.00	3628.00	3628.00	3628.00	3629.00	3629.00	3629.00	3630.00	3630.00	3630.00	3630.00	3630.00	3631.00	3631.00	3632.00	3632.00	3632.00	3632.00	3632.00	3633.00	3633.00	3633.00	3633.00	3633.00	3633.00	3633.00	3633.00	3633.00	3633.00	3633.00	3633.00	3633.00	3633.00	3634.00	3634.00	3634.00	3634.00	3634.00	3634.00	3634.00	3635.00	3635.00	3635.00	3635.00	3635.00	3636.00	3636.00	3636.00	3637.00	3638.00	3638.00	3638.00	3638.00	3639.00	3640.00	3640.00	3641.00	3642.00	3642.00	3642.00	3643.00	3643.00	3644.00	3645.00	3645.00	3645.00	3646.00	3647.00	3647.00	3647.00	3647.00	3648.00	3649.00	3649.00	3650.00	3651.00	3651.00	3651.00	3652.00	3652.00	3652.00	3653.00	3653.00	3653.00	3654.00	3654.00	3655.00	3655.00	3655.00	3656.00	3656.00	3656.00
3592.00	3593.00	3594.00	3594.00	3594.00	3594.00	3595.00	3595.00	3595.00	3595.00	3595.00	3595.00	3595.00	3596.00	3596.00	3596.00	3596.00	3596.00	3597.00	3597.00	3597.00	3597.00	3597.00	3597.00	3598.00	3598.00	3598.00	3598.00	3598.00	3598.00	3598.00	3598.00	3598.00	3598.00	3598.00	3598.00	3598.00	3598.00	3598.00	3599.00	3599.00	3599.00	3599.00	3599.00	3599.00	3599.00	3599.00	3600.00	3600.00	3600.00	3600.00	3601.00	3601.00	3601.00	3601.00	3601.00	3602.00	3602.00	3602.00	3602.00	3602.00	3602.00	3603.00	3603.00	3603.00	3603.00	3604.00	3604.00	3604.00	3605.00	3605.00	3606.00	3606.00	3607.00	3607.00	3607.00	3607.00	3608.00	3608.00	3608.00	3609.00	3609.00	3610.00	3610.00	3611.00	3611.00	3611.00	3612.00	3612.00	3612.00	3612.00	3613.00	3613.00	3613.00	3614.00	3614.00	3615.00	3615.00	3615.00	3615.00	3616.00	3616.00	3616.00	3616.00	3616.00	3617.00	3617.00	3617.00	3617.00	3617.00	3618.00	3618.00	3618.00	3618.00	3618.00	3618.00	3619.00	3619.00	3619.00	3619.00	3619.00	3619.00	3619.00	3619.00	3619.00	3619.00	3619.00	3619.00	3619.00	3619.00	3619.00	3619.00	3619.00	3620.00	3620.00	3620.00	3620.00	3620.00	3620.00	3620.00	3620.00	3620.00	3621.00	3621.00	3621.00	3621.00	3622.00	3622.00	3622.00	3622.00	3623.00	3623.00	3623.00	3624.00	3624.00	3624.00	3625.00	3625.00	3625.00	3625.00	3626.00	3626.00	3627.00	3627.00	3627.00	3628.00	3628.00	3628.00	3629.00	3629.00	3629.00	3630.00	3630.00	3630.00	3630.00	3630.00	3631.00	3631.00	3632.00	3632.00	3632.00	3632.00	3632.00	3633.00	3633.00	3633.00	3633.00	3633.00	3633.00	3633.00	3633.00	3633.00	3633.00	3633.00	3633.00	3633.00	3633.00	3634.00	3634.00	3634.00	3634.00	3634.00	3634.00	3634.00	3635.00	3635.00	3635.00	3635.00	3635.00	3636.00	3636.00	3636.00	3637.00	3638.00	3638.00	3638.00	3638.00	3639.00	3640.00	3640.00	3641.00	3642.00	3642.00	3642.00	3643.00	3643.00	3644.00	3645.00	3645.00	3645.00	3646.00	3647.00	3647.00	3647.00	3647.00	3648.00	3649.00	3649.00	3650.00	3651.00	3651.00	3651.00	3652.00	3652.00	3652.00	3653.00	3653.00	3653.00	3654.00	3654.00	3655.00	3655.00	3655.00	3656.00	3656.00	3656.00
3593.00	3594.00	3594.00	3594.00	3595.00	3595.00	3595.00	3596.00	3596.00	3596.00	3596.00	3597.00	3597.00	3597.00	3597.00	3598.00	3598.00	3598.00	3599.00	3599.00	3599.00	3599.00	3599.00	3599.00	3600.00	3600.00	3600.00	3600.00	3600.00	3600.00	3600.00	3600.00	3600.00	3600.00	3600.00	3600.00	3600.00	3600.00	3600.00	3600.00	3600.00	3600.00	3600.00	3600.00	3600.00	3600.00	3600.00	3600.00	3601.00	3601.00	3601.00	3601.00	3601.00	3601.00	3601.00	3601.00	3602.00	3602.00	3602.00	3602.00	3602.00	3602.00	3602.00	3603.00	3603.00	3603.00	3603.00	3603.00	3604.00	3605.00	3605.00	3605.00	3605.00	3607.00	3607.00	3608.00	3608.00	3608.00	3609.00	3609.00	3609.00	3609.00	3610.00	3611.00	3611.00	3611.00	3612.00	3612.00	3612.00	3613.00	3613.00	3614.00	3614.00	3614.00	3615.00	3615.00	3616.00	3616.00	3616.00	3616.00	3617.00	3617.00	3617.00	3618.00	3618.00	3618.00	3618.00	3619.00	3619.00	3619.00	3619.00	3619.00	3620.00	3620.00	3620.00	3620.00	3620.00	3620.00	3621.00	3621.00	3621.00	3621.00	3621.00	3621.00	3621.00	3621.00	3621.00	3621.00	3621.00	3621.00	3621.00	3621.00	3621.00	3621.00	3621.00	3621.00	3621.00	3622.00	3622.00	3622.00	3622.00	3622.00	3622.00	3622.00	3623.00	3623.00	3623.00	3623.00	3624.00	3624.00	3624.00	3624.00	3624.00	3625.00	3625.00	3625.00	3625.00	3626.00	3626.00	3626.00	3626.00	3626.00	3627.00	3627.00	3627.00	3628.00	3628.00	3628.00	3629.00	3629.00	3629.00	3629.00	3630.00	3630.00	3630.00	3630.00	3631.00	3631.00	3631.00	3631.00	3632.00	3632.00	3632.00	3632.00	3632.00	3632.00	3632.00	3632.00	3633.00	3633.00	3633.00	3633.00	3633.00	3633.00	3633.00	3633.00	3633.00	3633.00	3633.00	3633.00	3633.00	3634.00	3634.00	3634.00	3635.00	3635.00	3635.00	3635.00	3635.00	3636.00	3636.00	3636.00	3637.00	3637.00	3637.00	3638.00	3638.00	3639.00	3639.00	3639.00	3640.00	3641.00	3642.00	3642.00	3643.00	3643.00	3644.00	3644.00	3644.00	3645.00	3646.00	3646.00	3646.00	3647.00	3647.00	3648.00	3648.00	3648.00	3649.00	3650.00	3650.00	3651.00	3651.00	3651.00	3652.00	3652.00	3652.00	3653.00	3654.00	3654.00	3654.00	3654.00	3655.00	3656.00	3656.00	3656.00
3593.00	3594.00	3594.00	3594.00	3595.00	3595.00	3595.00	3596.00	3596.00	3596.00	3596.00	3597.00	3597.00	3597.00	3597.00	3598.00	3598.00	3598.00	3599.00	3599.00	3599.00	3599.00	3599.00	3599.00	3600.00	3600.00	3600.00	3600.00	3600.00	3600.00	3600.00	3600.00	3600.00	3600.00	3600.00	3600.00	3600.00	3600.00	3600.00	3600.00	3600.00	3600.00	3600.00	3600.00	3600.00	3600.00	3600.00	3600.00	3601.00	3601.00	3601.00	3601.00	3601.00	3601.00	3601.00	3601.00	3602.00	3602.00	3602.00	3602.00	3602.00	3602.00	3602.00	3603.00	3603.00	3603.00	3603.00	3603.00	3604.00	3605.00	3605.00	3605.00	3605.00	3607.00	3607.00	3608.00	3608.00	3608.00	3609.00	3609.00	3609.00	3609.00	3610.00	3611.00	3611.00	3611.00	3612.00	3612.00	3612.00	3613.00	3613.00	3614.00	3614.00	3614.00	3615.00	3615.00	3616.00	3616.00	3616.00	3616.00	3617.00	3617.00	3617.00	3618.00	3618.00	3618.00	3618.00	3619.00	3619.00	3619.00	3619.00	3619.00	3620.00	3620.00	3620.00	3620.00	3620.00	3620.00	3621.00	3621.00	3621.00	3621.00	3621.00	3621.00	3621.00	3621.00	3621.00	3621.00	3621.00	3621.00	3621.00	3621.00	3621.00	3621.00	3621.00	3621.00	3621.00	3622.00	3622.00	3622.00	3622.00	3622.00	3622.00	3622.00	3623.00	3623.00	3623.00	3623.00	3624.00	3624.00	3624.00	3624.00	3624.00	3625.00	3625.00	3625.00	3625.00	3626.00	3626.00	3626.00	3626.00	3626.00	3627.00	3627.00	3627.00	3628.00	3628.00	3628.00	3629.00	3629.00	3629.00	3629.00	3630.00	3630.00	3630.00	3630.00	3631.00	3631.00	3631.00	3631.00	3632.00	3632.00	3632.00	3632.00	3632.00	3632.00	3632.00	3632.00	3633.00	3633.00	3633.00	3633.00	3633.00	3633.00	3633.00	3633.00	3633.00	3633.00	3633.00	3633.00	3633.00	3634.00	3634.00	3634.00	3635.00	3635.00	3635.00	3635.00	3635.00	3636.00	3636.00	3636.00	3637.00	3637.00	3637.00	3638.00	3638.00	3639.00	3639.00	3639.00	3640.00	3641.00	3642.00	3642.00	3643.00	3643.00	3644.00	3644.00	3644.00	3645.00	3646.00	3646.00	3646.00	3647.00	3647.00	3648.00	3648.00	3648.00	3649.00	3650.00	3650.00	3651.00	3651.00	3651.00	3652.00	3652.00	3652.00	3653.00	3654.00	3654.00	3654.00	3654.00	3655.00	3656.00	3656.00	3656.00
3593.00	3594.00	3594.00	3594.00	3595.00	3595.00	3595.00	3596.00	3596.00	3596.00	3596.00	3597.00	3597.00	3597.00	3597.00	3598.00	3598.00	3598.00	3599.00	3599.00	3599.00	3599.00	3599.00	3599.00	3600.00	3600.00	3600.00	3600.00	3600.00	3600.00	3600.00	3600.00	3600.00	3600.00	3600.00	3600.00	3600.00	3600.00	3600.00	3600.00	3600.00	3600.00	3600.00	3600.00	3600.00	3600.00	3600.00	3600.00	3601.00	3601.00	3601.00	3601.00	3601.00	3601.00	3601.00	3601.00	3602.00	3602.00	3602.00	3602.00	3602.00	3602.00	3602.00	3603.00	3603.00	3603.00	3603.00	3603.00	3604.00	3605.00	3605.00	3605.00	3605.00	3607.00	3607.00	3608.00	3608.00	3608.00	3609.00	3609.00	3609.00	3609.00	3610.00	3611.00	3611.00	3611.00	3612.00	3612.00	3612.00	3613.00	3613.00	3614.00	3614.00	3614.00	3615.00	3615.00	3616.00	3616.00	3616.00	3616.00	3617.00	3617.00	3617.00	3618.00	3618.00	3618.00	3618.00	3619.00	3619.00	3619.00	3619.00	3619.00	3620.00	3620.00	3620.00	3620.00	3620.00	3620.00	3621.00	3621.00	3621.00	3621.00	3621.00	3621.00	3621.00	3621.00	3621.00	3621.00	3621.00	3621.00	3621.00	3621.00	3621.00	3621.00	3621.00	3621.00	3621.00	3622.00	3622.00	3622.00	3622.00	3622.00	3622.00	3622.00	3623.00	3623.00	3623.00	3623.00	3624.00	3624.00	3624.00	3624.00	3624.00	3625.00	3625.00	3625.00	3625.00	3626.00	3626.00	3626.00	3626.00	3626.00	3627.00	3627.00	3627.00	3628.00	3628.00	3628.00	3629.00	3629.00	3629.00	3629.00	3630.00	3630.00	3630.00	3630.00	3631.00	3631.00	3631.00	3631.00	3632.00	3632.00	3632.00	3632.00	3632.00	3632.00	3632.00	3632.00	3633.00	3633.00	3633.00	3633.00	3633.00	3633.00	3633.00	3633.00	3633.00	3633.00	3633.00	3633.00	3633.00	3634.00	3634.00	3634.00	3635.00	3635.00	3635.00	3635.00	3635.00	3636.00	3636.00	3636.00	3637.00	3637.00	3637.00	3638.00	3638.00	3639.00	3639.00	3639.00	3640.00	3641.00	3642.00	3642.00	3643.00	3643.00	3644.00	3644.00	3644.00	3645.00	3646.00	3646.00	3646.00	3647.00	3647.00	3648.00	3648.00	3648.00	3649.00	3650.00	3650.00	3651.00	3651.00	3651.00	3652.00	3652.00	3652.00	3653.00	3654.00	3654.00	3654.00	3654.00	3655.00	3656.00	3656.00	3656.00
3593.00	3594.00	3594.00	3594.00	3595.00	3595.00	3595.00	3596.00	3596.00	3596.00	3596.00	3597.00	3597.00	3597.00	3597.00	3598.00	3598.00	3598.00	3599.00	3599.00	3599.00	3599.00	3599.00	3599.00	3600.00	3600.00	3600.00	3600.00	3600.00	3600.00	3600.00	3600.00	3600.00	3600.00	3600.00	3600.00	3600.00	3600.00	3600.00	3600.00	3600.00	3600.00	3600.00	3600.00	3600.00	3600.00	3600.00	3600.00	3601.00	3601.00	3601.00	3601.00	3601.00	3601.00	3601.00	3601.00	3602.00	3602.00	3602.00	3602.00	3602.00	3602.00	3602.00	3603.00	3603.00	3603.00	3603.00	3603.00	3604.00	3605.00	3605.00	3605.00	3605.00	3607.00	3607.00	3608.00	3608.00	3608.00	3609.00	3609.00	3609.00	3609.00	3610.00	3611.00	3611.00	3611.00	3612.00	3612.00	3612.00	3613.00	3613.00	3614.00	3614.00	3614.00	3615.00	3615.00	3616.00	3616.00	3616.00	3616.00	3617.00	3617.00	3617.00	3618.00	3618.00	3618.00	3618.00	3619.00	3619.00	3619.00	3619.00	3619.00	3620.00	3620.00	3620.00	3620.00	3620.00	3620.00	3621.00	3621.00	3621.00	3621.00	3621.00	3621.00	3621.00	3621.00	3621.00	3621.00	3621.00	3621.00	3621.00	3621.00	3621.00	3621.00	3621.00	3621.00	3621.00	3622.00	3622.00	3622.00	3622.00	3622.00	3622.00	3622.00	3623.00	3623.00	3623.00	3623.00	3624.00	3624.00	3624.00	3624.00	3624.00	3625.00	3625.00	3625.00	3625.00	3626.00	3626.00	3626.00	3626.00	3626.00	3627.00	3627.00	3627.00	3628.00	3628.00	3628.00	3629.00	3629.00	3629.00	3629.00	3630.00	3630.00	3630.00	3630.00	3631.00	3631.00	3631.00	3631.00	3632.00	3632.00	3632.00	3632.00	3632.00	3632.00	3632.00	3632.00	3633.00	3633.00	3633.00	3633.00	3633.00	3633.00	3633.00	3633.00	3633.00	3633.00	3633.00	3633.00	3633.00	3634.00	3634.00	3634.00	3635.00	3635.00	3635.00	3635.00	3635.00	3636.00	3636.00	3636.00	3637.00	3637.00	3637.00	3638.00	3638.00	3639.00	3639.00	3639.00	3640.00	3641.00	3642.00	3642.00	3643.00	3643.00	3644.00	3644.00	3644.00	3645.00	3646.00	3646.00	3646.00	3647.00	3647.00	3648.00	3648.00	3648.00	3649.00	3650.00	3650.00	3651.00	3651.00	3651.00	3652.00	3652.00	3652.00	3653.00	3654.00	3654.00	3654.00	3654.00	3655.00	3656.00	3656.00	3656.00
3593.00	3594.00	3594.00	3594.00	3595.00	3595.00	3595.00	3596.00	3596.00	3596.00	3596.00	3597.00	3597.00	3597.00	3597.00	3598.00	3598.00	3598.00	3599.00	3599.00	3599.00	3599.00	3599.00	3599.00	3600.00	3600.00	3600.00	3600.00	3600.00	3600.00	3600.00	3600.00	3600.00	3600.00	3600.00	3600.00	3600.00	3600.00	3600.00	3600.00	3600.00	3600.00	3600.00	3600.00	3600.00	3600.00	3600.00	3600.00	3601.00	3601.00	3601.00	3601.00	3601.00	3601.00	3601.00	3601.00	3602.00	3602.00	3602.00	3602.00	3602.00	3602.00	3602.00	3603.00	3603.00	3603.00	3603.00	3603.00	3604.00	3605.00	3605.00	3605.00	3605.00	3607.00	3607.00	3608.00	3608.00	3608.00	3609.00	3609.00	3609.00	3609.00	3610.00	3611.00	3611.00	3611.00	3612.00	3612.00	3612.00	3613.00	3613.00	3614.00	3614.00	3614.00	3615.00	3615.00	3616.00	3616.00	3616.00	3616.00	3617.00	3617.00	3617.00	3618.00	3618.00	3618.00	3618.00	3619.00	3619.00	3619.00	3619.00	3619.00	3620.00	3620.00	3620.00	3620.00	3620.00	3620.00	3621.00	3621.00	3621.00	3621.00	3621.00	3621.00	3621.00	3621.00	3621.00	3621.00	3621.00	3621.00	3621.00	3621.00	3621.00	3621.00	3621.00	3621.00	3621.00	3622.00	3622.00	3622.00	3622.00	3622.00	3622.00	3622.00	3623.00	3623.00	3623.00	3623.00	3624.00	3624.00	3624.00	3624.00	3624.00	3625.00	3625.00	3625.00	3625.00	3626.00	3626.00	3626.00	3626.00	3626.00	3627.00	3627.00	3627.00	3628.00	3628.00	3628.00	3629.00	3629.00	3629.00	3629.00	3630.00	3630.00	3630.00	3630.00	3631.00	3631.00	3631.00	3631.00	3632.00	3632.00	3632.00	3632.00	3632.00	3632.00	3632.00	3632.00	3633.00	3633.00	3633.00	3633.00	3633.00	3633.00	3633.00	3633.00	3633.00	3633.00	3633.00	3633.00	3633.00	3634.00	3634.00	3634.00	3635.00	3635.00	3635.00	3635.00	3635.00	3636.00	3636.00	3636.00	3637.00	3637.00	3637.00	3638.00	3638.00	3639.00	3639.00	3639.00	3640.00	3641.00	3642.00	3642.00	3643.00	3643.00	3644.00	3644.00	3644.00	3645.00	3646.00	3646.00	3646.00	3647.00	3647.00	3648.00	3648.00	3648.00	3649.00	3650.00	3650.00	3651.00	3651.00	3651.00	3652.00	3652.00	3652.00	3653.00	3654.00	3654.00	3654.00	3654.00	3655.00	3656.00	3656.00	3656.00
3593.00	3594.00	3594.00	3594.00	3595.00	3595.00	3595.00	3596.00	3596.00	3596.00	3596.00	3597.00	3597.00	3597.00	3597.00	3598.00	3598.00	3598.00	3599.00	3599.00	3599.00	3599.00	3599.00	3599.00	3600.00	3600.00	3600.00	3600.00	3600.00	3600.00	3600.00	3600.00	3600.00	3600.00	3600.00	3600.00	3600.00	3600.00	3600.00	3600.00	3600.00	3600.00	3600.00	3600.00	3600.00	3600.00	3600.00	3600.00	3601.00	3601.00	3601.00	3601.00	3601.00	3601.00	3601.00	3601.00	3602.00	3602.00	3602.00	3602.00	3602.00	3602.00	3602.00	3603.00	3603.00	3603.00	3603.00	3603.00	3604.00	3605.00	3605.00	3605.00	3605.00	3607.00	3607.00	3608.00	3608.00	3608.00	3609.00	3609.00	3609.00	3609.00	3610.00	3611.00	3611.00	3611.00	3612.00	3612.00	3612.00	3613.00	3613.00	3614.00	3614.00	3614.00	3615.00	3615.00	3616.00	3616.00	3616.00	3616.00	3617.00	3617.00	3617.00	3618.00	3618.00	3618.00	3618.00	3619.00	3619.00	3619.00	3619.00	3619.00	3620.00	3620.00	3620.00	3620.00	3620.00	3620.00	3621.00	3621.00	3621.00	3621.00	3621.00	3621.00	3621.00	3621.00	3621.00	3621.00	3621.00	3621.00	3621.00	3621.00	3621.00	3621.00	3621.00	3621.00	3621.00	3622.00	3622.00	3622.00	3622.00	3622.00	3622.00	3622.00	3623.00	3623.00	3623.00	3623.00	3624.00	3624.00	3624.00	3624.00	3624.00	3625.00	3625.00	3625.00	3625.00	3626.00	3626.00	3626.00	3626.00	3626.00	3627.00	3627.00	3627.00	3628.00	3628.00	3628.00	3629.00	3629.00	3629.00	3629.00	3630.00	3630.00	3630.00	3630.00	3631.00	3631.00	3631.00	3631.00	3632.00	3632.00	3632.00	3632.00	3632.00	3632.00	3632.00	3632.00	3633.00	3633.00	3633.00	3633.00	3633.00	3633.00	3633.00	3633.00	3633.00	3633.00	3633.00	3633.00	3633.00	3634.00	3634.00	3634.00	3635.00	3635.00	3635.00	3635.00	3635.00	3636.00	3636.00	3636.00	3637.00	3637.00	3637.00	3638.00	3638.00	3639.00	3639.00	3639.00	3640.00	3641.00	3642.00	3642.00	3643.00	3643.00	3644.00	3644.00	3644.00	3645.00	3646.00	3646.00	3646.00	3647.00	3647.00	3648.00	3648.00	3648.00	3649.00	3650.00	3650.00	3651.00	3651.00	3651.00	3652.00	3652.00	3652.00	3653.00	3654.00	3654.00	3654.00	3654.00	3655.00	3656.00	3656.00	3656.00
3594.00	3595.00	3595.00	3595.00	3596.00	3596.00	3596.00	3597.00	3597.00	3597.00	3597.00	3598.00	3598.00	3599.00	3599.00	3599.00	3600.00	3600.00	3600.00	3600.00	3601.00	3601.00	3601.00	3601.00	3601.00	3601.00	3601.00	3601.00	3601.00	3601.00	3601.00	3602.00	3602.00	3601.00	3601.00	3601.00	3601.00	3601.00	3601.00	3601.00	3601.00	3601.00	3601.00	3601.00	3601.00	3601.00	3601.00	3601.00	3601.00	3601.00	3601.00	3601.00	3601.00	3601.00	3602.00	3602.00	3602.00	3602.00	3602.00	3602.00	3602.00	3602.00	3603.00	3603.00	3603.00	3603.00	3604.00	3604.00	3604.00	3605.00	3605.00	3606.00	3606.00	3607.00	3607.00	3607.00	3607.00	3608.00	3609.00	3609.00	3610.00	3610.00	3610.00	3611.00	3612.00	3612.00	3612.00	3613.00	3613.00	3614.00	3614.00	3614.00	3615.00	3615.00	3615.00	3616.00	3617.00	3617.00	3617.00	3617.00	3618.00	3618.00	3618.00	3618.00	3618.00	3619.00	3619.00	3620.00	3620.00	3620.00	3621.00	3621.00	3621.00	3621.00	3621.00	3622.00	3622.00	3622.00	3622.00	3622.00	3622.00	3622.00	3622.00	3622.00	3622.00	3622.00	3622.00	3622.00	3623.00	3623.00	3623.00	3623.00	3623.00	3623.00	3623.00	3623.00	3623.00	3623.00	3623.00	3623.00	3623.00	3624.00	3624.00	3624.00	3624.00	3624.00	3625.00	3625.00	3625.00	3625.00	3625.00	3625.00	3625.00	3625.00	3626.00	3626.00	3626.00	3626.00	3626.00	3626.00	3627.00	3627.00	3627.00	3627.00	3627.00	3628.00	3628.00	3628.00	3629.00	3629.00	3629.00	3629.00	3630.00	3630.00	3630.00	3630.00	3630.00	3631.00	3631.00	3631.00	3631.00	3631.00	3631.00	3632.00	3632.00	3632.00	3632.00	3632.00	3632.00	3632.00	3632.00	3632.00	3632.00	3632.00	3633.00	3633.00	3633.00	3633.00	3633.00	3633.00	3633.00	3633.00	3633.00	3634.00	3634.00	3634.00	3635.00	3635.00	3635.00	3636.00	3636.00	3636.00	3637.00	3637.00	3637.00	3638.00	3638.00	3638.00	3639.00	3639.00	3640.00	3641.00	3642.00	3642.00	3642.00	3642.00	3643.00	3644.00	3644.00	3645.00	3646.00	3646.00	3646.00	3647.00	3647.00	3648.00	3648.00	3648.00	3649.00	3650.00	3650.00	3650.00	3651.00	3651.00	3652.00	3652.00	3652.00	3653.00	3654.00	3654.00	3654.00	3654.00	3655.00	3656.00	3656.00	3656.00
3594.00	3595.00	3595.00	3595.00	3596.00	3596.00	3596.00	3597.00	3597.00	3597.00	3597.00	3598.00	3598.00	3599.00	3599.00	3599.00	3600.00	3600.00	3600.00	3600.00	3601.00	3601.00	3601.00	3601.00	3601.00	3601.00	3601.00	3601.00	3601.00	3601.00	3601.00	3602.00	3602.00	3601.00	3601.00	3601.00	3601.00	3601.00	3601.00	3601.00	3601.00	3601.00	3601.00	3601.00	3601.00	3601.00	3601.00	3601.00	3601.00	3601.00	3601.00	3601.00	3601.00	3601.00	3602.00	3602.00	3602.00	3602.00	3602.00	3602.00	3602.00	3602.00	3603.00	3603.00	3603.00	3603.00	3604.00	3604.00	3604.00	3605.00	3605.00	3606.00	3606.00	3607.00	3607.00	3607.00	3607.00	3608.00	3609.00	3609.00	3610.00	3610.00	3610.00	3611.00	3612.00	3612.00	3612.00	3613.00	3613.00	3614.00	3614.00	3614.00	3615.00	3615.00	3615.00	3616.00	3617.00	3617.00	3617.00	3617.00	3618.00	3618.00	3618.00	3618.00	3618.00	3619.00	3619.00	3620.00	3620.00	3620.00	3621.00	3621.00	3621.00	3621.00	3621.00	3622.00	3622.00	3622.00	3622.00	3622.00	3622.00	3622.00	3622.00	3622.00	3622.00	3622.00	3622.00	3622.00	3623.00	3623.00	3623.00	3623.00	3623.00	3623.00	3623.00	3623.00	3623.00	3623.00	3623.00	3623.00	3623.00	3624.00	3624.00	3624.00	3624.00	3624.00	3625.00	3625.00	3625.00	3625.00	3625.00	3625.00	3625.00	3625.00	3626.00	3626.00	3626.00	3626.00	3626.00	3626.00	3627.00	3627.00	3627.00	3627.00	3627.00	3628.00	3628.00	3628.00	3629.00	3629.00	3629.00	3629.00	3630.00	3630.00	3630.00	3630.00	3630.00	3631.00	3631.00	3631.00	3631.00	3631.00	3631.00	3632.00	3632.00	3632.00	3632.00	3632.00	3632.00	3632.00	3632.00	3632.00	3632.00	3632.00	3633.00	3633.00	3633.00	3633.00	3633.00	3633.00	3633.00	3633.00	3633.00	3634.00	3634.00	3634.00	3635.00	3635.00	3635.00	3636.00	3636.00	3636.00	3637.00	3637.00	3637.00	3638.00	3638.00	3638.00	3639.00	3639.00	3640.00	3641.00	3642.00	3642.00	3642.00	3642.00	3643.00	3644.00	3644.00	3645.00	3646.00	3646.00	3646.00	3647.00	3647.00	3648.00	3648.00	3648.00	3649.00	3650.00	3650.00	3650.00	3651.00	3651.00	3652.00	3652.00	3652.00	3653.00	3654.00	3654.00	3654.00	3654.00	3655.00	3656.00	3656.00	3656.00
3594.00	3595.00	3595.00	3595.00	3596.00	3596.00	3596.00	3597.00	3597.00	3597.00	3597.00	3598.00	3598.00	3599.00	3599.00	3599.00	3600.00	3600.00	3600.00	3600.00	3601.00	3601.00	3601.00	3601.00	3601.00	3601.00	3601.00	3601.00	3601.00	3601.00	3601.00	3602.00	3602.00	3601.00	3601.00	3601.00	3601.00	3601.00	3601.00	3601.00	3601.00	3601.00	3601.00	3601.00	3601.00	3601.00	3601.00	3601.00	3601.00	3601.00	3601.00	3601.00	3601.00	3601.00	3602.00	3602.00	3602.00	3602.00	3602.00	3602.00	3602.00	3602.00	3603.00	3603.00	3603.00	3603.00	3604.00	3604.00	3604.00	3605.00	3605.00	3606.00	3606.00	3607.00	3607.00	3607.00	3607.00	3608.00	3609.00	3609.00	3610.00	3610.00	3610.00	3611.00	3612.00	3612.00	3612.00	3613.00	3613.00	3614.00	3614.00	3614.00	3615.00	3615.00	3615.00	3616.00	3617.00	3617.00	3617.00	3617.00	3618.00	3618.00	3618.00	3618.00	3618.00	3619.00	3619.00	3620.00	3620.00	3620.00	3621.00	3621.00	3621.00	3621.00	3621.00	3622.00	3622.00	3622.00	3622.00	3622.00	3622.00	3622.00	3622.00	3622.00	3622.00	3622.00	3622.00	3622.00	3623.00	3623.00	3623.00	3623.00	3623.00	3623.00	3623.00	3623.00	3623.00	3623.00	3623.00	3623.00	3623.00	3624.00	3624.00	3624.00	3624.00	3624.00	3625.00	3625.00	3625.00	3625.00	3625.00	3625.00	3625.00	3625.00	3626.00	3626.00	3626.00	3626.00	3626.00	3626.00	3627.00	3627.00	3627.00	3627.00	3627.00	3628.00	3628.00	3628.00	3629.00	3629.00	3629.00	3629.00	3630.00	3630.00	3630.00	3630.00	3630.00	3631.00	3631.00	3631.00	3631.00	3631.00	3631.00	3632.00	3632.00	3632.00	3632.00	3632.00	3632.00	3632.00	3632.00	3632.00	3632.00	3632.00	3633.00	3633.00	3633.00	3633.00	3633.00	3633.00	3633.00	3633.00	3633.00	3634.00	3634.00	3634.00	3635.00	3635.00	3635.00	3636.00	3636.00	3636.00	3637.00	3637.00	3637.00	3638.00	3638.00	3638.00	3639.00	3639.00	3640.00	3641.00	3642.00	3642.00	3642.00	3642.00	3643.00	3644.00	3644.00	3645.00	3646.00	3646.00	3646.00	3647.00	3647.00	3648.00	3648.00	3648.00	3649.00	3650.00	3650.00	3650.00	3651.00	3651.00	3652.00	3652.00	3652.00	3653.00	3654.00	3654.00	3654.00	3654.00	3655.00	3656.00	3656.00	3656.00
3594.00	3595.00	3595.00	3595.00	3596.00	3596.00	3596.00	3597.00	3597.00	3597.00	3597.00	3598.00	3598.00	3599.00	3599.00	3599.00	3600.00	3600.00	3600.00	3600.00	3601.00	3601.00	3601.00	3601.00	3601.00	3601.00	3601.00	3601.00	3601.00	3601.00	3601.00	3602.00	3602.00	3601.00	3601.00	3601.00	3601.00	3601.00	3601.00	3601.00	3601.00	3601.00	3601.00	3601.00	3601.00	3601.00	3601.00	3601.00	3601.00	3601.00	3601.00	3601.00	3601.00	3601.00	3602.00	3602.00	3602.00	3602.00	3602.00	3602.00	3602.00	3602.00	3603.00	3603.00	3603.00	3603.00	3604.00	3604.00	3604.00	3605.00	3605.00	3606.00	3606.00	3607.00	3607.00	3607.00	3607.00	3608.00	3609.00	3609.00	3610.00	3610.00	3610.00	3611.00	3612.00	3612.00	3612.00	3613.00	3613.00	3614.00	3614.00	3614.00	3615.00	3615.00	3615.00	3616.00	3617.00	3617.00	3617.00	3617.00	3618.00	3618.00	3618.00	3618.00	3618.00	3619.00	3619.00	3620.00	3620.00	3620.00	3621.00	3621.00	3621.00	3621.00	3621.00	3622.00	3622.00	3622.00	3622.00	3622.00	3622.00	3622.00	3622.00	3622.00	3622.00	3622.00	3622.00	3622.00	3623.00	3623.00	3623.00	3623.00	3623.00	3623.00	3623.00	3623.00	3623.00	3623.00	3623.00	3623.00	3623.00	3624.00	3624.00	3624.00	3624.00	3624.00	3625.00	3625.00	3625.00	3625.00	3625.00	3625.00	3625.00	3625.00	3626.00	3626.00	3626.00	3626.00	3626.00	3626.00	3627.00	3627.00	3627.00	3627.00	3627.00	3628.00	3628.00	3628.00	3629.00	3629.00	3629.00	3629.00	3630.00	3630.00	3630.00	3630.00	3630.00	3631.00	3631.00	3631.00	3631.00	3631.00	3631.00	3632.00	3632.00	3632.00	3632.00	3632.00	3632.00	3632.00	3632.00	3632.00	3632.00	3632.00	3633.00	3633.00	3633.00	3633.00	3633.00	3633.00	3633.00	3633.00	3633.00	3634.00	3634.00	3634.00	3635.00	3635.00	3635.00	3636.00	3636.00	3636.00	3637.00	3637.00	3637.00	3638.00	3638.00	3638.00	3639.00	3639.00	3640.00	3641.00	3642.00	3642.00	3642.00	3642.00	3643.00	3644.00	3644.00	3645.00	3646.00	3646.00	3646.00	3647.00	3647.00	3648.00	3648.00	3648.00	3649.00	3650.00	3650.00	3650.00	3651.00	3651.00	3652.00	3652.00	3652.00	3653.00	3654.00	3654.00	3654.00	3654.00	3655.00	3656.00	3656.00	3656.00
3594.00	3595.00	3595.00	3595.00	3596.00	3596.00	3596.00	3597.00	3597.00	3597.00	3597.00	3598.00	3598.00	3599.00	3599.00	3599.00	3600.00	3600.00	3600.00	3600.00	3601.00	3601.00	3601.00	3601.00	3601.00	3601.00	3601.00	3601.00	3601.00	3601.00	3601.00	3602.00	3602.00	3601.00	3601.00	3601.00	3601.00	3601.00	3601.00	3601.00	3601.00	3601.00	3601.00	3601.00	3601.00	3601.00	3601.00	3601.00	3601.00	3601.00	3601.00	3601.00	3601.00	3601.00	3602.00	3602.00	3602.00	3602.00	3602.00	3602.00	3602.00	3602.00	3603.00	3603.00	3603.00	3603.00	3604.00	3604.00	3604.00	3605.00	3605.00	3606.00	3606.00	3607.00	3607.00	3607.00	3607.00	3608.00	3609.00	3609.00	3610.00	3610.00	3610.00	3611.00	3612.00	3612.00	3612.00	3613.00	3613.00	3614.00	3614.00	3614.00	3615.00	3615.00	3615.00	3616.00	3617.00	3617.00	3617.00	3617.00	3618.00	3618.00	3618.00	3618.00	3618.00	3619.00	3619.00	3620.00	3620.00	3620.00	3621.00	3621.00	3621.00	3621.00	3621.00	3622.00	3622.00	3622.00	3622.00	3622.00	3622.00	3622.00	3622.00	3622.00	3622.00	3622.00	3622.00	3622.00	3623.00	3623.00	3623.00	3623.00	3623.00	3623.00	3623.00	3623.00	3623.00	3623.00	3623.00	3623.00	3623.00	3624.00	3624.00	3624.00	3624.00	3624.00	3625.00	3625.00	3625.00	3625.00	3625.00	3625.00	3625.00	3625.00	3626.00	3626.00	3626.00	3626.00	3626.00	3626.00	3627.00	3627.00	3627.00	3627.00	3627.00	3628.00	3628.00	3628.00	3629.00	3629.00	3629.00	3629.00	3630.00	3630.00	3630.00	3630.00	3630.00	3631.00	3631.00	3631.00	3631.00	3631.00	3631.00	3632.00	3632.00	3632.00	3632.00	3632.00	3632.00	3632.00	3632.00	3632.00	3632.00	3632.00	3633.00	3633.00	3633.00	3633.00	3633.00	3633.00	3633.00	3633.00	3633.00	3634.00	3634.00	3634.00	3635.00	3635.00	3635.00	3636.00	3636.00	3636.00	3637.00	3637.00	3637.00	3638.00	3638.00	3638.00	3639.00	3639.00	3640.00	3641.00	3642.00	3642.00	3642.00	3642.00	3643.00	3644.00	3644.00	3645.00	3646.00	3646.00	3646.00	3647.00	3647.00	3648.00	3648.00	3648.00	3649.00	3650.00	3650.00	3650.00	3651.00	3651.00	3652.00	3652.00	3652.00	3653.00	3654.00	3654.00	3654.00	3654.00	3655.00	3656.00	3656.00	3656.00
3594.00	3595.00	3595.00	3595.00	3596.00	3596.00	3596.00	3597.00	3597.00	3597.00	3597.00	3598.00	3598.00	3599.00	3599.00	3599.00	3600.00	3600.00	3600.00	3600.00	3601.00	3601.00	3601.00	3601.00	3601.00	3601.00	3601.00	3601.00	3601.00	3601.00	3601.00	3602.00	3602.00	3601.00	3601.00	3601.00	3601.00	3601.00	3601.00	3601.00	3601.00	3601.00	3601.00	3601.00	3601.00	3601.00	3601.00	3601.00	3601.00	3601.00	3601.00	3601.00	3601.00	3601.00	3602.00	3602.00	3602.00	3602.00	3602.00	3602.00	3602.00	3602.00	3603.00	3603.00	3603.00	3603.00	3604.00	3604.00	3604.00	3605.00	3605.00	3606.00	3606.00	3607.00	3607.00	3607.00	3607.00	3608.00	3609.00	3609.00	3610.00	3610.00	3610.00	3611.00	3612.00	3612.00	3612.00	3613.00	3613.00	3614.00	3614.00	3614.00	3615.00	3615.00	3615.00	3616.00	3617.00	3617.00	3617.00	3617.00	3618.00	3618.00	3618.00	3618.00	3618.00	3619.00	3619.00	3620.00	3620.00	3620.00	3621.00	3621.00	3621.00	3621.00	3621.00	3622.00	3622.00	3622.00	3622.00	3622.00	3622.00	3622.00	3622.00	3622.00	3622.00	3622.00	3622.00	3622.00	3623.00	3623.00	3623.00	3623.00	3623.00	3623.00	3623.00	3623.00	3623.00	3623.00	3623.00	3623.00	3623.00	3624.00	3624.00	3624.00	3624.00	3624.00	3625.00	3625.00	3625.00	3625.00	3625.00	3625.00	3625.00	3625.00	3626.00	3626.00	3626.00	3626.00	3626.00	3626.00	3627.00	3627.00	3627.00	3627.00	3627.00	3628.00	3628.00	3628.00	3629.00	3629.00	3629.00	3629.00	3630.00	3630.00	3630.00	3630.00	3630.00	3631.00	3631.00	3631.00	3631.00	3631.00	3631.00	3632.00	3632.00	3632.00	3632.00	3632.00	3632.00	3632.00	3632.00	3632.00	3632.00	3632.00	3633.00	3633.00	3633.00	3633.00	3633.00	3633.00	3633.00	3633.00	3633.00	3634.00	3634.00	3634.00	3635.00	3635.00	3635.00	3636.00	3636.00	3636.00	3637.00	3637.00	3637.00	3638.00	3638.00	3638.00	3639.00	3639.00	3640.00	3641.00	3642.00	3642.00	3642.00	3642.00	3643.00	3644.00	3644.00	3645.00	3646.00	3646.00	3646.00	3647.00	3647.00	3648.00	3648.00	3648.00	3649.00	3650.00	3650.00	3650.00	3651.00	3651.00	3652.00	3652.00	3652.00	3653.00	3654.00	3654.00	3654.00	3654.00	3655.00	3656.00	3656.00	3656.00
3595.00	3595.00	3596.00	3596.00	3597.00	3597.00	3597.00	3598.00	3598.00	3598.00	3598.00	3599.00	3599.00	3600.00	3600.00	3600.00	3601.00	3601.00	3601.00	3601.00	3602.00	3602.00	3602.00	3602.00	3602.00	3602.00	3602.00	3603.00	3603.00	3603.00	3603.00	3603.00	3603.00	3603.00	3603.00	3603.00	3603.00	3603.00	3602.00	3602.00	3602.00	3602.00	3602.00	3602.00	3602.00	3602.00	3602.00	3602.00	3602.00	3602.00	3602.00	3602.00	3602.00	3602.00	3602.00	3602.00	3602.00	3602.00	3602.00	3602.00	3603.00	3603.00	3603.00	3604.00	3604.00	3604.00	3604.00	3604.00	3605.00	3605.00	3605.00	3606.00	3606.00	3607.00	3607.00	3608.00	3608.00	3608.00	3609.00	3609.00	3609.00	3609.00	3610.00	3611.00	3612.00	3612.00	3612.00	3613.00	3613.00	3614.00	3614.00	3614.00	3615.00	3615.00	3616.00	3616.00	3617.00	3617.00	3618.00	3618.00	3618.00	3619.00	3619.00	3619.00	3619.00	3620.00	3620.00	3621.00	3621.00	3621.00	3622.00	3622.00	3622.00	3622.00	3622.00	3623.00	3623.00	3623.00	3623.00	3623.00	3623.00	3623.00	3623.00	3623.00	3623.00	3623.00	3623.00	3623.00	3624.00	3624.00	3624.00	3624.00	3624.00	3624.00	3624.00	3624.00	3624.00	3624.00	3624.00	3624.00	3624.00	3625.00	3625.00	3625.00	3625.00	3625.00	3625.00	3625.00	3626.00	3626.00	3626.00	3626.00	3626.00	3626.00	3626.00	3626.00	3626.00	3627.00	3627.00	3627.00	3627.00	3627.00	3627.00	3628.00	3628.00	3628.00	3628.00	3628.00	3628.00	3629.00	3629.00	3629.00	3630.00	3630.00	3630.00	3630.00	3630.00	3630.00	3630.00	3630.00	3631.00	3631.00	3631.00	3631.00	3631.00	3631.00	3632.00	3632.00	3632.00	3632.00	3632.00	3632.00	3632.00	3632.00	3632.00	3632.00	3632.00	3633.00	3633.00	3633.00	3633.00	3633.00	3633.00	3634.00	3634.00	3634.00	3635.00	3635.00	3635.00	3636.00	3636.00	3636.00	3637.00	3637.00	3637.00	3638.00	3638.00	3638.00	3639.00	3639.00	3640.00	3641.00	3642.00	3642.00	3642.00	3642.00	3643.00	3644.00	3644.00	3645.00	3646.00	3646.00	3646.00	3647.00	3647.00	3648.00	3648.00	3648.00	3649.00	3650.00	3650.00	3650.00	3651.00	3651.00	3652.00	3652.00	3652.00	3653.00	3654.00	3654.00	3654.00	3654.00	3655.00	3655.00	3656.00	3656.00
3595.00	3595.00	3596.00	3596.00	3597.00	3597.00	3597.00	3598.00	3598.00	3598.00	3598.00	3599.00	3599.00	3600.00	3600.00	3600.00	3601.00	3601.00	3601.00	3601.00	3602.00	3602.00	3602.00	3602.00	3602.00	3602.00	3602.00	3603.00	3603.00	3603.00	3603.00	3603.00	3603.00	3603.00	3603.00	3603.00	3603.00	3603.00	3602.00	3602.00	3602.00	3602.00	3602.00	3602.00	3602.00	3602.00	3602.00	3602.00	3602.00	3602.00	3602.00	3602.00	3602.00	3602.00	3602.00	3602.00	3602.00	3602.00	3602.00	3602.00	3603.00	3603.00	3603.00	3604.00	3604.00	3604.00	3604.00	3604.00	3605.00	3605.00	3605.00	3606.00	3606.00	3607.00	3607.00	3608.00	3608.00	3608.00	3609.00	3609.00	3609.00	3609.00	3610.00	3611.00	3612.00	3612.00	3612.00	3613.00	3613.00	3614.00	3614.00	3614.00	3615.00	3615.00	3616.00	3616.00	3617.00	3617.00	3618.00	3618.00	3618.00	3619.00	3619.00	3619.00	3619.00	3620.00	3620.00	3621.00	3621.00	3621.00	3622.00	3622.00	3622.00	3622.00	3622.00	3623.00	3623.00	3623.00	3623.00	3623.00	3623.00	3623.00	3623.00	3623.00	3623.00	3623.00	3623.00	3623.00	3624.00	3624.00	3624.00	3624.00	3624.00	3624.00	3624.00	3624.00	3624.00	3624.00	3624.00	3624.00	3624.00	3625.00	3625.00	3625.00	3625.00	3625.00	3625.00	3625.00	3626.00	3626.00	3626.00	3626.00	3626.00	3626.00	3626.00	3626.00	3626.00	3627.00	3627.00	3627.00	3627.00	3627.00	3627.00	3628.00	3628.00	3628.00	3628.00	3628.00	3628.00	3629.00	3629.00	3629.00	3630.00	3630.00	3630.00	3630.00	3630.00	3630.00	3630.00	3630.00	3631.00	3631.00	3631.00	3631.00	3631.00	3631.00	3632.00	3632.00	3632.00	3632.00	3632.00	3632.00	3632.00	3632.00	3632.00	3632.00	3632.00	3633.00	3633.00	3633.00	3633.00	3633.00	3633.00	3634.00	3634.00	3634.00	3635.00	3635.00	3635.00	3636.00	3636.00	3636.00	3637.00	3637.00	3637.00	3638.00	3638.00	3638.00	3639.00	3639.00	3640.00	3641.00	3642.00	3642.00	3642.00	3642.00	3643.00	3644.00	3644.00	3645.00	3646.00	3646.00	3646.00	3647.00	3647.00	3648.00	3648.00	3648.00	3649.00	3650.00	3650.00	3650.00	3651.00	3651.00	3652.00	3652.00	3652.00	3653.00	3654.00	3654.00	3654.00	3654.00	3655.00	3655.00	3656.00	3656.00
3595.00	3595.00	3596.00	3596.00	3597.00	3597.00	3597.00	3598.00	3598.00	3598.00	3598.00	3599.00	3599.00	3600.00	3600.00	3600.00	3601.00	3601.00	3601.00	3601.00	3602.00	3602.00	3602.00	3602.00	3602.00	3602.00	3602.00	3603.00	3603.00	3603.00	3603.00	3603.00	3603.00	3603.00	3603.00	3603.00	3603.00	3603.00	3602.00	3602.00	3602.00	3602.00	3602.00	3602.00	3602.00	3602.00	3602.00	3602.00	3602.00	3602.00	3602.00	3602.00	3602.00	3602.00	3602.00	3602.00	3602.00	3602.00	3602.00	3602.00	3603.00	3603.00	3603.00	3604.00	3604.00	3604.00	3604.00	3604.00	3605.00	3605.00	3605.00	3606.00	3606.00	3607.00	3607.00	3608.00	3608.00	3608.00	3609.00	3609.00	3609.00	3609.00	3610.00	3611.00	3612.00	3612.00	3612.00	3613.00	3613.00	3614.00	3614.00	3614.00	3615.00	3615.00	3616.00	3616.00	3617.00	3617.00	3618.00	3618.00	3618.00	3619.00	3619.00	3619.00	3619.00	3620.00	3620.00	3621.00	3621.00	3621.00	3622.00	3622.00	3622.00	3622.00	3622.00	3623.00	3623.00	3623.00	3623.00	3623.00	3623.00	3623.00	3623.00	3623.00	3623.00	3623.00	3623.00	3623.00	3624.00	3624.00	3624.00	3624.00	3624.00	3624.00	3624.00	3624.00	3624.00	3624.00	3624.00	3624.00	3624.00	3625.00	3625.00	3625.00	3625.00	3625.00	3625.00	3625.00	3626.00	3626.00	3626.00	3626.00	3626.00	3626.00	3626.00	3626.00	3626.00	3627.00	3627.00	3627.00	3627.00	3627.00	3627.00	3628.00	3628.00	3628.00	3628.00	3628.00	3628.00	3629.00	3629.00	3629.00	3630.00	3630.00	3630.00	3630.00	3630.00	3630.00	3630.00	3630.00	3631.00	3631.00	3631.00	3631.00	3631.00	3631.00	3632.00	3632.00	3632.00	3632.00	3632.00	3632.00	3632.00	3632.00	3632.00	3632.00	3632.00	3633.00	3633.00	3633.00	3633.00	3633.00	3633.00	3634.00	3634.00	3634.00	3635.00	3635.00	3635.00	3636.00	3636.00	3636.00	3637.00	3637.00	3637.00	3638.00	3638.00	3638.00	3639.00	3639.00	3640.00	3641.00	3642.00	3642.00	3642.00	3642.00	3643.00	3644.00	3644.00	3645.00	3646.00	3646.00	3646.00	3647.00	3647.00	3648.00	3648.00	3648.00	3649.00	3650.00	3650.00	3650.00	3651.00	3651.00	3652.00	3652.00	3652.00	3653.00	3654.00	3654.00	3654.00	3654.00	3655.00	3655.00	3656.00	3656.00
3595.00	3595.00	3596.00	3596.00	3597.00	3597.00	3597.00	3598.00	3598.00	3598.00	3598.00	3599.00	3599.00	3600.00	3600.00	3600.00	3601.00	3601.00	3601.00	3601.00	3602.00	3602.00	3602.00	3602.00	3602.00	3602.00	3602.00	3603.00	3603.00	3603.00	3603.00	3603.00	3603.00	3603.00	3603.00	3603.00	3603.00	3603.00	3602.00	3602.00	3602.00	3602.00	3602.00	3602.00	3602.00	3602.00	3602.00	3602.00	3602.00	3602.00	3602.00	3602.00	3602.00	3602.00	3602.00	3602.00	3602.00	3602.00	3602.00	3602.00	3603.00	3603.00	3603.00	3604.00	3604.00	3604.00	3604.00	3604.00	3605.00	3605.00	3605.00	3606.00	3606.00	3607.00	3607.00	3608.00	3608.00	3608.00	3609.00	3609.00	3609.00	3609.00	3610.00	3611.00	3612.00	3612.00	3612.00	3613.00	3613.00	3614.00	3614.00	3614.00	3615.00	3615.00	3616.00	3616.00	3617.00	3617.00	3618.00	3618.00	3618.00	3619.00	3619.00	3619.00	3619.00	3620.00	3620.00	3621.00	3621.00	3621.00	3622.00	3622.00	3622.00	3622.00	3622.00	3623.00	3623.00	3623.00	3623.00	3623.00	3623.00	3623.00	3623.00	3623.00	3623.00	3623.00	3623.00	3623.00	3624.00	3624.00	3624.00	3624.00	3624.00	3624.00	3624.00	3624.00	3624.00	3624.00	3624.00	3624.00	3624.00	3625.00	3625.00	3625.00	3625.00	3625.00	3625.00	3625.00	3626.00	3626.00	3626.00	3626.00	3626.00	3626.00	3626.00	3626.00	3626.00	3627.00	3627.00	3627.00	3627.00	3627.00	3627.00	3628.00	3628.00	3628.00	3628.00	3628.00	3628.00	3629.00	3629.00	3629.00	3630.00	3630.00	3630.00	3630.00	3630.00	3630.00	3630.00	3630.00	3631.00	3631.00	3631.00	3631.00	3631.00	3631.00	3632.00	3632.00	3632.00	3632.00	3632.00	3632.00	3632.00	3632.00	3632.00	3632.00	3632.00	3633.00	3633.00	3633.00	3633.00	3633.00	3633.00	3634.00	3634.00	3634.00	3635.00	3635.00	3635.00	3636.00	3636.00	3636.00	3637.00	3637.00	3637.00	3638.00	3638.00	3638.00	3639.00	3639.00	3640.00	3641.00	3642.00	3642.00	3642.00	3642.00	3643.00	3644.00	3644.00	3645.00	3646.00	3646.00	3646.00	3647.00	3647.00	3648.00	3648.00	3648.00	3649.00	3650.00	3650.00	3650.00	3651.00	3651.00	3652.00	3652.00	3652.00	3653.00	3654.00	3654.00	3654.00	3654.00	3655.00	3655.00	3656.00	3656.00
3595.00	3595.00	3596.00	3596.00	3597.00	3597.00	3597.00	3598.00	3598.00	3598.00	3598.00	3599.00	3599.00	3600.00	3600.00	3600.00	3601.00	3601.00	3601.00	3601.00	3602.00	3602.00	3602.00	3602.00	3602.00	3602.00	3602.00	3603.00	3603.00	3603.00	3603.00	3603.00	3603.00	3603.00	3603.00	3603.00	3603.00	3603.00	3602.00	3602.00	3602.00	3602.00	3602.00	3602.00	3602.00	3602.00	3602.00	3602.00	3602.00	3602.00	3602.00	3602.00	3602.00	3602.00	3602.00	3602.00	3602.00	3602.00	3602.00	3602.00	3603.00	3603.00	3603.00	3604.00	3604.00	3604.00	3604.00	3604.00	3605.00	3605.00	3605.00	3606.00	3606.00	3607.00	3607.00	3608.00	3608.00	3608.00	3609.00	3609.00	3609.00	3609.00	3610.00	3611.00	3612.00	3612.00	3612.00	3613.00	3613.00	3614.00	3614.00	3614.00	3615.00	3615.00	3616.00	3616.00	3617.00	3617.00	3618.00	3618.00	3618.00	3619.00	3619.00	3619.00	3619.00	3620.00	3620.00	3621.00	3621.00	3621.00	3622.00	3622.00	3622.00	3622.00	3622.00	3623.00	3623.00	3623.00	3623.00	3623.00	3623.00	3623.00	3623.00	3623.00	3623.00	3623.00	3623.00	3623.00	3624.00	3624.00	3624.00	3624.00	3624.00	3624.00	3624.00	3624.00	3624.00	3624.00	3624.00	3624.00	3624.00	3625.00	3625.00	3625.00	3625.00	3625.00	3625.00	3625.00	3626.00	3626.00	3626.00	3626.00	3626.00	3626.00	3626.00	3626.00	3626.00	3627.00	3627.00	3627.00	3627.00	3627.00	3627.00	3628.00	3628.00	3628.00	3628.00	3628.00	3628.00	3629.00	3629.00	3629.00	3630.00	3630.00	3630.00	3630.00	3630.00	3630.00	3630.00	3630.00	3631.00	3631.00	3631.00	3631.00	3631.00	3631.00	3632.00	3632.00	3632.00	3632.00	3632.00	3632.00	3632.00	3632.00	3632.00	3632.00	3632.00	3633.00	3633.00	3633.00	3633.00	3633.00	3633.00	3634.00	3634.00	3634.00	3635.00	3635.00	3635.00	3636.00	3636.00	3636.00	3637.00	3637.00	3637.00	3638.00	3638.00	3638.00	3639.00	3639.00	3640.00	3641.00	3642.00	3642.00	3642.00	3642.00	3643.00	3644.00	3644.00	3645.00	3646.00	3646.00	3646.00	3647.00	3647.00	3648.00	3648.00	3648.00	3649.00	3650.00	3650.00	3650.00	3651.00	3651.00	3652.00	3652.00	3652.00	3653.00	3654.00	3654.00	3654.00	3654.00	3655.00	3655.00	3656.00	3656.00
3595.00	3595.00	3596.00	3596.00	3597.00	3597.00	3597.00	3598.00	3598.00	3598.00	3598.00	3599.00	3599.00	3600.00	3600.00	3600.00	3601.00	3601.00	3601.00	3601.00	3602.00	3602.00	3602.00	3602.00	3602.00	3602.00	3602.00	3603.00	3603.00	3603.00	3603.00	3603.00	3603.00	3603.00	3603.00	3603.00	3603.00	3603.00	3602.00	3602.00	3602.00	3602.00	3602.00	3602.00	3602.00	3602.00	3602.00	3602.00	3602.00	3602.00	3602.00	3602.00	3602.00	3602.00	3602.00	3602.00	3602.00	3602.00	3602.00	3602.00	3603.00	3603.00	3603.00	3604.00	3604.00	3604.00	3604.00	3604.00	3605.00	3605.00	3605.00	3606.00	3606.00	3607.00	3607.00	3608.00	3608.00	3608.00	3609.00	3609.00	3609.00	3609.00	3610.00	3611.00	3612.00	3612.00	3612.00	3613.00	3613.00	3614.00	3614.00	3614.00	3615.00	3615.00	3616.00	3616.00	3617.00	3617.00	3618.00	3618.00	3618.00	3619.00	3619.00	3619.00	3619.00	3620.00	3620.00	3621.00	3621.00	3621.00	3622.00	3622.00	3622.00	3622.00	3622.00	3623.00	3623.00	3623.00	3623.00	3623.00	3623.00	3623.00	3623.00	3623.00	3623.00	3623.00	3623.00	3623.00	3624.00	3624.00	3624.00	3624.00	3624.00	3624.00	3624.00	3624.00	3624.00	3624.00	3624.00	3624.00	3624.00	3625.00	3625.00	3625.00	3625.00	3625.00	3625.00	3625.00	3626.00	3626.00	3626.00	3626.00	3626.00	3626.00	3626.00	3626.00	3626.00	3627.00	3627.00	3627.00	3627.00	3627.00	3627.00	3628.00	3628.00	3628.00	3628.00	3628.00	3628.00	3629.00	3629.00	3629.00	3630.00	3630.00	3630.00	3630.00	3630.00	3630.00	3630.00	3630.00	3631.00	3631.00	3631.00	3631.00	3631.00	3631.00	3632.00	3632.00	3632.00	3632.00	3632.00	3632.00	3632.00	3632.00	3632.00	3632.00	3632.00	3633.00	3633.00	3633.00	3633.00	3633.00	3633.00	3634.00	3634.00	3634.00	3635.00	3635.00	3635.00	3636.00	3636.00	3636.00	3637.00	3637.00	3637.00	3638.00	3638.00	3638.00	3639.00	3639.00	3640.00	3641.00	3642.00	3642.00	3642.00	3642.00	3643.00	3644.00	3644.00	3645.00	3646.00	3646.00	3646.00	3647.00	3647.00	3648.00	3648.00	3648.00	3649.00	3650.00	3650.00	3650.00	3651.00	3651.00	3652.00	3652.00	3652.00	3653.00	3654.00	3654.00	3654.00	3654.00	3655.00	3655.00	3656.00	3656.00
3595.00	3595.00	3596.00	3596.00	3597.00	3597.00	3597.00	3598.00	3598.00	3598.00	3598.00	3599.00	3599.00	3600.00	3600.00	3600.00	3601.00	3601.00	3601.00	3601.00	3602.00	3602.00	3602.00	3602.00	3602.00	3602.00	3602.00	3603.00	3603.00	3603.00	3603.00	3603.00	3603.00	3603.00	3603.00	3603.00	3603.00	3603.00	3602.00	3602.00	3602.00	3602.00	3602.00	3602.00	3602.00	3602.00	3602.00	3602.00	3602.00	3602.00	3602.00	3602.00	3602.00	3602.00	3602.00	3602.00	3602.00	3602.00	3602.00	3602.00	3603.00	3603.00	3603.00	3604.00	3604.00	3604.00	3604.00	3604.00	3605.00	3605.00	3605.00	3606.00	3606.00	3607.00	3607.00	3608.00	3608.00	3608.00	3609.00	3609.00	3609.00	3609.00	3610.00	3611.00	3612.00	3612.00	3612.00	3613.00	3613.00	3614.00	3614.00	3614.00	3615.00	3615.00	3616.00	3616.00	3617.00	3617.00	3618.00	3618.00	3618.00	3619.00	3619.00	3619.00	3619.00	3620.00	3620.00	3621.00	3621.00	3621.00	3622.00	3622.00	3622.00	3622.00	3622.00	3623.00	3623.00	3623.00	3623.00	3623.00	3623.00	3623.00	3623.00	3623.00	3623.00	3623.00	3623.00	3623.00	3624.00	3624.00	3624.00	3624.00	3624.00	3624.00	3624.00	3624.00	3624.00	3624.00	3624.00	3624.00	3624.00	3625.00	3625.00	3625.00	3625.00	3625.00	3625.00	3625.00	3626.00	3626.00	3626.00	3626.00	3626.00	3626.00	3626.00	3626.00	3626.00	3627.00	3627.00	3627.00	3627.00	3627.00	3627.00	3628.00	3628.00	3628.00	3628.00	3628.00	3628.00	3629.00	3629.00	3629.00	3630.00	3630.00	3630.00	3630.00	3630.00	3630.00	3630.00	3630.00	3631.00	3631.00	3631.00	3631.00	3631.00	3631.00	3632.00	3632.00	3632.00	3632.00	3632.00	3632.00	3632.00	3632.00	3632.00	3632.00	3632.00	3633.00	3633.00	3633.00	3633.00	3633.00	3633.00	3634.00	3634.00	3634.00	3635.00	3635.00	3635.00	3636.00	3636.00	3636.00	3637.00	3637.00	3637.00	3638.00	3638.00	3638.00	3639.00	3639.00	3640.00	3641.00	3642.00	3642.00	3642.00	3642.00	3643.00	3644.00	3644.00	3645.00	3646.00	3646.00	3646.00	3647.00	3647.00	3648.00	3648.00	3648.00	3649.00	3650.00	3650.00	3650.00	3651.00	3651.00	3652.00	3652.00	3652.00	3653.00	3654.00	3654.00	3654.00	3654.00	3655.00	3655.00	3656.00	3656.00
3596.00	3596.00	3597.00	3597.00	3598.00	3598.00	3598.00	3599.00	3599.00	3599.00	3599.00	3600.00	3600.00	3601.00	3601.00	3601.00	3601.00	3601.00	3602.00	3602.00	3603.00	3603.00	3603.00	3603.00	3604.00	3604.00	3604.00	3604.00	3604.00	3604.00	3604.00	3604.00	3604.00	3604.00	3604.00	3604.00	3604.00	3604.00	3604.00	3604.00	3604.00	3604.00	3604.00	3603.00	3603.00	3603.00	3603.00	3603.00	3603.00	3603.00	3603.00	3603.00	3603.00	3603.00	3604.00	3604.00	3604.00	3604.00	3604.00	3604.00	3604.00	3604.00	3605.00	3605.00	3605.00	3605.00	3605.00	3605.00	3606.00	3606.00	3606.00	3607.00	3607.00	3608.00	3608.00	3608.00	3608.00	3608.00	3609.00	3609.00	3609.00	3609.00	3610.00	3611.00	3611.00	3611.00	3612.00	3613.00	3613.00	3613.00	3613.00	3614.00	3615.00	3615.00	3615.00	3616.00	3617.00	3617.00	3618.00	3618.00	3618.00	3619.00	3619.00	3620.00	3620.00	3621.00	3621.00	3621.00	3621.00	3622.00	3622.00	3622.00	3623.00	3623.00	3623.00	3623.00	3623.00	3623.00	3624.00	3624.00	3624.00	3624.00	3624.00	3624.00	3624.00	3624.00	3624.00	3624.00	3624.00	3624.00	3625.00	3625.00	3625.00	3625.00	3625.00	3625.00	3625.00	3625.00	3625.00	3625.00	3625.00	3625.00	3625.00	3625.00	3626.00	3626.00	3626.00	3626.00	3626.00	3626.00	3626.00	3626.00	3626.00	3626.00	3626.00	3626.00	3626.00	3627.00	3627.00	3627.00	3627.00	3627.00	3627.00	3627.00	3627.00	3628.00	3628.00	3628.00	3628.00	3628.00	3628.00	3628.00	3629.00	3629.00	3629.00	3629.00	3629.00	3629.00	3629.00	3629.00	3630.00	3630.00	3630.00	3630.00	3630.00	3630.00	3631.00	3631.00	3631.00	3631.00	3631.00	3631.00	3631.00	3631.00	3632.00	3632.00	3632.00	3632.00	3632.00	3633.00	3633.00	3633.00	3633.00	3634.00	3634.00	3634.00	3635.00	3635.00	3635.00	3636.00	3636.00	3636.00	3637.00	3637.00	3637.00	3638.00	3638.00	3638.00	3639.00	3639.00	3640.00	3641.00	3641.00	3641.00	3642.00	3642.00	3643.00	3644.00	3644.00	3645.00	3645.00	3646.00	3646.00	3647.00	3647.00	3647.00	3648.00	3648.00	3649.00	3650.00	3650.00	3650.00	3651.00	3651.00	3652.00	3652.00	3652.00	3653.00	3653.00	3653.00	3654.00	3654.00	3654.00	3655.00	3655.00	3655.00
3596.00	3596.00	3597.00	3597.00	3598.00	3598.00	3598.00	3599.00	3599.00	3599.00	3599.00	3600.00	3600.00	3601.00	3601.00	3601.00	3601.00	3601.00	3602.00	3602.00	3603.00	3603.00	3603.00	3603.00	3604.00	3604.00	3604.00	3604.00	3604.00	3604.00	3604.00	3604.00	3604.00	3604.00	3604.00	3604.00	3604.00	3604.00	3604.00	3604.00	3604.00	3604.00	3604.00	3603.00	3603.00	3603.00	3603.00	3603.00	3603.00	3603.00	3603.00	3603.00	3603.00	3603.00	3604.00	3604.00	3604.00	3604.00	3604.00	3604.00	3604.00	3604.00	3605.00	3605.00	3605.00	3605.00	3605.00	3605.00	3606.00	3606.00	3606.00	3607.00	3607.00	3608.00	3608.00	3608.00	3608.00	3608.00	3609.00	3609.00	3609.00	3609.00	3610.00	3611.00	3611.00	3611.00	3612.00	3613.00	3613.00	3613.00	3613.00	3614.00	3615.00	3615.00	3615.00	3616.00	3617.00	3617.00	3618.00	3618.00	3618.00	3619.00	3619.00	3620.00	3620.00	3621.00	3621.00	3621.00	3621.00	3622.00	3622.00	3622.00	3623.00	3623.00	3623.00	3623.00	3623.00	3623.00	3624.00	3624.00	3624.00	3624.00	3624.00	3624.00	3624.00	3624.00	3624.00	3624.00	3624.00	3624.00	3625.00	3625.00	3625.00	3625.00	3625.00	3625.00	3625.00	3625.00	3625.00	3625.00	3625.00	3625.00	3625.00	3625.00	3626.00	3626.00	3626.00	3626.00	3626.00	3626.00	3626.00	3626.00	3626.00	3626.00	3626.00	3626.00	3626.00	3627.00	3627.00	3627.00	3627.00	3627.00	3627.00	3627.00	3627.00	3628.00	3628.00	3628.00	3628.00	3628.00	3628.00	3628.00	3629.00	3629.00	3629.00	3629.00	3629.00	3629.00	3629.00	3629.00	3630.00	3630.00	3630.00	3630.00	3630.00	3630.00	3631.00	3631.00	3631.00	3631.00	3631.00	3631.00	3631.00	3631.00	3632.00	3632.00	3632.00	3632.00	3632.00	3633.00	3633.00	3633.00	3633.00	3634.00	3634.00	3634.00	3635.00	3635.00	3635.00	3636.00	3636.00	3636.00	3637.00	3637.00	3637.00	3638.00	3638.00	3638.00	3639.00	3639.00	3640.00	3641.00	3641.00	3641.00	3642.00	3642.00	3643.00	3644.00	3644.00	3645.00	3645.00	3646.00	3646.00	3647.00	3647.00	3647.00	3648.00	3648.00	3649.00	3650.00	3650.00	3650.00	3651.00	3651.00	3652.00	3652.00	3652.00	3653.00	3653.00	3653.00	3654.00	3654.00	3654.00	3655.00	3655.00	3655.00
3596.00	3596.00	3597.00	3597.00	3598.00	3598.00	3598.00	3599.00	3599.00	3599.00	3599.00	3600.00	3600.00	3601.00	3601.00	3601.00	3601.00	3601.00	3602.00	3602.00	3603.00	3603.00	3603.00	3603.00	3604.00	3604.00	3604.00	3604.00	3604.00	3604.00	3604.00	3604.00	3604.00	3604.00	3604.00	3604.00	3604.00	3604.00	3604.00	3604.00	3604.00	3604.00	3604.00	3603.00	3603.00	3603.00	3603.00	3603.00	3603.00	3603.00	3603.00	3603.00	3603.00	3603.00	3604.00	3604.00	3604.00	3604.00	3604.00	3604.00	3604.00	3604.00	3605.00	3605.00	3605.00	3605.00	3605.00	3605.00	3606.00	3606.00	3606.00	3607.00	3607.00	3608.00	3608.00	3608.00	3608.00	3608.00	3609.00	3609.00	3609.00	3609.00	3610.00	3611.00	3611.00	3611.00	3612.00	3613.00	3613.00	3613.00	3613.00	3614.00	3615.00	3615.00	3615.00	3616.00	3617.00	3617.00	3618.00	3618.00	3618.00	3619.00	3619.00	3620.00	3620.00	3621.00	3621.00	3621.00	3621.00	3622.00	3622.00	3622.00	3623.00	3623.00	3623.00	3623.00	3623.00	3623.00	3624.00	3624.00	3624.00	3624.00	3624.00	3624.00	3624.00	3624.00	3624.00	3624.00	3624.00	3624.00	3625.00	3625.00	3625.00	3625.00	3625.00	3625.00	3625.00	3625.00	3625.00	3625.00	3625.00	3625.00	3625.00	3625.00	3626.00	3626.00	3626.00	3626.00	3626.00	3626.00	3626.00	3626.00	3626.00	3626.00	3626.00	3626.00	3626.00	3627.00	3627.00	3627.00	3627.00	3627.00	3627.00	3627.00	3627.00	3628.00	3628.00	3628.00	3628.00	3628.00	3628.00	3628.00	3629.00	3629.00	3629.00	3629.00	3629.00	3629.00	3629.00	3629.00	3630.00	3630.00	3630.00	3630.00	3630.00	3630.00	3631.00	3631.00	3631.00	3631.00	3631.00	3631.00	3631.00	3631.00	3632.00	3632.00	3632.00	3632.00	3632.00	3633.00	3633.00	3633.00	3633.00	3634.00	3634.00	3634.00	3635.00	3635.00	3635.00	3636.00	3636.00	3636.00	3637.00	3637.00	3637.00	3638.00	3638.00	3638.00	3639.00	3639.00	3640.00	3641.00	3641.00	3641.00	3642.00	3642.00	3643.00	3644.00	3644.00	3645.00	3645.00	3646.00	3646.00	3647.00	3647.00	3647.00	3648.00	3648.00	3649.00	3650.00	3650.00	3650.00	3651.00	3651.00	3652.00	3652.00	3652.00	3653.00	3653.00	3653.00	3654.00	3654.00	3654.00	3655.00	3655.00	3655.00
3596.00	3596.00	3597.00	3597.00	3598.00	3598.00	3598.00	3599.00	3599.00	3599.00	3599.00	3600.00	3600.00	3601.00	3601.00	3601.00	3601.00	3601.00	3602.00	3602.00	3603.00	3603.00	3603.00	3603.00	3604.00	3604.00	3604.00	3604.00	3604.00	3604.00	3604.00	3604.00	3604.00	3604.00	3604.00	3604.00	3604.00	3604.00	3604.00	3604.00	3604.00	3604.00	3604.00	3603.00	3603.00	3603.00	3603.00	3603.00	3603.00	3603.00	3603.00	3603.00	3603.00	3603.00	3604.00	3604.00	3604.00	3604.00	3604.00	3604.00	3604.00	3604.00	3605.00	3605.00	3605.00	3605.00	3605.00	3605.00	3606.00	3606.00	3606.00	3607.00	3607.00	3608.00	3608.00	3608.00	3608.00	3608.00	3609.00	3609.00	3609.00	3609.00	3610.00	3611.00	3611.00	3611.00	3612.00	3613.00	3613.00	3613.00	3613.00	3614.00	3615.00	3615.00	3615.00	3616.00	3617.00	3617.00	3618.00	3618.00	3618.00	3619.00	3619.00	3620.00	3620.00	3621.00	3621.00	3621.00	3621.00	3622.00	3622.00	3622.00	3623.00	3623.00	3623.00	3623.00	3623.00	3623.00	3624.00	3624.00	3624.00	3624.00	3624.00	3624.00	3624.00	3624.00	3624.00	3624.00	3624.00	3624.00	3625.00	3625.00	3625.00	3625.00	3625.00	3625.00	3625.00	3625.00	3625.00	3625.00	3625.00	3625.00	3625.00	3625.00	3626.00	3626.00	3626.00	3626.00	3626.00	3626.00	3626.00	3626.00	3626.00	3626.00	3626.00	3626.00	3626.00	3627.00	3627.00	3627.00	3627.00	3627.00	3627.00	3627.00	3627.00	3628.00	3628.00	3628.00	3628.00	3628.00	3628.00	3628.00	3629.00	3629.00	3629.00	3629.00	3629.00	3629.00	3629.00	3629.00	3630.00	3630.00	3630.00	3630.00	3630.00	3630.00	3631.00	3631.00	3631.00	3631.00	3631.00	3631.00	3631.00	3631.00	3632.00	3632.00	3632.00	3632.00	3632.00	3633.00	3633.00	3633.00	3633.00	3634.00	3634.00	3634.00	3635.00	3635.00	3635.00	3636.00	3636.00	3636.00	3637.00	3637.00	3637.00	3638.00	3638.00	3638.00	3639.00	3639.00	3640.00	3641.00	3641.00	3641.00	3642.00	3642.00	3643.00	3644.00	3644.00	3645.00	3645.00	3646.00	3646.00	3647.00	3647.00	3647.00	3648.00	3648.00	3649.00	3650.00	3650.00	3650.00	3651.00	3651.00	3652.00	3652.00	3652.00	3653.00	3653.00	3653.00	3654.00	3654.00	3654.00	3655.00	3655.00	3655.00
3596.00	3596.00	3597.00	3597.00	3598.00	3598.00	3598.00	3599.00	3599.00	3599.00	3599.00	3600.00	3600.00	3601.00	3601.00	3601.00	3601.00	3601.00	3602.00	3602.00	3603.00	3603.00	3603.00	3603.00	3604.00	3604.00	3604.00	3604.00	3604.00	3604.00	3604.00	3604.00	3604.00	3604.00	3604.00	3604.00	3604.00	3604.00	3604.00	3604.00	3604.00	3604.00	3604.00	3603.00	3603.00	3603.00	3603.00	3603.00	3603.00	3603.00	3603.00	3603.00	3603.00	3603.00	3604.00	3604.00	3604.00	3604.00	3604.00	3604.00	3604.00	3604.00	3605.00	3605.00	3605.00	3605.00	3605.00	3605.00	3606.00	3606.00	3606.00	3607.00	3607.00	3608.00	3608.00	3608.00	3608.00	3608.00	3609.00	3609.00	3609.00	3609.00	3610.00	3611.00	3611.00	3611.00	3612.00	3613.00	3613.00	3613.00	3613.00	3614.00	3615.00	3615.00	3615.00	3616.00	3617.00	3617.00	3618.00	3618.00	3618.00	3619.00	3619.00	3620.00	3620.00	3621.00	3621.00	3621.00	3621.00	3622.00	3622.00	3622.00	3623.00	3623.00	3623.00	3623.00	3623.00	3623.00	3624.00	3624.00	3624.00	3624.00	3624.00	3624.00	3624.00	3624.00	3624.00	3624.00	3624.00	3624.00	3625.00	3625.00	3625.00	3625.00	3625.00	3625.00	3625.00	3625.00	3625.00	3625.00	3625.00	3625.00	3625.00	3625.00	3626.00	3626.00	3626.00	3626.00	3626.00	3626.00	3626.00	3626.00	3626.00	3626.00	3626.00	3626.00	3626.00	3627.00	3627.00	3627.00	3627.00	3627.00	3627.00	3627.00	3627.00	3628.00	3628.00	3628.00	3628.00	3628.00	3628.00	3628.00	3629.00	3629.00	3629.00	3629.00	3629.00	3629.00	3629.00	3629.00	3630.00	3630.00	3630.00	3630.00	3630.00	3630.00	3631.00	3631.00	3631.00	3631.00	3631.00	3631.00	3631.00	3631.00	3632.00	3632.00	3632.00	3632.00	3632.00	3633.00	3633.00	3633.00	3633.00	3634.00	3634.00	3634.00	3635.00	3635.00	3635.00	3636.00	3636.00	3636.00	3637.00	3637.00	3637.00	3638.00	3638.00	3638.00	3639.00	3639.00	3640.00	3641.00	3641.00	3641.00	3642.00	3642.00	3643.00	3644.00	3644.00	3645.00	3645.00	3646.00	3646.00	3647.00	3647.00	3647.00	3648.00	3648.00	3649.00	3650.00	3650.00	3650.00	3651.00	3651.00	3652.00	3652.00	3652.00	3653.00	3653.00	3653.00	3654.00	3654.00	3654.00	3655.00	3655.00	3655.00
3596.00	3596.00	3597.00	3597.00	3598.00	3598.00	3598.00	3599.00	3599.00	3599.00	3599.00	3600.00	3600.00	3601.00	3601.00	3601.00	3601.00	3601.00	3602.00	3602.00	3603.00	3603.00	3603.00	3603.00	3604.00	3604.00	3604.00	3604.00	3604.00	3604.00	3604.00	3604.00	3604.00	3604.00	3604.00	3604.00	3604.00	3604.00	3604.00	3604.00	3604.00	3604.00	3604.00	3603.00	3603.00	3603.00	3603.00	3603.00	3603.00	3603.00	3603.00	3603.00	3603.00	3603.00	3604.00	3604.00	3604.00	3604.00	3604.00	3604.00	3604.00	3604.00	3605.00	3605.00	3605.00	3605.00	3605.00	3605.00	3606.00	3606.00	3606.00	3607.00	3607.00	3608.00	3608.00	3608.00	3608.00	3608.00	3609.00	3609.00	3609.00	3609.00	3610.00	3611.00	3611.00	3611.00	3612.00	3613.00	3613.00	3613.00	3613.00	3614.00	3615.00	3615.00	3615.00	3616.00	3617.00	3617.00	3618.00	3618.00	3618.00	3619.00	3619.00	3620.00	3620.00	3621.00	3621.00	3621.00	3621.00	3622.00	3622.00	3622.00	3623.00	3623.00	3623.00	3623.00	3623.00	3623.00	3624.00	3624.00	3624.00	3624.00	3624.00	3624.00	3624.00	3624.00	3624.00	3624.00	3624.00	3624.00	3625.00	3625.00	3625.00	3625.00	3625.00	3625.00	3625.00	3625.00	3625.00	3625.00	3625.00	3625.00	3625.00	3625.00	3626.00	3626.00	3626.00	3626.00	3626.00	3626.00	3626.00	3626.00	3626.00	3626.00	3626.00	3626.00	3626.00	3627.00	3627.00	3627.00	3627.00	3627.00	3627.00	3627.00	3627.00	3628.00	3628.00	3628.00	3628.00	3628.00	3628.00	3628.00	3629.00	3629.00	3629.00	3629.00	3629.00	3629.00	3629.00	3629.00	3630.00	3630.00	3630.00	3630.00	3630.00	3630.00	3631.00	3631.00	3631.00	3631.00	3631.00	3631.00	3631.00	3631.00	3632.00	3632.00	3632.00	3632.00	3632.00	3633.00	3633.00	3633.00	3633.00	3634.00	3634.00	3634.00	3635.00	3635.00	3635.00	3636.00	3636.00	3636.00	3637.00	3637.00	3637.00	3638.00	3638.00	3638.00	3639.00	3639.00	3640.00	3641.00	3641.00	3641.00	3642.00	3642.00	3643.00	3644.00	3644.00	3645.00	3645.00	3646.00	3646.00	3647.00	3647.00	3647.00	3648.00	3648.00	3649.00	3650.00	3650.00	3650.00	3651.00	3651.00	3652.00	3652.00	3652.00	3653.00	3653.00	3653.00	3654.00	3654.00	3654.00	3655.00	3655.00	3655.00
3596.00	3597.00	3597.00	3597.00	3598.00	3598.00	3598.00	3599.00	3599.00	3600.00	3600.00	3601.00	3601.00	3601.00	3601.00	3602.00	3602.00	3602.00	3603.00	3603.00	3604.00	3604.00	3604.00	3604.00	3605.00	3605.00	3605.00	3605.00	3605.00	3605.00	3605.00	3605.00	3605.00	3605.00	3605.00	3605.00	3605.00	3605.00	3605.00	3605.00	3605.00	3605.00	3605.00	3605.00	3605.00	3605.00	3605.00	3605.00	3605.00	3605.00	3605.00	3605.00	3605.00	3605.00	3605.00	3605.00	3605.00	3605.00	3605.00	3605.00	3605.00	3605.00	3606.00	3606.00	3606.00	3606.00	3606.00	3606.00	3606.00	3607.00	3607.00	3607.00	3607.00	3608.00	3608.00	3608.00	3608.00	3608.00	3609.00	3609.00	3609.00	3609.00	3610.00	3610.00	3611.00	3611.00	3611.00	3612.00	3612.00	3613.00	3613.00	3613.00	3614.00	3614.00	3615.00	3616.00	3616.00	3616.00	3617.00	3617.00	3618.00	3619.00	3619.00	3619.00	3619.00	3620.00	3620.00	3620.00	3620.00	3621.00	3621.00	3621.00	3622.00	3622.00	3622.00	3623.00	3623.00	3623.00	3623.00	3624.00	3624.00	3624.00	3624.00	3624.00	3624.00	3624.00	3624.00	3624.00	3624.00	3624.00	3625.00	3625.00	3625.00	3625.00	3625.00	3625.00	3625.00	3625.00	3625.00	3625.00	3625.00	3625.00	3625.00	3625.00	3626.00	3626.00	3626.00	3626.00	3626.00	3626.00	3626.00	3626.00	3626.00	3626.00	3626.00	3626.00	3626.00	3627.00	3627.00	3627.00	3627.00	3627.00	3627.00	3627.00	3627.00	3627.00	3627.00	3627.00	3627.00	3627.00	3627.00	3628.00	3628.00	3628.00	3628.00	3628.00	3628.00	3629.00	3629.00	3629.00	3629.00	3629.00	3629.00	3629.00	3629.00	3630.00	3630.00	3630.00	3630.00	3630.00	3631.00	3631.00	3631.00	3631.00	3631.00	3631.00	3631.00	3632.00	3632.00	3633.00	3633.00	3633.00	3633.00	3634.00	3634.00	3634.00	3634.00	3634.00	3635.00	3635.00	3636.00	3636.00	3636.00	3637.00	3637.00	3638.00	3638.00	3638.00	3639.00	3639.00	3640.00	3641.00	3642.00	3642.00	3642.00	3642.00	3643.00	3644.00	3644.00	3645.00	3646.00	3646.00	3646.00	3647.00	3647.00	3648.00	3649.00	3649.00	3649.00	3650.00	3650.00	3651.00	3651.00	3651.00	3652.00	3652.00	3652.00	3653.00	3653.00	3653.00	3654.00	3654.00	3655.00	3655.00	3656.00	3656.00
3596.00	3597.00	3597.00	3597.00	3598.00	3598.00	3598.00	3599.00	3599.00	3600.00	3600.00	3601.00	3601.00	3601.00	3601.00	3602.00	3602.00	3602.00	3603.00	3603.00	3604.00	3604.00	3604.00	3604.00	3605.00	3605.00	3605.00	3605.00	3605.00	3605.00	3605.00	3605.00	3605.00	3605.00	3605.00	3605.00	3605.00	3605.00	3605.00	3605.00	3605.00	3605.00	3605.00	3605.00	3605.00	3605.00	3605.00	3605.00	3605.00	3605.00	3605.00	3605.00	3605.00	3605.00	3605.00	3605.00	3605.00	3605.00	3605.00	3605.00	3605.00	3605.00	3606.00	3606.00	3606.00	3606.00	3606.00	3606.00	3606.00	3607.00	3607.00	3607.00	3607.00	3608.00	3608.00	3608.00	3608.00	3608.00	3609.00	3609.00	3609.00	3609.00	3610.00	3610.00	3611.00	3611.00	3611.00	3612.00	3612.00	3613.00	3613.00	3613.00	3614.00	3614.00	3615.00	3616.00	3616.00	3616.00	3617.00	3617.00	3618.00	3619.00	3619.00	3619.00	3619.00	3620.00	3620.00	3620.00	3620.00	3621.00	3621.00	3621.00	3622.00	3622.00	3622.00	3623.00	3623.00	3623.00	3623.00	3624.00	3624.00	3624.00	3624.00	3624.00	3624.00	3624.00	3624.00	3624.00	3624.00	3624.00	3625.00	3625.00	3625.00	3625.00	3625.00	3625.00	3625.00	3625.00	3625.00	3625.00	3625.00	3625.00	3625.00	3625.00	3626.00	3626.00	3626.00	3626.00	3626.00	3626.00	3626.00	3626.00	3626.00	3626.00	3626.00	3626.00	3626.00	3627.00	3627.00	3627.00	3627.00	3627.00	3627.00	3627.00	3627.00	3627.00	3627.00	3627.00	3627.00	3627.00	3627.00	3628.00	3628.00	3628.00	3628.00	3628.00	3628.00	3629.00	3629.00	3629.00	3629.00	3629.00	3629.00	3629.00	3629.00	3630.00	3630.00	3630.00	3630.00	3630.00	3631.00	3631.00	3631.00	3631.00	3631.00	3631.00	3631.00	3632.00	3632.00	3633.00	3633.00	3633.00	3633.00	3634.00	3634.00	3634.00	3634.00	3634.00	3635.00	3635.00	3636.00	3636.00	3636.00	3637.00	3637.00	3638.00	3638.00	3638.00	3639.00	3639.00	3640.00	3641.00	3642.00	3642.00	3642.00	3642.00	3643.00	3644.00	3644.00	3645.00	3646.00	3646.00	3646.00	3647.00	3647.00	3648.00	3649.00	3649.00	3649.00	3650.00	3650.00	3651.00	3651.00	3651.00	3652.00	3652.00	3652.00	3653.00	3653.00	3653.00	3654.00	3654.00	3655.00	3655.00	3656.00	3656.00
3596.00	3597.00	3597.00	3597.00	3598.00	3598.00	3598.00	3599.00	3599.00	3600.00	3600.00	3601.00	3601.00	3601.00	3601.00	3602.00	3602.00	3602.00	3603.00	3603.00	3604.00	3604.00	3604.00	3604.00	3605.00	3605.00	3605.00	3605.00	3605.00	3605.00	3605.00	3605.00	3605.00	3605.00	3605.00	3605.00	3605.00	3605.00	3605.00	3605.00	3605.00	3605.00	3605.00	3605.00	3605.00	3605.00	3605.00	3605.00	3605.00	3605.00	3605.00	3605.00	3605.00	3605.00	3605.00	3605.00	3605.00	3605.00	3605.00	3605.00	3605.00	3605.00	3606.00	3606.00	3606.00	3606.00	3606.00	3606.00	3606.00	3607.00	3607.00	3607.00	3607.00	3608.00	3608.00	3608.00	3608.00	3608.00	3609.00	3609.00	3609.00	3609.00	3610.00	3610.00	3611.00	3611.00	3611.00	3612.00	3612.00	3613.00	3613.00	3613.00	3614.00	3614.00	3615.00	3616.00	3616.00	3616.00	3617.00	3617.00	3618.00	3619.00	3619.00	3619.00	3619.00	3620.00	3620.00	3620.00	3620.00	3621.00	3621.00	3621.00	3622.00	3622.00	3622.00	3623.00	3623.00	3623.00	3623.00	3624.00	3624.00	3624.00	3624.00	3624.00	3624.00	3624.00	3624.00	3624.00	3624.00	3624.00	3625.00	3625.00	3625.00	3625.00	3625.00	3625.00	3625.00	3625.00	3625.00	3625.00	3625.00	3625.00	3625.00	3625.00	3626.00	3626.00	3626.00	3626.00	3626.00	3626.00	3626.00	3626.00	3626.00	3626.00	3626.00	3626.00	3626.00	3627.00	3627.00	3627.00	3627.00	3627.00	3627.00	3627.00	3627.00	3627.00	3627.00	3627.00	3627.00	3627.00	3627.00	3628.00	3628.00	3628.00	3628.00	3628.00	3628.00	3629.00	3629.00	3629.00	3629.00	3629.00	3629.00	3629.00	3629.00	3630.00	3630.00	3630.00	3630.00	3630.00	3631.00	3631.00	3631.00	3631.00	3631.00	3631.00	3631.00	3632.00	3632.00	3633.00	3633.00	3633.00	3633.00	3634.00	3634.00	3634.00	3634.00	3634.00	3635.00	3635.00	3636.00	3636.00	3636.00	3637.00	3637.00	3638.00	3638.00	3638.00	3639.00	3639.00	3640.00	3641.00	3642.00	3642.00	3642.00	3642.00	3643.00	3644.00	3644.00	3645.00	3646.00	3646.00	3646.00	3647.00	3647.00	3648.00	3649.00	3649.00	3649.00	3650.00	3650.00	3651.00	3651.00	3651.00	3652.00	3652.00	3652.00	3653.00	3653.00	3653.00	3654.00	3654.00	3655.00	3655.00	3656.00	3656.00
3596.00	3597.00	3597.00	3597.00	3598.00	3598.00	3598.00	3599.00	3599.00	3600.00	3600.00	3601.00	3601.00	3601.00	3601.00	3602.00	3602.00	3602.00	3603.00	3603.00	3604.00	3604.00	3604.00	3604.00	3605.00	3605.00	3605.00	3605.00	3605.00	3605.00	3605.00	3605.00	3605.00	3605.00	3605.00	3605.00	3605.00	3605.00	3605.00	3605.00	3605.00	3605.00	3605.00	3605.00	3605.00	3605.00	3605.00	3605.00	3605.00	3605.00	3605.00	3605.00	3605.00	3605.00	3605.00	3605.00	3605.00	3605.00	3605.00	3605.00	3605.00	3605.00	3606.00	3606.00	3606.00	3606.00	3606.00	3606.00	3606.00	3607.00	3607.00	3607.00	3607.00	3608.00	3608.00	3608.00	3608.00	3608.00	3609.00	3609.00	3609.00	3609.00	3610.00	3610.00	3611.00	3611.00	3611.00	3612.00	3612.00	3613.00	3613.00	3613.00	3614.00	3614.00	3615.00	3616.00	3616.00	3616.00	3617.00	3617.00	3618.00	3619.00	3619.00	3619.00	3619.00	3620.00	3620.00	3620.00	3620.00	3621.00	3621.00	3621.00	3622.00	3622.00	3622.00	3623.00	3623.00	3623.00	3623.00	3624.00	3624.00	3624.00	3624.00	3624.00	3624.00	3624.00	3624.00	3624.00	3624.00	3624.00	3625.00	3625.00	3625.00	3625.00	3625.00	3625.00	3625.00	3625.00	3625.00	3625.00	3625.00	3625.00	3625.00	3625.00	3626.00	3626.00	3626.00	3626.00	3626.00	3626.00	3626.00	3626.00	3626.00	3626.00	3626.00	3626.00	3626.00	3627.00	3627.00	3627.00	3627.00	3627.00	3627.00	3627.00	3627.00	3627.00	3627.00	3627.00	3627.00	3627.00	3627.00	3628.00	3628.00	3628.00	3628.00	3628.00	3628.00	3629.00	3629.00	3629.00	3629.00	3629.00	3629.00	3629.00	3629.00	3630.00	3630.00	3630.00	3630.00	3630.00	3631.00	3631.00	3631.00	3631.00	3631.00	3631.00	3631.00	3632.00	3632.00	3633.00	3633.00	3633.00	3633.00	3634.00	3634.00	3634.00	3634.00	3634.00	3635.00	3635.00	3636.00	3636.00	3636.00	3637.00	3637.00	3638.00	3638.00	3638.00	3639.00	3639.00	3640.00	3641.00	3642.00	3642.00	3642.00	3642.00	3643.00	3644.00	3644.00	3645.00	3646.00	3646.00	3646.00	3647.00	3647.00	3648.00	3649.00	3649.00	3649.00	3650.00	3650.00	3651.00	3651.00	3651.00	3652.00	3652.00	3652.00	3653.00	3653.00	3653.00	3654.00	3654.00	3655.00	3655.00	3656.00	3656.00
3596.00	3597.00	3597.00	3597.00	3598.00	3598.00	3598.00	3599.00	3599.00	3600.00	3600.00	3601.00	3601.00	3601.00	3601.00	3602.00	3602.00	3602.00	3603.00	3603.00	3604.00	3604.00	3604.00	3604.00	3605.00	3605.00	3605.00	3605.00	3605.00	3605.00	3605.00	3605.00	3605.00	3605.00	3605.00	3605.00	3605.00	3605.00	3605.00	3605.00	3605.00	3605.00	3605.00	3605.00	3605.00	3605.00	3605.00	3605.00	3605.00	3605.00	3605.00	3605.00	3605.00	3605.00	3605.00	3605.00	3605.00	3605.00	3605.00	3605.00	3605.00	3605.00	3606.00	3606.00	3606.00	3606.00	3606.00	3606.00	3606.00	3607.00	3607.00	3607.00	3607.00	3608.00	3608.00	3608.00	3608.00	3608.00	3609.00	3609.00	3609.00	3609.00	3610.00	3610.00	3611.00	3611.00	3611.00	3612.00	3612.00	3613.00	3613.00	3613.00	3614.00	3614.00	3615.00	3616.00	3616.00	3616.00	3617.00	3617.00	3618.00	3619.00	3619.00	3619.00	3619.00	3620.00	3620.00	3620.00	3620.00	3621.00	3621.00	3621.00	3622.00	3622.00	3622.00	3623.00	3623.00	3623.00	3623.00	3624.00	3624.00	3624.00	3624.00	3624.00	3624.00	3624.00	3624.00	3624.00	3624.00	3624.00	3625.00	3625.00	3625.00	3625.00	3625.00	3625.00	3625.00	3625.00	3625.00	3625.00	3625.00	3625.00	3625.00	3625.00	3626.00	3626.00	3626.00	3626.00	3626.00	3626.00	3626.00	3626.00	3626.00	3626.00	3626.00	3626.00	3626.00	3627.00	3627.00	3627.00	3627.00	3627.00	3627.00	3627.00	3627.00	3627.00	3627.00	3627.00	3627.00	3627.00	3627.00	3628.00	3628.00	3628.00	3628.00	3628.00	3628.00	3629.00	3629.00	3629.00	3629.00	3629.00	3629.00	3629.00	3629.00	3630.00	3630.00	3630.00	3630.00	3630.00	3631.00	3631.00	3631.00	3631.00	3631.00	3631.00	3631.00	3632.00	3632.00	3633.00	3633.00	3633.00	3633.00	3634.00	3634.00	3634.00	3634.00	3634.00	3635.00	3635.00	3636.00	3636.00	3636.00	3637.00	3637.00	3638.00	3638.00	3638.00	3639.00	3639.00	3640.00	3641.00	3642.00	3642.00	3642.00	3642.00	3643.00	3644.00	3644.00	3645.00	3646.00	3646.00	3646.00	3647.00	3647.00	3648.00	3649.00	3649.00	3649.00	3650.00	3650.00	3651.00	3651.00	3651.00	3652.00	3652.00	3652.00	3653.00	3653.00	3653.00	3654.00	3654.00	3655.00	3655.00	3656.00	3656.00
3596.00	3597.00	3597.00	3597.00	3598.00	3598.00	3598.00	3599.00	3599.00	3600.00	3600.00	3601.00	3601.00	3601.00	3601.00	3602.00	3602.00	3602.00	3603.00	3603.00	3604.00	3604.00	3604.00	3604.00	3605.00	3605.00	3605.00	3605.00	3605.00	3605.00	3605.00	3605.00	3605.00	3605.00	3605.00	3605.00	3605.00	3605.00	3605.00	3605.00	3605.00	3605.00	3605.00	3605.00	3605.00	3605.00	3605.00	3605.00	3605.00	3605.00	3605.00	3605.00	3605.00	3605.00	3605.00	3605.00	3605.00	3605.00	3605.00	3605.00	3605.00	3605.00	3606.00	3606.00	3606.00	3606.00	3606.00	3606.00	3606.00	3607.00	3607.00	3607.00	3607.00	3608.00	3608.00	3608.00	3608.00	3608.00	3609.00	3609.00	3609.00	3609.00	3610.00	3610.00	3611.00	3611.00	3611.00	3612.00	3612.00	3613.00	3613.00	3613.00	3614.00	3614.00	3615.00	3616.00	3616.00	3616.00	3617.00	3617.00	3618.00	3619.00	3619.00	3619.00	3619.00	3620.00	3620.00	3620.00	3620.00	3621.00	3621.00	3621.00	3622.00	3622.00	3622.00	3623.00	3623.00	3623.00	3623.00	3624.00	3624.00	3624.00	3624.00	3624.00	3624.00	3624.00	3624.00	3624.00	3624.00	3624.00	3625.00	3625.00	3625.00	3625.00	3625.00	3625.00	3625.00	3625.00	3625.00	3625.00	3625.00	3625.00	3625.00	3625.00	3626.00	3626.00	3626.00	3626.00	3626.00	3626.00	3626.00	3626.00	3626.00	3626.00	3626.00	3626.00	3626.00	3627.00	3627.00	3627.00	3627.00	3627.00	3627.00	3627.00	3627.00	3627.00	3627.00	3627.00	3627.00	3627.00	3627.00	3628.00	3628.00	3628.00	3628.00	3628.00	3628.00	3629.00	3629.00	3629.00	3629.00	3629.00	3629.00	3629.00	3629.00	3630.00	3630.00	3630.00	3630.00	3630.00	3631.00	3631.00	3631.00	3631.00	3631.00	3631.00	3631.00	3632.00	3632.00	3633.00	3633.00	3633.00	3633.00	3634.00	3634.00	3634.00	3634.00	3634.00	3635.00	3635.00	3636.00	3636.00	3636.00	3637.00	3637.00	3638.00	3638.00	3638.00	3639.00	3639.00	3640.00	3641.00	3642.00	3642.00	3642.00	3642.00	3643.00	3644.00	3644.00	3645.00	3646.00	3646.00	3646.00	3647.00	3647.00	3648.00	3649.00	3649.00	3649.00	3650.00	3650.00	3651.00	3651.00	3651.00	3652.00	3652.00	3652.00	3653.00	3653.00	3653.00	3654.00	3654.00	3655.00	3655.00	3656.00	3656.00
3597.00	3598.00	3598.00	3598.00	3599.00	3599.00	3599.00	3600.00	3600.00	3601.00	3601.00	3602.00	3602.00	3602.00	3602.00	3603.00	3603.00	3603.00	3604.00	3604.00	3604.00	3604.00	3605.00	3605.00	3605.00	3605.00	3605.00	3605.00	3605.00	3605.00	3606.00	3606.00	3606.00	3606.00	3606.00	3606.00	3606.00	3606.00	3606.00	3606.00	3606.00	3606.00	3606.00	3606.00	3606.00	3606.00	3606.00	3606.00	3606.00	3606.00	3606.00	3606.00	3606.00	3606.00	3606.00	3606.00	3606.00	3607.00	3607.00	3607.00	3607.00	3607.00	3607.00	3607.00	3607.00	3607.00	3607.00	3607.00	3607.00	3608.00	3608.00	3608.00	3608.00	3608.00	3608.00	3608.00	3608.00	3609.00	3609.00	3609.00	3609.00	3609.00	3610.00	3610.00	3611.00	3611.00	3611.00	3612.00	3612.00	3612.00	3612.00	3613.00	3614.00	3614.00	3615.00	3615.00	3616.00	3616.00	3617.00	3617.00	3617.00	3618.00	3618.00	3619.00	3619.00	3620.00	3620.00	3620.00	3620.00	3621.00	3621.00	3621.00	3622.00	3622.00	3622.00	3622.00	3623.00	3623.00	3623.00	3623.00	3623.00	3623.00	3623.00	3623.00	3624.00	3624.00	3624.00	3624.00	3624.00	3624.00	3624.00	3624.00	3624.00	3624.00	3624.00	3624.00	3624.00	3625.00	3625.00	3625.00	3625.00	3625.00	3625.00	3625.00	3625.00	3625.00	3625.00	3625.00	3625.00	3625.00	3626.00	3626.00	3626.00	3626.00	3626.00	3626.00	3626.00	3627.00	3627.00	3627.00	3627.00	3627.00	3627.00	3627.00	3627.00	3627.00	3627.00	3627.00	3627.00	3627.00	3627.00	3628.00	3628.00	3628.00	3628.00	3628.00	3628.00	3629.00	3629.00	3629.00	3629.00	3629.00	3629.00	3629.00	3629.00	3630.00	3630.00	3630.00	3630.00	3630.00	3631.00	3631.00	3631.00	3631.00	3631.00	3631.00	3631.00	3632.00	3632.00	3632.00	3632.00	3633.00	3633.00	3633.00	3633.00	3633.00	3634.00	3634.00	3634.00	3635.00	3636.00	3636.00	3636.00	3637.00	3637.00	3638.00	3638.00	3639.00	3640.00	3640.00	3641.00	3641.00	3642.00	3642.00	3643.00	3643.00	3644.00	3644.00	3644.00	3645.00	3646.00	3647.00	3647.00	3648.00	3648.00	3649.00	3649.00	3649.00	3650.00	3651.00	3651.00	3651.00	3652.00	3652.00	3652.00	3653.00	3653.00	3654.00	3654.00	3654.00	3655.00	3655.00	3655.00	3656.00	3657.00	3657.00
3597.00	3598.00	3598.00	3598.00	3599.00	3599.00	3599.00	3600.00	3600.00	3601.00	3601.00	3602.00	3602.00	3602.00	3602.00	3603.00	3603.00	3603.00	3604.00	3604.00	3604.00	3604.00	3605.00	3605.00	3605.00	3605.00	3605.00	3605.00	3605.00	3605.00	3606.00	3606.00	3606.00	3606.00	3606.00	3606.00	3606.00	3606.00	3606.00	3606.00	3606.00	3606.00	3606.00	3606.00	3606.00	3606.00	3606.00	3606.00	3606.00	3606.00	3606.00	3606.00	3606.00	3606.00	3606.00	3606.00	3606.00	3607.00	3607.00	3607.00	3607.00	3607.00	3607.00	3607.00	3607.00	3607.00	3607.00	3607.00	3607.00	3608.00	3608.00	3608.00	3608.00	3608.00	3608.00	3608.00	3608.00	3609.00	3609.00	3609.00	3609.00	3609.00	3610.00	3610.00	3611.00	3611.00	3611.00	3612.00	3612.00	3612.00	3612.00	3613.00	3614.00	3614.00	3615.00	3615.00	3616.00	3616.00	3617.00	3617.00	3617.00	3618.00	3618.00	3619.00	3619.00	3620.00	3620.00	3620.00	3620.00	3621.00	3621.00	3621.00	3622.00	3622.00	3622.00	3622.00	3623.00	3623.00	3623.00	3623.00	3623.00	3623.00	3623.00	3623.00	3624.00	3624.00	3624.00	3624.00	3624.00	3624.00	3624.00	3624.00	3624.00	3624.00	3624.00	3624.00	3624.00	3625.00	3625.00	3625.00	3625.00	3625.00	3625.00	3625.00	3625.00	3625.00	3625.00	3625.00	3625.00	3625.00	3626.00	3626.00	3626.00	3626.00	3626.00	3626.00	3626.00	3627.00	3627.00	3627.00	3627.00	3627.00	3627.00	3627.00	3627.00	3627.00	3627.00	3627.00	3627.00	3627.00	3627.00	3628.00	3628.00	3628.00	3628.00	3628.00	3628.00	3629.00	3629.00	3629.00	3629.00	3629.00	3629.00	3629.00	3629.00	3630.00	3630.00	3630.00	3630.00	3630.00	3631.00	3631.00	3631.00	3631.00	3631.00	3631.00	3631.00	3632.00	3632.00	3632.00	3632.00	3633.00	3633.00	3633.00	3633.00	3633.00	3634.00	3634.00	3634.00	3635.00	3636.00	3636.00	3636.00	3637.00	3637.00	3638.00	3638.00	3639.00	3640.00	3640.00	3641.00	3641.00	3642.00	3642.00	3643.00	3643.00	3644.00	3644.00	3644.00	3645.00	3646.00	3647.00	3647.00	3648.00	3648.00	3649.00	3649.00	3649.00	3650.00	3651.00	3651.00	3651.00	3652.00	3652.00	3652.00	3653.00	3653.00	3654.00	3654.00	3654.00	3655.00	3655.00	3655.00	3656.00	3657.00	3657.00
3597.00	3598.00	3598.00	3598.00	3599.00	3599.00	3599.00	3600.00	3600.00	3601.00	3601.00	3602.00	3602.00	3602.00	3602.00	3603.00	3603.00	3603.00	3604.00	3604.00	3604.00	3604.00	3605.00	3605.00	3605.00	3605.00	3605.00	3605.00	3605.00	3605.00	3606.00	3606.00	3606.00	3606.00	3606.00	3606.00	3606.00	3606.00	3606.00	3606.00	3606.00	3606.00	3606.00	3606.00	3606.00	3606.00	3606.00	3606.00	3606.00	3606.00	3606.00	3606.00	3606.00	3606.00	3606.00	3606.00	3606.00	3607.00	3607.00	3607.00	3607.00	3607.00	3607.00	3607.00	3607.00	3607.00	3607.00	3607.00	3607.00	3608.00	3608.00	3608.00	3608.00	3608.00	3608.00	3608.00	3608.00	3609.00	3609.00	3609.00	3609.00	3609.00	3610.00	3610.00	3611.00	3611.00	3611.00	3612.00	3612.00	3612.00	3612.00	3613.00	3614.00	3614.00	3615.00	3615.00	3616.00	3616.00	3617.00	3617.00	3617.00	3618.00	3618.00	3619.00	3619.00	3620.00	3620.00	3620.00	3620.00	3621.00	3621.00	3621.00	3622.00	3622.00	3622.00	3622.00	3623.00	3623.00	3623.00	3623.00	3623.00	3623.00	3623.00	3623.00	3624.00	3624.00	3624.00	3624.00	3624.00	3624.00	3624.00	3624.00	3624.00	3624.00	3624.00	3624.00	3624.00	3625.00	3625.00	3625.00	3625.00	3625.00	3625.00	3625.00	3625.00	3625.00	3625.00	3625.00	3625.00	3625.00	3626.00	3626.00	3626.00	3626.00	3626.00	3626.00	3626.00	3627.00	3627.00	3627.00	3627.00	3627.00	3627.00	3627.00	3627.00	3627.00	3627.00	3627.00	3627.00	3627.00	3627.00	3628.00	3628.00	3628.00	3628.00	3628.00	3628.00	3629.00	3629.00	3629.00	3629.00	3629.00	3629.00	3629.00	3629.00	3630.00	3630.00	3630.00	3630.00	3630.00	3631.00	3631.00	3631.00	3631.00	3631.00	3631.00	3631.00	3632.00	3632.00	3632.00	3632.00	3633.00	3633.00	3633.00	3633.00	3633.00	3634.00	3634.00	3634.00	3635.00	3636.00	3636.00	3636.00	3637.00	3637.00	3638.00	3638.00	3639.00	3640.00	3640.00	3641.00	3641.00	3642.00	3642.00	3643.00	3643.00	3644.00	3644.00	3644.00	3645.00	3646.00	3647.00	3647.00	3648.00	3648.00	3649.00	3649.00	3649.00	3650.00	3651.00	3651.00	3651.00	3652.00	3652.00	3652.00	3653.00	3653.00	3654.00	3654.00	3654.00	3655.00	3655.00	3655.00	3656.00	3657.00	3657.00
3597.00	3598.00	3598.00	3598.00	3599.00	3599.00	3599.00	3600.00	3600.00	3601.00	3601.00	3602.00	3602.00	3602.00	3602.00	3603.00	3603.00	3603.00	3604.00	3604.00	3604.00	3604.00	3605.00	3605.00	3605.00	3605.00	3605.00	3605.00	3605.00	3605.00	3606.00	3606.00	3606.00	3606.00	3606.00	3606.00	3606.00	3606.00	3606.00	3606.00	3606.00	3606.00	3606.00	3606.00	3606.00	3606.00	3606.00	3606.00	3606.00	3606.00	3606.00	3606.00	3606.00	3606.00	3606.00	3606.00	3606.00	3607.00	3607.00	3607.00	3607.00	3607.00	3607.00	3607.00	3607.00	3607.00	3607.00	3607.00	3607.00	3608.00	3608.00	3608.00	3608.00	3608.00	3608.00	3608.00	3608.00	3609.00	3609.00	3609.00	3609.00	3609.00	3610.00	3610.00	3611.00	3611.00	3611.00	3612.00	3612.00	3612.00	3612.00	3613.00	3614.00	3614.00	3615.00	3615.00	3616.00	3616.00	3617.00	3617.00	3617.00	3618.00	3618.00	3619.00	3619.00	3620.00	3620.00	3620.00	3620.00	3621.00	3621.00	3621.00	3622.00	3622.00	3622.00	3622.00	3623.00	3623.00	3623.00	3623.00	3623.00	3623.00	3623.00	3623.00	3624.00	3624.00	3624.00	3624.00	3624.00	3624.00	3624.00	3624.00	3624.00	3624.00	3624.00	3624.00	3624.00	3625.00	3625.00	3625.00	3625.00	3625.00	3625.00	3625.00	3625.00	3625.00	3625.00	3625.00	3625.00	3625.00	3626.00	3626.00	3626.00	3626.00	3626.00	3626.00	3626.00	3627.00	3627.00	3627.00	3627.00	3627.00	3627.00	3627.00	3627.00	3627.00	3627.00	3627.00	3627.00	3627.00	3627.00	3628.00	3628.00	3628.00	3628.00	3628.00	3628.00	3629.00	3629.00	3629.00	3629.00	3629.00	3629.00	3629.00	3629.00	3630.00	3630.00	3630.00	3630.00	3630.00	3631.00	3631.00	3631.00	3631.00	3631.00	3631.00	3631.00	3632.00	3632.00	3632.00	3632.00	3633.00	3633.00	3633.00	3633.00	3633.00	3634.00	3634.00	3634.00	3635.00	3636.00	3636.00	3636.00	3637.00	3637.00	3638.00	3638.00	3639.00	3640.00	3640.00	3641.00	3641.00	3642.00	3642.00	3643.00	3643.00	3644.00	3644.00	3644.00	3645.00	3646.00	3647.00	3647.00	3648.00	3648.00	3649.00	3649.00	3649.00	3650.00	3651.00	3651.00	3651.00	3652.00	3652.00	3652.00	3653.00	3653.00	3654.00	3654.00	3654.00	3655.00	3655.00	3655.00	3656.00	3657.00	3657.00
3597.00	3598.00	3598.00	3598.00	3599.00	3599.00	3599.00	3600.00	3600.00	3601.00	3601.00	3602.00	3602.00	3602.00	3602.00	3603.00	3603.00	3603.00	3604.00	3604.00	3604.00	3604.00	3605.00	3605.00	3605.00	3605.00	3605.00	3605.00	3605.00	3605.00	3606.00	3606.00	3606.00	3606.00	3606.00	3606.00	3606.00	3606.00	3606.00	3606.00	3606.00	3606.00	3606.00	3606.00	3606.00	3606.00	3606.00	3606.00	3606.00	3606.00	3606.00	3606.00	3606.00	3606.00	3606.00	3606.00	3606.00	3607.00	3607.00	3607.00	3607.00	3607.00	3607.00	3607.00	3607.00	3607.00	3607.00	3607.00	3607.00	3608.00	3608.00	3608.00	3608.00	3608.00	3608.00	3608.00	3608.00	3609.00	3609.00	3609.00	3609.00	3609.00	3610.00	3610.00	3611.00	3611.00	3611.00	3612.00	3612.00	3612.00	3612.00	3613.00	3614.00	3614.00	3615.00	3615.00	3616.00	3616.00	3617.00	3617.00	3617.00	3618.00	3618.00	3619.00	3619.00	3620.00	3620.00	3620.00	3620.00	3621.00	3621.00	3621.00	3622.00	3622.00	3622.00	3622.00	3623.00	3623.00	3623.00	3623.00	3623.00	3623.00	3623.00	3623.00	3624.00	3624.00	3624.00	3624.00	3624.00	3624.00	3624.00	3624.00	3624.00	3624.00	3624.00	3624.00	3624.00	3625.00	3625.00	3625.00	3625.00	3625.00	3625.00	3625.00	3625.00	3625.00	3625.00	3625.00	3625.00	3625.00	3626.00	3626.00	3626.00	3626.00	3626.00	3626.00	3626.00	3627.00	3627.00	3627.00	3627.00	3627.00	3627.00	3627.00	3627.00	3627.00	3627.00	3627.00	3627.00	3627.00	3627.00	3628.00	3628.00	3628.00	3628.00	3628.00	3628.00	3629.00	3629.00	3629.00	3629.00	3629.00	3629.00	3629.00	3629.00	3630.00	3630.00	3630.00	3630.00	3630.00	3631.00	3631.00	3631.00	3631.00	3631.00	3631.00	3631.00	3632.00	3632.00	3632.00	3632.00	3633.00	3633.00	3633.00	3633.00	3633.00	3634.00	3634.00	3634.00	3635.00	3636.00	3636.00	3636.00	3637.00	3637.00	3638.00	3638.00	3639.00	3640.00	3640.00	3641.00	3641.00	3642.00	3642.00	3643.00	3643.00	3644.00	3644.00	3644.00	3645.00	3646.00	3647.00	3647.00	3648.00	3648.00	3649.00	3649.00	3649.00	3650.00	3651.00	3651.00	3651.00	3652.00	3652.00	3652.00	3653.00	3653.00	3654.00	3654.00	3654.00	3655.00	3655.00	3655.00	3656.00	3657.00	3657.00
3597.00	3598.00	3598.00	3598.00	3599.00	3599.00	3599.00	3600.00	3600.00	3601.00	3601.00	3602.00	3602.00	3602.00	3602.00	3603.00	3603.00	3603.00	3604.00	3604.00	3604.00	3604.00	3605.00	3605.00	3605.00	3605.00	3605.00	3605.00	3605.00	3605.00	3606.00	3606.00	3606.00	3606.00	3606.00	3606.00	3606.00	3606.00	3606.00	3606.00	3606.00	3606.00	3606.00	3606.00	3606.00	3606.00	3606.00	3606.00	3606.00	3606.00	3606.00	3606.00	3606.00	3606.00	3606.00	3606.00	3606.00	3607.00	3607.00	3607.00	3607.00	3607.00	3607.00	3607.00	3607.00	3607.00	3607.00	3607.00	3607.00	3608.00	3608.00	3608.00	3608.00	3608.00	3608.00	3608.00	3608.00	3609.00	3609.00	3609.00	3609.00	3609.00	3610.00	3610.00	3611.00	3611.00	3611.00	3612.00	3612.00	3612.00	3612.00	3613.00	3614.00	3614.00	3615.00	3615.00	3616.00	3616.00	3617.00	3617.00	3617.00	3618.00	3618.00	3619.00	3619.00	3620.00	3620.00	3620.00	3620.00	3621.00	3621.00	3621.00	3622.00	3622.00	3622.00	3622.00	3623.00	3623.00	3623.00	3623.00	3623.00	3623.00	3623.00	3623.00	3624.00	3624.00	3624.00	3624.00	3624.00	3624.00	3624.00	3624.00	3624.00	3624.00	3624.00	3624.00	3624.00	3625.00	3625.00	3625.00	3625.00	3625.00	3625.00	3625.00	3625.00	3625.00	3625.00	3625.00	3625.00	3625.00	3626.00	3626.00	3626.00	3626.00	3626.00	3626.00	3626.00	3627.00	3627.00	3627.00	3627.00	3627.00	3627.00	3627.00	3627.00	3627.00	3627.00	3627.00	3627.00	3627.00	3627.00	3628.00	3628.00	3628.00	3628.00	3628.00	3628.00	3629.00	3629.00	3629.00	3629.00	3629.00	3629.00	3629.00	3629.00	3630.00	3630.00	3630.00	3630.00	3630.00	3631.00	3631.00	3631.00	3631.00	3631.00	3631.00	3631.00	3632.00	3632.00	3632.00	3632.00	3633.00	3633.00	3633.00	3633.00	3633.00	3634.00	3634.00	3634.00	3635.00	3636.00	3636.00	3636.00	3637.00	3637.00	3638.00	3638.00	3639.00	3640.00	3640.00	3641.00	3641.00	3642.00	3642.00	3643.00	3643.00	3644.00	3644.00	3644.00	3645.00	3646.00	3647.00	3647.00	3648.00	3648.00	3649.00	3649.00	3649.00	3650.00	3651.00	3651.00	3651.00	3652.00	3652.00	3652.00	3653.00	3653.00	3654.00	3654.00	3654.00	3655.00	3655.00	3655.00	3656.00	3657.00	3657.00
3598.00	3599.00	3599.00	3599.00	3600.00	3600.00	3600.00	3601.00	3601.00	3602.00	3602.00	3603.00	3603.00	3603.00	3603.00	3604.00	3604.00	3604.00	3605.00	3605.00	3605.00	3605.00	3605.00	3605.00	3606.00	3606.00	3606.00	3606.00	3606.00	3606.00	3607.00	3607.00	3607.00	3607.00	3607.00	3607.00	3607.00	3607.00	3607.00	3607.00	3607.00	3607.00	3607.00	3607.00	3607.00	3608.00	3608.00	3608.00	3608.00	3608.00	3608.00	3608.00	3608.00	3608.00	3608.00	3608.00	3608.00	3608.00	3608.00	3608.00	3608.00	3608.00	3608.00	3608.00	3608.00	3609.00	3609.00	3609.00	3609.00	3609.00	3609.00	3609.00	3609.00	3609.00	3609.00	3609.00	3609.00	3610.00	3610.00	3610.00	3610.00	3610.00	3610.00	3611.00	3611.00	3611.00	3611.00	3612.00	3612.00	3612.00	3612.00	3613.00	3614.00	3614.00	3614.00	3615.00	3616.00	3616.00	3617.00	3617.00	3617.00	3618.00	3618.00	3618.00	3618.00	3619.00	3619.00	3619.00	3619.00	3620.00	3620.00	3620.00	3620.00	3620.00	3620.00	3621.00	3621.00	3621.00	3622.00	3622.00	3622.00	3622.00	3622.00	3622.00	3623.00	3623.00	3623.00	3623.00	3623.00	3623.00	3624.00	3624.00	3624.00	3624.00	3624.00	3624.00	3624.00	3624.00	3624.00	3624.00	3624.00	3624.00	3624.00	3624.00	3625.00	3625.00	3625.00	3625.00	3625.00	3625.00	3625.00	3626.00	3626.00	3626.00	3626.00	3626.00	3626.00	3627.00	3627.00	3627.00	3627.00	3627.00	3627.00	3627.00	3627.00	3627.00	3627.00	3627.00	3627.00	3628.00	3628.00	3628.00	3628.00	3628.00	3628.00	3628.00	3628.00	3629.00	3629.00	3629.00	3629.00	3629.00	3629.00	3630.00	3630.00	3630.00	3630.00	3630.00	3630.00	3630.00	3631.00	3631.00	3631.00	3631.00	3631.00	3632.00	3632.00	3632.00	3632.00	3633.00	3633.00	3633.00	3633.00	3634.00	3634.00	3634.00	3635.00	3635.00	3635.00	3636.00	3637.00	3637.00	3637.00	3638.00	3638.00	3639.00	3639.00	3639.00	3640.00	3640.00	3641.00	3642.00	3643.00	3643.00	3644.00	3644.00	3644.00	3645.00	3645.00	3646.00	3647.00	3648.00	3648.00	3649.00	3649.00	3650.00	3650.00	3650.00	3651.00	3652.00	3652.00	3653.00	3653.00	3653.00	3654.00	3654.00	3654.00	3655.00	3656.00	3656.00	3656.00	3656.00	3656.00	3657.00	3657.00	3657.00
3598.00	3599.00	3599.00	3599.00	3600.00	3600.00	3600.00	3601.00	3601.00	3602.00	3602.00	3603.00	3603.00	3603.00	3603.00	3604.00	3604.00	3604.00	3605.00	3605.00	3605.00	3605.00	3605.00	3605.00	3606.00	3606.00	3606.00	3606.00	3606.00	3606.00	3607.00	3607.00	3607.00	3607.00	3607.00	3607.00	3607.00	3607.00	3607.00	3607.00	3607.00	3607.00	3607.00	3607.00	3607.00	3608.00	3608.00	3608.00	3608.00	3608.00	3608.00	3608.00	3608.00	3608.00	3608.00	3608.00	3608.00	3608.00	3608.00	3608.00	3608.00	3608.00	3608.00	3608.00	3608.00	3609.00	3609.00	3609.00	3609.00	3609.00	3609.00	3609.00	3609.00	3609.00	3609.00	3609.00	3609.00	3610.00	3610.00	3610.00	3610.00	3610.00	3610.00	3611.00	3611.00	3611.00	3611.00	3612.00	3612.00	3612.00	3612.00	3613.00	3614.00	3614.00	3614.00	3615.00	3616.00	3616.00	3617.00	3617.00	3617.00	3618.00	3618.00	3618.00	3618.00	3619.00	3619.00	3619.00	3619.00	3620.00	3620.00	3620.00	3620.00	3620.00	3620.00	3621.00	3621.00	3621.00	3622.00	3622.00	3622.00	3622.00	3622.00	3622.00	3623.00	3623.00	3623.00	3623.00	3623.00	3623.00	3624.00	3624.00	3624.00	3624.00	3624.00	3624.00	3624.00	3624.00	3624.00	3624.00	3624.00	3624.00	3624.00	3624.00	3625.00	3625.00	3625.00	3625.00	3625.00	3625.00	3625.00	3626.00	3626.00	3626.00	3626.00	3626.00	3626.00	3627.00	3627.00	3627.00	3627.00	3627.00	3627.00	3627.00	3627.00	3627.00	3627.00	3627.00	3627.00	3628.00	3628.00	3628.00	3628.00	3628.00	3628.00	3628.00	3628.00	3629.00	3629.00	3629.00	3629.00	3629.00	3629.00	3630.00	3630.00	3630.00	3630.00	3630.00	3630.00	3630.00	3631.00	3631.00	3631.00	3631.00	3631.00	3632.00	3632.00	3632.00	3632.00	3633.00	3633.00	3633.00	3633.00	3634.00	3634.00	3634.00	3635.00	3635.00	3635.00	3636.00	3637.00	3637.00	3637.00	3638.00	3638.00	3639.00	3639.00	3639.00	3640.00	3640.00	3641.00	3642.00	3643.00	3643.00	3644.00	3644.00	3644.00	3645.00	3645.00	3646.00	3647.00	3648.00	3648.00	3649.00	3649.00	3650.00	3650.00	3650.00	3651.00	3652.00	3652.00	3653.00	3653.00	3653.00	3654.00	3654.00	3654.00	3655.00	3656.00	3656.00	3656.00	3656.00	3656.00	3657.00	3657.00	3657.00
3598.00	3599.00	3599.00	3599.00	3600.00	3600.00	3600.00	3601.00	3601.00	3602.00	3602.00	3603.00	3603.00	3603.00	3603.00	3604.00	3604.00	3604.00	3605.00	3605.00	3605.00	3605.00	3605.00	3605.00	3606.00	3606.00	3606.00	3606.00	3606.00	3606.00	3607.00	3607.00	3607.00	3607.00	3607.00	3607.00	3607.00	3607.00	3607.00	3607.00	3607.00	3607.00	3607.00	3607.00	3607.00	3608.00	3608.00	3608.00	3608.00	3608.00	3608.00	3608.00	3608.00	3608.00	3608.00	3608.00	3608.00	3608.00	3608.00	3608.00	3608.00	3608.00	3608.00	3608.00	3608.00	3609.00	3609.00	3609.00	3609.00	3609.00	3609.00	3609.00	3609.00	3609.00	3609.00	3609.00	3609.00	3610.00	3610.00	3610.00	3610.00	3610.00	3610.00	3611.00	3611.00	3611.00	3611.00	3612.00	3612.00	3612.00	3612.00	3613.00	3614.00	3614.00	3614.00	3615.00	3616.00	3616.00	3617.00	3617.00	3617.00	3618.00	3618.00	3618.00	3618.00	3619.00	3619.00	3619.00	3619.00	3620.00	3620.00	3620.00	3620.00	3620.00	3620.00	3621.00	3621.00	3621.00	3622.00	3622.00	3622.00	3622.00	3622.00	3622.00	3623.00	3623.00	3623.00	3623.00	3623.00	3623.00	3624.00	3624.00	3624.00	3624.00	3624.00	3624.00	3624.00	3624.00	3624.00	3624.00	3624.00	3624.00	3624.00	3624.00	3625.00	3625.00	3625.00	3625.00	3625.00	3625.00	3625.00	3626.00	3626.00	3626.00	3626.00	3626.00	3626.00	3627.00	3627.00	3627.00	3627.00	3627.00	3627.00	3627.00	3627.00	3627.00	3627.00	3627.00	3627.00	3628.00	3628.00	3628.00	3628.00	3628.00	3628.00	3628.00	3628.00	3629.00	3629.00	3629.00	3629.00	3629.00	3629.00	3630.00	3630.00	3630.00	3630.00	3630.00	3630.00	3630.00	3631.00	3631.00	3631.00	3631.00	3631.00	3632.00	3632.00	3632.00	3632.00	3633.00	3633.00	3633.00	3633.00	3634.00	3634.00	3634.00	3635.00	3635.00	3635.00	3636.00	3637.00	3637.00	3637.00	3638.00	3638.00	3639.00	3639.00	3639.00	3640.00	3640.00	3641.00	3642.00	3643.00	3643.00	3644.00	3644.00	3644.00	3645.00	3645.00	3646.00	3647.00	3648.00	3648.00	3649.00	3649.00	3650.00	3650.00	3650.00	3651.00	3652.00	3652.00	3653.00	3653.00	3653.00	3654.00	3654.00	3654.00	3655.00	3656.00	3656.00	3656.00	3656.00	3656.00	3657.00	3657.00	3657.00
3598.00	3599.00	3599.00	3599.00	3600.00	3600.00	3600.00	3601.00	3601.00	3602.00	3602.00	3603.00	3603.00	3603.00	3603.00	3604.00	3604.00	3604.00	3605.00	3605.00	3605.00	3605.00	3605.00	3605.00	3606.00	3606.00	3606.00	3606.00	3606.00	3606.00	3607.00	3607.00	3607.00	3607.00	3607.00	3607.00	3607.00	3607.00	3607.00	3607.00	3607.00	3607.00	3607.00	3607.00	3607.00	3608.00	3608.00	3608.00	3608.00	3608.00	3608.00	3608.00	3608.00	3608.00	3608.00	3608.00	3608.00	3608.00	3608.00	3608.00	3608.00	3608.00	3608.00	3608.00	3608.00	3609.00	3609.00	3609.00	3609.00	3609.00	3609.00	3609.00	3609.00	3609.00	3609.00	3609.00	3609.00	3610.00	3610.00	3610.00	3610.00	3610.00	3610.00	3611.00	3611.00	3611.00	3611.00	3612.00	3612.00	3612.00	3612.00	3613.00	3614.00	3614.00	3614.00	3615.00	3616.00	3616.00	3617.00	3617.00	3617.00	3618.00	3618.00	3618.00	3618.00	3619.00	3619.00	3619.00	3619.00	3620.00	3620.00	3620.00	3620.00	3620.00	3620.00	3621.00	3621.00	3621.00	3622.00	3622.00	3622.00	3622.00	3622.00	3622.00	3623.00	3623.00	3623.00	3623.00	3623.00	3623.00	3624.00	3624.00	3624.00	3624.00	3624.00	3624.00	3624.00	3624.00	3624.00	3624.00	3624.00	3624.00	3624.00	3624.00	3625.00	3625.00	3625.00	3625.00	3625.00	3625.00	3625.00	3626.00	3626.00	3626.00	3626.00	3626.00	3626.00	3627.00	3627.00	3627.00	3627.00	3627.00	3627.00	3627.00	3627.00	3627.00	3627.00	3627.00	3627.00	3628.00	3628.00	3628.00	3628.00	3628.00	3628.00	3628.00	3628.00	3629.00	3629.00	3629.00	3629.00	3629.00	3629.00	3630.00	3630.00	3630.00	3630.00	3630.00	3630.00	3630.00	3631.00	3631.00	3631.00	3631.00	3631.00	3632.00	3632.00	3632.00	3632.00	3633.00	3633.00	3633.00	3633.00	3634.00	3634.00	3634.00	3635.00	3635.00	3635.00	3636.00	3637.00	3637.00	3637.00	3638.00	3638.00	3639.00	3639.00	3639.00	3640.00	3640.00	3641.00	3642.00	3643.00	3643.00	3644.00	3644.00	3644.00	3645.00	3645.00	3646.00	3647.00	3648.00	3648.00	3649.00	3649.00	3650.00	3650.00	3650.00	3651.00	3652.00	3652.00	3653.00	3653.00	3653.00	3654.00	3654.00	3654.00	3655.00	3656.00	3656.00	3656.00	3656.00	3656.00	3657.00	3657.00	3657.00
3598.00	3599.00	3599.00	3599.00	3600.00	3600.00	3600.00	3601.00	3601.00	3602.00	3602.00	3603.00	3603.00	3603.00	3603.00	3604.00	3604.00	3604.00	3605.00	3605.00	3605.00	3605.00	3605.00	3605.00	3606.00	3606.00	3606.00	3606.00	3606.00	3606.00	3607.00	3607.00	3607.00	3607.00	3607.00	3607.00	3607.00	3607.00	3607.00	3607.00	3607.00	3607.00	3607.00	3607.00	3607.00	3608.00	3608.00	3608.00	3608.00	3608.00	3608.00	3608.00	3608.00	3608.00	3608.00	3608.00	3608.00	3608.00	3608.00	3608.00	3608.00	3608.00	3608.00	3608.00	3608.00	3609.00	3609.00	3609.00	3609.00	3609.00	3609.00	3609.00	3609.00	3609.00	3609.00	3609.00	3609.00	3610.00	3610.00	3610.00	3610.00	3610.00	3610.00	3611.00	3611.00	3611.00	3611.00	3612.00	3612.00	3612.00	3612.00	3613.00	3614.00	3614.00	3614.00	3615.00	3616.00	3616.00	3617.00	3617.00	3617.00	3618.00	3618.00	3618.00	3618.00	3619.00	3619.00	3619.00	3619.00	3620.00	3620.00	3620.00	3620.00	3620.00	3620.00	3621.00	3621.00	3621.00	3622.00	3622.00	3622.00	3622.00	3622.00	3622.00	3623.00	3623.00	3623.00	3623.00	3623.00	3623.00	3624.00	3624.00	3624.00	3624.00	3624.00	3624.00	3624.00	3624.00	3624.00	3624.00	3624.00	3624.00	3624.00	3624.00	3625.00	3625.00	3625.00	3625.00	3625.00	3625.00	3625.00	3626.00	3626.00	3626.00	3626.00	3626.00	3626.00	3627.00	3627.00	3627.00	3627.00	3627.00	3627.00	3627.00	3627.00	3627.00	3627.00	3627.00	3627.00	3628.00	3628.00	3628.00	3628.00	3628.00	3628.00	3628.00	3628.00	3629.00	3629.00	3629.00	3629.00	3629.00	3629.00	3630.00	3630.00	3630.00	3630.00	3630.00	3630.00	3630.00	3631.00	3631.00	3631.00	3631.00	3631.00	3632.00	3632.00	3632.00	3632.00	3633.00	3633.00	3633.00	3633.00	3634.00	3634.00	3634.00	3635.00	3635.00	3635.00	3636.00	3637.00	3637.00	3637.00	3638.00	3638.00	3639.00	3639.00	3639.00	3640.00	3640.00	3641.00	3642.00	3643.00	3643.00	3644.00	3644.00	3644.00	3645.00	3645.00	3646.00	3647.00	3648.00	3648.00	3649.00	3649.00	3650.00	3650.00	3650.00	3651.00	3652.00	3652.00	3653.00	3653.00	3653.00	3654.00	3654.00	3654.00	3655.00	3656.00	3656.00	3656.00	3656.00	3656.00	3657.00	3657.00	3657.00
3598.00	3599.00	3599.00	3599.00	3600.00	3600.00	3600.00	3601.00	3601.00	3602.00	3602.00	3603.00	3603.00	3603.00	3603.00	3604.00	3604.00	3604.00	3605.00	3605.00	3605.00	3605.00	3605.00	3605.00	3606.00	3606.00	3606.00	3606.00	3606.00	3606.00	3607.00	3607.00	3607.00	3607.00	3607.00	3607.00	3607.00	3607.00	3607.00	3607.00	3607.00	3607.00	3607.00	3607.00	3607.00	3608.00	3608.00	3608.00	3608.00	3608.00	3608.00	3608.00	3608.00	3608.00	3608.00	3608.00	3608.00	3608.00	3608.00	3608.00	3608.00	3608.00	3608.00	3608.00	3608.00	3609.00	3609.00	3609.00	3609.00	3609.00	3609.00	3609.00	3609.00	3609.00	3609.00	3609.00	3609.00	3610.00	3610.00	3610.00	3610.00	3610.00	3610.00	3611.00	3611.00	3611.00	3611.00	3612.00	3612.00	3612.00	3612.00	3613.00	3614.00	3614.00	3614.00	3615.00	3616.00	3616.00	3617.00	3617.00	3617.00	3618.00	3618.00	3618.00	3618.00	3619.00	3619.00	3619.00	3619.00	3620.00	3620.00	3620.00	3620.00	3620.00	3620.00	3621.00	3621.00	3621.00	3622.00	3622.00	3622.00	3622.00	3622.00	3622.00	3623.00	3623.00	3623.00	3623.00	3623.00	3623.00	3624.00	3624.00	3624.00	3624.00	3624.00	3624.00	3624.00	3624.00	3624.00	3624.00	3624.00	3624.00	3624.00	3624.00	3625.00	3625.00	3625.00	3625.00	3625.00	3625.00	3625.00	3626.00	3626.00	3626.00	3626.00	3626.00	3626.00	3627.00	3627.00	3627.00	3627.00	3627.00	3627.00	3627.00	3627.00	3627.00	3627.00	3627.00	3627.00	3628.00	3628.00	3628.00	3628.00	3628.00	3628.00	3628.00	3628.00	3629.00	3629.00	3629.00	3629.00	3629.00	3629.00	3630.00	3630.00	3630.00	3630.00	3630.00	3630.00	3630.00	3631.00	3631.00	3631.00	3631.00	3631.00	3632.00	3632.00	3632.00	3632.00	3633.00	3633.00	3633.00	3633.00	3634.00	3634.00	3634.00	3635.00	3635.00	3635.00	3636.00	3637.00	3637.00	3637.00	3638.00	3638.00	3639.00	3639.00	3639.00	3640.00	3640.00	3641.00	3642.00	3643.00	3643.00	3644.00	3644.00	3644.00	3645.00	3645.00	3646.00	3647.00	3648.00	3648.00	3649.00	3649.00	3650.00	3650.00	3650.00	3651.00	3652.00	3652.00	3653.00	3653.00	3653.00	3654.00	3654.00	3654.00	3655.00	3656.00	3656.00	3656.00	3656.00	3656.00	3657.00	3657.00	3657.00
3599.00	3600.00	3600.00	3600.00	3601.00	3601.00	3601.00	3602.00	3602.00	3602.00	3602.00	3603.00	3603.00	3603.00	3603.00	3604.00	3604.00	3604.00	3605.00	3605.00	3606.00	3606.00	3606.00	3606.00	3606.00	3607.00	3607.00	3607.00	3607.00	3607.00	3607.00	3608.00	3608.00	3608.00	3608.00	3608.00	3608.00	3608.00	3608.00	3608.00	3608.00	3608.00	3608.00	3609.00	3609.00	3609.00	3609.00	3609.00	3609.00	3609.00	3609.00	3609.00	3609.00	3609.00	3609.00	3609.00	3609.00	3609.00	3609.00	3610.00	3610.00	3610.00	3610.00	3610.00	3610.00	3610.00	3610.00	3610.00	3610.00	3610.00	3610.00	3610.00	3610.00	3610.00	3610.00	3610.00	3610.00	3610.00	3610.00	3610.00	3610.00	3610.00	3611.00	3611.00	3611.00	3611.00	3612.00	3612.00	3612.00	3613.00	3613.00	3613.00	3614.00	3614.00	3614.00	3615.00	3615.00	3615.00	3616.00	3616.00	3616.00	3617.00	3617.00	3617.00	3617.00	3618.00	3618.00	3618.00	3618.00	3619.00	3619.00	3619.00	3619.00	3619.00	3619.00	3619.00	3620.00	3620.00	3620.00	3620.00	3620.00	3620.00	3620.00	3621.00	3621.00	3621.00	3621.00	3621.00	3622.00	3622.00	3622.00	3622.00	3623.00	3623.00	3623.00	3623.00	3624.00	3624.00	3624.00	3624.00	3624.00	3624.00	3624.00	3624.00	3625.00	3625.00	3625.00	3625.00	3625.00	3625.00	3626.00	3626.00	3626.00	3627.00	3627.00	3627.00	3627.00	3628.00	3628.00	3628.00	3628.00	3628.00	3628.00	3628.00	3628.00	3629.00	3629.00	3629.00	3629.00	3629.00	3629.00	3630.00	3630.00	3630.00	3630.00	3630.00	3630.00	3630.00	3630.00	3630.00	3630.00	3630.00	3630.00	3630.00	3630.00	3631.00	3631.00	3631.00	3631.00	3631.00	3632.00	3632.00	3632.00	3632.00	3632.00	3633.00	3633.00	3633.00	3633.00	3634.00	3634.00	3634.00	3634.00	3635.00	3635.00	3635.00	3636.00	3636.00	3636.00	3637.00	3638.00	3638.00	3638.00	3639.00	3639.00	3640.00	3640.00	3641.00	3642.00	3642.00	3642.00	3643.00	3644.00	3644.00	3645.00	3645.00	3646.00	3647.00	3647.00	3648.00	3648.00	3649.00	3649.00	3650.00	3650.00	3651.00	3652.00	3652.00	3652.00	3653.00	3653.00	3654.00	3655.00	3655.00	3655.00	3656.00	3656.00	3656.00	3656.00	3656.00	3657.00	3657.00	3657.00	3658.00	3658.00	3658.00
3599.00	3600.00	3600.00	3600.00	3601.00	3601.00	3601.00	3602.00	3602.00	3602.00	3602.00	3603.00	3603.00	3603.00	3603.00	3604.00	3604.00	3604.00	3605.00	3605.00	3606.00	3606.00	3606.00	3606.00	3606.00	3607.00	3607.00	3607.00	3607.00	3607.00	3607.00	3608.00	3608.00	3608.00	3608.00	3608.00	3608.00	3608.00	3608.00	3608.00	3608.00	3608.00	3608.00	3609.00	3609.00	3609.00	3609.00	3609.00	3609.00	3609.00	3609.00	3609.00	3609.00	3609.00	3609.00	3609.00	3609.00	3609.00	3609.00	3610.00	3610.00	3610.00	3610.00	3610.00	3610.00	3610.00	3610.00	3610.00	3610.00	3610.00	3610.00	3610.00	3610.00	3610.00	3610.00	3610.00	3610.00	3610.00	3610.00	3610.00	3610.00	3610.00	3611.00	3611.00	3611.00	3611.00	3612.00	3612.00	3612.00	3613.00	3613.00	3613.00	3614.00	3614.00	3614.00	3615.00	3615.00	3615.00	3616.00	3616.00	3616.00	3617.00	3617.00	3617.00	3617.00	3618.00	3618.00	3618.00	3618.00	3619.00	3619.00	3619.00	3619.00	3619.00	3619.00	3619.00	3620.00	3620.00	3620.00	3620.00	3620.00	3620.00	3620.00	3621.00	3621.00	3621.00	3621.00	3621.00	3622.00	3622.00	3622.00	3622.00	3623.00	3623.00	3623.00	3623.00	3624.00	3624.00	3624.00	3624.00	3624.00	3624.00	3624.00	3624.00	3625.00	3625.00	3625.00	3625.00	3625.00	3625.00	3626.00	3626.00	3626.00	3627.00	3627.00	3627.00	3627.00	3628.00	3628.00	3628.00	3628.00	3628.00	3628.00	3628.00	3628.00	3629.00	3629.00	3629.00	3629.00	3629.00	3629.00	3630.00	3630.00	3630.00	3630.00	3630.00	3630.00	3630.00	3630.00	3630.00	3630.00	3630.00	3630.00	3630.00	3630.00	3631.00	3631.00	3631.00	3631.00	3631.00	3632.00	3632.00	3632.00	3632.00	3632.00	3633.00	3633.00	3633.00	3633.00	3634.00	3634.00	3634.00	3634.00	3635.00	3635.00	3635.00	3636.00	3636.00	3636.00	3637.00	3638.00	3638.00	3638.00	3639.00	3639.00	3640.00	3640.00	3641.00	3642.00	3642.00	3642.00	3643.00	3644.00	3644.00	3645.00	3645.00	3646.00	3647.00	3647.00	3648.00	3648.00	3649.00	3649.00	3650.00	3650.00	3651.00	3652.00	3652.00	3652.00	3653.00	3653.00	3654.00	3655.00	3655.00	3655.00	3656.00	3656.00	3656.00	3656.00	3656.00	3657.00	3657.00	3657.00	3658.00	3658.00	3658.00
3599.00	3600.00	3600.00	3600.00	3601.00	3601.00	3601.00	3602.00	3602.00	3602.00	3602.00	3603.00	3603.00	3603.00	3603.00	3604.00	3604.00	3604.00	3605.00	3605.00	3606.00	3606.00	3606.00	3606.00	3606.00	3607.00	3607.00	3607.00	3607.00	3607.00	3607.00	3608.00	3608.00	3608.00	3608.00	3608.00	3608.00	3608.00	3608.00	3608.00	3608.00	3608.00	3608.00	3609.00	3609.00	3609.00	3609.00	3609.00	3609.00	3609.00	3609.00	3609.00	3609.00	3609.00	3609.00	3609.00	3609.00	3609.00	3609.00	3610.00	3610.00	3610.00	3610.00	3610.00	3610.00	3610.00	3610.00	3610.00	3610.00	3610.00	3610.00	3610.00	3610.00	3610.00	3610.00	3610.00	3610.00	3610.00	3610.00	3610.00	3610.00	3610.00	3611.00	3611.00	3611.00	3611.00	3612.00	3612.00	3612.00	3613.00	3613.00	3613.00	3614.00	3614.00	3614.00	3615.00	3615.00	3615.00	3616.00	3616.00	3616.00	3617.00	3617.00	3617.00	3617.00	3618.00	3618.00	3618.00	3618.00	3619.00	3619.00	3619.00	3619.00	3619.00	3619.00	3619.00	3620.00	3620.00	3620.00	3620.00	3620.00	3620.00	3620.00	3621.00	3621.00	3621.00	3621.00	3621.00	3622.00	3622.00	3622.00	3622.00	3623.00	3623.00	3623.00	3623.00	3624.00	3624.00	3624.00	3624.00	3624.00	3624.00	3624.00	3624.00	3625.00	3625.00	3625.00	3625.00	3625.00	3625.00	3626.00	3626.00	3626.00	3627.00	3627.00	3627.00	3627.00	3628.00	3628.00	3628.00	3628.00	3628.00	3628.00	3628.00	3628.00	3629.00	3629.00	3629.00	3629.00	3629.00	3629.00	3630.00	3630.00	3630.00	3630.00	3630.00	3630.00	3630.00	3630.00	3630.00	3630.00	3630.00	3630.00	3630.00	3630.00	3631.00	3631.00	3631.00	3631.00	3631.00	3632.00	3632.00	3632.00	3632.00	3632.00	3633.00	3633.00	3633.00	3633.00	3634.00	3634.00	3634.00	3634.00	3635.00	3635.00	3635.00	3636.00	3636.00	3636.00	3637.00	3638.00	3638.00	3638.00	3639.00	3639.00	3640.00	3640.00	3641.00	3642.00	3642.00	3642.00	3643.00	3644.00	3644.00	3645.00	3645.00	3646.00	3647.00	3647.00	3648.00	3648.00	3649.00	3649.00	3650.00	3650.00	3651.00	3652.00	3652.00	3652.00	3653.00	3653.00	3654.00	3655.00	3655.00	3655.00	3656.00	3656.00	3656.00	3656.00	3656.00	3657.00	3657.00	3657.00	3658.00	3658.00	3658.00
3599.00	3600.00	3600.00	3600.00	3601.00	3601.00	3601.00	3602.00	3602.00	3602.00	3602.00	3603.00	3603.00	3603.00	3603.00	3604.00	3604.00	3604.00	3605.00	3605.00	3606.00	3606.00	3606.00	3606.00	3606.00	3607.00	3607.00	3607.00	3607.00	3607.00	3607.00	3608.00	3608.00	3608.00	3608.00	3608.00	3608.00	3608.00	3608.00	3608.00	3608.00	3608.00	3608.00	3609.00	3609.00	3609.00	3609.00	3609.00	3609.00	3609.00	3609.00	3609.00	3609.00	3609.00	3609.00	3609.00	3609.00	3609.00	3609.00	3610.00	3610.00	3610.00	3610.00	3610.00	3610.00	3610.00	3610.00	3610.00	3610.00	3610.00	3610.00	3610.00	3610.00	3610.00	3610.00	3610.00	3610.00	3610.00	3610.00	3610.00	3610.00	3610.00	3611.00	3611.00	3611.00	3611.00	3612.00	3612.00	3612.00	3613.00	3613.00	3613.00	3614.00	3614.00	3614.00	3615.00	3615.00	3615.00	3616.00	3616.00	3616.00	3617.00	3617.00	3617.00	3617.00	3618.00	3618.00	3618.00	3618.00	3619.00	3619.00	3619.00	3619.00	3619.00	3619.00	3619.00	3620.00	3620.00	3620.00	3620.00	3620.00	3620.00	3620.00	3621.00	3621.00	3621.00	3621.00	3621.00	3622.00	3622.00	3622.00	3622.00	3623.00	3623.00	3623.00	3623.00	3624.00	3624.00	3624.00	3624.00	3624.00	3624.00	3624.00	3624.00	3625.00	3625.00	3625.00	3625.00	3625.00	3625.00	3626.00	3626.00	3626.00	3627.00	3627.00	3627.00	3627.00	3628.00	3628.00	3628.00	3628.00	3628.00	3628.00	3628.00	3628.00	3629.00	3629.00	3629.00	3629.00	3629.00	3629.00	3630.00	3630.00	3630.00	3630.00	3630.00	3630.00	3630.00	3630.00	3630.00	3630.00	3630.00	3630.00	3630.00	3630.00	3631.00	3631.00	3631.00	3631.00	3631.00	3632.00	3632.00	3632.00	3632.00	3632.00	3633.00	3633.00	3633.00	3633.00	3634.00	3634.00	3634.00	3634.00	3635.00	3635.00	3635.00	3636.00	3636.00	3636.00	3637.00	3638.00	3638.00	3638.00	3639.00	3639.00	3640.00	3640.00	3641.00	3642.00	3642.00	3642.00	3643.00	3644.00	3644.00	3645.00	3645.00	3646.00	3647.00	3647.00	3648.00	3648.00	3649.00	3649.00	3650.00	3650.00	3651.00	3652.00	3652.00	3652.00	3653.00	3653.00	3654.00	3655.00	3655.00	3655.00	3656.00	3656.00	3656.00	3656.00	3656.00	3657.00	3657.00	3657.00	3658.00	3658.00	3658.00
3599.00	3600.00	3600.00	3600.00	3601.00	3601.00	3601.00	3602.00	3602.00	3602.00	3602.00	3603.00	3603.00	3603.00	3603.00	3604.00	3604.00	3604.00	3605.00	3605.00	3606.00	3606.00	3606.00	3606.00	3606.00	3607.00	3607.00	3607.00	3607.00	3607.00	3607.00	3608.00	3608.00	3608.00	3608.00	3608.00	3608.00	3608.00	3608.00	3608.00	3608.00	3608.00	3608.00	3609.00	3609.00	3609.00	3609.00	3609.00	3609.00	3609.00	3609.00	3609.00	3609.00	3609.00	3609.00	3609.00	3609.00	3609.00	3609.00	3610.00	3610.00	3610.00	3610.00	3610.00	3610.00	3610.00	3610.00	3610.00	3610.00	3610.00	3610.00	3610.00	3610.00	3610.00	3610.00	3610.00	3610.00	3610.00	3610.00	3610.00	3610.00	3610.00	3611.00	3611.00	3611.00	3611.00	3612.00	3612.00	3612.00	3613.00	3613.00	3613.00	3614.00	3614.00	3614.00	3615.00	3615.00	3615.00	3616.00	3616.00	3616.00	3617.00	3617.00	3617.00	3617.00	3618.00	3618.00	3618.00	3618.00	3619.00	3619.00	3619.00	3619.00	3619.00	3619.00	3619.00	3620.00	3620.00	3620.00	3620.00	3620.00	3620.00	3620.00	3621.00	3621.00	3621.00	3621.00	3621.00	3622.00	3622.00	3622.00	3622.00	3623.00	3623.00	3623.00	3623.00	3624.00	3624.00	3624.00	3624.00	3624.00	3624.00	3624.00	3624.00	3625.00	3625.00	3625.00	3625.00	3625.00	3625.00	3626.00	3626.00	3626.00	3627.00	3627.00	3627.00	3627.00	3628.00	3628.00	3628.00	3628.00	3628.00	3628.00	3628.00	3628.00	3629.00	3629.00	3629.00	3629.00	3629.00	3629.00	3630.00	3630.00	3630.00	3630.00	3630.00	3630.00	3630.00	3630.00	3630.00	3630.00	3630.00	3630.00	3630.00	3630.00	3631.00	3631.00	3631.00	3631.00	3631.00	3632.00	3632.00	3632.00	3632.00	3632.00	3633.00	3633.00	3633.00	3633.00	3634.00	3634.00	3634.00	3634.00	3635.00	3635.00	3635.00	3636.00	3636.00	3636.00	3637.00	3638.00	3638.00	3638.00	3639.00	3639.00	3640.00	3640.00	3641.00	3642.00	3642.00	3642.00	3643.00	3644.00	3644.00	3645.00	3645.00	3646.00	3647.00	3647.00	3648.00	3648.00	3649.00	3649.00	3650.00	3650.00	3651.00	3652.00	3652.00	3652.00	3653.00	3653.00	3654.00	3655.00	3655.00	3655.00	3656.00	3656.00	3656.00	3656.00	3656.00	3657.00	3657.00	3657.00	3658.00	3658.00	3658.00
3599.00	3600.00	3600.00	3600.00	3601.00	3601.00	3601.00	3602.00	3602.00	3602.00	3602.00	3603.00	3603.00	3603.00	3603.00	3604.00	3604.00	3604.00	3605.00	3605.00	3606.00	3606.00	3606.00	3606.00	3606.00	3607.00	3607.00	3607.00	3607.00	3607.00	3607.00	3608.00	3608.00	3608.00	3608.00	3608.00	3608.00	3608.00	3608.00	3608.00	3608.00	3608.00	3608.00	3609.00	3609.00	3609.00	3609.00	3609.00	3609.00	3609.00	3609.00	3609.00	3609.00	3609.00	3609.00	3609.00	3609.00	3609.00	3609.00	3610.00	3610.00	3610.00	3610.00	3610.00	3610.00	3610.00	3610.00	3610.00	3610.00	3610.00	3610.00	3610.00	3610.00	3610.00	3610.00	3610.00	3610.00	3610.00	3610.00	3610.00	3610.00	3610.00	3611.00	3611.00	3611.00	3611.00	3612.00	3612.00	3612.00	3613.00	3613.00	3613.00	3614.00	3614.00	3614.00	3615.00	3615.00	3615.00	3616.00	3616.00	3616.00	3617.00	3617.00	3617.00	3617.00	3618.00	3618.00	3618.00	3618.00	3619.00	3619.00	3619.00	3619.00	3619.00	3619.00	3619.00	3620.00	3620.00	3620.00	3620.00	3620.00	3620.00	3620.00	3621.00	3621.00	3621.00	3621.00	3621.00	3622.00	3622.00	3622.00	3622.00	3623.00	3623.00	3623.00	3623.00	3624.00	3624.00	3624.00	3624.00	3624.00	3624.00	3624.00	3624.00	3625.00	3625.00	3625.00	3625.00	3625.00	3625.00	3626.00	3626.00	3626.00	3627.00	3627.00	3627.00	3627.00	3628.00	3628.00	3628.00	3628.00	3628.00	3628.00	3628.00	3628.00	3629.00	3629.00	3629.00	3629.00	3629.00	3629.00	3630.00	3630.00	3630.00	3630.00	3630.00	3630.00	3630.00	3630.00	3630.00	3630.00	3630.00	3630.00	3630.00	3630.00	3631.00	3631.00	3631.00	3631.00	3631.00	3632.00	3632.00	3632.00	3632.00	3632.00	3633.00	3633.00	3633.00	3633.00	3634.00	3634.00	3634.00	3634.00	3635.00	3635.00	3635.00	3636.00	3636.00	3636.00	3637.00	3638.00	3638.00	3638.00	3639.00	3639.00	3640.00	3640.00	3641.00	3642.00	3642.00	3642.00	3643.00	3644.00	3644.00	3645.00	3645.00	3646.00	3647.00	3647.00	3648.00	3648.00	3649.00	3649.00	3650.00	3650.00	3651.00	3652.00	3652.00	3652.00	3653.00	3653.00	3654.00	3655.00	3655.00	3655.00	3656.00	3656.00	3656.00	3656.00	3656.00	3657.00	3657.00	3657.00	3658.00	3658.00	3658.00
3600.00	3601.00	3601.00	3601.00	3601.00	3601.00	3602.00	3602.00	3602.00	3603.00	3603.00	3604.00	3604.00	3604.00	3604.00	3605.00	3605.00	3605.00	3605.00	3605.00	3606.00	3606.00	3606.00	3606.00	3607.00	3607.00	3607.00	3607.00	3607.00	3607.00	3608.00	3608.00	3608.00	3608.00	3608.00	3608.00	3608.00	3608.00	3609.00	3609.00	3609.00	3609.00	3609.00	3609.00	3609.00	3610.00	3610.00	3610.00	3610.00	3610.00	3610.00	3610.00	3610.00	3610.00	3611.00	3611.00	3611.00	3611.00	3611.00	3611.00	3611.00	3611.00	3611.00	3611.00	3611.00	3611.00	3611.00	3611.00	3611.00	3611.00	3611.00	3611.00	3611.00	3611.00	3611.00	3611.00	3611.00	3611.00	3611.00	3611.00	3611.00	3611.00	3611.00	3611.00	3612.00	3612.00	3612.00	3613.00	3613.00	3613.00	3613.00	3614.00	3615.00	3615.00	3615.00	3615.00	3615.00	3615.00	3616.00	3616.00	3616.00	3616.00	3616.00	3617.00	3617.00	3617.00	3617.00	3617.00	3617.00	3617.00	3617.00	3617.00	3617.00	3617.00	3618.00	3618.00	3618.00	3618.00	3618.00	3618.00	3618.00	3619.00	3619.00	3619.00	3620.00	3620.00	3620.00	3620.00	3621.00	3621.00	3621.00	3621.00	3622.00	3622.00	3622.00	3623.00	3623.00	3623.00	3623.00	3624.00	3624.00	3624.00	3625.00	3625.00	3625.00	3625.00	3626.00	3626.00	3626.00	3626.00	3627.00	3627.00	3627.00	3628.00	3628.00	3628.00	3629.00	3629.00	3629.00	3629.00	3630.00	3630.00	3630.00	3631.00	3631.00	3631.00	3631.00	3632.00	3632.00	3632.00	3632.00	3632.00	3632.00	3632.00	3632.00	3632.00	3632.00	3632.00	3633.00	3633.00	3633.00	3633.00	3633.00	3633.00	3633.00	3633.00	3634.00	3634.00	3634.00	3634.00	3634.00	3634.00	3635.00	3635.00	3635.00	3635.00	3635.00	3635.00	3635.00	3636.00	3636.00	3636.00	3636.00	3637.00	3637.00	3637.00	3638.00	3638.00	3638.00	3639.00	3639.00	3639.00	3640.00	3641.00	3641.00	3641.00	3641.00	3642.00	3643.00	3643.00	3644.00	3644.00	3645.00	3645.00	3646.00	3646.00	3647.00	3648.00	3648.00	3649.00	3650.00	3651.00	3651.00	3651.00	3651.00	3652.00	3653.00	3653.00	3654.00	3654.00	3654.00	3655.00	3655.00	3655.00	3656.00	3656.00	3656.00	3657.00	3657.00	3657.00	3658.00	3658.00	3658.00	3659.00	3659.00	3659.00
3600.00	3601.00	3601.00	3601.00	3601.00	3601.00	3602.00	3602.00	3602.00	3603.00	3603.00	3604.00	3604.00	3604.00	3604.00	3605.00	3605.00	3605.00	3605.00	3605.00	3606.00	3606.00	3606.00	3606.00	3607.00	3607.00	3607.00	3607.00	3607.00	3607.00	3608.00	3608.00	3608.00	3608.00	3608.00	3608.00	3608.00	3608.00	3609.00	3609.00	3609.00	3609.00	3609.00	3609.00	3609.00	3610.00	3610.00	3610.00	3610.00	3610.00	3610.00	3610.00	3610.00	3610.00	3611.00	3611.00	3611.00	3611.00	3611.00	3611.00	3611.00	3611.00	3611.00	3611.00	3611.00	3611.00	3611.00	3611.00	3611.00	3611.00	3611.00	3611.00	3611.00	3611.00	3611.00	3611.00	3611.00	3611.00	3611.00	3611.00	3611.00	3611.00	3611.00	3611.00	3612.00	3612.00	3612.00	3613.00	3613.00	3613.00	3613.00	3614.00	3615.00	3615.00	3615.00	3615.00	3615.00	3615.00	3616.00	3616.00	3616.00	3616.00	3616.00	3617.00	3617.00	3617.00	3617.00	3617.00	3617.00	3617.00	3617.00	3617.00	3617.00	3617.00	3618.00	3618.00	3618.00	3618.00	3618.00	3618.00	3618.00	3619.00	3619.00	3619.00	3620.00	3620.00	3620.00	3620.00	3621.00	3621.00	3621.00	3621.00	3622.00	3622.00	3622.00	3623.00	3623.00	3623.00	3623.00	3624.00	3624.00	3624.00	3625.00	3625.00	3625.00	3625.00	3626.00	3626.00	3626.00	3626.00	3627.00	3627.00	3627.00	3628.00	3628.00	3628.00	3629.00	3629.00	3629.00	3629.00	3630.00	3630.00	3630.00	3631.00	3631.00	3631.00	3631.00	3632.00	3632.00	3632.00	3632.00	3632.00	3632.00	3632.00	3632.00	3632.00	3632.00	3632.00	3633.00	3633.00	3633.00	3633.00	3633.00	3633.00	3633.00	3633.00	3634.00	3634.00	3634.00	3634.00	3634.00	3634.00	3635.00	3635.00	3635.00	3635.00	3635.00	3635.00	3635.00	3636.00	3636.00	3636.00	3636.00	3637.00	3637.00	3637.00	3638.00	3638.00	3638.00	3639.00	3639.00	3639.00	3640.00	3641.00	3641.00	3641.00	3641.00	3642.00	3643.00	3643.00	3644.00	3644.00	3645.00	3645.00	3646.00	3646.00	3647.00	3648.00	3648.00	3649.00	3650.00	3651.00	3651.00	3651.00	3651.00	3652.00	3653.00	3653.00	3654.00	3654.00	3654.00	3655.00	3655.00	3655.00	3656.00	3656.00	3656.00	3657.00	3657.00	3657.00	3658.00	3658.00	3658.00	3659.00	3659.00	3659.00
3600.00	3601.00	3601.00	3601.00	3601.00	3601.00	3602.00	3602.00	3602.00	3603.00	3603.00	3604.00	3604.00	3604.00	3604.00	3605.00	3605.00	3605.00	3605.00	3605.00	3606.00	3606.00	3606.00	3606.00	3607.00	3607.00	3607.00	3607.00	3607.00	3607.00	3608.00	3608.00	3608.00	3608.00	3608.00	3608.00	3608.00	3608.00	3609.00	3609.00	3609.00	3609.00	3609.00	3609.00	3609.00	3610.00	3610.00	3610.00	3610.00	3610.00	3610.00	3610.00	3610.00	3610.00	3611.00	3611.00	3611.00	3611.00	3611.00	3611.00	3611.00	3611.00	3611.00	3611.00	3611.00	3611.00	3611.00	3611.00	3611.00	3611.00	3611.00	3611.00	3611.00	3611.00	3611.00	3611.00	3611.00	3611.00	3611.00	3611.00	3611.00	3611.00	3611.00	3611.00	3612.00	3612.00	3612.00	3613.00	3613.00	3613.00	3613.00	3614.00	3615.00	3615.00	3615.00	3615.00	3615.00	3615.00	3616.00	3616.00	3616.00	3616.00	3616.00	3617.00	3617.00	3617.00	3617.00	3617.00	3617.00	3617.00	3617.00	3617.00	3617.00	3617.00	3618.00	3618.00	3618.00	3618.00	3618.00	3618.00	3618.00	3619.00	3619.00	3619.00	3620.00	3620.00	3620.00	3620.00	3621.00	3621.00	3621.00	3621.00	3622.00	3622.00	3622.00	3623.00	3623.00	3623.00	3623.00	3624.00	3624.00	3624.00	3625.00	3625.00	3625.00	3625.00	3626.00	3626.00	3626.00	3626.00	3627.00	3627.00	3627.00	3628.00	3628.00	3628.00	3629.00	3629.00	3629.00	3629.00	3630.00	3630.00	3630.00	3631.00	3631.00	3631.00	3631.00	3632.00	3632.00	3632.00	3632.00	3632.00	3632.00	3632.00	3632.00	3632.00	3632.00	3632.00	3633.00	3633.00	3633.00	3633.00	3633.00	3633.00	3633.00	3633.00	3634.00	3634.00	3634.00	3634.00	3634.00	3634.00	3635.00	3635.00	3635.00	3635.00	3635.00	3635.00	3635.00	3636.00	3636.00	3636.00	3636.00	3637.00	3637.00	3637.00	3638.00	3638.00	3638.00	3639.00	3639.00	3639.00	3640.00	3641.00	3641.00	3641.00	3641.00	3642.00	3643.00	3643.00	3644.00	3644.00	3645.00	3645.00	3646.00	3646.00	3647.00	3648.00	3648.00	3649.00	3650.00	3651.00	3651.00	3651.00	3651.00	3652.00	3653.00	3653.00	3654.00	3654.00	3654.00	3655.00	3655.00	3655.00	3656.00	3656.00	3656.00	3657.00	3657.00	3657.00	3658.00	3658.00	3658.00	3659.00	3659.00	3659.00
3600.00	3601.00	3601.00	3601.00	3601.00	3601.00	3602.00	3602.00	3602.00	3603.00	3603.00	3604.00	3604.00	3604.00	3604.00	3605.00	3605.00	3605.00	3605.00	3605.00	3606.00	3606.00	3606.00	3606.00	3607.00	3607.00	3607.00	3607.00	3607.00	3607.00	3608.00	3608.00	3608.00	3608.00	3608.00	3608.00	3608.00	3608.00	3609.00	3609.00	3609.00	3609.00	3609.00	3609.00	3609.00	3610.00	3610.00	3610.00	3610.00	3610.00	3610.00	3610.00	3610.00	3610.00	3611.00	3611.00	3611.00	3611.00	3611.00	3611.00	3611.00	3611.00	3611.00	3611.00	3611.00	3611.00	3611.00	3611.00	3611.00	3611.00	3611.00	3611.00	3611.00	3611.00	3611.00	3611.00	3611.00	3611.00	3611.00	3611.00	3611.00	3611.00	3611.00	3611.00	3612.00	3612.00	3612.00	3613.00	3613.00	3613.00	3613.00	3614.00	3615.00	3615.00	3615.00	3615.00	3615.00	3615.00	3616.00	3616.00	3616.00	3616.00	3616.00	3617.00	3617.00	3617.00	3617.00	3617.00	3617.00	3617.00	3617.00	3617.00	3617.00	3617.00	3618.00	3618.00	3618.00	3618.00	3618.00	3618.00	3618.00	3619.00	3619.00	3619.00	3620.00	3620.00	3620.00	3620.00	3621.00	3621.00	3621.00	3621.00	3622.00	3622.00	3622.00	3623.00	3623.00	3623.00	3623.00	3624.00	3624.00	3624.00	3625.00	3625.00	3625.00	3625.00	3626.00	3626.00	3626.00	3626.00	3627.00	3627.00	3627.00	3628.00	3628.00	3628.00	3629.00	3629.00	3629.00	3629.00	3630.00	3630.00	3630.00	3631.00	3631.00	3631.00	3631.00	3632.00	3632.00	3632.00	3632.00	3632.00	3632.00	3632.00	3632.00	3632.00	3632.00	3632.00	3633.00	3633.00	3633.00	3633.00	3633.00	3633.00	3633.00	3633.00	3634.00	3634.00	3634.00	3634.00	3634.00	3634.00	3635.00	3635.00	3635.00	3635.00	3635.00	3635.00	3635.00	3636.00	3636.00	3636.00	3636.00	3637.00	3637.00	3637.00	3638.00	3638.00	3638.00	3639.00	3639.00	3639.00	3640.00	3641.00	3641.00	3641.00	3641.00	3642.00	3643.00	3643.00	3644.00	3644.00	3645.00	3645.00	3646.00	3646.00	3647.00	3648.00	3648.00	3649.00	3650.00	3651.00	3651.00	3651.00	3651.00	3652.00	3653.00	3653.00	3654.00	3654.00	3654.00	3655.00	3655.00	3655.00	3656.00	3656.00	3656.00	3657.00	3657.00	3657.00	3658.00	3658.00	3658.00	3659.00	3659.00	3659.00
3600.00	3601.00	3601.00	3601.00	3601.00	3601.00	3602.00	3602.00	3602.00	3603.00	3603.00	3604.00	3604.00	3604.00	3604.00	3605.00	3605.00	3605.00	3605.00	3605.00	3606.00	3606.00	3606.00	3606.00	3607.00	3607.00	3607.00	3607.00	3607.00	3607.00	3608.00	3608.00	3608.00	3608.00	3608.00	3608.00	3608.00	3608.00	3609.00	3609.00	3609.00	3609.00	3609.00	3609.00	3609.00	3610.00	3610.00	3610.00	3610.00	3610.00	3610.00	3610.00	3610.00	3610.00	3611.00	3611.00	3611.00	3611.00	3611.00	3611.00	3611.00	3611.00	3611.00	3611.00	3611.00	3611.00	3611.00	3611.00	3611.00	3611.00	3611.00	3611.00	3611.00	3611.00	3611.00	3611.00	3611.00	3611.00	3611.00	3611.00	3611.00	3611.00	3611.00	3611.00	3612.00	3612.00	3612.00	3613.00	3613.00	3613.00	3613.00	3614.00	3615.00	3615.00	3615.00	3615.00	3615.00	3615.00	3616.00	3616.00	3616.00	3616.00	3616.00	3617.00	3617.00	3617.00	3617.00	3617.00	3617.00	3617.00	3617.00	3617.00	3617.00	3617.00	3618.00	3618.00	3618.00	3618.00	3618.00	3618.00	3618.00	3619.00	3619.00	3619.00	3620.00	3620.00	3620.00	3620.00	3621.00	3621.00	3621.00	3621.00	3622.00	3622.00	3622.00	3623.00	3623.00	3623.00	3623.00	3624.00	3624.00	3624.00	3625.00	3625.00	3625.00	3625.00	3626.00	3626.00	3626.00	3626.00	3627.00	3627.00	3627.00	3628.00	3628.00	3628.00	3629.00	3629.00	3629.00	3629.00	3630.00	3630.00	3630.00	3631.00	3631.00	3631.00	3631.00	3632.00	3632.00	3632.00	3632.00	3632.00	3632.00	3632.00	3632.00	3632.00	3632.00	3632.00	3633.00	3633.00	3633.00	3633.00	3633.00	3633.00	3633.00	3633.00	3634.00	3634.00	3634.00	3634.00	3634.00	3634.00	3635.00	3635.00	3635.00	3635.00	3635.00	3635.00	3635.00	3636.00	3636.00	3636.00	3636.00	3637.00	3637.00	3637.00	3638.00	3638.00	3638.00	3639.00	3639.00	3639.00	3640.00	3641.00	3641.00	3641.00	3641.00	3642.00	3643.00	3643.00	3644.00	3644.00	3645.00	3645.00	3646.00	3646.00	3647.00	3648.00	3648.00	3649.00	3650.00	3651.00	3651.00	3651.00	3651.00	3652.00	3653.00	3653.00	3654.00	3654.00	3654.00	3655.00	3655.00	3655.00	3656.00	3656.00	3656.00	3657.00	3657.00	3657.00	3658.00	3658.00	3658.00	3659.00	3659.00	3659.00
3600.00	3601.00	3601.00	3601.00	3601.00	3601.00	3602.00	3602.00	3602.00	3603.00	3603.00	3604.00	3604.00	3604.00	3604.00	3605.00	3605.00	3605.00	3605.00	3605.00	3606.00	3606.00	3606.00	3606.00	3607.00	3607.00	3607.00	3607.00	3607.00	3607.00	3608.00	3608.00	3608.00	3608.00	3608.00	3608.00	3608.00	3608.00	3609.00	3609.00	3609.00	3609.00	3609.00	3609.00	3609.00	3610.00	3610.00	3610.00	3610.00	3610.00	3610.00	3610.00	3610.00	3610.00	3611.00	3611.00	3611.00	3611.00	3611.00	3611.00	3611.00	3611.00	3611.00	3611.00	3611.00	3611.00	3611.00	3611.00	3611.00	3611.00	3611.00	3611.00	3611.00	3611.00	3611.00	3611.00	3611.00	3611.00	3611.00	3611.00	3611.00	3611.00	3611.00	3611.00	3612.00	3612.00	3612.00	3613.00	3613.00	3613.00	3613.00	3614.00	3615.00	3615.00	3615.00	3615.00	3615.00	3615.00	3616.00	3616.00	3616.00	3616.00	3616.00	3617.00	3617.00	3617.00	3617.00	3617.00	3617.00	3617.00	3617.00	3617.00	3617.00	3617.00	3618.00	3618.00	3618.00	3618.00	3618.00	3618.00	3618.00	3619.00	3619.00	3619.00	3620.00	3620.00	3620.00	3620.00	3621.00	3621.00	3621.00	3621.00	3622.00	3622.00	3622.00	3623.00	3623.00	3623.00	3623.00	3624.00	3624.00	3624.00	3625.00	3625.00	3625.00	3625.00	3626.00	3626.00	3626.00	3626.00	3627.00	3627.00	3627.00	3628.00	3628.00	3628.00	3629.00	3629.00	3629.00	3629.00	3630.00	3630.00	3630.00	3631.00	3631.00	3631.00	3631.00	3632.00	3632.00	3632.00	3632.00	3632.00	3632.00	3632.00	3632.00	3632.00	3632.00	3632.00	3633.00	3633.00	3633.00	3633.00	3633.00	3633.00	3633.00	3633.00	3634.00	3634.00	3634.00	3634.00	3634.00	3634.00	3635.00	3635.00	3635.00	3635.00	3635.00	3635.00	3635.00	3636.00	3636.00	3636.00	3636.00	3637.00	3637.00	3637.00	3638.00	3638.00	3638.00	3639.00	3639.00	3639.00	3640.00	3641.00	3641.00	3641.00	3641.00	3642.00	3643.00	3643.00	3644.00	3644.00	3645.00	3645.00	3646.00	3646.00	3647.00	3648.00	3648.00	3649.00	3650.00	3651.00	3651.00	3651.00	3651.00	3652.00	3653.00	3653.00	3654.00	3654.00	3654.00	3655.00	3655.00	3655.00	3656.00	3656.00	3656.00	3657.00	3657.00	3657.00	3658.00	3658.00	3658.00	3659.00	3659.00	3659.00
3600.00	3601.00	3601.00	3601.00	3601.00	3601.00	3602.00	3602.00	3602.00	3603.00	3603.00	3604.00	3604.00	3604.00	3604.00	3605.00	3605.00	3605.00	3605.00	3605.00	3606.00	3606.00	3606.00	3606.00	3607.00	3607.00	3607.00	3607.00	3607.00	3607.00	3608.00	3608.00	3608.00	3608.00	3608.00	3608.00	3608.00	3608.00	3609.00	3609.00	3609.00	3609.00	3609.00	3609.00	3609.00	3610.00	3610.00	3610.00	3610.00	3610.00	3610.00	3610.00	3610.00	3610.00	3611.00	3611.00	3611.00	3611.00	3611.00	3611.00	3611.00	3611.00	3611.00	3611.00	3611.00	3611.00	3611.00	3611.00	3611.00	3611.00	3611.00	3611.00	3611.00	3611.00	3611.00	3611.00	3611.00	3611.00	3611.00	3611.00	3611.00	3611.00	3611.00	3611.00	3612.00	3612.00	3612.00	3613.00	3613.00	3613.00	3613.00	3614.00	3615.00	3615.00	3615.00	3615.00	3615.00	3615.00	3616.00	3616.00	3616.00	3616.00	3616.00	3617.00	3617.00	3617.00	3617.00	3617.00	3617.00	3617.00	3617.00	3617.00	3617.00	3617.00	3618.00	3618.00	3618.00	3618.00	3618.00	3618.00	3618.00	3619.00	3619.00	3619.00	3620.00	3620.00	3620.00	3620.00	3621.00	3621.00	3621.00	3621.00	3622.00	3622.00	3622.00	3623.00	3623.00	3623.00	3623.00	3624.00	3624.00	3624.00	3625.00	3625.00	3625.00	3625.00	3626.00	3626.00	3626.00	3626.00	3627.00	3627.00	3627.00	3628.00	3628.00	3628.00	3629.00	3629.00	3629.00	3629.00	3630.00	3630.00	3630.00	3631.00	3631.00	3631.00	3631.00	3632.00	3632.00	3632.00	3632.00	3632.00	3632.00	3632.00	3632.00	3632.00	3632.00	3632.00	3633.00	3633.00	3633.00	3633.00	3633.00	3633.00	3633.00	3633.00	3634.00	3634.00	3634.00	3634.00	3634.00	3634.00	3635.00	3635.00	3635.00	3635.00	3635.00	3635.00	3635.00	3636.00	3636.00	3636.00	3636.00	3637.00	3637.00	3637.00	3638.00	3638.00	3638.00	3639.00	3639.00	3639.00	3640.00	3641.00	3641.00	3641.00	3641.00	3642.00	3643.00	3643.00	3644.00	3644.00	3645.00	3645.00	3646.00	3646.00	3647.00	3648.00	3648.00	3649.00	3650.00	3651.00	3651.00	3651.00	3651.00	3652.00	3653.00	3653.00	3654.00	3654.00	3654.00	3655.00	3655.00	3655.00	3656.00	3656.00	3656.00	3657.00	3657.00	3657.00	3658.00	3658.00	3658.00	3659.00	3659.00	3659.00
3600.00	3601.00	3601.00	3601.00	3601.00	3601.00	3602.00	3602.00	3602.00	3603.00	3603.00	3604.00	3604.00	3604.00	3604.00	3605.00	3605.00	3605.00	3605.00	3605.00	3606.00	3606.00	3606.00	3606.00	3607.00	3607.00	3607.00	3607.00	3607.00	3607.00	3608.00	3608.00	3608.00	3608.00	3608.00	3608.00	3608.00	3608.00	3609.00	3609.00	3609.00	3609.00	3609.00	3609.00	3609.00	3610.00	3610.00	3610.00	3610.00	3610.00	3610.00	3610.00	3610.00	3610.00	3611.00	3611.00	3611.00	3611.00	3611.00	3611.00	3611.00	3611.00	3611.00	3611.00	3611.00	3611.00	3611.00	3611.00	3611.00	3611.00	3611.00	3611.00	3611.00	3611.00	3611.00	3611.00	3611.00	3611.00	3611.00	3611.00	3611.00	3611.00	3611.00	3611.00	3612.00	3612.00	3612.00	3613.00	3613.00	3613.00	3613.00	3614.00	3615.00	3615.00	3615.00	3615.00	3615.00	3615.00	3616.00	3616.00	3616.00	3616.00	3616.00	3617.00	3617.00	3617.00	3617.00	3617.00	3617.00	3617.00	3617.00	3617.00	3617.00	3617.00	3618.00	3618.00	3618.00	3618.00	3618.00	3618.00	3618.00	3619.00	3619.00	3619.00	3620.00	3620.00	3620.00	3620.00	3621.00	3621.00	3621.00	3621.00	3622.00	3622.00	3622.00	3623.00	3623.00	3623.00	3623.00	3624.00	3624.00	3624.00	3625.00	3625.00	3625.00	3625.00	3626.00	3626.00	3626.00	3626.00	3627.00	3627.00	3627.00	3628.00	3628.00	3628.00	3629.00	3629.00	3629.00	3629.00	3630.00	3630.00	3630.00	3631.00	3631.00	3631.00	3631.00	3632.00	3632.00	3632.00	3632.00	3632.00	3632.00	3632.00	3632.00	3632.00	3632.00	3632.00	3633.00	3633.00	3633.00	3633.00	3633.00	3633.00	3633.00	3633.00	3634.00	3634.00	3634.00	3634.00	3634.00	3634.00	3635.00	3635.00	3635.00	3635.00	3635.00	3635.00	3635.00	3636.00	3636.00	3636.00	3636.00	3637.00	3637.00	3637.00	3638.00	3638.00	3638.00	3639.00	3639.00	3639.00	3640.00	3641.00	3641.00	3641.00	3641.00	3642.00	3643.00	3643.00	3644.00	3644.00	3645.00	3645.00	3646.00	3646.00	3647.00	3648.00	3648.00	3649.00	3650.00	3651.00	3651.00	3651.00	3651.00	3652.00	3653.00	3653.00	3654.00	3654.00	3654.00	3655.00	3655.00	3655.00	3656.00	3656.00	3656.00	3657.00	3657.00	3657.00	3658.00	3658.00	3658.00	3659.00	3659.00	3659.00
3600.00	3601.00	3601.00	3601.00	3601.00	3601.00	3602.00	3602.00	3602.00	3603.00	3603.00	3604.00	3604.00	3604.00	3604.00	3605.00	3605.00	3605.00	3605.00	3605.00	3606.00	3606.00	3606.00	3606.00	3607.00	3607.00	3607.00	3607.00	3607.00	3607.00	3608.00	3608.00	3608.00	3608.00	3608.00	3608.00	3608.00	3608.00	3609.00	3609.00	3609.00	3609.00	3609.00	3609.00	3609.00	3610.00	3610.00	3610.00	3610.00	3610.00	3610.00	3610.00	3610.00	3610.00	3611.00	3611.00	3611.00	3611.00	3611.00	3611.00	3611.00	3611.00	3611.00	3611.00	3611.00	3611.00	3611.00	3611.00	3611.00	3611.00	3611.00	3611.00	3611.00	3611.00	3611.00	3611.00	3611.00	3611.00	3611.00	3611.00	3611.00	3611.00	3611.00	3611.00	3612.00	3612.00	3612.00	3613.00	3613.00	3613.00	3613.00	3614.00	3615.00	3615.00	3615.00	3615.00	3615.00	3615.00	3616.00	3616.00	3616.00	3616.00	3616.00	3617.00	3617.00	3617.00	3617.00	3617.00	3617.00	3617.00	3617.00	3617.00	3617.00	3617.00	3618.00	3618.00	3618.00	3618.00	3618.00	3618.00	3618.00	3619.00	3619.00	3619.00	3620.00	3620.00	3620.00	3620.00	3621.00	3621.00	3621.00	3621.00	3622.00	3622.00	3622.00	3623.00	3623.00	3623.00	3623.00	3624.00	3624.00	3624.00	3625.00	3625.00	3625.00	3625.00	3626.00	3626.00	3626.00	3626.00	3627.00	3627.00	3627.00	3628.00	3628.00	3628.00	3629.00	3629.00	3629.00	3629.00	3630.00	3630.00	3630.00	3631.00	3631.00	3631.00	3631.00	3632.00	3632.00	3632.00	3632.00	3632.00	3632.00	3632.00	3632.00	3632.00	3632.00	3632.00	3633.00	3633.00	3633.00	3633.00	3633.00	3633.00	3633.00	3633.00	3634.00	3634.00	3634.00	3634.00	3634.00	3634.00	3635.00	3635.00	3635.00	3635.00	3635.00	3635.00	3635.00	3636.00	3636.00	3636.00	3636.00	3637.00	3637.00	3637.00	3638.00	3638.00	3638.00	3639.00	3639.00	3639.00	3640.00	3641.00	3641.00	3641.00	3641.00	3642.00	3643.00	3643.00	3644.00	3644.00	3645.00	3645.00	3646.00	3646.00	3647.00	3648.00	3648.00	3649.00	3650.00	3651.00	3651.00	3651.00	3651.00	3652.00	3653.00	3653.00	3654.00	3654.00	3654.00	3655.00	3655.00	3655.00	3656.00	3656.00	3656.00	3657.00	3657.00	3657.00	3658.00	3658.00	3658.00	3659.00	3659.00	3659.00
3600.00	3601.00	3601.00	3601.00	3601.00	3601.00	3602.00	3602.00	3602.00	3603.00	3603.00	3604.00	3604.00	3604.00	3604.00	3605.00	3605.00	3605.00	3605.00	3605.00	3606.00	3606.00	3606.00	3606.00	3607.00	3607.00	3607.00	3607.00	3607.00	3607.00	3608.00	3608.00	3608.00	3608.00	3608.00	3608.00	3608.00	3608.00	3609.00	3609.00	3609.00	3609.00	3609.00	3609.00	3609.00	3610.00	3610.00	3610.00	3610.00	3610.00	3610.00	3610.00	3610.00	3610.00	3611.00	3611.00	3611.00	3611.00	3611.00	3611.00	3611.00	3611.00	3611.00	3611.00	3611.00	3611.00	3611.00	3611.00	3611.00	3611.00	3611.00	3611.00	3611.00	3611.00	3611.00	3611.00	3611.00	3611.00	3611.00	3611.00	3611.00	3611.00	3611.00	3611.00	3612.00	3612.00	3612.00	3613.00	3613.00	3613.00	3613.00	3614.00	3615.00	3615.00	3615.00	3615.00	3615.00	3615.00	3616.00	3616.00	3616.00	3616.00	3616.00	3617.00	3617.00	3617.00	3617.00	3617.00	3617.00	3617.00	3617.00	3617.00	3617.00	3617.00	3618.00	3618.00	3618.00	3618.00	3618.00	3618.00	3618.00	3619.00	3619.00	3619.00	3620.00	3620.00	3620.00	3620.00	3621.00	3621.00	3621.00	3621.00	3622.00	3622.00	3622.00	3623.00	3623.00	3623.00	3623.00	3624.00	3624.00	3624.00	3625.00	3625.00	3625.00	3625.00	3626.00	3626.00	3626.00	3626.00	3627.00	3627.00	3627.00	3628.00	3628.00	3628.00	3629.00	3629.00	3629.00	3629.00	3630.00	3630.00	3630.00	3631.00	3631.00	3631.00	3631.00	3632.00	3632.00	3632.00	3632.00	3632.00	3632.00	3632.00	3632.00	3632.00	3632.00	3632.00	3633.00	3633.00	3633.00	3633.00	3633.00	3633.00	3633.00	3633.00	3634.00	3634.00	3634.00	3634.00	3634.00	3634.00	3635.00	3635.00	3635.00	3635.00	3635.00	3635.00	3635.00	3636.00	3636.00	3636.00	3636.00	3637.00	3637.00	3637.00	3638.00	3638.00	3638.00	3639.00	3639.00	3639.00	3640.00	3641.00	3641.00	3641.00	3641.00	3642.00	3643.00	3643.00	3644.00	3644.00	3645.00	3645.00	3646.00	3646.00	3647.00	3648.00	3648.00	3649.00	3650.00	3651.00	3651.00	3651.00	3651.00	3652.00	3653.00	3653.00	3654.00	3654.00	3654.00	3655.00	3655.00	3655.00	3656.00	3656.00	3656.00	3657.00	3657.00	3657.00	3658.00	3658.00	3658.00	3659.00	3659.00	3659.00
3600.00	3601.00	3601.00	3601.00	3601.00	3601.00	3602.00	3602.00	3602.00	3603.00	3603.00	3604.00	3604.00	3604.00	3604.00	3605.00	3605.00	3605.00	3605.00	3605.00	3606.00	3606.00	3606.00	3606.00	3607.00	3607.00	3607.00	3607.00	3607.00	3607.00	3608.00	3608.00	3608.00	3608.00	3608.00	3608.00	3608.00	3608.00	3609.00	3609.00	3609.00	3609.00	3609.00	3609.00	3609.00	3610.00	3610.00	3610.00	3610.00	3610.00	3610.00	3610.00	3610.00	3610.00	3611.00	3611.00	3611.00	3611.00	3611.00	3611.00	3611.00	3611.00	3611.00	3611.00	3611.00	3611.00	3611.00	3611.00	3611.00	3611.00	3611.00	3611.00	3611.00	3611.00	3611.00	3611.00	3611.00	3611.00	3611.00	3611.00	3611.00	3611.00	3611.00	3611.00	3612.00	3612.00	3612.00	3613.00	3613.00	3613.00	3613.00	3614.00	3615.00	3615.00	3615.00	3615.00	3615.00	3615.00	3616.00	3616.00	3616.00	3616.00	3616.00	3617.00	3617.00	3617.00	3617.00	3617.00	3617.00	3617.00	3617.00	3617.00	3617.00	3617.00	3618.00	3618.00	3618.00	3618.00	3618.00	3618.00	3618.00	3619.00	3619.00	3619.00	3620.00	3620.00	3620.00	3620.00	3621.00	3621.00	3621.00	3621.00	3622.00	3622.00	3622.00	3623.00	3623.00	3623.00	3623.00	3624.00	3624.00	3624.00	3625.00	3625.00	3625.00	3625.00	3626.00	3626.00	3626.00	3626.00	3627.00	3627.00	3627.00	3628.00	3628.00	3628.00	3629.00	3629.00	3629.00	3629.00	3630.00	3630.00	3630.00	3631.00	3631.00	3631.00	3631.00	3632.00	3632.00	3632.00	3632.00	3632.00	3632.00	3632.00	3632.00	3632.00	3632.00	3632.00	3633.00	3633.00	3633.00	3633.00	3633.00	3633.00	3633.00	3633.00	3634.00	3634.00	3634.00	3634.00	3634.00	3634.00	3635.00	3635.00	3635.00	3635.00	3635.00	3635.00	3635.00	3636.00	3636.00	3636.00	3636.00	3637.00	3637.00	3637.00	3638.00	3638.00	3638.00	3639.00	3639.00	3639.00	3640.00	3641.00	3641.00	3641.00	3641.00	3642.00	3643.00	3643.00	3644.00	3644.00	3645.00	3645.00	3646.00	3646.00	3647.00	3648.00	3648.00	3649.00	3650.00	3651.00	3651.00	3651.00	3651.00	3652.00	3653.00	3653.00	3654.00	3654.00	3654.00	3655.00	3655.00	3655.00	3656.00	3656.00	3656.00	3657.00	3657.00	3657.00	3658.00	3658.00	3658.00	3659.00	3659.00	3659.00
3600.00	3601.00	3601.00	3601.00	3601.00	3601.00	3602.00	3602.00	3602.00	3603.00	3603.00	3604.00	3604.00	3604.00	3604.00	3605.00	3605.00	3605.00	3605.00	3605.00	3606.00	3606.00	3606.00	3606.00	3607.00	3607.00	3607.00	3607.00	3607.00	3607.00	3608.00	3608.00	3608.00	3608.00	3608.00	3608.00	3608.00	3608.00	3609.00	3609.00	3609.00	3609.00	3609.00	3609.00	3609.00	3610.00	3610.00	3610.00	3610.00	3610.00	3610.00	3610.00	3610.00	3610.00	3611.00	3611.00	3611.00	3611.00	3611.00	3611.00	3611.00	3611.00	3611.00	3611.00	3611.00	3611.00	3611.00	3611.00	3611.00	3611.00	3611.00	3611.00	3611.00	3611.00	3611.00	3611.00	3611.00	3611.00	3611.00	3611.00	3611.00	3611.00	3611.00	3611.00	3612.00	3612.00	3612.00	3613.00	3613.00	3613.00	3613.00	3614.00	3615.00	3615.00	3615.00	3615.00	3615.00	3615.00	3616.00	3616.00	3616.00	3616.00	3616.00	3617.00	3617.00	3617.00	3617.00	3617.00	3617.00	3617.00	3617.00	3617.00	3617.00	3617.00	3618.00	3618.00	3618.00	3618.00	3618.00	3618.00	3618.00	3619.00	3619.00	3619.00	3620.00	3620.00	3620.00	3620.00	3621.00	3621.00	3621.00	3621.00	3622.00	3622.00	3622.00	3623.00	3623.00	3623.00	3623.00	3624.00	3624.00	3624.00	3625.00	3625.00	3625.00	3625.00	3626.00	3626.00	3626.00	3626.00	3627.00	3627.00	3627.00	3628.00	3628.00	3628.00	3629.00	3629.00	3629.00	3629.00	3630.00	3630.00	3630.00	3631.00	3631.00	3631.00	3631.00	3632.00	3632.00	3632.00	3632.00	3632.00	3632.00	3632.00	3632.00	3632.00	3632.00	3632.00	3633.00	3633.00	3633.00	3633.00	3633.00	3633.00	3633.00	3633.00	3634.00	3634.00	3634.00	3634.00	3634.00	3634.00	3635.00	3635.00	3635.00	3635.00	3635.00	3635.00	3635.00	3636.00	3636.00	3636.00	3636.00	3637.00	3637.00	3637.00	3638.00	3638.00	3638.00	3639.00	3639.00	3639.00	3640.00	3641.00	3641.00	3641.00	3641.00	3642.00	3643.00	3643.00	3644.00	3644.00	3645.00	3645.00	3646.00	3646.00	3647.00	3648.00	3648.00	3649.00	3650.00	3651.00	3651.00	3651.00	3651.00	3652.00	3653.00	3653.00	3654.00	3654.00	3654.00	3655.00	3655.00	3655.00	3656.00	3656.00	3656.00	3657.00	3657.00	3657.00	3658.00	3658.00	3658.00	3659.00	3659.00	3659.00
3600.00	3601.00	3601.00	3601.00	3601.00	3601.00	3602.00	3602.00	3602.00	3603.00	3603.00	3604.00	3604.00	3604.00	3604.00	3605.00	3605.00	3605.00	3605.00	3605.00	3606.00	3606.00	3606.00	3606.00	3607.00	3607.00	3607.00	3607.00	3607.00	3607.00	3608.00	3608.00	3608.00	3608.00	3608.00	3608.00	3608.00	3608.00	3609.00	3609.00	3609.00	3609.00	3609.00	3609.00	3609.00	3610.00	3610.00	3610.00	3610.00	3610.00	3610.00	3610.00	3610.00	3610.00	3611.00	3611.00	3611.00	3611.00	3611.00	3611.00	3611.00	3611.00	3611.00	3611.00	3611.00	3611.00	3611.00	3611.00	3611.00	3611.00	3611.00	3611.00	3611.00	3611.00	3611.00	3611.00	3611.00	3611.00	3611.00	3611.00	3611.00	3611.00	3611.00	3611.00	3612.00	3612.00	3612.00	3613.00	3613.00	3613.00	3613.00	3614.00	3615.00	3615.00	3615.00	3615.00	3615.00	3615.00	3616.00	3616.00	3616.00	3616.00	3616.00	3617.00	3617.00	3617.00	3617.00	3617.00	3617.00	3617.00	3617.00	3617.00	3617.00	3617.00	3618.00	3618.00	3618.00	3618.00	3618.00	3618.00	3618.00	3619.00	3619.00	3619.00	3620.00	3620.00	3620.00	3620.00	3621.00	3621.00	3621.00	3621.00	3622.00	3622.00	3622.00	3623.00	3623.00	3623.00	3623.00	3624.00	3624.00	3624.00	3625.00	3625.00	3625.00	3625.00	3626.00	3626.00	3626.00	3626.00	3627.00	3627.00	3627.00	3628.00	3628.00	3628.00	3629.00	3629.00	3629.00	3629.00	3630.00	3630.00	3630.00	3631.00	3631.00	3631.00	3631.00	3632.00	3632.00	3632.00	3632.00	3632.00	3632.00	3632.00	3632.00	3632.00	3632.00	3632.00	3633.00	3633.00	3633.00	3633.00	3633.00	3633.00	3633.00	3633.00	3634.00	3634.00	3634.00	3634.00	3634.00	3634.00	3635.00	3635.00	3635.00	3635.00	3635.00	3635.00	3635.00	3636.00	3636.00	3636.00	3636.00	3637.00	3637.00	3637.00	3638.00	3638.00	3638.00	3639.00	3639.00	3639.00	3640.00	3641.00	3641.00	3641.00	3641.00	3642.00	3643.00	3643.00	3644.00	3644.00	3645.00	3645.00	3646.00	3646.00	3647.00	3648.00	3648.00	3649.00	3650.00	3651.00	3651.00	3651.00	3651.00	3652.00	3653.00	3653.00	3654.00	3654.00	3654.00	3655.00	3655.00	3655.00	3656.00	3656.00	3656.00	3657.00	3657.00	3657.00	3658.00	3658.00	3658.00	3659.00	3659.00	3659.00